x,y,line,algo,step,reward,zeros,sum,biggest,a0,a1,a2,a3,a4,a5,a6,a7,a8,a9,a10,a11,a12,a13,a14,a15,cnt0,cnt2,cnt4,cnt8,cnt16,cnt32,cnt64,cnt128,cnt256,cnt512,cnt1024,cnt2048
0,14,random-0,random,0,0,14,4,2,0,0,0,0,0,0,0,0,0,2,0,0,2,0,0,0,14,2,0,0,0,0,0,0,0,0,0,0
0,13,random-0,random,1,0,13,6,2,0,0,0,0,0,0,0,0,2,0,0,0,2,0,2,0,13,3,0,0,0,0,0,0,0,0,0,0
4,13,random-0,random,2,4,13,8,4,0,0,0,0,0,0,0,0,2,0,2,0,4,0,0,0,13,2,1,0,0,0,0,0,0,0,0,0
4,12,random-0,random,3,4,12,10,4,0,0,0,0,0,0,0,0,2,0,2,0,4,0,2,0,12,3,1,0,0,0,0,0,0,0,0,0
8,12,random-0,random,4,8,12,12,4,0,0,0,0,0,2,0,0,4,0,0,0,4,2,0,0,12,2,2,0,0,0,0,0,0,0,0,0
8,11,random-0,random,5,8,11,14,4,0,0,0,0,0,0,0,2,0,0,0,4,0,2,4,2,11,3,2,0,0,0,0,0,0,0,0,0
8,10,random-0,random,6,8,10,16,4,0,0,0,0,0,2,0,2,0,0,0,4,0,2,4,2,10,4,2,0,0,0,0,0,0,0,0,0
12,10,random-0,random,7,12,10,18,4,0,0,0,2,4,0,0,0,4,0,0,0,2,4,2,0,10,3,3,0,0,0,0,0,0,0,0,0
12,9,random-0,random,8,12,9,20,4,2,0,0,0,4,0,0,0,4,2,0,0,2,4,2,0,9,4,3,0,0,0,0,0,0,0,0,0
12,8,random-0,random,9,12,8,22,4,2,2,0,0,4,0,0,0,4,2,0,0,2,4,2,0,8,5,3,0,0,0,0,0,0,0,0,0
16,8,random-0,random,10,16,8,24,4,4,0,0,2,4,0,0,0,4,2,0,0,2,4,2,0,8,4,4,0,0,0,0,0,0,0,0,0
16,7,random-0,random,11,16,7,26,4,4,2,0,0,4,0,0,0,4,2,0,2,2,4,2,0,7,5,4,0,0,0,0,0,0,0,0,0
20,7,random-0,random,12,20,7,28,4,4,2,0,0,4,0,2,0,4,4,0,0,2,4,2,0,7,4,5,0,0,0,0,0,0,0,0,0
28,7,random-0,random,13,28,7,30,8,4,2,0,2,4,2,0,0,8,0,0,0,2,4,2,0,7,5,3,1,0,0,0,0,0,0,0,0
32,7,random-0,random,14,32,7,32,8,4,4,0,0,4,2,0,0,8,0,0,2,2,4,2,0,7,4,4,1,0,0,0,0,0,0,0,0
40,7,random-0,random,15,40,7,34,8,8,2,0,0,4,2,0,0,8,2,0,0,2,4,2,0,7,5,2,2,0,0,0,0,0,0,0,0
40,6,random-0,random,16,40,6,36,8,8,2,0,0,4,2,0,2,8,2,0,0,2,4,2,0,6,6,2,2,0,0,0,0,0,0,0,0
44,6,random-0,random,17,44,6,38,8,8,2,0,2,4,4,0,0,8,2,0,0,2,4,2,0,6,5,3,2,0,0,0,0,0,0,0,0
56,7,random-0,random,18,56,7,40,8,8,4,0,0,8,0,0,0,8,2,0,2,2,4,2,0,7,4,2,3,0,0,0,0,0,0,0,0
60,7,random-0,random,19,60,7,42,8,8,4,0,0,8,0,0,0,8,4,0,0,2,4,2,2,7,3,3,3,0,0,0,0,0,0,0,0
64,7,random-0,random,20,64,7,44,8,0,0,8,4,0,2,0,8,0,0,8,4,0,2,4,4,7,2,4,3,0,0,0,0,0,0,0,0
92,9,random-0,random,21,92,9,46,16,0,4,16,4,0,0,4,8,0,0,0,8,0,0,2,0,9,1,3,2,1,0,0,0,0,0,0,0
92,8,random-0,random,22,92,8,48,16,4,16,4,0,4,8,0,2,8,0,0,0,2,0,0,0,8,2,3,2,1,0,0,0,0,0,0,0
92,7,random-0,random,23,92,7,52,16,4,16,4,0,4,8,2,0,8,0,0,0,2,0,0,4,7,2,4,2,1,0,0,0,0,0,0,0
92,6,random-0,random,24,92,6,54,16,4,16,4,0,4,8,2,2,8,0,0,0,2,4,0,0,6,3,4,2,1,0,0,0,0,0,0,0
96,6,random-0,random,25,96,6,56,16,4,16,4,0,4,8,4,0,8,2,0,0,2,4,0,0,6,2,5,2,1,0,0,0,0,0,0,0
112,7,random-0,random,26,112,7,58,16,2,16,0,0,8,8,0,0,8,2,0,0,2,4,8,0,7,3,1,4,1,0,0,0,0,0,0,0
128,7,random-0,random,27,128,7,60,16,2,16,8,0,16,8,0,0,2,2,0,2,0,4,0,0,7,4,1,2,2,0,0,0,0,0,0,0
132,7,random-0,random,28,132,7,62,16,2,16,8,0,16,8,2,0,4,2,0,0,4,0,0,0,7,3,2,2,2,0,0,0,0,0,0,0
140,7,random-0,random,29,140,7,64,16,2,16,8,0,16,8,2,0,8,2,0,0,0,0,0,2,7,4,0,3,2,0,0,0,0,0,0,0
140,6,random-0,random,30,140,6,66,16,2,16,8,0,16,8,2,0,8,2,2,0,2,0,0,0,6,5,0,3,2,0,0,0,0,0,0,0
144,6,random-0,random,31,144,6,68,16,2,0,0,0,16,16,0,2,8,8,8,0,2,2,4,0,6,4,1,3,2,0,0,0,0,0,0,0
196,8,random-0,random,32,196,8,70,32,2,0,0,0,32,2,0,0,16,8,2,0,4,4,0,0,8,3,2,1,1,1,0,0,0,0,0,0
204,8,random-0,random,33,204,8,72,32,2,0,2,0,32,2,0,0,16,8,2,0,8,0,0,0,8,4,0,2,1,1,0,0,0,0,0,0
208,8,random-0,random,34,208,8,74,32,4,0,0,2,32,2,0,0,16,8,2,0,8,0,0,0,8,3,1,2,1,1,0,0,0,0,0,0
208,7,random-0,random,35,208,7,76,32,4,2,0,0,32,2,0,0,16,8,2,2,8,0,0,0,7,4,1,2,1,1,0,0,0,0,0,0
212,7,random-0,random,36,212,7,80,32,4,4,2,2,32,8,0,0,16,4,0,0,8,0,0,0,7,2,3,2,1,1,0,0,0,0,0,0
212,6,random-0,random,37,212,6,82,32,4,4,2,2,32,8,0,0,16,4,0,0,8,0,2,0,6,3,3,2,1,1,0,0,0,0,0,0
224,7,random-0,random,38,224,7,84,32,8,4,0,0,32,8,0,0,16,4,0,0,8,2,0,2,7,2,2,3,1,1,0,0,0,0,0,0
224,6,random-0,random,39,224,6,86,32,8,4,0,2,32,8,0,2,16,4,0,0,8,2,0,0,6,3,2,3,1,1,0,0,0,0,0,0
224,5,random-0,random,40,224,5,88,32,8,4,2,0,32,8,2,0,16,4,0,0,8,2,0,2,5,4,2,3,1,1,0,0,0,0,0,0
228,5,random-0,random,41,228,5,90,32,8,4,4,2,32,8,0,0,16,4,0,0,8,2,2,0,5,3,3,3,1,1,0,0,0,0,0,0
240,6,random-0,random,42,240,6,92,32,8,8,2,0,32,8,0,0,16,4,0,0,8,4,2,0,6,2,2,4,1,1,0,0,0,0,0,0
268,8,random-0,random,43,268,8,96,32,8,16,4,0,32,8,0,0,16,0,0,0,8,4,0,0,8,0,2,3,2,1,0,0,0,0,0,0
268,7,random-0,random,44,268,7,98,32,8,16,4,0,32,8,0,0,16,0,0,0,8,4,2,0,7,1,2,3,2,1,0,0,0,0,0,0
268,6,random-0,random,45,268,6,100,32,8,16,4,0,32,8,2,0,16,4,0,0,8,0,2,0,6,2,2,3,2,1,0,0,0,0,0,0
268,5,random-0,random,46,268,5,102,32,8,16,4,0,32,8,2,0,16,4,2,0,8,2,0,0,5,3,2,3,2,1,0,0,0,0,0,0
268,4,random-0,random,47,268,4,104,32,8,16,4,0,32,8,2,2,16,4,2,0,8,2,0,0,4,4,2,3,2,1,0,0,0,0,0,0
272,4,random-0,random,48,272,4,106,32,8,16,4,0,32,8,4,0,16,4,2,0,8,2,2,0,4,3,3,3,2,1,0,0,0,0,0,0
276,4,random-0,random,49,276,4,108,32,0,8,16,4,2,32,8,4,0,16,4,2,0,0,8,4,4,2,4,3,2,1,0,0,0,0,0,0
276,3,random-0,random,50,276,3,110,32,0,8,16,4,2,32,8,4,2,16,4,2,0,0,8,4,3,3,4,3,2,1,0,0,0,0,0,0
288,4,random-0,random,51,288,4,112,32,0,2,16,0,0,8,8,8,0,32,4,2,4,16,8,4,4,2,3,4,2,1,0,0,0,0,0,0
304,4,random-0,random,52,304,4,114,32,2,16,0,0,16,8,0,0,32,4,2,2,4,16,8,4,4,3,3,2,3,1,0,0,0,0,0,0
308,4,random-0,random,53,308,4,116,32,2,0,2,16,0,0,16,8,0,32,4,4,4,16,8,4,4,2,4,2,3,1,0,0,0,0,0,0
320,5,random-0,random,54,320,5,118,32,4,16,0,0,16,8,0,0,32,8,0,2,4,16,8,4,5,1,3,3,3,1,0,0,0,0,0,0
320,4,random-0,random,55,320,4,120,32,4,16,2,0,16,8,0,0,32,8,2,0,4,16,8,4,4,2,3,3,3,1,0,0,0,0,0,0
340,5,random-0,random,56,340,5,122,32,4,16,4,4,16,16,8,0,32,16,0,2,4,0,0,0,5,1,4,1,4,1,0,0,0,0,0,0
380,6,random-0,random,57,380,6,126,32,4,16,8,4,32,8,0,0,32,16,2,0,4,0,0,0,6,1,3,2,2,2,0,0,0,0,0,0
380,5,random-0,random,58,380,5,128,32,4,16,8,4,32,8,2,0,32,16,2,0,4,0,0,0,5,2,3,2,2,2,0,0,0,0,0,0
380,4,random-0,random,59,380,4,130,32,4,16,8,4,0,32,8,2,0,32,16,2,0,2,0,4,4,3,3,2,2,2,0,0,0,0,0,0
380,3,random-0,random,60,380,3,132,32,4,16,8,4,0,32,8,2,2,32,16,2,0,0,2,4,3,4,3,2,2,2,0,0,0,0,0,0
380,2,random-0,random,61,380,2,134,32,4,16,8,4,32,8,2,0,2,32,16,2,2,4,2,0,2,5,3,2,2,2,0,0,0,0,0,0
384,2,random-0,random,62,384,2,136,32,4,16,8,4,32,8,2,2,4,32,16,0,2,4,2,0,2,4,4,2,2,2,0,0,0,0,0,0
388,2,random-0,random,63,388,2,138,32,4,16,8,4,32,8,4,0,4,32,16,0,2,4,2,2,2,3,5,2,2,2,0,0,0,0,0,0
392,2,random-0,random,64,392,2,140,32,4,16,8,4,32,8,4,0,4,32,16,0,2,4,4,2,2,2,6,2,2,2,0,0,0,0,0,0
400,2,random-0,random,65,400,2,142,32,4,16,8,4,32,8,4,0,4,32,16,2,2,8,2,0,2,3,4,3,2,2,0,0,0,0,0,0
400,1,random-0,random,66,400,1,146,32,4,16,8,4,32,8,4,0,4,32,16,2,2,8,2,4,1,3,5,3,2,2,0,0,0,0,0,0
400,0,random-0,random,67,400,0,148,32,4,16,8,4,32,8,4,2,4,32,16,4,2,8,2,2,0,4,5,3,2,2,0,0,0,0,0,0
404,0,random-0,random,68,404,0,150,32,4,16,8,4,32,8,4,2,4,32,16,4,2,8,4,2,0,3,6,3,2,2,0,0,0,0,0,0
0,13,random-1,random,0,0,13,6,2,2,0,0,0,0,0,0,0,2,0,0,2,0,0,0,0,13,3,0,0,0,0,0,0,0,0,0,0
4,13,random-1,random,1,4,13,8,4,2,0,0,0,0,0,0,0,4,2,0,0,0,0,0,0,13,2,1,0,0,0,0,0,0,0,0,0
4,12,random-1,random,2,4,12,10,4,2,2,0,0,0,0,0,0,4,2,0,0,0,0,0,0,12,3,1,0,0,0,0,0,0,0,0,0
8,12,random-1,random,3,8,12,14,4,0,0,0,0,0,0,0,0,2,0,0,0,4,4,4,0,12,1,3,0,0,0,0,0,0,0,0,0
16,12,random-1,random,4,16,12,16,8,0,2,0,0,0,0,0,0,2,0,0,0,8,4,0,0,12,2,1,1,0,0,0,0,0,0,0,0
16,11,random-1,random,5,16,11,18,8,0,0,0,2,0,2,0,0,0,0,0,2,0,0,8,4,11,3,1,1,0,0,0,0,0,0,0,0
16,10,random-1,random,6,16,10,20,8,2,0,0,2,0,0,0,2,0,0,0,2,0,0,8,4,10,4,1,1,0,0,0,0,0,0,0,0
20,10,random-1,random,7,20,10,22,8,4,0,0,0,2,0,0,0,2,0,0,2,8,4,0,0,10,3,2,1,0,0,0,0,0,0,0,0
24,10,random-1,random,8,24,10,24,8,4,0,0,0,2,0,0,2,4,0,0,0,8,4,0,0,10,2,3,1,0,0,0,0,0,0,0,0
28,10,random-1,random,9,28,10,26,8,4,0,0,0,4,0,0,0,4,0,2,0,8,4,0,0,10,1,4,1,0,0,0,0,0,0,0,0
28,9,random-1,random,10,28,9,28,8,4,0,0,2,4,0,0,0,4,2,0,0,8,4,0,0,9,2,4,1,0,0,0,0,0,0,0,0
28,8,random-1,random,11,28,8,30,8,4,2,0,0,4,0,0,2,4,2,0,0,8,4,0,0,8,3,4,1,0,0,0,0,0,0,0,0
28,7,random-1,random,12,28,7,32,8,4,2,2,0,4,2,0,0,4,2,0,0,8,4,0,0,7,4,4,1,0,0,0,0,0,0,0,0
32,7,random-1,random,13,32,7,34,8,4,4,2,0,4,2,0,0,4,2,0,0,8,4,0,0,7,3,5,1,0,0,0,0,0,0,0,0
40,7,random-1,random,14,40,7,36,8,8,2,2,0,4,2,0,0,4,2,0,0,8,4,0,0,7,4,3,2,0,0,0,0,0,0,0,0
44,7,random-1,random,15,44,7,38,8,8,4,0,0,4,2,0,2,4,2,0,0,8,4,0,0,7,3,4,2,0,0,0,0,0,0,0,0
48,7,random-1,random,16,48,7,40,8,8,4,2,0,4,4,0,0,4,2,0,0,8,4,0,0,7,2,5,2,0,0,0,0,0,0,0,0
56,7,random-1,random,17,56,7,42,8,8,4,2,0,8,0,0,2,4,2,0,0,8,4,0,0,7,3,3,3,0,0,0,0,0,0,0,0
56,6,random-1,random,18,56,6,44,8,8,4,2,0,8,2,0,0,4,2,2,0,8,4,0,0,6,4,3,3,0,0,0,0,0,0,0,0
60,6,random-1,random,19,60,6,46,8,8,4,2,0,8,2,0,0,4,4,0,2,8,4,0,0,6,3,4,3,0,0,0,0,0,0,0,0
68,6,random-1,random,20,68,6,48,8,0,8,4,2,0,2,8,2,0,0,8,2,0,0,8,4,6,4,2,4,0,0,0,0,0,0,0,0
88,7,random-1,random,21,88,7,50,16,0,8,4,4,2,2,16,2,0,0,8,4,0,0,0,0,7,3,3,2,1,0,0,0,0,0,0,0
100,8,random-1,random,22,100,8,52,16,8,8,0,2,4,16,2,0,8,4,0,0,0,0,0,0,8,2,2,3,1,0,0,0,0,0,0,0
116,8,random-1,random,23,116,8,54,16,16,2,2,0,4,16,2,0,8,4,0,0,0,0,0,0,8,3,2,1,2,0,0,0,0,0,0,0
120,8,random-1,random,24,120,8,56,16,16,4,2,0,4,16,2,0,8,4,0,0,0,0,0,0,8,2,3,1,2,0,0,0,0,0,0,0
120,7,random-1,random,25,120,7,58,16,16,4,2,0,4,16,2,0,8,4,0,0,2,0,0,0,7,3,3,1,2,0,0,0,0,0,0,0
124,7,random-1,random,26,124,7,60,16,16,0,0,0,4,4,0,0,8,16,2,0,2,4,4,0,7,2,4,1,2,0,0,0,0,0,0,0
124,6,random-1,random,27,124,6,62,16,16,4,2,0,4,16,4,0,8,4,0,0,2,0,2,0,6,3,4,1,2,0,0,0,0,0,0,0
128,6,random-1,random,28,128,6,64,16,16,4,2,0,4,16,4,0,8,4,0,0,4,2,0,0,6,2,5,1,2,0,0,0,0,0,0,0
128,5,random-1,random,29,128,5,68,16,16,4,2,0,4,16,4,0,8,4,4,0,4,2,0,0,5,2,6,1,2,0,0,0,0,0,0,0
136,5,random-1,random,30,136,5,70,16,16,4,2,0,4,16,4,0,8,8,0,2,4,2,0,0,5,3,4,2,2,0,0,0,0,0,0,0
136,4,random-1,random,31,136,4,72,16,16,4,0,0,4,16,2,0,8,8,2,0,4,2,4,2,4,4,4,2,2,0,0,0,0,0,0,0
152,4,random-1,random,32,152,4,74,16,16,4,0,2,4,16,2,0,16,2,0,0,4,2,4,2,4,5,4,0,3,0,0,0,0,0,0,0
152,3,random-1,random,33,152,3,76,16,16,4,2,0,4,16,2,0,16,2,0,2,4,2,4,2,3,6,4,0,3,0,0,0,0,0,0,0
156,3,random-1,random,34,156,3,78,16,16,4,2,2,4,16,2,0,16,4,0,0,4,2,4,2,3,5,5,0,3,0,0,0,0,0,0,0
160,3,random-1,random,35,160,3,80,16,16,4,4,2,4,16,2,0,16,4,0,0,4,2,4,2,3,4,6,0,3,0,0,0,0,0,0,0
164,3,random-1,random,36,164,3,82,16,16,4,4,4,4,16,2,0,16,4,4,0,4,2,0,2,3,3,7,0,3,0,0,0,0,0,0,0
164,2,random-1,random,37,164,2,84,16,16,4,4,4,4,16,2,2,16,4,4,0,4,2,2,0,2,4,7,0,3,0,0,0,0,0,0,0
188,5,random-1,random,38,188,5,86,16,16,8,4,0,4,16,4,2,16,8,0,0,4,4,0,0,5,1,5,2,3,0,0,0,0,0,0,0
196,5,random-1,random,39,196,5,88,16,16,8,8,2,4,16,0,0,16,8,0,0,4,4,0,2,5,2,3,3,3,0,0,0,0,0,0,0
220,6,random-1,random,40,220,6,90,16,16,16,2,2,4,16,0,0,16,8,0,0,8,2,0,0,6,3,1,2,4,0,0,0,0,0,0,0
252,6,random-1,random,41,252,6,92,32,16,32,2,2,4,8,0,0,16,2,0,2,8,0,0,0,6,4,1,2,2,1,0,0,0,0,0,0
260,7,random-1,random,42,260,7,94,32,16,32,4,0,4,8,0,0,16,4,0,2,8,0,0,0,7,1,3,2,2,1,0,0,0,0,0,0
260,6,random-1,random,43,260,6,96,32,16,32,4,2,4,8,0,0,16,4,0,0,8,2,0,0,6,2,3,2,2,1,0,0,0,0,0,0
260,5,random-1,random,44,260,5,98,32,16,32,4,2,4,8,0,2,16,4,0,0,8,2,0,0,5,3,3,2,2,1,0,0,0,0,0,0
264,5,random-1,random,45,264,5,100,32,16,32,4,4,4,8,2,0,16,4,0,0,8,2,0,0,5,2,4,2,2,1,0,0,0,0,0,0
272,5,random-1,random,46,272,5,102,32,16,32,8,2,4,8,2,0,16,4,0,0,8,2,0,0,5,3,2,3,2,1,0,0,0,0,0,0
272,4,random-1,random,47,272,4,104,32,16,32,8,2,4,8,2,0,16,4,0,0,8,2,0,2,4,4,2,3,2,1,0,0,0,0,0,0
276,4,random-1,random,48,276,4,106,32,16,32,8,2,4,8,2,0,16,4,2,0,8,4,0,0,4,3,3,3,2,1,0,0,0,0,0,0
276,3,random-1,random,49,276,3,108,32,16,32,8,2,0,4,8,2,0,16,4,2,0,2,8,4,3,4,3,3,2,1,0,0,0,0,0,0
276,2,random-1,random,50,276,2,110,32,16,32,8,2,0,4,8,2,2,16,4,2,0,2,8,4,2,5,3,3,2,1,0,0,0,0,0,0
296,3,random-1,random,51,296,3,112,32,2,32,0,0,0,4,16,2,16,16,4,4,2,2,8,4,3,4,4,1,3,1,0,0,0,0,0,0
340,5,random-1,random,52,340,5,116,32,2,32,0,4,4,16,2,0,32,8,0,0,4,8,4,0,5,2,4,2,1,2,0,0,0,0,0,0
340,4,random-1,random,53,340,4,118,32,0,2,32,4,0,4,16,2,2,0,32,8,0,4,8,4,4,3,4,2,1,2,0,0,0,0,0,0
340,3,random-1,random,54,340,3,122,32,2,32,4,0,4,16,2,4,2,32,8,0,4,8,4,0,3,3,5,2,1,2,0,0,0,0,0,0
340,2,random-1,random,55,340,2,124,32,2,32,4,2,4,16,2,4,2,32,8,0,4,8,4,0,2,4,5,2,1,2,0,0,0,0,0,0
340,1,random-1,random,56,340,1,126,32,2,32,4,2,4,16,2,4,2,32,8,2,4,8,4,0,1,5,5,2,1,2,0,0,0,0,0,0
340,0,random-1,random,57,340,0,130,32,2,32,4,2,4,16,2,4,2,32,8,2,4,8,4,4,0,5,6,2,1,2,0,0,0,0,0,0
348,0,random-1,random,58,348,0,134,32,2,32,4,2,4,16,2,4,2,32,8,2,4,8,8,4,0,5,5,3,1,2,0,0,0,0,0,0
364,0,random-1,random,59,364,0,136,32,2,32,4,2,4,16,2,4,2,32,8,2,2,4,16,4,0,6,5,1,2,2,0,0,0,0,0,0
364,0,random-1,random,60,364,0,136,32,2,32,4,2,4,16,2,4,2,32,8,2,2,4,16,4,0,6,5,1,2,2,0,0,0,0,0,0
364,0,random-1,random,61,364,0,136,32,2,32,4,2,4,16,2,4,2,32,8,2,2,4,16,4,0,6,5,1,2,2,0,0,0,0,0,0
368,0,random-1,random,62,368,0,138,32,2,32,4,2,4,16,2,4,4,32,8,2,2,4,16,4,0,5,6,1,2,2,0,0,0,0,0,0
368,0,random-1,random,63,368,0,138,32,2,32,4,2,4,16,2,4,4,32,8,2,2,4,16,4,0,5,6,1,2,2,0,0,0,0,0,0
368,0,random-1,random,64,368,0,138,32,2,32,4,2,4,16,2,4,4,32,8,2,2,4,16,4,0,5,6,1,2,2,0,0,0,0,0,0
368,0,random-1,random,65,368,0,138,32,2,32,4,2,4,16,2,4,4,32,8,2,2,4,16,4,0,5,6,1,2,2,0,0,0,0,0,0
368,0,random-1,random,66,368,0,138,32,2,32,4,2,4,16,2,4,4,32,8,2,2,4,16,4,0,5,6,1,2,2,0,0,0,0,0,0
376,0,random-1,random,67,376,0,140,32,2,32,4,2,8,16,2,4,2,32,8,2,2,4,16,4,0,6,4,2,2,2,0,0,0,0,0,0
376,0,random-1,random,68,376,0,140,32,2,32,4,2,8,16,2,4,2,32,8,2,2,4,16,4,0,6,4,2,2,2,0,0,0,0,0,0
380,0,random-1,random,69,380,0,142,32,2,32,4,2,8,16,2,4,4,32,8,2,2,4,16,4,0,5,5,2,2,2,0,0,0,0,0,0
0,13,random-2,random,0,0,13,6,2,2,0,0,0,2,0,0,0,2,0,0,0,0,0,0,0,13,3,0,0,0,0,0,0,0,0,0,0
0,12,random-2,random,1,0,12,8,2,2,2,0,0,2,0,0,0,2,0,0,0,0,0,0,0,12,4,0,0,0,0,0,0,0,0,0,0
4,12,random-2,random,2,4,12,10,4,4,0,0,0,2,0,0,0,2,2,0,0,0,0,0,0,12,3,1,0,0,0,0,0,0,0,0,0
8,12,random-2,random,3,8,12,12,4,0,0,0,0,0,0,0,2,4,0,0,0,4,2,0,0,12,2,2,0,0,0,0,0,0,0,0,0
8,11,random-2,random,4,8,11,14,4,2,0,0,0,2,0,0,0,4,0,0,0,4,2,0,0,11,3,2,0,0,0,0,0,0,0,0,0
8,10,random-2,random,5,8,10,16,4,0,0,0,2,0,0,0,2,0,0,2,4,0,0,4,2,10,4,2,0,0,0,0,0,0,0,0,0
8,9,random-2,random,6,8,9,18,4,0,0,0,2,0,2,0,2,0,0,2,4,0,0,4,2,9,5,2,0,0,0,0,0,0,0,0,0
12,9,random-2,random,7,12,9,20,4,2,0,0,0,4,2,0,0,2,4,0,0,4,2,0,0,9,4,3,0,0,0,0,0,0,0,0,0
12,8,random-2,random,8,12,8,24,4,2,0,0,0,4,2,0,0,2,4,0,4,4,2,0,0,8,4,4,0,0,0,0,0,0,0,0,0
20,8,random-2,random,9,20,8,26,8,2,0,0,0,4,2,0,0,2,8,0,0,4,2,0,2,8,5,2,1,0,0,0,0,0,0,0,0
24,8,random-2,random,10,24,8,28,8,2,0,0,0,4,2,0,0,2,8,0,0,4,4,0,2,8,4,3,1,0,0,0,0,0,0,0,0
32,8,random-2,random,11,32,8,30,8,2,0,0,0,4,2,0,0,2,8,0,2,8,2,0,0,8,5,1,2,0,0,0,0,0,0,0,0
32,7,random-2,random,12,32,7,32,8,2,0,0,0,4,2,0,0,2,8,2,0,8,2,0,2,7,6,1,2,0,0,0,0,0,0,0,0
36,7,random-2,random,13,36,7,34,8,2,0,0,0,4,2,0,0,2,8,2,0,8,4,2,0,7,5,2,2,0,0,0,0,0,0,0,0
36,6,random-2,random,14,36,6,36,8,2,0,0,0,4,2,2,0,2,8,2,0,8,4,2,0,6,6,2,2,0,0,0,0,0,0,0,0
40,6,random-2,random,15,40,6,38,8,2,0,0,0,4,4,0,0,2,8,2,0,8,4,2,2,6,5,3,2,0,0,0,0,0,0,0,0
52,7,random-2,random,16,52,7,40,8,2,0,0,0,8,0,0,2,2,8,2,0,8,4,4,0,7,4,2,3,0,0,0,0,0,0,0,0
60,7,random-2,random,17,60,7,42,8,2,0,0,2,8,2,0,0,2,8,2,0,8,8,0,0,7,5,0,4,0,0,0,0,0,0,0,0
80,8,random-2,random,18,80,8,44,16,4,0,0,0,8,2,0,0,2,8,2,0,16,2,0,0,8,4,1,2,1,0,0,0,0,0,0,0
80,7,random-2,random,19,80,7,46,16,4,2,0,0,8,2,0,0,2,8,2,0,16,2,0,0,7,5,1,2,1,0,0,0,0,0,0,0
80,6,random-2,random,20,80,6,48,16,0,0,4,2,0,0,8,2,0,2,8,2,0,2,16,2,6,6,1,2,1,0,0,0,0,0,0,0
108,9,random-2,random,21,108,9,50,16,0,4,4,4,0,0,16,4,0,0,16,0,0,2,0,0,9,1,4,0,2,0,0,0,0,0,0,0
116,9,random-2,random,22,116,9,52,16,8,4,0,0,16,4,0,0,16,2,0,0,2,0,0,0,9,2,2,1,2,0,0,0,0,0,0,0
116,8,random-2,random,23,116,8,54,16,8,4,0,0,16,4,0,2,16,2,0,0,2,0,0,0,8,3,2,1,2,0,0,0,0,0,0,0
116,7,random-2,random,24,116,7,56,16,8,4,0,2,16,4,2,0,16,2,0,0,2,0,0,0,7,4,2,1,2,0,0,0,0,0,0,0
116,6,random-2,random,25,116,6,58,16,8,4,2,0,16,4,2,2,16,2,0,0,2,0,0,0,6,5,2,1,2,0,0,0,0,0,0,0
160,8,random-2,random,26,160,8,60,32,2,0,0,0,8,0,0,0,32,8,0,0,2,2,4,2,8,4,1,2,0,1,0,0,0,0,0,0
160,7,random-2,random,27,160,7,62,32,2,8,4,2,8,2,0,0,32,0,0,0,2,0,2,0,7,5,1,2,0,1,0,0,0,0,0,0
164,7,random-2,random,28,164,7,64,32,2,8,4,2,8,2,0,0,32,0,0,0,4,0,0,2,7,4,2,2,0,1,0,0,0,0,0,0
168,7,random-2,random,29,168,7,66,32,2,8,4,4,8,2,2,0,32,0,0,0,4,0,0,0,7,3,3,2,0,1,0,0,0,0,0,0
180,8,random-2,random,30,180,8,70,32,2,8,8,0,8,4,0,0,32,0,0,0,4,4,0,0,8,1,3,3,0,1,0,0,0,0,0,0
188,8,random-2,random,31,188,8,72,32,2,0,0,0,8,0,0,0,32,8,0,0,4,8,8,2,8,2,1,4,0,1,0,0,0,0,0,0
204,8,random-2,random,32,204,8,74,32,2,0,0,0,8,0,2,0,32,8,0,0,4,16,2,0,8,3,1,2,1,1,0,0,0,0,0,0
204,7,random-2,random,33,204,7,76,32,2,2,0,0,8,2,0,0,32,8,0,0,4,16,2,0,7,4,1,2,1,1,0,0,0,0,0,0
208,7,random-2,random,34,208,7,78,32,4,0,0,0,8,2,0,0,32,8,2,0,4,16,2,0,7,3,2,2,1,1,0,0,0,0,0,0
208,6,random-2,random,35,208,6,80,32,4,2,0,0,8,2,0,0,32,8,2,0,4,16,2,0,6,4,2,2,1,1,0,0,0,0,0,0
216,7,random-2,random,36,216,7,82,32,4,4,4,0,8,8,0,0,32,16,0,0,4,0,0,2,7,1,4,2,1,1,0,0,0,0,0,0
216,6,random-2,random,37,216,6,84,32,4,4,4,2,8,8,0,0,32,16,0,0,4,0,2,0,6,2,4,2,1,1,0,0,0,0,0,0
240,7,random-2,random,38,240,7,86,32,8,4,2,0,16,0,0,0,32,16,0,0,4,2,2,0,7,3,2,1,2,1,0,0,0,0,0,0
244,7,random-2,random,39,244,7,88,32,8,4,4,2,16,16,0,0,32,2,0,0,4,0,0,0,7,2,3,1,2,1,0,0,0,0,0,0
284,8,random-2,random,40,284,8,90,32,8,8,2,0,32,2,0,0,32,2,0,0,4,0,0,0,8,3,1,2,0,2,0,0,0,0,0,0
352,9,random-2,random,41,352,9,92,64,8,8,2,2,64,4,0,0,4,0,0,0,0,0,0,0,9,2,2,2,0,0,1,0,0,0,0,0
372,10,random-2,random,42,372,10,94,64,16,4,0,0,64,4,0,0,4,0,0,0,2,0,0,0,10,1,3,0,1,0,1,0,0,0,0,0
380,10,random-2,random,43,380,10,96,64,16,8,0,0,64,0,0,2,4,0,0,0,2,0,0,0,10,2,1,1,1,0,1,0,0,0,0,0
380,9,random-2,random,44,380,9,100,64,16,8,4,0,64,2,0,0,4,0,0,0,2,0,0,0,9,2,2,1,1,0,1,0,0,0,0,0
380,8,random-2,random,45,380,8,102,64,16,8,4,0,64,2,0,0,4,0,0,0,2,0,0,2,8,3,2,1,1,0,1,0,0,0,0,0
384,8,random-2,random,46,384,8,104,64,16,8,4,0,64,2,0,0,4,0,0,0,4,0,0,2,8,2,3,1,1,0,1,0,0,0,0,0
384,7,random-2,random,47,384,7,106,64,16,8,4,0,64,2,0,0,4,0,0,0,4,2,0,2,7,3,3,1,1,0,1,0,0,0,0,0
388,7,random-2,random,48,388,7,108,64,16,8,4,0,64,2,0,0,4,0,0,0,4,4,0,2,7,2,4,1,1,0,1,0,0,0,0,0
396,7,random-2,random,49,396,7,110,64,0,16,8,4,0,0,64,2,0,0,0,4,2,0,8,2,7,3,2,2,1,0,1,0,0,0,0,0
396,6,random-2,random,50,396,6,112,64,0,16,8,4,0,2,64,2,0,0,0,4,0,2,8,2,6,4,2,2,1,0,1,0,0,0,0,0
400,6,random-2,random,51,400,6,114,64,2,0,0,4,0,0,8,2,0,16,64,4,0,4,8,2,6,3,3,2,1,0,1,0,0,0,0,0
400,5,random-2,random,52,400,5,118,64,2,4,0,0,8,2,0,0,16,64,4,4,4,8,2,0,5,3,4,2,1,0,1,0,0,0,0,0
408,5,random-2,random,53,408,5,120,64,0,2,2,4,0,0,8,2,0,16,64,8,0,4,8,2,5,4,2,3,1,0,1,0,0,0,0,0
412,5,random-2,random,54,412,5,122,64,4,4,0,0,8,2,0,0,16,64,8,2,4,8,2,0,5,3,3,3,1,0,1,0,0,0,0,0
420,5,random-2,random,55,420,5,126,64,8,0,4,0,8,2,0,0,16,64,8,2,4,8,2,0,5,3,2,4,1,0,1,0,0,0,0,0
436,5,random-2,random,56,436,5,128,64,16,2,4,2,16,64,8,0,4,8,2,2,0,0,0,0,5,4,2,2,2,0,1,0,0,0,0,0
440,5,random-2,random,57,440,5,130,64,16,2,4,2,16,64,8,0,4,8,4,0,2,0,0,0,5,3,3,2,2,0,1,0,0,0,0,0
440,4,random-2,random,58,440,4,132,64,16,2,4,2,16,64,8,0,4,8,4,0,2,0,2,0,4,4,3,2,2,0,1,0,0,0,0,0
444,4,random-2,random,59,444,4,134,64,16,2,4,2,0,16,64,8,0,4,8,4,0,0,2,4,4,3,4,2,2,0,1,0,0,0,0,0
444,3,random-2,random,60,444,3,136,64,16,2,4,2,2,16,64,8,0,4,8,4,0,0,2,4,3,4,4,2,2,0,1,0,0,0,0,0
444,2,random-2,random,61,444,2,138,64,16,2,4,2,2,16,64,8,4,8,4,2,2,4,0,0,2,5,4,2,2,0,1,0,0,0,0,0
444,1,random-2,random,62,444,1,140,64,16,2,4,2,2,16,64,8,4,8,4,2,2,4,2,0,1,6,4,2,2,0,1,0,0,0,0,0
444,0,random-2,random,63,444,0,142,64,16,2,4,2,2,16,64,8,4,8,4,2,2,4,2,2,0,7,4,2,2,0,1,0,0,0,0,0
448,0,random-2,random,64,448,0,144,64,16,2,4,2,2,16,64,8,4,8,4,2,2,4,4,2,0,6,5,2,2,0,1,0,0,0,0,0
456,0,random-2,random,65,456,0,146,64,16,2,4,2,2,16,64,8,4,8,4,2,2,8,2,2,0,7,3,3,2,0,1,0,0,0,0,0
460,0,random-2,random,66,460,0,148,64,16,2,4,2,2,16,64,8,4,8,4,2,2,8,4,2,0,6,4,3,2,0,1,0,0,0,0,0
488,2,random-2,random,67,488,2,150,64,16,2,4,2,2,16,64,8,4,16,8,4,2,0,2,0,2,5,3,2,3,0,1,0,0,0,0,0
492,2,random-2,random,68,492,2,152,64,16,2,4,2,2,16,64,8,4,16,8,4,4,0,2,0,2,4,4,2,3,0,1,0,0,0,0,0
532,3,random-2,random,69,532,3,154,64,16,2,4,2,2,32,64,8,8,0,8,4,0,2,2,0,3,5,2,3,1,1,1,0,0,0,0,0
532,2,random-2,random,70,532,2,156,64,16,2,4,2,2,32,64,8,8,2,8,4,0,2,2,0,2,6,2,3,1,1,1,0,0,0,0,0
536,2,random-2,random,71,536,2,158,64,16,2,4,2,2,32,64,8,8,2,8,4,4,2,0,0,2,5,3,3,1,1,1,0,0,0,0,0
536,1,random-2,random,72,536,1,160,64,16,2,4,2,2,32,64,8,8,2,8,4,2,0,4,2,1,6,3,3,1,1,1,0,0,0,0,0
536,0,random-2,random,73,536,0,162,64,16,2,4,2,2,32,64,8,8,2,8,4,2,2,4,2,0,7,3,3,1,1,1,0,0,0,0,0
540,0,random-2,random,74,540,0,164,64,16,2,4,2,2,32,64,8,8,2,8,4,2,4,4,2,0,6,4,3,1,1,1,0,0,0,0,0
548,0,random-2,random,75,548,0,166,64,16,2,4,2,2,32,64,8,8,2,8,4,2,8,2,2,0,7,2,4,1,1,1,0,0,0,0,0
548,0,random-2,random,76,548,0,166,64,16,2,4,2,2,32,64,8,8,2,8,4,2,8,2,2,0,7,2,4,1,1,1,0,0,0,0,0
552,0,random-2,random,77,552,0,168,64,16,2,4,2,2,32,64,8,8,2,8,4,2,8,4,2,0,6,3,4,1,1,1,0,0,0,0,0
0,13,random-3,random,0,0,13,6,2,2,0,0,0,0,0,0,0,0,0,0,0,2,0,2,0,13,3,0,0,0,0,0,0,0,0,0,0
4,13,random-3,random,1,4,13,8,4,2,0,0,0,0,0,0,0,0,0,2,0,4,0,0,0,13,2,1,0,0,0,0,0,0,0,0,0
4,12,random-3,random,2,4,12,12,4,2,0,0,0,0,0,0,0,2,4,0,0,4,0,0,0,12,2,2,0,0,0,0,0,0,0,0,0
8,12,random-3,random,3,8,12,14,4,0,0,0,2,0,0,0,0,4,0,0,0,4,4,0,0,12,1,3,0,0,0,0,0,0,0,0,0
16,12,random-3,random,4,16,12,16,8,2,0,0,0,0,0,0,0,4,0,0,2,8,0,0,0,12,2,1,1,0,0,0,0,0,0,0,0
16,11,random-3,random,5,16,11,18,8,0,0,0,2,0,0,2,0,0,0,4,2,0,0,0,8,11,3,1,1,0,0,0,0,0,0,0,0
16,10,random-3,random,6,16,10,20,8,0,0,0,2,0,0,2,2,0,0,4,2,0,0,0,8,10,4,1,1,0,0,0,0,0,0,0,0
20,10,random-3,random,7,20,10,22,8,2,0,0,0,4,2,0,0,4,2,0,0,8,0,0,0,10,3,2,1,0,0,0,0,0,0,0,0
20,9,random-3,random,8,20,9,26,8,2,0,0,0,4,2,0,0,4,2,0,4,8,0,0,0,9,3,3,1,0,0,0,0,0,0,0,0
20,8,random-3,random,9,20,8,28,8,2,0,0,0,4,2,0,0,4,2,4,2,8,0,0,0,8,4,3,1,0,0,0,0,0,0,0,0
20,7,random-3,random,10,20,7,30,8,2,2,0,0,4,2,0,0,4,2,4,2,8,0,0,0,7,5,3,1,0,0,0,0,0,0,0,0
24,7,random-3,random,11,24,7,32,8,4,0,0,0,4,2,2,0,4,2,4,2,8,0,0,0,7,4,4,1,0,0,0,0,0,0,0,0
28,7,random-3,random,12,28,7,34,8,4,0,2,0,4,4,0,0,4,2,4,2,8,0,0,0,7,3,5,1,0,0,0,0,0,0,0,0
36,7,random-3,random,13,36,7,36,8,4,2,0,0,8,0,0,2,4,2,4,2,8,0,0,0,7,4,3,2,0,0,0,0,0,0,0,0
36,6,random-3,random,14,36,6,38,8,4,2,0,2,8,2,0,0,4,2,4,2,8,0,0,0,6,5,3,2,0,0,0,0,0,0,0,0
40,6,random-3,random,15,40,6,40,8,4,4,0,2,8,2,0,0,4,2,4,2,8,0,0,0,6,4,4,2,0,0,0,0,0,0,0,0
48,6,random-3,random,16,48,6,42,8,8,2,0,0,8,2,0,0,4,2,4,2,8,0,2,0,6,5,2,3,0,0,0,0,0,0,0,0
48,5,random-3,random,17,48,5,44,8,8,2,0,0,8,2,0,0,4,2,4,2,8,2,2,0,5,6,2,3,0,0,0,0,0,0,0,0
52,5,random-3,random,18,52,5,46,8,8,2,0,0,8,2,2,0,4,2,4,2,8,4,0,0,5,5,3,3,0,0,0,0,0,0,0,0
56,5,random-3,random,19,56,5,48,8,8,2,0,0,8,4,0,0,4,2,4,2,8,4,2,0,5,4,4,3,0,0,0,0,0,0,0,0
56,4,random-3,random,20,56,4,50,8,0,2,8,2,0,0,8,4,4,2,4,2,0,8,4,2,4,5,4,3,0,0,0,0,0,0,0,0
88,7,random-3,random,21,88,7,52,16,4,4,16,2,0,8,8,4,0,0,0,4,2,0,0,0,7,2,4,2,1,0,0,0,0,0,0,0
112,8,random-3,random,22,112,8,56,16,8,16,2,0,16,4,0,4,4,0,0,0,2,0,0,0,8,2,3,1,2,0,0,0,0,0,0,0
120,8,random-3,random,23,120,8,58,16,8,16,2,0,16,8,0,0,4,0,0,2,2,0,0,0,8,3,1,2,2,0,0,0,0,0,0,0
120,7,random-3,random,24,120,7,60,16,8,16,2,0,16,8,0,2,4,2,0,0,2,0,0,0,7,4,1,2,2,0,0,0,0,0,0,0
120,6,random-3,random,25,120,6,62,16,8,16,2,0,16,8,2,0,4,2,0,0,2,0,2,0,6,5,1,2,2,0,0,0,0,0,0,0
124,6,random-3,random,26,124,6,64,16,8,0,0,2,16,16,0,0,4,8,2,0,2,2,4,0,6,4,2,2,2,0,0,0,0,0,0,0
124,5,random-3,random,27,124,5,68,16,8,16,2,2,16,8,4,0,4,2,0,0,2,4,0,0,5,4,3,2,2,0,0,0,0,0,0,0
128,5,random-3,random,28,128,5,70,16,8,16,4,2,16,8,4,0,4,2,0,0,2,4,0,0,5,3,4,2,2,0,0,0,0,0,0,0
136,5,random-3,random,29,136,5,72,16,8,16,8,2,16,8,0,0,4,2,0,2,2,4,0,0,5,4,2,3,2,0,0,0,0,0,0,0
140,5,random-3,random,30,140,5,74,16,8,16,8,2,16,8,2,0,4,4,0,0,2,4,0,0,5,3,3,3,2,0,0,0,0,0,0,0
148,5,random-3,random,31,148,5,76,16,8,0,0,0,16,16,2,0,4,8,8,0,2,8,2,2,5,4,1,4,2,0,0,0,0,0,0,0
200,7,random-3,random,32,200,7,78,32,8,0,0,2,32,2,0,0,4,16,0,0,2,8,4,0,7,3,2,2,1,1,0,0,0,0,0,0
200,6,random-3,random,33,200,6,80,32,8,2,2,0,32,2,0,0,4,16,0,0,2,8,4,0,6,4,2,2,1,1,0,0,0,0,0,0
204,6,random-3,random,34,204,6,82,32,8,4,0,0,32,2,0,0,4,16,2,0,2,8,4,0,6,3,3,2,1,1,0,0,0,0,0,0
204,5,random-3,random,35,204,5,84,32,8,4,0,2,32,2,0,0,4,16,2,0,2,8,4,0,5,4,3,2,1,1,0,0,0,0,0,0
204,4,random-3,random,36,204,4,86,32,8,4,2,2,32,2,4,0,4,16,0,2,2,8,0,0,4,5,3,2,1,1,0,0,0,0,0,0
208,4,random-3,random,37,208,4,88,32,8,4,2,4,32,2,4,2,4,16,0,0,2,8,0,0,4,4,4,2,1,1,0,0,0,0,0,0
208,3,random-3,random,38,208,3,90,32,8,4,2,4,32,2,4,2,4,16,0,0,2,8,2,0,3,5,4,2,1,1,0,0,0,0,0,0
208,2,random-3,random,39,208,2,92,32,8,4,2,4,32,2,4,2,4,16,2,2,2,8,0,0,2,6,4,2,1,1,0,0,0,0,0,0
212,2,random-3,random,40,212,2,94,32,8,4,2,4,32,2,4,2,4,16,4,2,2,8,0,0,2,5,5,2,1,1,0,0,0,0,0,0
224,3,random-3,random,41,224,3,98,32,8,4,2,4,32,2,8,4,4,16,0,0,2,8,0,4,3,3,5,3,1,1,0,0,0,0,0,0
224,2,random-3,random,42,224,2,100,32,8,4,2,4,32,2,8,4,4,16,0,2,2,8,4,0,2,4,5,3,1,1,0,0,0,0,0,0
232,2,random-3,random,43,232,2,102,32,8,4,2,8,32,2,8,2,4,16,4,2,2,8,0,0,2,5,3,4,1,1,0,0,0,0,0,0
232,1,random-3,random,44,232,1,104,32,8,4,2,8,32,2,8,2,4,16,4,2,2,8,0,2,1,6,3,4,1,1,0,0,0,0,0,0
236,1,random-3,random,45,236,1,106,32,8,4,2,8,32,2,8,4,4,16,4,2,2,8,2,0,1,5,4,4,1,1,0,0,0,0,0,0
236,0,random-3,random,46,236,0,108,32,8,4,2,8,32,2,8,4,4,16,4,2,2,8,2,2,0,6,4,4,1,1,0,0,0,0,0,0
240,0,random-3,random,47,240,0,110,32,8,4,2,8,32,2,8,4,4,16,4,2,2,8,4,2,0,5,5,4,1,1,0,0,0,0,0,0
240,0,random-3,random,48,240,0,110,32,8,4,2,8,32,2,8,4,4,16,4,2,2,8,4,2,0,5,5,4,1,1,0,0,0,0,0,0
240,0,random-3,random,49,240,0,110,32,8,4,2,8,32,2,8,4,4,16,4,2,2,8,4,2,0,5,5,4,1,1,0,0,0,0,0,0
240,0,random-3,random,50,240,0,110,32,8,4,2,8,32,2,8,4,4,16,4,2,2,8,4,2,0,5,5,4,1,1,0,0,0,0,0,0
252,1,random-3,random,51,252,1,112,32,8,4,2,0,32,2,2,8,4,16,8,4,2,8,8,4,1,4,4,5,1,1,0,0,0,0,0,0
272,2,random-3,random,52,272,2,114,32,8,4,2,2,32,4,8,0,4,16,8,4,2,16,4,0,2,3,5,3,2,1,0,0,0,0,0,0
276,2,random-3,random,53,276,2,116,32,0,8,4,4,2,32,4,8,4,16,8,4,0,2,16,4,2,2,6,3,2,1,0,0,0,0,0,0
284,2,random-3,random,54,284,2,118,32,8,8,0,0,2,32,4,8,4,16,8,4,2,16,4,2,2,3,4,4,2,1,0,0,0,0,0,0
300,2,random-3,random,55,300,2,120,32,16,0,0,2,2,32,4,8,4,16,8,4,2,16,4,2,2,4,4,2,3,1,0,0,0,0,0,0
332,2,random-3,random,56,332,2,122,32,16,32,4,2,2,32,8,8,4,0,4,4,2,0,2,2,2,5,4,2,1,2,0,0,0,0,0,0
360,4,random-3,random,57,360,4,124,32,16,32,4,2,2,32,16,2,8,4,0,0,4,2,0,0,4,4,3,1,2,2,0,0,0,0,0,0
360,3,random-3,random,58,360,3,128,32,16,32,4,2,2,32,16,2,8,4,0,0,4,2,0,4,3,4,4,1,2,2,0,0,0,0,0,0
360,2,random-3,random,59,360,2,130,32,16,32,4,2,2,32,16,2,2,0,8,4,0,4,2,4,2,5,4,1,2,2,0,0,0,0,0,0
360,1,random-3,random,60,360,1,132,32,16,32,4,2,2,32,16,2,2,2,8,4,0,4,2,4,1,6,4,1,2,2,0,0,0,0,0,0
364,1,random-3,random,61,364,1,134,32,16,32,4,2,2,32,16,2,4,8,4,2,4,2,4,0,1,5,5,1,2,2,0,0,0,0,0,0
448,4,random-3,random,62,448,4,136,64,16,64,4,4,2,8,16,2,8,2,8,0,0,0,0,2,4,4,2,3,2,0,1,0,0,0,0,0
456,4,random-3,random,63,456,4,140,64,16,64,8,4,2,8,16,2,8,2,8,0,2,0,0,0,4,4,1,4,2,0,1,0,0,0,0,0
456,3,random-3,random,64,456,3,142,64,16,64,8,4,2,8,16,2,8,2,8,2,2,0,0,0,3,5,1,4,2,0,1,0,0,0,0,0
456,2,random-3,random,65,456,2,144,64,16,64,8,4,2,8,16,2,8,2,8,2,2,2,0,0,2,6,1,4,2,0,1,0,0,0,0,0
460,2,random-3,random,66,460,2,146,64,16,64,8,4,2,8,16,2,8,2,8,2,4,0,0,2,2,5,2,4,2,0,1,0,0,0,0,0
464,2,random-3,random,67,464,2,148,64,16,64,8,4,2,8,16,4,8,2,8,2,4,2,0,0,2,4,3,4,2,0,1,0,0,0,0,0
464,1,random-3,random,68,464,1,150,64,16,64,8,4,2,8,16,4,8,2,8,2,4,2,2,0,1,5,3,4,2,0,1,0,0,0,0,0
476,2,random-3,random,69,476,2,152,64,16,64,8,8,2,8,16,2,8,4,8,0,4,0,2,2,2,4,2,5,2,0,1,0,0,0,0,0
480,2,random-3,random,70,480,2,154,64,16,64,8,8,2,8,16,4,8,4,8,0,4,0,2,2,2,3,3,5,2,0,1,0,0,0,0,0
500,3,random-3,random,71,500,3,156,64,16,64,16,0,2,8,16,4,8,4,8,0,4,4,0,2,3,2,4,3,3,0,1,0,0,0,0,0
508,3,random-3,random,72,508,3,158,64,2,16,64,16,2,8,16,4,0,8,4,8,0,0,8,2,3,3,2,4,3,0,1,0,0,0,0,0
528,4,random-3,random,73,528,4,160,64,4,16,64,16,2,16,16,4,0,0,4,8,0,0,8,2,4,2,3,2,4,0,1,0,0,0,0,0
560,4,random-3,random,74,560,4,164,64,4,16,64,16,0,2,32,4,4,0,4,8,0,0,8,2,4,2,4,2,2,1,1,0,0,0,0,0
568,4,random-3,random,75,568,4,166,64,4,16,64,16,2,32,4,0,8,8,0,0,8,2,2,0,4,3,2,3,2,1,1,0,0,0,0,0
584,4,random-3,random,76,584,4,168,64,4,16,64,16,2,32,4,0,16,8,2,0,2,2,0,0,4,4,2,1,3,1,1,0,0,0,0,0
588,4,random-3,random,77,588,4,170,64,4,16,64,16,2,32,4,0,16,8,2,0,4,0,0,2,4,3,3,1,3,1,1,0,0,0,0,0
588,3,random-3,random,78,588,3,172,64,4,16,64,16,2,32,4,2,16,8,2,0,4,2,0,0,3,4,3,1,3,1,1,0,0,0,0,0
588,2,random-3,random,79,588,2,174,64,4,16,64,16,2,32,4,2,16,8,2,2,4,2,0,0,2,5,3,1,3,1,1,0,0,0,0,0
592,2,random-3,random,80,592,2,176,64,4,16,64,16,2,32,4,2,16,8,4,2,4,2,0,0,2,4,4,1,3,1,1,0,0,0,0,0
592,1,random-3,random,81,592,1,178,64,4,16,64,16,2,32,4,2,16,8,4,2,4,2,2,0,1,5,4,1,3,1,1,0,0,0,0,0
596,1,random-3,random,82,596,1,180,64,4,16,64,16,2,32,4,2,16,8,4,2,4,4,0,2,1,4,5,1,3,1,1,0,0,0,0,0
604,1,random-3,random,83,604,1,182,64,4,16,64,16,2,32,4,2,16,8,4,2,8,2,2,0,1,5,3,2,3,1,1,0,0,0,0,0
608,1,random-3,random,84,608,1,184,64,4,16,64,16,2,32,4,2,16,8,4,2,8,4,2,0,1,4,4,2,3,1,1,0,0,0,0,0
608,0,random-3,random,85,608,0,186,64,4,16,64,16,2,32,4,2,16,8,4,2,8,4,2,2,0,5,4,2,3,1,1,0,0,0,0,0
620,1,random-3,random,86,620,1,190,64,4,16,0,4,2,32,64,16,16,8,8,2,8,4,2,4,1,3,4,3,3,1,1,0,0,0,0,0
636,1,random-3,random,87,636,1,192,64,4,16,4,0,2,32,64,16,16,16,2,2,8,4,2,4,1,4,4,1,4,1,1,0,0,0,0,0
672,2,random-3,random,88,672,2,194,64,0,4,16,4,2,32,64,16,2,0,32,4,8,4,2,4,2,3,5,1,2,2,1,0,0,0,0,0
672,1,random-3,random,89,672,1,196,64,4,16,4,2,2,32,64,16,2,32,4,0,8,4,2,4,1,4,5,1,2,2,1,0,0,0,0,0
740,2,random-3,random,90,740,2,198,64,4,16,4,2,4,64,64,16,8,4,4,4,0,0,2,2,2,3,6,1,2,0,2,0,0,0,0,0
880,4,random-3,random,91,880,4,202,128,4,16,4,2,4,128,16,0,8,8,4,4,4,0,0,0,4,1,6,2,2,0,0,1,0,0,0,0
904,5,random-3,random,92,904,5,204,128,4,16,4,2,4,128,16,0,16,8,0,0,4,0,0,2,5,2,4,1,3,0,0,1,0,0,0,0
904,4,random-3,random,93,904,4,206,128,4,16,4,2,4,128,16,0,16,8,2,0,4,2,0,0,4,3,4,1,3,0,0,1,0,0,0,0
904,3,random-3,random,94,904,3,208,128,4,16,4,2,4,128,16,2,16,8,2,0,4,2,0,0,3,4,4,1,3,0,0,1,0,0,0,0
904,2,random-3,random,95,904,2,210,128,4,16,4,2,4,128,16,2,16,8,2,2,4,2,0,0,2,5,4,1,3,0,0,1,0,0,0,0
908,2,random-3,random,96,908,2,212,128,4,16,4,2,4,128,16,2,16,8,4,0,4,2,0,2,2,4,5,1,3,0,0,1,0,0,0,0
912,2,random-3,random,97,912,2,214,128,4,16,4,2,4,128,16,2,16,8,4,2,4,4,0,0,2,3,6,1,3,0,0,1,0,0,0,0
920,2,random-3,random,98,920,2,216,128,4,16,4,2,4,128,16,2,16,8,4,2,8,0,2,0,2,4,4,2,3,0,0,1,0,0,0,0
920,1,random-3,random,99,920,1,220,128,4,16,4,2,4,128,16,2,16,8,4,2,4,0,8,2,1,4,5,2,3,0,0,1,0,0,0,0
920,0,random-3,random,100,920,0,222,128,4,16,4,2,4,128,16,2,16,8,4,2,4,8,2,2,0,5,5,2,3,0,0,1,0,0,0,0
952,3,random-3,random,101,952,3,224,128,8,16,4,4,16,128,16,4,4,16,4,0,0,0,2,2,3,2,5,1,4,0,0,1,0,0,0,0
964,4,random-3,random,102,964,4,226,128,8,16,8,0,16,128,16,4,4,16,4,2,4,0,0,0,4,1,4,2,4,0,0,1,0,0,0,0
972,4,random-3,random,103,972,4,228,128,0,0,2,0,8,16,8,0,16,128,16,4,8,16,4,2,4,2,2,3,4,0,0,1,0,0,0,0
972,3,random-3,random,104,972,3,230,128,0,2,0,2,0,8,16,8,16,128,16,4,8,16,4,2,3,3,2,3,4,0,0,1,0,0,0,0
976,3,random-3,random,105,976,3,232,128,4,2,0,0,8,16,8,0,16,128,16,4,8,16,4,2,3,2,3,3,4,0,0,1,0,0,0,0
976,2,random-3,random,106,976,2,234,128,4,2,0,0,8,16,8,2,16,128,16,4,8,16,4,2,2,3,3,3,4,0,0,1,0,0,0,0
976,1,random-3,random,107,976,1,238,128,4,2,0,4,8,16,8,2,16,128,16,4,8,16,4,2,1,3,4,3,4,0,0,1,0,0,0,0
976,0,random-3,random,108,976,0,240,128,4,2,2,4,8,16,8,2,16,128,16,4,8,16,4,2,0,4,4,3,4,0,0,1,0,0,0,0
980,0,random-3,random,109,980,0,244,128,4,4,4,4,8,16,8,2,16,128,16,4,8,16,4,2,0,2,6,3,4,0,0,1,0,0,0,0
980,0,random-3,random,110,980,0,244,128,4,4,4,4,8,16,8,2,16,128,16,4,8,16,4,2,0,2,6,3,4,0,0,1,0,0,0,0
996,1,random-3,random,111,996,1,246,128,8,8,0,2,8,16,8,2,16,128,16,4,8,16,4,2,1,3,2,5,4,0,0,1,0,0,0,0
1012,1,random-3,random,112,1012,1,248,128,16,2,0,2,8,16,8,2,16,128,16,4,8,16,4,2,1,4,2,3,5,0,0,1,0,0,0,0
1016,1,random-3,random,113,1016,1,250,128,16,4,0,2,8,16,8,2,16,128,16,4,8,16,4,2,1,3,3,3,5,0,0,1,0,0,0,0
1016,0,random-3,random,114,1016,0,252,128,16,4,2,2,8,16,8,2,16,128,16,4,8,16,4,2,0,4,3,3,5,0,0,1,0,0,0,0
1020,0,random-3,random,115,1020,0,254,128,16,4,4,2,8,16,8,2,16,128,16,4,8,16,4,2,0,3,4,3,5,0,0,1,0,0,0,0
1028,0,random-3,random,116,1028,0,256,128,16,8,2,2,8,16,8,2,16,128,16,4,8,16,4,2,0,4,2,4,5,0,0,1,0,0,0,0
1032,0,random-3,random,117,1032,0,258,128,16,8,4,2,8,16,8,2,16,128,16,4,8,16,4,2,0,3,3,4,5,0,0,1,0,0,0,0
1032,0,random-3,random,118,1032,0,258,128,16,8,4,2,8,16,8,2,16,128,16,4,8,16,4,2,0,3,3,4,5,0,0,1,0,0,0,0
1032,0,random-3,random,119,1032,0,258,128,16,8,4,2,8,16,8,2,16,128,16,4,8,16,4,2,0,3,3,4,5,0,0,1,0,0,0,0
1032,0,random-3,random,120,1032,0,258,128,16,8,4,2,8,16,8,2,16,128,16,4,8,16,4,2,0,3,3,4,5,0,0,1,0,0,0,0
1032,0,random-3,random,121,1032,0,258,128,16,8,4,2,8,16,8,2,16,128,16,4,8,16,4,2,0,3,3,4,5,0,0,1,0,0,0,0
1036,0,random-3,random,122,1036,0,260,128,16,8,4,2,8,16,8,4,16,128,16,4,8,16,4,2,0,2,4,4,5,0,0,1,0,0,0,0
1044,0,random-3,random,123,1044,0,264,128,16,8,4,2,8,16,8,8,16,128,16,2,8,16,4,4,0,2,3,5,5,0,0,1,0,0,0,0
1068,1,random-3,random,124,1068,1,266,128,16,8,4,2,8,16,16,0,16,128,16,2,8,16,8,2,1,3,1,4,6,0,0,1,0,0,0,0
1100,1,random-3,random,125,1100,1,268,128,16,8,4,2,8,32,0,2,16,128,16,2,8,16,8,2,1,4,1,4,4,1,0,1,0,0,0,0
1100,0,random-3,random,126,1100,0,270,128,16,8,4,2,2,8,32,2,16,128,16,2,8,16,8,2,0,5,1,4,4,1,0,1,0,0,0,0
1100,0,random-3,random,127,1100,0,270,128,16,8,4,2,2,8,32,2,16,128,16,2,8,16,8,2,0,5,1,4,4,1,0,1,0,0,0,0
1100,0,random-3,random,128,1100,0,270,128,16,8,4,2,2,8,32,2,16,128,16,2,8,16,8,2,0,5,1,4,4,1,0,1,0,0,0,0
1100,0,random-3,random,129,1100,0,270,128,16,8,4,2,2,8,32,2,16,128,16,2,8,16,8,2,0,5,1,4,4,1,0,1,0,0,0,0
1124,2,random-3,random,130,1124,2,272,128,16,16,4,4,2,128,32,4,16,16,16,0,8,2,8,0,2,2,3,2,5,1,0,1,0,0,0,0
1196,4,random-3,random,131,1196,4,274,128,32,8,0,2,2,128,32,4,32,16,0,0,8,2,8,0,4,3,1,3,1,3,0,1,0,0,0,0
1196,3,random-3,random,132,1196,3,276,128,32,8,2,0,2,128,32,4,32,16,0,0,8,2,8,2,3,4,1,3,1,3,0,1,0,0,0,0
1196,2,random-3,random,133,1196,2,278,128,32,8,2,0,2,128,32,4,32,16,0,2,8,2,8,2,2,5,1,3,1,3,0,1,0,0,0,0
1200,2,random-3,random,134,1200,2,280,128,32,8,2,4,2,128,32,4,32,16,8,0,8,2,2,0,2,4,2,3,1,3,0,1,0,0,0,0
1204,2,random-3,random,135,1204,2,282,128,32,8,2,4,2,128,32,4,0,32,16,8,2,0,8,4,2,3,3,3,1,3,0,1,0,0,0,0
1216,3,random-3,random,136,1216,3,284,128,0,2,2,0,0,8,32,8,32,128,16,8,4,32,8,4,3,2,2,4,1,3,0,1,0,0,0,0
1232,3,random-3,random,137,1232,3,286,128,32,2,2,16,4,8,32,4,0,128,16,2,0,32,8,0,3,3,2,2,2,3,0,1,0,0,0,0
1236,3,random-3,random,138,1236,3,288,128,32,4,16,0,4,8,32,4,128,16,2,0,32,8,0,2,3,2,3,2,2,3,0,1,0,0,0,0
1236,2,random-3,random,139,1236,2,292,128,0,32,4,16,4,8,32,4,4,128,16,2,0,32,8,2,2,2,4,2,2,3,0,1,0,0,0,0
1236,1,random-3,random,140,1236,1,294,128,32,4,16,2,4,8,32,4,4,128,16,2,32,8,2,0,1,3,4,2,2,3,0,1,0,0,0,0
1236,0,random-3,random,141,1236,0,296,128,32,4,16,2,4,8,32,4,4,128,16,2,32,8,2,2,0,4,4,2,2,3,0,1,0,0,0,0
1248,1,random-3,random,142,1248,1,298,128,0,4,16,2,32,8,32,2,8,128,16,4,32,8,2,4,1,3,3,3,2,3,0,1,0,0,0,0
1260,2,random-3,random,143,1260,2,300,128,0,4,16,0,32,8,32,2,8,128,16,4,32,8,2,8,2,2,2,4,2,3,0,1,0,0,0,0
1260,1,random-3,random,144,1260,1,302,128,4,16,2,0,32,8,32,2,8,128,16,4,32,8,2,8,1,3,2,4,2,3,0,1,0,0,0,0
1260,0,random-3,random,145,1260,0,304,128,4,16,2,2,32,8,32,2,8,128,16,4,32,8,2,8,0,4,2,4,2,3,0,1,0,0,0,0
1264,0,random-3,random,146,1264,0,306,128,4,16,4,2,32,8,32,2,8,128,16,4,32,8,2,8,0,3,3,4,2,3,0,1,0,0,0,0
1264,0,random-3,random,147,1264,0,306,128,4,16,4,2,32,8,32,2,8,128,16,4,32,8,2,8,0,3,3,4,2,3,0,1,0,0,0,0
1264,0,random-3,random,148,1264,0,306,128,4,16,4,2,32,8,32,2,8,128,16,4,32,8,2,8,0,3,3,4,2,3,0,1,0,0,0,0
1264,0,random-3,random,149,1264,0,306,128,4,16,4,2,32,8,32,2,8,128,16,4,32,8,2,8,0,3,3,4,2,3,0,1,0,0,0,0
1264,0,random-3,random,150,1264,0,306,128,4,16,4,2,32,8,32,2,8,128,16,4,32,8,2,8,0,3,3,4,2,3,0,1,0,0,0,0
1268,0,random-3,random,151,1268,0,308,128,4,16,4,2,32,8,32,4,8,128,16,4,32,8,2,8,0,2,4,4,2,3,0,1,0,0,0,0
1276,0,random-3,random,152,1276,0,310,128,4,16,4,2,32,8,32,2,8,128,16,8,32,8,2,8,0,3,2,5,2,3,0,1,0,0,0,0
1276,0,random-3,random,153,1276,0,310,128,4,16,4,2,32,8,32,2,8,128,16,8,32,8,2,8,0,3,2,5,2,3,0,1,0,0,0,0
1296,1,random-3,random,154,1296,1,312,128,4,16,4,0,32,8,32,2,8,128,16,4,32,8,2,16,1,2,3,3,3,3,0,1,0,0,0,0
1296,0,random-3,random,155,1296,0,314,128,4,16,4,2,32,8,32,2,8,128,16,4,32,8,2,16,0,3,3,3,3,3,0,1,0,0,0,0
1300,0,random-3,random,156,1300,0,316,128,4,16,4,4,32,8,32,4,8,128,16,16,32,8,2,2,0,2,4,3,3,3,0,1,0,0,0,0
1344,2,random-3,random,157,1344,2,318,128,4,16,8,0,32,8,32,4,8,128,32,2,32,8,4,0,2,1,3,4,1,4,0,1,0,0,0,0
1344,1,random-3,random,158,1344,1,320,128,2,4,16,8,32,8,32,4,8,128,32,2,0,32,8,4,1,2,3,4,1,4,0,1,0,0,0,0
1344,0,random-3,random,159,1344,0,322,128,2,4,16,8,32,8,32,4,8,128,32,2,32,8,4,2,0,3,3,4,1,4,0,1,0,0,0,0
1344,0,random-3,random,160,1344,0,322,128,2,4,16,8,32,8,32,4,8,128,32,2,32,8,4,2,0,3,3,4,1,4,0,1,0,0,0,0
1412,1,random-3,random,161,1412,1,324,128,2,4,2,0,32,8,16,8,8,128,64,4,32,8,4,4,1,2,4,4,1,2,1,1,0,0,0,0
1420,1,random-3,random,162,1420,1,326,128,2,4,2,0,32,8,16,2,8,128,64,8,32,8,4,8,1,3,2,5,1,2,1,1,0,0,0,0
1420,0,random-3,random,163,1420,0,328,128,2,4,2,2,32,8,16,2,8,128,64,8,32,8,4,8,0,4,2,5,1,2,1,1,0,0,0,0
1440,1,random-3,random,164,1440,1,330,128,2,4,2,4,32,8,16,16,8,128,64,2,32,8,4,0,1,3,3,3,2,2,1,1,0,0,0,0
1472,1,random-3,random,165,1472,1,332,128,2,4,2,4,32,8,32,2,8,128,64,2,32,8,4,0,1,4,3,3,0,3,1,1,0,0,0,0
1472,0,random-3,random,166,1472,0,334,128,2,4,2,4,32,8,32,2,8,128,64,2,32,8,4,2,0,5,3,3,0,3,1,1,0,0,0,0
1472,0,random-3,random,167,1472,0,334,128,2,4,2,4,32,8,32,2,8,128,64,2,32,8,4,2,0,5,3,3,0,3,1,1,0,0,0,0
1472,0,random-3,random,168,1472,0,334,128,2,4,2,4,32,8,32,2,8,128,64,2,32,8,4,2,0,5,3,3,0,3,1,1,0,0,0,0
1472,0,random-3,random,169,1472,0,334,128,2,4,2,4,32,8,32,2,8,128,64,2,32,8,4,2,0,5,3,3,0,3,1,1,0,0,0,0
1472,0,random-3,random,170,1472,0,334,128,2,4,2,4,32,8,32,2,8,128,64,2,32,8,4,2,0,5,3,3,0,3,1,1,0,0,0,0
1476,0,random-3,random,171,1476,0,336,128,2,4,2,2,32,8,32,4,8,128,64,2,32,8,4,4,0,4,4,3,0,3,1,1,0,0,0,0
1488,1,random-3,random,172,1488,1,338,128,2,4,4,0,32,8,32,4,8,128,64,2,32,8,8,2,1,3,3,4,0,3,1,1,0,0,0,0
1492,1,random-3,random,173,1492,1,340,128,2,4,4,4,32,8,32,4,8,128,64,0,32,8,8,2,1,2,4,4,0,3,1,1,0,0,0,0
1500,1,random-3,random,174,1500,1,342,128,2,4,4,8,32,8,32,2,8,128,64,2,32,8,8,0,1,3,2,5,0,3,1,1,0,0,0,0
1524,2,random-3,random,175,1524,2,344,128,2,8,8,2,32,8,32,2,8,128,64,2,32,16,0,0,2,4,0,4,1,3,1,1,0,0,0,0
1540,2,random-3,random,176,1540,2,346,128,2,16,2,0,32,8,32,2,8,128,64,2,32,16,2,0,2,5,0,2,2,3,1,1,0,0,0,0
1540,1,random-3,random,177,1540,1,348,128,2,16,2,0,32,8,32,2,8,128,64,2,32,16,2,2,1,6,0,2,2,3,1,1,0,0,0,0
1544,1,random-3,random,178,1544,1,350,128,2,16,2,0,32,8,32,2,8,128,64,2,32,16,4,2,1,5,1,2,2,3,1,1,0,0,0,0
1544,0,random-3,random,179,1544,0,352,128,2,16,2,2,32,8,32,2,8,128,64,2,32,16,4,2,0,6,1,2,2,3,1,1,0,0,0,0
1548,0,random-3,random,180,1548,0,354,128,2,16,4,2,32,8,32,2,8,128,64,2,32,16,4,2,0,5,2,2,2,3,1,1,0,0,0,0
1556,1,random-3,random,181,1556,1,356,128,2,16,4,4,32,8,32,4,8,128,64,2,32,16,4,0,1,2,4,2,2,3,1,1,0,0,0,0
1564,1,random-3,random,182,1564,1,358,128,2,16,8,2,32,8,32,4,8,128,64,2,32,16,4,0,1,3,2,3,2,3,1,1,0,0,0,0
1564,0,random-3,random,183,1564,0,362,128,2,16,8,2,32,8,32,4,8,128,64,2,32,16,4,4,0,3,3,3,2,3,1,1,0,0,0,0
1572,0,random-3,random,184,1572,0,364,128,2,16,8,2,32,8,32,4,8,128,64,2,32,16,8,2,0,4,1,4,2,3,1,1,0,0,0,0
1572,0,random-3,random,185,1572,0,364,128,2,16,8,2,32,8,32,4,8,128,64,2,32,16,8,2,0,4,1,4,2,3,1,1,0,0,0,0
1572,0,random-3,random,186,1572,0,364,128,2,16,8,2,32,8,32,4,8,128,64,2,32,16,8,2,0,4,1,4,2,3,1,1,0,0,0,0
1572,0,random-3,random,187,1572,0,364,128,2,16,8,2,32,8,32,4,8,128,64,2,32,16,8,2,0,4,1,4,2,3,1,1,0,0,0,0
1572,0,random-3,random,188,1572,0,364,128,2,16,8,2,32,8,32,4,8,128,64,2,32,16,8,2,0,4,1,4,2,3,1,1,0,0,0,0
1572,0,random-3,random,189,1572,0,364,128,2,16,8,2,32,8,32,4,8,128,64,2,32,16,8,2,0,4,1,4,2,3,1,1,0,0,0,0
1572,0,random-3,random,190,1572,0,364,128,2,16,8,2,32,8,32,4,8,128,64,2,32,16,8,2,0,4,1,4,2,3,1,1,0,0,0,0
1572,0,random-3,random,191,1572,0,364,128,2,16,8,2,32,8,32,4,8,128,64,2,32,16,8,2,0,4,1,4,2,3,1,1,0,0,0,0
1572,0,random-3,random,192,1572,0,364,128,2,16,8,2,32,8,32,4,8,128,64,2,32,16,8,2,0,4,1,4,2,3,1,1,0,0,0,0
1572,0,random-3,random,193,1572,0,364,128,2,16,8,2,32,8,32,4,8,128,64,2,32,16,8,2,0,4,1,4,2,3,1,1,0,0,0,0
1576,0,random-3,random,194,1576,0,366,128,2,16,8,2,32,8,32,2,8,128,64,4,32,16,8,4,0,3,2,4,2,3,1,1,0,0,0,0
1588,1,random-3,random,195,1588,1,368,128,2,16,8,4,32,8,32,8,8,128,64,2,32,16,8,0,1,2,1,5,2,3,1,1,0,0,0,0
1588,0,random-3,random,196,1588,0,370,128,2,16,8,4,32,8,32,8,8,128,64,2,2,32,16,8,0,3,1,5,2,3,1,1,0,0,0,0
4,14,random-4,random,0,4,14,8,4,0,0,0,0,0,0,0,0,4,0,0,0,0,0,0,4,14,0,2,0,0,0,0,0,0,0,0,0
4,13,random-4,random,1,4,13,10,4,0,0,0,0,0,0,2,0,4,0,0,0,4,0,0,0,13,1,2,0,0,0,0,0,0,0,0,0
4,12,random-4,random,2,4,12,12,4,0,0,0,0,2,0,0,0,4,0,0,2,4,0,0,0,12,2,2,0,0,0,0,0,0,0,0,0
12,12,random-4,random,3,12,12,14,8,0,0,0,0,2,0,0,0,2,0,0,0,8,0,0,2,12,3,0,1,0,0,0,0,0,0,0,0
12,11,random-4,random,4,12,11,16,8,0,0,0,0,2,0,0,0,2,2,0,0,8,2,0,0,11,4,0,1,0,0,0,0,0,0,0,0
16,11,random-4,random,5,16,11,20,8,0,0,0,4,0,0,0,2,0,0,0,4,0,0,8,2,11,2,2,1,0,0,0,0,0,0,0,0
16,10,random-4,random,6,16,10,22,8,0,2,0,4,0,0,0,2,0,0,0,4,0,0,8,2,10,3,2,1,0,0,0,0,0,0,0,0
16,9,random-4,random,7,16,9,24,8,2,4,2,0,2,0,0,0,4,0,0,0,8,2,0,0,9,4,2,1,0,0,0,0,0,0,0,0
16,8,random-4,random,8,16,8,26,8,2,4,2,0,2,0,0,0,4,2,0,0,8,2,0,0,8,5,2,1,0,0,0,0,0,0,0,0
16,7,random-4,random,9,16,7,28,8,2,4,2,0,2,0,0,0,4,2,0,0,8,2,2,0,7,6,2,1,0,0,0,0,0,0,0,0
20,7,random-4,random,10,20,7,32,8,2,4,2,0,2,0,0,0,4,2,0,0,8,4,0,4,7,4,4,1,0,0,0,0,0,0,0,0
28,7,random-4,random,11,28,7,34,8,2,4,2,0,2,0,2,0,4,2,0,0,8,8,0,0,7,5,2,2,0,0,0,0,0,0,0,0
48,8,random-4,random,12,48,8,36,16,2,4,2,0,4,0,0,0,4,2,2,0,16,0,0,0,8,4,3,0,1,0,0,0,0,0,0,0
52,8,random-4,random,13,52,8,38,16,2,4,2,0,4,0,0,2,4,4,0,0,16,0,0,0,8,3,4,0,1,0,0,0,0,0,0,0
60,8,random-4,random,14,60,8,40,16,2,4,2,0,4,2,0,0,8,0,2,0,16,0,0,0,8,4,2,1,1,0,0,0,0,0,0,0
60,7,random-4,random,15,60,7,42,16,2,4,2,0,4,2,0,2,8,2,0,0,16,0,0,0,7,5,2,1,1,0,0,0,0,0,0,0
64,7,random-4,random,16,64,7,44,16,2,4,2,2,4,4,0,0,8,2,0,0,16,0,0,0,7,4,3,1,1,0,0,0,0,0,0,0
76,8,random-4,random,17,76,8,48,16,2,4,4,0,8,0,0,0,8,2,0,0,16,0,4,0,8,2,3,2,1,0,0,0,0,0,0,0
84,8,random-4,random,18,84,8,52,16,2,8,0,0,8,0,0,0,8,2,0,4,16,4,0,0,8,2,2,3,1,0,0,0,0,0,0,0
84,7,random-4,random,19,84,7,54,16,2,8,0,0,8,0,2,0,8,2,4,0,16,4,0,0,7,3,2,3,1,0,0,0,0,0,0,0
84,6,random-4,random,20,84,6,56,16,0,0,2,8,0,2,8,2,0,8,2,4,0,0,16,4,6,4,2,3,1,0,0,0,0,0,0,0
92,6,random-4,random,21,92,6,60,16,0,2,2,8,0,8,8,2,0,0,2,8,0,0,16,4,6,4,1,4,1,0,0,0,0,0,0,0
112,7,random-4,random,22,112,7,62,16,4,8,0,0,16,2,2,0,2,8,0,0,16,4,0,0,7,3,2,2,2,0,0,0,0,0,0,0
116,7,random-4,random,23,116,7,64,16,4,8,0,0,16,4,2,0,2,8,0,0,16,4,0,0,7,2,3,2,2,0,0,0,0,0,0,0
116,6,random-4,random,24,116,6,66,16,4,8,0,0,16,4,2,0,2,8,0,0,16,4,2,0,6,3,3,2,2,0,0,0,0,0,0,0
116,5,random-4,random,25,116,5,70,16,4,8,0,0,16,4,2,4,2,8,0,0,16,4,2,0,5,3,4,2,2,0,0,0,0,0,0,0
120,5,random-4,random,26,120,5,74,16,4,8,0,0,16,4,0,4,2,8,0,0,16,4,4,4,5,1,6,2,2,0,0,0,0,0,0,0
128,5,random-4,random,27,128,5,76,16,4,8,4,8,16,4,0,0,2,8,0,0,16,4,2,0,5,2,4,3,2,0,0,0,0,0,0,0
128,4,random-4,random,28,128,4,78,16,4,8,4,8,16,4,2,0,2,8,0,0,16,4,2,0,4,3,4,3,2,0,0,0,0,0,0,0
132,4,random-4,random,29,132,4,80,16,4,8,4,8,16,4,4,2,2,8,0,0,16,4,0,0,4,2,5,3,2,0,0,0,0,0,0,0
140,4,random-4,random,30,140,4,82,16,4,8,4,8,16,8,2,0,2,8,2,0,16,4,0,0,4,3,3,4,2,0,0,0,0,0,0,0
160,5,random-4,random,31,160,5,84,16,4,0,0,0,16,8,2,0,2,16,4,0,16,4,4,8,5,2,4,2,3,0,0,0,0,0,0,0
168,5,random-4,random,32,168,5,86,16,4,2,0,0,16,8,2,0,2,16,4,0,16,8,8,0,5,3,2,3,3,0,0,0,0,0,0,0
184,5,random-4,random,33,184,5,88,16,4,2,0,0,16,8,2,0,2,16,4,0,16,16,0,2,5,4,2,1,4,0,0,0,0,0,0,0
216,5,random-4,random,34,216,5,90,32,4,2,0,0,16,8,2,0,2,16,4,2,32,2,0,0,5,5,2,1,2,1,0,0,0,0,0,0
216,4,random-4,random,35,216,4,94,32,4,2,4,0,16,8,2,0,2,16,4,2,32,2,0,0,4,5,3,1,2,1,0,0,0,0,0,0
216,3,random-4,random,36,216,3,96,32,4,2,4,2,16,8,2,0,2,16,4,0,32,2,0,2,3,6,3,1,2,1,0,0,0,0,0,0
220,3,random-4,random,37,220,3,98,32,4,2,4,4,16,8,2,0,2,16,4,2,32,2,0,0,3,5,4,1,2,1,0,0,0,0,0,0
228,3,random-4,random,38,228,3,100,32,4,2,8,0,16,8,2,0,2,16,4,2,32,2,2,0,3,6,2,2,2,1,0,0,0,0,0,0
228,2,random-4,random,39,228,2,102,32,4,2,8,2,16,8,2,0,2,16,4,0,32,2,2,2,2,7,2,2,2,1,0,0,0,0,0,0
232,2,random-4,random,40,232,2,104,32,4,2,8,2,16,8,2,2,2,16,4,0,32,4,2,0,2,6,3,2,2,1,0,0,0,0,0,0
236,2,random-4,random,41,236,2,106,32,4,2,8,4,16,8,2,0,2,16,4,2,32,4,2,0,2,5,4,2,2,1,0,0,0,0,0,0
236,1,random-4,random,42,236,1,108,32,4,2,8,4,16,8,2,2,2,16,4,2,32,4,2,0,1,6,4,2,2,1,0,0,0,0,0,0
240,1,random-4,random,43,240,1,110,32,4,2,8,4,16,8,2,4,2,16,4,0,32,4,2,2,1,5,5,2,2,1,0,0,0,0,0,0
244,1,random-4,random,44,244,1,112,32,4,2,8,4,16,8,2,4,2,16,4,2,32,4,4,0,1,4,6,2,2,1,0,0,0,0,0,0
260,2,random-4,random,45,260,2,114,32,4,2,8,8,16,8,2,2,2,16,8,0,32,4,2,0,2,5,2,4,2,1,0,0,0,0,0,0
280,3,random-4,random,46,280,3,116,32,4,2,16,0,16,8,4,0,2,16,8,2,32,4,2,0,3,4,3,2,3,1,0,0,0,0,0,0
280,2,random-4,random,47,280,2,118,32,4,2,16,0,16,8,4,0,2,16,8,2,32,4,2,2,2,5,3,2,3,1,0,0,0,0,0,0
284,2,random-4,random,48,284,2,120,32,4,2,16,0,16,8,4,2,2,16,8,2,32,4,4,0,2,4,4,2,3,1,0,0,0,0,0,0
292,2,random-4,random,49,292,2,124,32,0,4,2,16,16,8,4,2,2,16,8,2,0,4,32,8,2,4,3,3,3,1,0,0,0,0,0,0
292,1,random-4,random,50,292,1,128,32,0,4,2,16,16,8,4,2,2,16,8,2,4,4,32,8,1,4,4,3,3,1,0,0,0,0,0,0
296,1,random-4,random,51,296,1,130,32,2,4,2,0,16,8,4,16,2,16,8,4,4,4,32,8,1,3,5,3,3,1,0,0,0,0,0,0
304,1,random-4,random,52,304,1,134,32,2,4,2,0,16,8,4,16,2,16,8,4,8,32,8,4,1,3,4,4,3,1,0,0,0,0,0,0
304,0,random-4,random,53,304,0,136,32,2,2,4,2,16,8,4,16,2,16,8,4,8,32,8,4,0,4,4,4,3,1,0,0,0,0,0,0
308,0,random-4,random,54,308,0,138,32,4,4,2,2,16,8,4,16,2,16,8,4,8,32,8,4,0,3,5,4,3,1,0,0,0,0,0,0
320,1,random-4,random,55,320,1,140,32,8,4,2,0,16,8,4,16,2,16,8,4,8,32,8,4,1,2,4,5,3,1,0,0,0,0,0,0
344,2,random-4,random,56,344,2,142,32,8,4,2,16,16,8,4,8,2,16,16,0,8,32,2,0,2,3,2,4,4,1,0,0,0,0,0,0
376,2,random-4,random,57,376,2,144,32,8,4,2,16,16,8,4,8,2,32,0,2,8,32,2,0,2,4,2,4,2,2,0,0,0,0,0,0
376,1,random-4,random,58,376,1,146,32,8,4,2,16,16,8,4,8,2,32,2,2,8,32,2,0,1,5,2,4,2,2,0,0,0,0,0,0
380,1,random-4,random,59,380,1,148,32,8,4,2,16,16,8,4,8,2,2,32,4,0,8,32,2,1,4,3,4,2,2,0,0,0,0,0,0
384,1,random-4,random,60,384,1,150,32,8,4,2,16,16,8,4,8,2,4,32,4,0,8,32,2,1,3,4,4,2,2,0,0,0,0,0,0
384,0,random-4,random,61,384,0,152,32,8,4,2,16,16,8,4,8,2,4,32,4,8,32,2,2,0,4,4,4,2,2,0,0,0,0,0,0
384,0,random-4,random,62,384,0,152,32,8,4,2,16,16,8,4,8,2,4,32,4,8,32,2,2,0,4,4,4,2,2,0,0,0,0,0,0
388,0,random-4,random,63,388,0,156,32,8,4,2,16,16,8,4,8,2,4,32,4,8,32,4,4,0,2,6,4,2,2,0,0,0,0,0,0
396,0,random-4,random,64,396,0,158,32,8,4,2,16,16,8,4,8,2,4,32,4,8,32,8,2,0,3,4,5,2,2,0,0,0,0,0,0
0,13,random-5,random,0,0,13,6,2,0,0,2,0,2,0,0,0,2,0,0,0,0,0,0,0,13,3,0,0,0,0,0,0,0,0,0,0
0,12,random-5,random,1,0,12,8,2,2,0,0,0,2,2,0,0,2,0,0,0,0,0,0,0,12,4,0,0,0,0,0,0,0,0,0,0
4,12,random-5,random,2,4,12,10,4,2,0,0,0,4,0,0,0,2,2,0,0,0,0,0,0,12,3,1,0,0,0,0,0,0,0,0,0
4,11,random-5,random,3,4,11,12,4,0,0,2,0,2,0,0,0,4,0,0,0,2,2,0,0,11,4,1,0,0,0,0,0,0,0,0,0
8,11,random-5,random,4,8,11,14,4,2,0,2,0,2,0,0,0,4,0,0,0,4,0,0,0,11,3,2,0,0,0,0,0,0,0,0,0
12,11,random-5,random,5,12,11,16,4,0,0,2,4,0,0,0,2,0,0,0,4,0,0,0,4,11,2,3,0,0,0,0,0,0,0,0,0
12,10,random-5,random,6,12,10,18,4,0,0,2,4,0,0,0,2,0,0,2,4,0,0,0,4,10,3,3,0,0,0,0,0,0,0,0,0
12,9,random-5,random,7,12,9,20,4,2,4,0,2,2,0,0,0,2,4,0,0,4,0,0,0,9,4,3,0,0,0,0,0,0,0,0,0
12,8,random-5,random,8,12,8,22,4,2,4,2,0,2,0,0,0,2,4,0,2,4,0,0,0,8,5,3,0,0,0,0,0,0,0,0,0
12,7,random-5,random,9,12,7,24,4,2,4,2,0,2,0,0,2,2,4,2,0,4,0,0,0,7,6,3,0,0,0,0,0,0,0,0,0
16,7,random-5,random,10,16,7,26,4,2,4,2,0,4,0,2,0,2,4,2,0,4,0,0,0,7,5,4,0,0,0,0,0,0,0,0,0
16,6,random-5,random,11,16,6,28,4,2,4,2,0,4,2,0,0,2,4,2,0,4,2,0,0,6,6,4,0,0,0,0,0,0,0,0,0
16,5,random-5,random,12,16,5,30,4,2,4,2,2,4,2,0,0,2,4,2,0,4,2,0,0,5,7,4,0,0,0,0,0,0,0,0,0
20,5,random-5,random,13,20,5,32,4,2,4,4,0,4,2,0,2,2,4,2,0,4,2,0,0,5,6,5,0,0,0,0,0,0,0,0,0
32,6,random-5,random,14,32,6,34,8,2,8,0,0,4,4,0,0,2,4,2,2,4,2,0,0,6,5,4,1,0,0,0,0,0,0,0,0
44,7,random-5,random,15,44,7,38,8,2,8,0,0,8,0,0,4,2,4,4,0,4,2,0,0,7,3,4,2,0,0,0,0,0,0,0,0
52,7,random-5,random,16,52,7,40,8,2,8,0,0,8,4,0,0,2,8,2,0,4,2,0,0,7,4,2,3,0,0,0,0,0,0,0,0
52,6,random-5,random,17,52,6,42,8,2,8,0,0,8,4,0,0,2,8,2,0,4,2,0,2,6,5,2,3,0,0,0,0,0,0,0,0
56,6,random-5,random,18,56,6,44,8,2,8,0,0,8,4,2,0,2,8,2,0,4,4,0,0,6,4,3,3,0,0,0,0,0,0,0,0
64,6,random-5,random,19,64,6,48,8,2,8,0,0,8,4,2,4,2,8,2,0,8,0,0,0,6,4,2,4,0,0,0,0,0,0,0,0
64,5,random-5,random,20,64,5,50,8,0,0,2,8,8,4,2,4,0,2,8,2,2,0,0,8,5,5,2,4,0,0,0,0,0,0,0,0
68,5,random-5,random,21,68,5,52,8,8,4,4,8,2,2,8,4,0,0,0,2,0,0,2,8,5,4,3,4,0,0,0,0,0,0,0,0
80,6,random-5,random,22,80,6,54,8,8,8,8,0,4,8,4,0,2,0,2,0,2,8,0,0,6,3,2,5,0,0,0,0,0,0,0,0
100,7,random-5,random,23,100,7,58,16,16,8,0,0,4,8,4,0,4,4,0,0,2,8,0,0,7,1,4,3,1,0,0,0,0,0,0,0
108,7,random-5,random,24,108,7,60,16,16,8,0,0,4,8,4,0,8,2,0,0,2,8,0,0,7,2,2,4,1,0,0,0,0,0,0,0
108,6,random-5,random,25,108,6,62,16,16,8,0,2,4,8,4,0,8,2,0,0,2,8,0,0,6,3,2,4,1,0,0,0,0,0,0,0
124,6,random-5,random,26,124,6,64,16,16,0,0,0,4,16,0,2,8,2,0,0,2,8,4,2,6,4,2,2,2,0,0,0,0,0,0,0
128,6,random-5,random,27,128,6,66,16,16,16,4,4,4,2,0,0,8,8,0,0,2,2,0,0,6,3,3,2,2,0,0,0,0,0,0,0
188,9,random-5,random,28,188,9,68,32,32,8,0,0,4,2,2,0,16,0,0,0,4,0,0,0,9,2,2,1,1,1,0,0,0,0,0,0
188,8,random-5,random,29,188,8,72,32,32,8,2,0,4,2,0,0,16,0,0,4,4,0,0,0,8,2,3,1,1,1,0,0,0,0,0,0
188,7,random-5,random,30,188,7,74,32,32,8,2,0,4,2,0,0,16,4,2,0,4,0,0,0,7,3,3,1,1,1,0,0,0,0,0,0
192,7,random-5,random,31,192,7,76,32,32,0,0,0,4,8,0,0,16,2,0,2,4,4,4,0,7,2,4,1,1,1,0,0,0,0,0,0
204,8,random-5,random,32,204,8,78,32,32,0,0,0,4,8,0,2,16,4,0,0,8,4,0,0,8,1,3,2,1,1,0,0,0,0,0,0
204,7,random-5,random,33,204,7,80,32,32,2,0,0,4,8,2,0,16,4,0,0,8,4,0,0,7,2,3,2,1,1,0,0,0,0,0,0
204,6,random-5,random,34,204,6,82,32,32,2,0,0,4,8,2,0,16,4,2,0,8,4,0,0,6,3,3,2,1,1,0,0,0,0,0,0
204,5,random-5,random,35,204,5,84,32,32,2,0,0,4,8,2,2,16,4,2,0,8,4,0,0,5,4,3,2,1,1,0,0,0,0,0,0
216,6,random-5,random,36,216,6,86,32,32,2,4,2,4,8,2,0,16,8,0,0,8,0,0,0,6,3,2,3,1,1,0,0,0,0,0,0
232,6,random-5,random,37,232,6,88,32,32,2,4,2,4,16,2,0,16,0,0,0,8,0,2,0,6,4,2,1,2,1,0,0,0,0,0,0
232,5,random-5,random,38,232,5,90,32,32,2,4,2,4,16,2,0,16,0,0,0,8,2,0,2,5,5,2,1,2,1,0,0,0,0,0,0
236,5,random-5,random,39,236,5,92,32,32,2,4,4,4,16,2,0,16,2,0,0,8,0,2,0,5,4,3,1,2,1,0,0,0,0,0,0
244,5,random-5,random,40,244,5,94,32,32,2,8,0,4,16,2,0,16,2,0,2,8,2,0,0,5,5,1,2,2,1,0,0,0,0,0,0
248,5,random-5,random,41,248,5,96,32,32,2,8,2,4,16,2,0,16,4,2,0,8,0,0,0,5,4,2,2,2,1,0,0,0,0,0,0
248,4,random-5,random,42,248,4,98,32,32,2,8,2,4,16,2,0,16,4,2,0,8,2,0,0,4,5,2,2,2,1,0,0,0,0,0,0
252,4,random-5,random,43,252,4,100,32,32,2,8,2,4,16,4,0,16,4,0,2,8,2,0,0,4,4,3,2,2,1,0,0,0,0,0,0
252,3,random-5,random,44,252,3,102,32,32,2,8,2,4,16,4,2,16,4,2,0,8,2,0,0,3,5,3,2,2,1,0,0,0,0,0,0
256,3,random-5,random,45,256,3,104,32,32,2,8,4,4,16,4,0,16,4,2,0,8,2,2,0,3,4,4,2,2,1,0,0,0,0,0,0
260,3,random-5,random,46,260,3,106,32,32,2,8,4,4,16,4,2,16,4,2,0,8,4,0,0,3,3,5,2,2,1,0,0,0,0,0,0
260,2,random-5,random,47,260,2,108,32,32,2,8,4,4,16,4,2,16,4,2,2,8,4,0,0,2,4,5,2,2,1,0,0,0,0,0,0
264,2,random-5,random,48,264,2,110,32,32,2,8,4,4,16,4,2,16,4,4,2,8,4,0,0,2,3,6,2,2,1,0,0,0,0,0,0
272,2,random-5,random,49,272,2,112,32,32,2,8,4,4,16,4,2,0,16,8,2,0,2,8,4,2,4,4,3,2,1,0,0,0,0,0,0
272,1,random-5,random,50,272,1,114,32,32,2,8,4,4,16,4,2,2,16,8,2,0,2,8,4,1,5,4,3,2,1,0,0,0,0,0,0
324,3,random-5,random,51,324,3,116,32,0,0,0,2,32,2,8,4,4,32,4,4,2,2,16,4,3,4,5,1,1,2,0,0,0,0,0,0
336,4,random-5,random,52,336,4,118,32,2,0,2,0,32,2,8,4,4,32,8,0,4,16,4,0,4,3,4,2,1,2,0,0,0,0,0,0
340,4,random-5,random,53,340,4,120,32,0,0,0,4,32,2,8,4,2,4,32,8,0,4,16,4,4,2,5,2,1,2,0,0,0,0,0,0
340,3,random-5,random,54,340,3,122,32,4,0,0,2,32,2,8,4,2,4,32,8,4,16,4,0,3,3,5,2,1,2,0,0,0,0,0,0
340,2,random-5,random,55,340,2,124,32,4,2,0,0,32,2,8,4,2,4,32,8,4,16,4,2,2,4,5,2,1,2,0,0,0,0,0,0
344,2,random-5,random,56,344,2,126,32,4,4,8,4,32,4,32,8,2,16,4,2,4,0,2,0,2,3,6,2,1,2,0,0,0,0,0,0
352,2,random-5,random,57,352,2,128,32,8,8,4,2,32,4,32,8,2,16,4,2,4,2,0,0,2,4,4,3,1,2,0,0,0,0,0,0
368,2,random-5,random,58,368,2,130,32,16,4,2,2,32,4,32,8,2,16,4,2,4,2,0,0,2,5,4,1,2,2,0,0,0,0,0,0
372,2,random-5,random,59,372,2,132,32,2,16,4,4,32,4,32,8,2,16,4,2,0,0,4,2,2,4,5,1,2,2,0,0,0,0,0,0
380,2,random-5,random,60,380,2,134,32,0,2,16,8,32,4,32,8,2,16,4,2,2,0,4,2,2,5,3,2,2,2,0,0,0,0,0,0
380,1,random-5,random,61,380,1,136,32,2,16,8,0,32,4,32,8,2,16,4,2,2,4,2,2,1,6,3,2,2,2,0,0,0,0,0,0
388,2,random-5,random,62,388,2,138,32,2,16,8,8,32,4,32,4,4,16,4,0,0,4,2,2,2,3,5,2,2,2,0,0,0,0,0,0
408,3,random-5,random,63,408,3,140,32,2,16,16,2,32,4,32,4,4,16,4,0,4,4,0,0,3,2,6,0,3,2,0,0,0,0,0,0
448,4,random-5,random,64,448,4,142,32,2,32,2,0,32,4,32,4,4,16,4,0,8,0,0,2,4,3,4,1,1,3,0,0,0,0,0,0
448,3,random-5,random,65,448,3,146,32,2,32,2,0,32,4,32,4,4,16,4,4,8,2,0,0,3,3,5,1,1,3,0,0,0,0,0,0
456,3,random-5,random,66,456,3,148,32,2,32,2,2,32,4,32,4,4,16,8,0,8,2,0,0,3,4,3,2,1,3,0,0,0,0,0,0
456,2,random-5,random,67,456,2,150,32,2,32,2,2,32,4,32,4,4,16,8,2,8,2,0,0,2,5,3,2,1,3,0,0,0,0,0,0
460,2,random-5,random,68,460,2,152,32,2,32,4,0,32,4,32,4,4,16,8,2,8,2,0,2,2,4,4,2,1,3,0,0,0,0,0,0
464,2,random-5,random,69,464,2,154,32,2,32,4,4,32,4,32,4,4,16,8,0,8,2,2,0,2,3,5,2,1,3,0,0,0,0,0,0
472,2,random-5,random,70,472,2,156,32,2,32,4,8,32,4,32,2,4,16,8,0,8,2,2,0,2,4,3,3,1,3,0,0,0,0,0,0
476,2,random-5,random,71,476,2,158,32,2,32,4,8,32,4,32,2,4,16,8,2,8,4,0,0,2,3,4,3,1,3,0,0,0,0,0,0
476,1,random-5,random,72,476,1,160,32,2,32,4,8,32,4,32,2,4,16,8,2,0,2,8,4,1,4,4,3,1,3,0,0,0,0,0,0
496,2,random-5,random,73,496,2,164,32,2,32,4,8,32,4,32,4,4,16,16,4,0,2,0,4,2,2,6,1,2,3,0,0,0,0,0,0
528,2,random-5,random,74,528,2,166,32,2,32,4,8,32,4,32,4,2,4,32,4,0,0,2,4,2,3,6,1,0,4,0,0,0,0,0,0
528,1,random-5,random,75,528,1,168,32,2,32,4,8,32,4,32,4,2,4,32,4,2,4,2,0,1,4,6,1,0,4,0,0,0,0,0,0
612,4,random-5,random,76,612,4,170,64,2,32,4,8,32,8,64,8,4,4,2,0,0,2,0,0,4,3,3,3,0,2,1,0,0,0,0,0
620,4,random-5,random,77,620,4,172,64,2,32,4,8,32,8,64,8,8,2,0,2,2,0,0,0,4,4,1,4,0,2,1,0,0,0,0,0
636,4,random-5,random,78,636,4,174,64,2,32,4,16,32,8,64,2,8,2,0,0,2,0,0,2,4,5,1,2,1,2,1,0,0,0,0,0
640,4,random-5,random,79,640,4,176,64,2,32,4,16,32,8,64,2,8,2,0,0,4,2,0,0,4,4,2,2,1,2,1,0,0,0,0,0
640,3,random-5,random,80,640,3,178,64,2,32,4,16,32,8,64,2,8,2,0,0,4,2,0,2,3,5,2,2,1,2,1,0,0,0,0,0
644,3,random-5,random,81,644,3,180,64,2,32,4,16,32,8,64,2,8,2,0,0,4,4,0,2,3,4,3,2,1,2,1,0,0,0,0,0
652,3,random-5,random,82,652,3,182,64,2,32,4,16,32,8,64,2,8,2,0,0,8,2,0,2,3,5,1,3,1,2,1,0,0,0,0,0
656,3,random-5,random,83,656,3,184,64,2,32,4,16,32,8,64,2,8,2,0,0,8,4,2,0,3,4,2,3,1,2,1,0,0,0,0,0
656,2,random-5,random,84,656,2,186,64,2,32,4,16,32,8,64,2,8,2,0,0,8,4,2,2,2,5,2,3,1,2,1,0,0,0,0,0
660,2,random-5,random,85,660,2,188,64,2,32,4,16,32,8,64,2,8,2,2,0,8,4,4,0,2,4,3,3,1,2,1,0,0,0,0,0
676,2,random-5,random,86,676,2,190,64,2,32,4,0,2,8,64,0,32,2,2,16,16,4,4,2,2,5,3,1,2,2,1,0,0,0,0,0
688,3,random-5,random,87,688,3,192,64,2,32,4,0,2,8,64,2,32,4,16,0,16,8,2,0,3,4,2,2,2,2,1,0,0,0,0,0
688,2,random-5,random,88,688,2,194,64,2,2,32,4,2,8,64,2,0,32,4,16,0,16,8,2,2,5,2,2,2,2,1,0,0,0,0,0
692,2,random-5,random,89,692,2,196,64,4,32,4,0,2,8,64,2,32,4,16,2,16,8,2,0,2,4,3,2,2,2,1,0,0,0,0,0
696,2,random-5,random,90,696,2,200,64,4,32,4,4,2,8,64,0,32,4,16,4,16,8,2,0,2,2,5,2,2,2,1,0,0,0,0,0
704,2,random-5,random,91,704,2,202,64,4,32,8,0,2,8,64,0,32,4,16,4,16,8,2,2,2,3,3,3,2,2,1,0,0,0,0,0
708,2,random-5,random,92,708,2,204,64,4,32,8,0,2,8,64,0,32,4,16,4,16,8,4,2,2,2,4,3,2,2,1,0,0,0,0,0
708,1,random-5,random,93,708,1,206,64,4,32,8,2,2,8,64,0,32,4,16,4,16,8,4,2,1,3,4,3,2,2,1,0,0,0,0,0
708,0,random-5,random,94,708,0,210,64,4,32,8,2,2,8,64,4,32,4,16,4,16,8,4,2,0,3,5,3,2,2,1,0,0,0,0,0
708,0,random-5,random,95,708,0,210,64,4,32,8,2,2,8,64,4,32,4,16,4,16,8,4,2,0,3,5,3,2,2,1,0,0,0,0,0
708,0,random-5,random,96,708,0,210,64,4,32,8,2,2,8,64,4,32,4,16,4,16,8,4,2,0,3,5,3,2,2,1,0,0,0,0,0
708,0,random-5,random,97,708,0,210,64,4,32,8,2,2,8,64,4,32,4,16,4,16,8,4,2,0,3,5,3,2,2,1,0,0,0,0,0
708,0,random-5,random,98,708,0,210,64,4,32,8,2,2,8,64,4,32,4,16,4,16,8,4,2,0,3,5,3,2,2,1,0,0,0,0,0
708,0,random-5,random,99,708,0,210,64,4,32,8,2,2,8,64,4,32,4,16,4,16,8,4,2,0,3,5,3,2,2,1,0,0,0,0,0
708,0,random-5,random,100,708,0,210,64,4,32,8,2,2,8,64,4,32,4,16,4,16,8,4,2,0,3,5,3,2,2,1,0,0,0,0,0
716,0,random-5,random,101,716,0,214,64,4,32,8,2,2,8,64,8,32,4,16,2,16,8,4,4,0,3,4,4,2,2,1,0,0,0,0,0
724,0,random-5,random,102,724,0,216,64,4,32,8,2,2,8,64,8,32,4,16,2,16,8,8,2,0,4,2,5,2,2,1,0,0,0,0,0
728,0,random-5,random,103,728,0,218,64,4,32,8,2,2,8,64,2,32,4,16,8,16,8,8,4,0,3,3,5,2,2,1,0,0,0,0,0
744,0,random-5,random,104,744,0,220,64,4,32,8,2,2,8,64,2,32,4,16,8,2,16,16,4,0,4,3,3,3,2,1,0,0,0,0,0
776,0,random-5,random,105,776,0,222,64,4,32,8,2,2,8,64,2,32,4,16,8,2,32,4,2,0,5,3,3,1,3,1,0,0,0,0,0
776,0,random-5,random,106,776,0,222,64,4,32,8,2,2,8,64,2,32,4,16,8,2,32,4,2,0,5,3,3,1,3,1,0,0,0,0,0
776,0,random-5,random,107,776,0,222,64,4,32,8,2,2,8,64,2,32,4,16,8,2,32,4,2,0,5,3,3,1,3,1,0,0,0,0,0
780,0,random-5,random,108,780,0,224,64,4,32,8,2,2,8,64,4,32,4,16,8,2,32,4,2,0,4,4,3,1,3,1,0,0,0,0,0
0,13,random-6,random,0,0,13,8,4,4,0,0,0,2,0,0,0,0,0,0,0,2,0,0,0,13,2,1,0,0,0,0,0,0,0,0,0
0,12,random-6,random,1,0,12,10,4,4,2,0,0,2,0,0,0,0,0,0,0,2,0,0,0,12,3,1,0,0,0,0,0,0,0,0,0
0,11,random-6,random,2,0,11,12,4,4,2,0,0,2,0,0,0,0,0,0,0,2,2,0,0,11,4,1,0,0,0,0,0,0,0,0,0
8,12,random-6,random,3,8,12,16,4,0,0,0,0,0,0,4,0,4,0,0,0,4,4,0,0,12,0,4,0,0,0,0,0,0,0,0,0
16,12,random-6,random,4,16,12,18,8,0,2,0,0,4,0,0,0,4,0,0,0,8,0,0,0,12,1,2,1,0,0,0,0,0,0,0,0
16,11,random-6,random,5,16,11,20,8,0,0,0,2,0,0,0,4,0,0,2,4,0,0,0,8,11,2,2,1,0,0,0,0,0,0,0,0
16,10,random-6,random,6,16,10,22,8,0,0,0,2,2,0,0,4,0,0,2,4,0,0,0,8,10,3,2,1,0,0,0,0,0,0,0,0
16,9,random-6,random,7,16,9,24,8,2,2,0,0,2,4,0,0,2,4,0,0,8,0,0,0,9,4,2,1,0,0,0,0,0,0,0,0
20,9,random-6,random,8,20,9,26,8,4,0,0,2,2,4,0,0,2,4,0,0,8,0,0,0,9,3,3,1,0,0,0,0,0,0,0,0
20,8,random-6,random,9,20,8,28,8,4,2,0,0,2,4,0,0,2,4,2,0,8,0,0,0,8,4,3,1,0,0,0,0,0,0,0,0
20,7,random-6,random,10,20,7,30,8,4,2,0,2,2,4,0,0,2,4,2,0,8,0,0,0,7,5,3,1,0,0,0,0,0,0,0,0
24,7,random-6,random,11,24,7,32,8,4,4,2,0,2,4,0,0,2,4,2,0,8,0,0,0,7,4,4,1,0,0,0,0,0,0,0,0
32,7,random-6,random,12,32,7,34,8,8,2,0,0,2,4,0,0,2,4,2,0,8,0,2,0,7,5,2,2,0,0,0,0,0,0,0,0
32,6,random-6,random,13,32,6,36,8,8,2,0,0,2,4,0,0,2,4,2,0,8,2,0,2,6,6,2,2,0,0,0,0,0,0,0,0
36,6,random-6,random,14,36,6,38,8,8,2,0,0,2,4,0,0,2,4,2,0,8,4,0,2,6,5,3,2,0,0,0,0,0,0,0,0
36,5,random-6,random,15,36,5,40,8,8,2,0,0,2,4,0,2,2,4,2,0,8,4,2,0,5,6,3,2,0,0,0,0,0,0,0,0
36,4,random-6,random,16,36,4,42,8,8,2,0,0,2,4,2,2,2,4,2,0,8,4,2,0,4,7,3,2,0,0,0,0,0,0,0,0
40,4,random-6,random,17,40,4,44,8,8,2,0,0,2,4,4,0,2,4,2,2,8,4,2,0,4,6,4,2,0,0,0,0,0,0,0,0
52,5,random-6,random,18,52,5,46,8,8,2,0,0,2,8,0,0,2,4,4,2,8,4,2,0,5,5,3,3,0,0,0,0,0,0,0,0
60,5,random-6,random,19,60,5,48,8,8,2,0,0,2,8,0,0,2,8,2,0,8,4,2,2,5,6,1,4,0,0,0,0,0,0,0,0
64,5,random-6,random,20,64,5,50,8,0,2,8,2,0,0,2,8,0,2,8,2,0,8,4,4,5,5,2,4,0,0,0,0,0,0,0,0
68,5,random-6,random,21,68,5,52,8,0,4,8,2,0,8,2,8,0,2,8,2,0,0,4,4,5,4,3,4,0,0,0,0,0,0,0,0
76,5,random-6,random,22,76,5,54,8,4,8,2,0,8,2,8,0,2,8,2,0,8,0,2,0,5,5,1,5,0,0,0,0,0,0,0,0
76,4,random-6,random,23,76,4,56,8,4,8,2,0,8,2,8,0,2,8,2,0,8,2,0,2,4,6,1,5,0,0,0,0,0,0,0,0
80,4,random-6,random,24,80,4,58,8,4,8,2,0,8,2,8,0,2,8,2,0,8,4,0,2,4,5,2,5,0,0,0,0,0,0,0,0
80,3,random-6,random,25,80,3,60,8,4,8,2,0,8,2,8,2,2,8,2,0,8,4,2,0,3,6,2,5,0,0,0,0,0,0,0,0
84,3,random-6,random,26,84,3,62,8,4,8,0,2,8,2,2,0,2,8,8,0,8,4,4,2,3,5,3,5,0,0,0,0,0,0,0,0
88,3,random-6,random,27,88,3,64,8,4,8,2,4,8,2,8,0,2,8,4,2,8,4,0,0,3,4,4,5,0,0,0,0,0,0,0,0
88,2,random-6,random,28,88,2,66,8,4,8,2,4,8,2,8,2,2,8,4,2,8,4,0,0,2,5,4,5,0,0,0,0,0,0,0,0
92,2,random-6,random,29,92,2,70,8,4,8,2,4,8,2,8,4,2,8,4,0,8,4,4,0,2,3,6,5,0,0,0,0,0,0,0,0
100,2,random-6,random,30,100,2,72,8,4,8,2,4,8,2,8,4,2,8,4,0,8,8,2,0,2,4,4,6,0,0,0,0,0,0,0,0
124,3,random-6,random,31,124,3,74,16,4,0,2,0,8,8,8,2,2,2,4,0,8,16,2,8,3,5,2,5,1,0,0,0,0,0,0,0
144,4,random-6,random,32,144,4,76,16,4,2,2,0,16,8,2,0,4,4,0,0,8,16,2,8,4,4,3,3,2,0,0,0,0,0,0,0
156,5,random-6,random,33,156,5,78,16,4,4,0,2,16,8,2,0,8,0,0,0,8,16,2,8,5,3,2,4,2,0,0,0,0,0,0,0
164,5,random-6,random,34,164,5,80,16,8,2,0,0,16,8,2,0,8,0,2,0,8,16,2,8,5,4,0,5,2,0,0,0,0,0,0,0
164,4,random-6,random,35,164,4,82,16,8,2,0,0,16,8,2,2,8,2,0,0,8,16,2,8,4,5,0,5,2,0,0,0,0,0,0,0
184,5,random-6,random,36,184,5,84,16,8,2,4,2,16,8,2,8,16,2,0,0,0,16,0,0,5,4,1,3,3,0,0,0,0,0,0,0
216,5,random-6,random,37,216,5,86,32,8,2,4,2,32,8,2,8,0,2,0,0,0,16,0,2,5,5,1,3,1,1,0,0,0,0,0,0
216,4,random-6,random,38,216,4,90,32,8,2,4,2,32,8,2,8,2,0,4,0,16,2,0,0,4,5,2,3,1,1,0,0,0,0,0,0
216,3,random-6,random,39,216,3,94,32,8,2,4,2,32,8,2,8,2,2,4,0,16,0,4,0,3,5,3,3,1,1,0,0,0,0,0,0
220,3,random-6,random,40,220,3,96,32,8,2,4,2,32,8,2,8,4,4,0,0,16,4,0,2,3,4,4,3,1,1,0,0,0,0,0,0
228,3,random-6,random,41,228,3,98,32,8,2,4,2,32,8,2,8,4,8,2,2,16,0,0,0,3,5,2,4,1,1,0,0,0,0,0,0
232,3,random-6,random,42,232,3,100,32,8,2,4,2,32,8,2,8,4,8,4,0,16,0,2,0,3,4,3,4,1,1,0,0,0,0,0,0
248,3,random-6,random,43,248,3,102,32,8,2,4,2,32,16,2,8,4,0,4,0,16,0,2,2,3,5,3,2,2,1,0,0,0,0,0,0
260,4,random-6,random,44,260,4,104,32,8,2,4,2,32,16,2,8,8,0,0,0,16,4,0,2,4,4,2,3,2,1,0,0,0,0,0,0
260,3,random-6,random,45,260,3,106,32,8,2,4,2,32,16,2,8,8,4,0,2,16,0,2,0,3,5,2,3,2,1,0,0,0,0,0,0
260,2,random-6,random,46,260,2,108,32,8,2,4,2,32,16,2,8,8,4,2,0,16,2,0,2,2,6,2,3,2,1,0,0,0,0,0,0
264,2,random-6,random,47,264,2,110,32,8,2,4,2,32,16,2,8,8,4,2,0,16,4,0,2,2,5,3,3,2,1,0,0,0,0,0,0
264,1,random-6,random,48,264,1,112,32,8,2,4,2,32,16,2,8,8,4,2,0,16,4,2,2,1,6,3,3,2,1,0,0,0,0,0,0
268,1,random-6,random,49,268,1,114,32,8,2,4,2,32,16,2,8,0,8,4,2,2,16,4,4,1,5,4,3,2,1,0,0,0,0,0,0
276,1,random-6,random,50,276,1,116,32,8,2,4,2,32,16,2,8,2,8,4,2,0,2,16,8,1,6,2,4,2,1,0,0,0,0,0,0
276,0,random-6,random,51,276,0,118,32,2,2,4,2,8,16,2,8,32,8,4,2,2,2,16,8,0,7,2,4,2,1,0,0,0,0,0,0
284,1,random-6,random,52,284,1,120,32,4,4,2,0,8,16,2,8,32,8,4,2,4,16,8,2,1,4,4,4,2,1,0,0,0,0,0,0
292,1,random-6,random,53,292,1,124,32,4,0,8,2,8,16,2,8,32,8,4,2,4,16,8,2,1,4,3,5,2,1,0,0,0,0,0,0
292,0,random-6,random,54,292,0,128,32,4,8,2,4,8,16,2,8,32,8,4,2,4,16,8,2,0,4,4,5,2,1,0,0,0,0,0,0
292,0,random-6,random,55,292,0,128,32,4,8,2,4,8,16,2,8,32,8,4,2,4,16,8,2,0,4,4,5,2,1,0,0,0,0,0,0
300,1,random-6,random,56,300,1,130,32,4,8,4,4,8,16,4,8,32,8,8,4,4,16,2,0,1,1,6,5,2,1,0,0,0,0,0,0
324,2,random-6,random,57,324,2,132,32,4,8,8,0,8,16,4,8,32,16,4,0,4,16,2,2,2,2,4,4,3,1,0,0,0,0,0,0
344,3,random-6,random,58,344,3,134,32,4,16,0,2,8,16,4,8,32,16,4,0,4,16,4,0,3,1,5,2,4,1,0,0,0,0,0,0
344,2,random-6,random,59,344,2,136,32,2,4,16,2,8,16,4,8,0,32,16,4,0,4,16,4,2,2,5,2,4,1,0,0,0,0,0,0
344,1,random-6,random,60,344,1,138,32,2,4,16,2,8,16,4,8,0,32,16,4,2,4,16,4,1,3,5,2,4,1,0,0,0,0,0,0
344,0,random-6,random,61,344,0,142,32,2,4,16,2,8,16,4,8,32,16,4,4,2,4,16,4,0,3,6,2,4,1,0,0,0,0,0,0
392,2,random-6,random,62,392,2,144,32,2,4,16,2,8,32,8,8,32,4,16,8,2,0,0,2,2,4,2,4,2,2,0,0,0,0,0,0
412,3,random-6,random,63,412,3,146,32,2,4,16,2,8,32,16,0,32,4,16,8,4,0,2,0,3,3,3,2,3,2,0,0,0,0,0,0
412,2,random-6,random,64,412,2,148,32,2,4,16,2,8,32,16,0,32,4,16,8,4,2,0,2,2,4,3,2,3,2,0,0,0,0,0,0
416,2,random-6,random,65,416,2,150,32,2,4,16,2,8,32,16,2,32,4,16,8,4,4,0,0,2,3,4,2,3,2,0,0,0,0,0,0
424,2,random-6,random,66,424,2,152,32,2,4,16,2,8,32,16,2,32,4,16,8,8,0,2,0,2,4,2,3,3,2,0,0,0,0,0,0
460,3,random-6,random,67,460,3,154,32,2,4,32,4,8,32,16,8,32,4,2,0,8,2,0,0,3,3,3,3,1,3,0,0,0,0,0,0
460,2,random-6,random,68,460,2,156,32,2,4,32,4,8,32,16,8,32,4,2,0,8,2,2,0,2,4,3,3,1,3,0,0,0,0,0,0
464,2,random-6,random,69,464,2,158,32,2,4,32,4,8,32,16,8,32,4,4,0,8,2,0,2,2,3,4,3,1,3,0,0,0,0,0,0
464,1,random-6,random,70,464,1,160,32,2,4,32,4,8,32,16,8,32,4,4,2,8,2,2,0,1,4,4,3,1,3,0,0,0,0,0,0
476,2,random-6,random,71,476,2,162,32,2,4,32,4,8,32,16,8,32,8,2,0,8,4,2,0,2,3,3,4,1,3,0,0,0,0,0,0
476,1,random-6,random,72,476,1,164,32,2,4,32,4,8,32,16,8,2,32,8,2,0,8,4,2,1,4,3,4,1,3,0,0,0,0,0,0
544,2,random-6,random,73,544,2,168,64,2,4,32,4,8,64,16,8,2,8,8,4,0,4,4,0,2,2,5,4,1,1,1,0,0,0,0,0
568,3,random-6,random,74,568,3,170,64,2,4,32,4,8,64,16,8,2,2,16,4,0,0,0,8,3,3,3,3,2,1,1,0,0,0,0,0
572,3,random-6,random,75,572,3,172,64,2,4,32,4,8,64,16,8,4,16,4,0,8,0,0,2,3,2,4,3,2,1,1,0,0,0,0,0
572,2,random-6,random,76,572,2,174,64,2,4,32,4,8,64,16,8,4,16,4,2,8,2,0,0,2,3,4,3,2,1,1,0,0,0,0,0
572,1,random-6,random,77,572,1,176,64,2,4,32,4,8,64,16,8,4,16,4,2,8,2,2,0,1,4,4,3,2,1,1,0,0,0,0,0
572,0,random-6,random,78,572,0,178,64,2,4,32,4,8,64,16,8,4,16,4,2,8,2,2,2,0,5,4,3,2,1,1,0,0,0,0,0
576,0,random-6,random,79,576,0,180,64,2,4,32,4,8,64,16,8,4,16,4,2,8,4,2,2,0,4,5,3,2,1,1,0,0,0,0,0
580,0,random-6,random,80,580,0,184,64,2,4,32,4,8,64,16,8,4,16,4,2,8,4,4,4,0,2,7,3,2,1,1,0,0,0,0,0
588,0,random-6,random,81,588,0,186,64,2,4,32,4,8,64,16,8,4,16,4,2,8,8,4,2,0,3,5,4,2,1,1,0,0,0,0,0
604,0,random-6,random,82,604,0,188,64,2,4,32,4,8,64,16,8,4,16,4,2,16,4,2,2,0,4,5,2,3,1,1,0,0,0,0,0
608,0,random-6,random,83,608,0,190,64,2,4,32,4,8,64,16,8,4,16,4,2,16,4,4,2,0,3,6,2,3,1,1,0,0,0,0,0
616,0,random-6,random,84,616,0,192,64,2,4,32,4,8,64,16,8,4,16,4,2,16,8,2,2,0,4,4,3,3,1,1,0,0,0,0,0
620,0,random-6,random,85,620,0,194,64,2,4,32,4,8,64,16,8,4,16,4,2,16,8,4,2,0,3,5,3,3,1,1,0,0,0,0,0
632,1,random-6,random,86,632,1,196,64,2,4,0,2,8,64,32,4,4,16,16,8,16,8,8,4,1,2,4,4,3,1,1,0,0,0,0,0
680,2,random-6,random,87,680,2,198,64,2,4,2,2,8,64,32,4,4,32,8,0,16,16,4,0,2,3,4,2,2,2,1,0,0,0,0,0
716,3,random-6,random,88,716,3,200,64,0,2,4,4,8,64,32,4,2,4,32,8,0,0,32,4,3,2,5,2,0,3,1,0,0,0,0,0
724,3,random-6,random,89,724,3,202,64,2,8,0,0,8,64,32,4,2,4,32,8,32,4,2,0,3,3,3,3,0,3,1,0,0,0,0,0
796,4,random-6,random,90,796,4,204,64,2,8,64,4,8,64,2,8,2,8,0,0,32,0,2,0,4,4,1,4,0,1,2,0,0,0,0,0
796,3,random-6,random,91,796,3,206,64,2,8,64,4,8,64,2,8,2,8,0,0,32,2,2,0,3,5,1,4,0,1,2,0,0,0,0,0
800,3,random-6,random,92,800,3,208,64,2,8,64,4,8,64,2,8,2,8,0,0,32,4,0,2,3,4,2,4,0,1,2,0,0,0,0,0
800,2,random-6,random,93,800,2,210,64,2,8,64,4,8,64,2,8,2,8,0,2,32,4,2,0,2,5,2,4,0,1,2,0,0,0,0,0
800,1,random-6,random,94,800,1,212,64,2,8,64,4,8,64,2,8,2,8,2,2,32,4,2,0,1,6,2,4,0,1,2,0,0,0,0,0
804,1,random-6,random,95,804,1,216,64,2,8,64,4,8,64,2,8,2,8,4,0,32,4,2,4,1,4,4,4,0,1,2,0,0,0,0,0
804,0,random-6,random,96,804,0,218,64,2,8,64,4,8,64,2,8,2,8,4,2,32,4,2,4,0,5,4,4,0,1,2,0,0,0,0,0
0,13,random-7,random,0,0,13,8,4,0,0,2,0,2,0,0,0,4,0,0,0,0,0,0,0,13,2,1,0,0,0,0,0,0,0,0,0
0,12,random-7,random,1,0,12,10,4,2,0,0,2,2,0,0,0,4,0,0,0,0,0,0,0,12,3,1,0,0,0,0,0,0,0,0,0
4,12,random-7,random,2,4,12,12,4,4,0,0,0,2,0,0,0,4,0,0,0,0,0,2,0,12,2,2,0,0,0,0,0,0,0,0,0
4,11,random-7,random,3,4,11,14,4,0,0,0,0,4,0,0,2,2,0,0,0,4,0,2,0,11,3,2,0,0,0,0,0,0,0,0,0
4,10,random-7,random,4,4,10,18,4,4,0,0,0,4,2,0,0,2,0,0,0,4,2,0,0,10,3,3,0,0,0,0,0,0,0,0,0
4,9,random-7,random,5,4,9,20,4,0,0,0,4,0,0,4,2,0,0,2,2,0,0,4,2,9,4,3,0,0,0,0,0,0,0,0,0
8,9,random-7,random,6,8,9,22,4,0,0,2,4,0,0,4,2,0,0,0,4,0,0,4,2,9,3,4,0,0,0,0,0,0,0,0,0
8,8,random-7,random,7,8,8,24,4,2,4,0,0,4,2,0,0,4,0,0,0,4,2,0,2,8,4,4,0,0,0,0,0,0,0,0,0
12,8,random-7,random,8,12,8,26,4,2,4,0,0,4,2,0,0,4,2,0,0,4,4,0,0,8,3,5,0,0,0,0,0,0,0,0,0
20,8,random-7,random,9,20,8,28,8,2,4,0,0,4,2,2,0,4,2,0,0,8,0,0,0,8,4,3,1,0,0,0,0,0,0,0,0
24,8,random-7,random,10,24,8,30,8,2,4,0,0,4,4,0,0,4,2,0,0,8,0,2,0,8,3,4,1,0,0,0,0,0,0,0,0
32,8,random-7,random,11,32,8,32,8,2,4,0,0,8,0,0,0,4,2,0,0,8,2,0,2,8,4,2,2,0,0,0,0,0,0,0,0
36,8,random-7,random,12,36,8,34,8,2,4,0,0,8,2,0,0,4,2,0,0,8,4,0,0,8,3,3,2,0,0,0,0,0,0,0,0
36,7,random-7,random,13,36,7,36,8,2,4,0,0,8,2,0,0,4,2,2,0,8,4,0,0,7,4,3,2,0,0,0,0,0,0,0,0
40,7,random-7,random,14,40,7,38,8,2,4,0,0,8,2,0,0,4,4,2,0,8,4,0,0,7,3,4,2,0,0,0,0,0,0,0,0
48,7,random-7,random,15,48,7,40,8,2,4,0,2,8,2,0,0,8,2,0,0,8,4,0,0,7,4,2,3,0,0,0,0,0,0,0,0
48,6,random-7,random,16,48,6,42,8,2,4,2,0,8,2,2,0,8,2,0,0,8,4,0,0,6,5,2,3,0,0,0,0,0,0,0,0
52,6,random-7,random,17,52,6,46,8,2,4,2,0,8,4,0,0,8,2,0,0,8,4,4,0,6,3,4,3,0,0,0,0,0,0,0,0
60,6,random-7,random,18,60,6,48,8,2,4,2,0,8,4,0,0,8,2,0,0,8,8,2,0,6,4,2,4,0,0,0,0,0,0,0,0
76,6,random-7,random,19,76,6,50,16,2,4,2,2,8,4,0,0,8,2,0,0,16,2,0,0,6,5,2,2,1,0,0,0,0,0,0,0
80,6,random-7,random,20,80,6,54,16,0,2,4,4,0,0,8,4,4,0,8,2,0,0,16,2,6,3,4,2,1,0,0,0,0,0,0,0
108,8,random-7,random,21,108,8,56,16,4,2,4,8,2,0,16,4,0,0,16,0,0,0,0,0,8,2,3,1,2,0,0,0,0,0,0,0
108,7,random-7,random,22,108,7,58,16,4,2,4,8,2,16,4,0,16,0,0,0,2,0,0,0,7,3,3,1,2,0,0,0,0,0,0,0
108,6,random-7,random,23,108,6,60,16,4,2,4,8,2,16,4,2,16,0,0,0,2,0,0,0,6,4,3,1,2,0,0,0,0,0,0,0
108,5,random-7,random,24,108,5,62,16,4,2,4,8,2,16,4,2,16,0,0,0,2,0,2,0,5,5,3,1,2,0,0,0,0,0,0,0
112,5,random-7,random,25,112,5,66,16,4,2,4,8,2,16,4,2,16,0,0,4,4,0,0,0,5,3,5,1,2,0,0,0,0,0,0,0
120,5,random-7,random,26,120,5,68,16,4,0,0,2,2,0,0,8,16,2,0,2,4,16,8,4,5,4,3,2,2,0,0,0,0,0,0,0
120,4,random-7,random,27,120,4,70,16,4,2,8,2,2,16,2,8,16,0,0,2,4,0,0,4,4,5,3,2,2,0,0,0,0,0,0,0
128,4,random-7,random,28,128,4,72,16,4,2,8,2,2,16,2,8,16,2,0,0,8,0,2,0,4,6,1,3,2,0,0,0,0,0,0,0
132,4,random-7,random,29,132,4,74,16,4,2,8,2,2,16,4,8,16,2,0,0,8,2,0,0,4,5,2,3,2,0,0,0,0,0,0,0
132,3,random-7,random,30,132,3,76,16,4,2,8,2,2,16,4,8,16,2,0,2,8,2,0,0,3,6,2,3,2,0,0,0,0,0,0,0
136,3,random-7,random,31,136,3,78,16,4,0,0,0,2,2,2,2,16,16,8,8,8,4,4,2,3,5,3,3,2,0,0,0,0,0,0,0
200,7,random-7,random,32,200,7,80,32,4,0,0,0,4,4,0,0,32,16,0,2,8,8,2,0,7,2,3,2,1,1,0,0,0,0,0,0
224,8,random-7,random,33,224,8,82,32,4,0,0,0,8,0,0,0,32,16,2,0,16,2,2,0,8,3,1,1,2,1,0,0,0,0,0,0
228,8,random-7,random,34,228,8,84,32,4,0,0,0,8,2,0,0,32,16,2,0,16,4,0,0,8,2,2,1,2,1,0,0,0,0,0,0
228,7,random-7,random,35,228,7,86,32,4,0,0,0,8,2,2,0,32,16,2,0,16,4,0,0,7,3,2,1,2,1,0,0,0,0,0,0
232,7,random-7,random,36,232,7,88,32,4,2,4,0,8,16,0,0,32,4,0,2,16,0,0,0,7,2,3,1,2,1,0,0,0,0,0,0
232,6,random-7,random,37,232,6,92,32,4,2,4,2,8,16,0,0,32,4,4,0,16,0,0,0,6,2,4,1,2,1,0,0,0,0,0,0
240,6,random-7,random,38,240,6,94,32,4,2,4,2,8,16,0,0,32,8,0,0,16,2,0,0,6,3,2,2,2,1,0,0,0,0,0,0
240,5,random-7,random,39,240,5,98,32,4,2,4,2,8,16,0,0,32,8,0,4,16,2,0,0,5,3,3,2,2,1,0,0,0,0,0,0
240,4,random-7,random,40,240,4,100,32,4,2,4,2,8,16,0,2,32,8,4,0,16,2,0,0,4,4,3,2,2,1,0,0,0,0,0,0
252,5,random-7,random,41,252,5,102,32,4,2,8,4,8,16,0,0,32,8,0,2,16,2,0,0,5,3,2,3,2,1,0,0,0,0,0,0
252,4,random-7,random,42,252,4,104,32,4,2,8,4,8,16,0,0,32,8,2,2,16,2,0,0,4,4,2,3,2,1,0,0,0,0,0,0
252,3,random-7,random,43,252,3,106,32,4,2,8,4,8,16,2,2,32,8,2,0,16,2,0,0,3,5,2,3,2,1,0,0,0,0,0,0
256,3,random-7,random,44,256,3,108,32,4,2,8,4,8,16,4,2,32,8,2,0,16,2,0,0,3,4,3,3,2,1,0,0,0,0,0,0
256,2,random-7,random,45,256,2,110,32,4,2,8,4,8,16,4,2,32,8,2,0,16,2,0,2,2,5,3,3,2,1,0,0,0,0,0,0
260,2,random-7,random,46,260,2,112,32,4,2,8,4,8,16,4,2,32,8,2,0,16,4,2,0,2,4,4,3,2,1,0,0,0,0,0,0
260,1,random-7,random,47,260,1,116,32,4,2,8,4,8,16,4,2,32,8,2,0,16,4,2,4,1,4,5,3,2,1,0,0,0,0,0,0
260,0,random-7,random,48,260,0,118,32,4,2,8,4,8,16,4,2,32,8,2,2,16,4,2,4,0,5,5,3,2,1,0,0,0,0,0,0
264,0,random-7,random,49,264,0,120,32,4,2,8,4,8,16,4,2,2,32,8,4,16,4,2,4,0,4,6,3,2,1,0,0,0,0,0,0
264,0,random-7,random,50,264,0,120,32,4,2,8,4,8,16,4,2,2,32,8,4,16,4,2,4,0,4,6,3,2,1,0,0,0,0,0,0
272,0,random-7,random,51,272,0,122,32,4,2,8,2,8,16,4,4,2,32,8,2,16,4,2,8,0,5,4,4,2,1,0,0,0,0,0,0
280,0,random-7,random,52,280,0,124,32,4,2,8,2,8,16,8,2,2,32,8,2,16,4,2,8,0,6,2,5,2,1,0,0,0,0,0,0
280,0,random-7,random,53,280,0,124,32,4,2,8,2,8,16,8,2,2,32,8,2,16,4,2,8,0,6,2,5,2,1,0,0,0,0,0,0
280,0,random-7,random,54,280,0,124,32,4,2,8,2,8,16,8,2,2,32,8,2,16,4,2,8,0,6,2,5,2,1,0,0,0,0,0,0
280,0,random-7,random,55,280,0,124,32,4,2,8,2,8,16,8,2,2,32,8,2,16,4,2,8,0,6,2,5,2,1,0,0,0,0,0,0
300,1,random-7,random,56,300,1,126,32,4,2,16,4,8,16,8,2,2,32,2,8,16,4,2,0,1,5,3,3,3,1,0,0,0,0,0,0
300,0,random-7,random,57,300,0,128,32,4,2,16,4,8,16,8,2,2,32,2,8,16,4,2,2,0,6,3,3,3,1,0,0,0,0,0,0
304,0,random-7,random,58,304,0,130,32,4,2,16,4,8,16,8,2,2,32,2,8,16,4,4,2,0,5,4,3,3,1,0,0,0,0,0,0
312,0,random-7,random,59,312,0,132,32,4,2,16,4,8,16,8,2,2,32,2,8,2,16,8,2,0,6,2,4,3,1,0,0,0,0,0,0
312,0,random-7,random,60,312,0,132,32,4,2,16,4,8,16,8,2,2,32,2,8,2,16,8,2,0,6,2,4,3,1,0,0,0,0,0,0
312,0,random-7,random,61,312,0,132,32,4,2,16,4,8,16,8,2,2,32,2,8,2,16,8,2,0,6,2,4,3,1,0,0,0,0,0,0
316,0,random-7,random,62,316,0,134,32,4,2,16,4,8,16,8,2,4,32,2,8,2,16,8,2,0,5,3,4,3,1,0,0,0,0,0,0
0,13,random-8,random,0,0,13,8,4,0,0,0,0,4,0,0,0,0,2,0,0,2,0,0,0,13,2,1,0,0,0,0,0,0,0,0,0
0,12,random-8,random,1,0,12,12,4,0,4,0,0,4,0,0,0,2,0,0,0,2,0,0,0,12,2,2,0,0,0,0,0,0,0,0,0
0,11,random-8,random,2,0,11,14,4,4,0,2,0,4,0,0,0,2,0,0,0,2,0,0,0,11,3,2,0,0,0,0,0,0,0,0,0
12,12,random-8,random,3,12,12,16,8,0,2,0,0,0,0,0,0,8,0,0,0,4,0,2,0,12,2,1,1,0,0,0,0,0,0,0,0
12,11,random-8,random,4,12,11,20,8,2,0,0,0,0,0,0,0,8,4,0,0,4,2,0,0,11,2,2,1,0,0,0,0,0,0,0,0
12,10,random-8,random,5,12,10,22,8,0,0,0,2,0,0,2,0,0,0,8,4,0,0,4,2,10,3,2,1,0,0,0,0,0,0,0,0
12,9,random-8,random,6,12,9,24,8,2,0,0,2,0,0,0,2,0,0,8,4,0,0,4,2,9,4,2,1,0,0,0,0,0,0,0,0
16,9,random-8,random,7,16,9,26,8,4,0,0,0,2,2,0,0,8,4,0,0,4,2,0,0,9,3,3,1,0,0,0,0,0,0,0,0
20,9,random-8,random,8,20,9,28,8,4,0,0,0,4,0,2,0,8,4,0,0,4,2,0,0,9,2,4,1,0,0,0,0,0,0,0,0
20,8,random-8,random,9,20,8,30,8,4,0,2,0,4,2,0,0,8,4,0,0,4,2,0,0,8,3,4,1,0,0,0,0,0,0,0,0
20,7,random-8,random,10,20,7,32,8,4,2,0,0,4,2,0,0,8,4,0,0,4,2,0,2,7,4,4,1,0,0,0,0,0,0,0,0
24,7,random-8,random,11,24,7,34,8,4,2,0,2,4,2,0,0,8,4,0,0,4,4,0,0,7,3,5,1,0,0,0,0,0,0,0,0
36,8,random-8,random,12,36,8,36,8,4,4,0,0,4,2,0,0,8,4,0,0,8,0,2,0,8,2,4,2,0,0,0,0,0,0,0,0
44,8,random-8,random,13,44,8,38,8,8,0,0,0,4,2,0,0,8,4,0,0,8,2,2,0,8,3,2,3,0,0,0,0,0,0,0,0
48,8,random-8,random,14,48,8,40,8,8,0,0,0,4,2,0,2,8,4,0,0,8,4,0,0,8,2,3,3,0,0,0,0,0,0,0,0
52,8,random-8,random,15,52,8,42,8,8,0,0,0,4,4,0,0,8,4,0,0,8,4,2,0,8,1,4,3,0,0,0,0,0,0,0,0
60,8,random-8,random,16,60,8,44,8,8,0,2,0,8,0,0,0,8,4,0,0,8,4,2,0,8,2,2,4,0,0,0,0,0,0,0,0
60,7,random-8,random,17,60,7,46,8,8,2,0,0,8,0,0,2,8,4,0,0,8,4,2,0,7,3,2,4,0,0,0,0,0,0,0,0
60,6,random-8,random,18,60,6,48,8,8,2,0,2,8,2,0,0,8,4,0,0,8,4,2,0,6,4,2,4,0,0,0,0,0,0,0,0
64,6,random-8,random,19,64,6,50,8,8,4,2,0,8,2,0,0,8,4,0,0,8,4,2,0,6,3,3,4,0,0,0,0,0,0,0,0
64,5,random-8,random,20,64,5,52,8,0,8,4,2,0,0,8,2,0,2,8,4,0,8,4,2,5,4,3,4,0,0,0,0,0,0,0,0
84,6,random-8,random,21,84,6,54,16,0,8,4,4,0,2,16,4,0,8,4,2,2,0,0,0,6,3,4,2,1,0,0,0,0,0,0,0
92,6,random-8,random,22,92,6,56,16,8,8,0,0,2,16,4,0,8,4,2,0,2,0,0,2,6,4,2,3,1,0,0,0,0,0,0,0
112,7,random-8,random,23,112,7,58,16,16,0,0,0,2,16,4,0,8,4,2,2,4,0,0,0,7,3,3,1,2,0,0,0,0,0,0,0
116,7,random-8,random,24,116,7,60,16,16,0,0,0,2,16,4,0,8,4,4,2,4,0,0,0,7,2,4,1,2,0,0,0,0,0,0,0
124,7,random-8,random,25,124,7,62,16,16,0,0,0,2,16,4,0,8,8,2,0,4,2,0,0,7,3,2,2,2,0,0,0,0,0,0,0
124,6,random-8,random,26,124,6,64,16,16,0,0,0,2,16,2,0,8,8,4,0,4,2,2,0,6,4,2,2,2,0,0,0,0,0,0,0
124,5,random-8,random,27,124,5,66,16,16,16,2,0,2,8,4,2,8,2,2,0,4,0,0,0,5,5,2,2,2,0,0,0,0,0,0,0
160,6,random-8,random,28,160,6,68,32,32,2,0,2,2,8,4,2,8,4,0,0,4,0,0,0,6,4,3,2,0,1,0,0,0,0,0,0
164,6,random-8,random,29,164,6,70,32,32,2,4,4,2,8,0,0,8,4,0,0,4,0,2,0,6,3,4,2,0,1,0,0,0,0,0,0
172,6,random-8,random,30,172,6,72,32,32,2,8,0,2,8,0,0,8,4,2,0,4,2,0,0,6,4,2,3,0,1,0,0,0,0,0,0
172,5,random-8,random,31,172,5,74,32,32,2,0,2,2,8,0,0,8,4,8,0,4,2,2,0,5,5,2,3,0,1,0,0,0,0,0,0
180,6,random-8,random,32,180,6,78,32,32,4,0,0,2,8,0,4,8,4,8,0,4,4,0,0,6,1,5,3,0,1,0,0,0,0,0,0
188,6,random-8,random,33,188,6,80,32,32,4,0,0,2,8,4,0,8,4,8,0,8,0,2,0,6,2,3,4,0,1,0,0,0,0,0,0
188,5,random-8,random,34,188,5,82,32,32,4,0,0,2,8,4,0,8,4,8,0,8,2,0,2,5,3,3,4,0,1,0,0,0,0,0,0
192,5,random-8,random,35,192,5,84,32,32,4,0,0,2,8,4,0,8,4,8,0,8,4,0,2,5,2,4,4,0,1,0,0,0,0,0,0
216,6,random-8,random,36,216,6,88,32,32,4,4,2,2,8,8,0,16,8,4,0,0,0,0,0,6,2,3,3,1,1,0,0,0,0,0,0
232,6,random-8,random,37,232,6,90,32,32,4,4,2,2,16,8,0,16,0,4,0,0,2,0,0,6,3,3,1,2,1,0,0,0,0,0,0
240,6,random-8,random,38,240,6,92,32,32,8,2,0,2,16,8,0,16,4,2,0,2,0,0,0,6,4,1,2,2,1,0,0,0,0,0,0
240,5,random-8,random,39,240,5,96,32,32,8,2,0,2,16,8,0,16,4,2,0,2,0,0,4,5,4,2,2,2,1,0,0,0,0,0,0
240,4,random-8,random,40,240,4,98,32,32,8,2,0,2,16,8,2,16,4,2,0,2,4,0,0,4,5,2,2,2,1,0,0,0,0,0,0
248,4,random-8,random,41,248,4,100,32,32,8,2,2,2,16,8,0,16,8,2,0,2,0,2,0,4,6,0,3,2,1,0,0,0,0,0,0
256,5,random-8,random,42,256,5,102,32,32,8,4,0,2,16,8,0,16,8,2,0,4,0,0,2,5,3,2,3,2,1,0,0,0,0,0,0
256,4,random-8,random,43,256,4,106,32,32,8,4,2,2,16,8,0,16,8,2,4,4,0,0,0,4,3,3,3,2,1,0,0,0,0,0,0
256,3,random-8,random,44,256,3,108,32,32,8,4,2,2,16,8,0,16,8,2,4,4,0,2,0,3,4,3,3,2,1,0,0,0,0,0,0
260,3,random-8,random,45,260,3,110,32,32,8,4,2,2,16,8,4,16,8,4,2,4,0,0,0,3,3,4,3,2,1,0,0,0,0,0,0
260,2,random-8,random,46,260,2,112,32,32,8,4,2,2,16,8,4,16,8,4,2,4,2,0,0,2,4,4,3,2,1,0,0,0,0,0,0
260,1,random-8,random,47,260,1,114,32,32,8,4,2,2,16,8,4,16,8,4,2,4,2,0,2,1,5,4,3,2,1,0,0,0,0,0,0
264,1,random-8,random,48,264,1,118,32,32,8,4,2,2,16,8,4,16,8,4,2,4,4,4,0,1,3,6,3,2,1,0,0,0,0,0,0
272,1,random-8,random,49,272,1,120,32,32,8,4,2,2,16,8,4,16,8,4,2,2,0,4,8,1,4,4,4,2,1,0,0,0,0,0,0
272,0,random-8,random,50,272,0,122,32,32,8,4,2,2,16,8,4,16,8,4,2,2,2,4,8,0,5,4,4,2,1,0,0,0,0,0,0
280,0,random-8,random,51,280,0,126,32,32,8,4,2,2,16,4,4,16,8,8,2,2,2,8,8,0,5,3,5,2,1,0,0,0,0,0,0
324,3,random-8,random,52,324,3,130,32,32,8,4,2,2,16,8,0,16,16,2,0,4,16,4,0,3,3,3,2,4,1,0,0,0,0,0,0
356,3,random-8,random,53,356,3,132,32,32,8,4,2,2,2,16,8,0,0,32,2,0,4,16,4,3,4,3,2,2,2,0,0,0,0,0,0
360,3,random-8,random,54,360,3,134,32,32,8,4,2,4,16,8,0,32,2,2,0,4,16,4,0,3,3,4,2,2,2,0,0,0,0,0,0
364,3,random-8,random,55,364,3,136,32,32,8,4,2,4,16,8,2,32,4,0,0,4,16,4,0,3,2,5,2,2,2,0,0,0,0,0,0
368,3,random-8,random,56,368,3,138,32,32,8,4,4,4,16,8,0,32,4,4,0,4,16,0,2,3,1,6,2,2,2,0,0,0,0,0,0
384,4,random-8,random,57,384,4,142,32,32,8,8,0,4,16,8,0,32,8,0,4,4,16,2,0,4,1,3,4,2,2,0,0,0,0,0,0
400,4,random-8,random,58,400,4,144,32,32,16,0,2,4,16,8,0,32,8,4,0,4,16,2,0,4,2,3,2,3,2,0,0,0,0,0,0
400,3,random-8,random,59,400,3,146,32,0,32,16,2,0,4,16,8,0,32,8,4,2,4,16,2,3,3,3,2,3,2,0,0,0,0,0,0
400,2,random-8,random,60,400,2,148,32,2,32,16,2,0,4,16,8,0,32,8,4,2,4,16,2,2,4,3,2,3,2,0,0,0,0,0,0
400,1,random-8,random,61,400,1,150,32,2,32,16,2,4,16,8,0,32,8,4,2,2,4,16,2,1,5,3,2,3,2,0,0,0,0,0,0
404,1,random-8,random,62,404,1,152,32,2,32,16,4,4,16,8,2,32,8,4,2,2,4,16,0,1,4,4,2,3,2,0,0,0,0,0,0
404,0,random-8,random,63,404,0,154,32,2,32,16,4,4,16,8,2,32,8,4,2,2,4,16,2,0,5,4,2,3,2,0,0,0,0,0,0
404,0,random-8,random,64,404,0,154,32,2,32,16,4,4,16,8,2,32,8,4,2,2,4,16,2,0,5,4,2,3,2,0,0,0,0,0,0
404,0,random-8,random,65,404,0,154,32,2,32,16,4,4,16,8,2,32,8,4,2,2,4,16,2,0,5,4,2,3,2,0,0,0,0,0,0
404,0,random-8,random,66,404,0,154,32,2,32,16,4,4,16,8,2,32,8,4,2,2,4,16,2,0,5,4,2,3,2,0,0,0,0,0,0
408,0,random-8,random,67,408,0,156,32,2,32,16,4,4,16,8,4,32,8,4,2,2,4,16,2,0,4,5,2,3,2,0,0,0,0,0,0
408,0,random-8,random,68,408,0,156,32,2,32,16,4,4,16,8,4,32,8,4,2,2,4,16,2,0,4,5,2,3,2,0,0,0,0,0,0
420,1,random-8,random,69,420,1,158,32,2,32,16,8,4,16,8,4,32,8,4,2,2,4,16,0,1,3,4,3,3,2,0,0,0,0,0,0
420,0,random-8,random,70,420,0,160,32,2,32,16,8,4,16,8,4,32,8,4,2,2,4,16,2,0,4,4,3,3,2,0,0,0,0,0,0
420,0,random-8,random,71,420,0,160,32,2,32,16,8,4,16,8,4,32,8,4,2,2,4,16,2,0,4,4,3,3,2,0,0,0,0,0,0
420,0,random-8,random,72,420,0,160,32,2,32,16,8,4,16,8,4,32,8,4,2,2,4,16,2,0,4,4,3,3,2,0,0,0,0,0,0
424,0,random-8,random,73,424,0,162,32,2,32,16,8,4,16,8,4,32,8,4,4,2,4,16,2,0,3,5,3,3,2,0,0,0,0,0,0
432,0,random-8,random,74,432,0,164,32,2,32,16,8,4,16,8,4,2,32,8,8,2,4,16,2,0,4,3,4,3,2,0,0,0,0,0,0
448,0,random-8,random,75,448,0,166,32,2,32,16,8,4,16,8,4,2,32,16,2,2,4,16,2,0,5,3,2,4,2,0,0,0,0,0,0
488,2,random-8,random,76,488,2,168,32,2,32,16,8,4,16,8,4,4,32,32,4,2,4,0,0,2,2,5,2,2,3,0,0,0,0,0,0
552,2,random-8,random,77,552,2,172,64,2,32,16,8,4,16,8,4,4,64,4,0,2,4,4,0,2,2,6,2,2,1,1,0,0,0,0,0
568,3,random-8,random,78,568,3,174,64,2,32,16,8,8,16,8,4,2,64,8,0,2,4,0,0,3,3,2,4,2,1,1,0,0,0,0,0
568,2,random-8,random,79,568,2,176,64,2,32,16,8,8,16,8,4,2,64,8,2,2,4,0,0,2,4,2,4,2,1,1,0,0,0,0,0
568,1,random-8,random,80,568,1,178,64,2,32,16,8,8,16,8,4,2,64,8,2,2,4,2,0,1,5,2,4,2,1,1,0,0,0,0,0
568,0,random-8,random,81,568,0,180,64,2,32,16,8,8,16,8,4,2,64,8,2,2,4,2,2,0,6,2,4,2,1,1,0,0,0,0,0
572,0,random-8,random,82,572,0,182,64,2,32,16,8,8,16,8,4,2,64,8,2,2,4,4,2,0,5,3,4,2,1,1,0,0,0,0,0
580,0,random-8,random,83,580,0,184,64,2,32,16,8,8,16,8,4,2,64,8,2,2,8,2,2,0,6,1,5,2,1,1,0,0,0,0,0
584,0,random-8,random,84,584,0,186,64,2,32,16,8,8,16,8,4,2,64,8,2,2,8,4,2,0,5,2,5,2,1,1,0,0,0,0,0
584,0,random-8,random,85,584,0,186,64,2,32,16,8,8,16,8,4,2,64,8,2,2,8,4,2,0,5,2,5,2,1,1,0,0,0,0,0
608,2,random-8,random,86,608,2,188,64,0,32,0,2,2,16,16,8,8,64,16,4,4,8,4,4,2,2,4,3,3,1,1,0,0,0,0,0
648,3,random-8,random,87,648,3,190,64,32,2,0,0,2,32,8,0,8,64,16,4,4,8,8,2,3,3,2,4,1,2,1,0,0,0,0,0
664,3,random-8,random,88,664,3,192,64,2,0,32,2,0,2,32,8,8,64,16,4,0,4,16,2,3,4,2,2,2,2,1,0,0,0,0,0
664,2,random-8,random,89,664,2,194,64,2,32,2,0,2,32,8,0,8,64,16,4,4,16,2,2,2,5,2,2,2,2,1,0,0,0,0,0
732,3,random-8,random,90,732,3,198,64,4,64,2,4,8,64,8,2,4,16,16,0,0,0,2,4,3,3,4,2,2,0,2,0,0,0,0,0
764,3,random-8,random,91,764,3,200,64,4,64,2,4,8,64,8,2,4,32,0,2,2,4,0,0,3,4,4,2,0,1,2,0,0,0,0,0
764,2,random-8,random,92,764,2,202,64,4,64,2,4,8,64,8,2,4,32,2,2,2,4,0,0,2,5,4,2,0,1,2,0,0,0,0,0
768,2,random-8,random,93,768,2,204,64,4,64,2,4,8,64,8,2,4,32,4,0,2,4,2,0,2,4,5,2,0,1,2,0,0,0,0,0
768,1,random-8,random,94,768,1,206,64,4,64,2,4,8,64,8,2,4,32,4,2,2,4,2,0,1,5,5,2,0,1,2,0,0,0,0,0
768,0,random-8,random,95,768,0,208,64,4,64,2,4,8,64,8,2,4,32,4,2,2,4,2,2,0,6,5,2,0,1,2,0,0,0,0,0
772,0,random-8,random,96,772,0,210,64,4,64,2,4,8,64,8,2,4,32,4,2,2,4,4,2,0,5,6,2,0,1,2,0,0,0,0,0
780,0,random-8,random,97,780,0,212,64,4,64,2,4,8,64,8,2,4,32,4,2,2,8,2,2,0,6,4,3,0,1,2,0,0,0,0,0
784,0,random-8,random,98,784,0,216,64,4,64,2,4,8,64,8,2,4,32,4,2,2,8,4,4,0,4,6,3,0,1,2,0,0,0,0,0
792,0,random-8,random,99,792,0,218,64,4,64,2,4,8,64,8,2,4,32,4,2,2,2,8,8,0,5,4,4,0,1,2,0,0,0,0,0
812,1,random-8,random,100,812,1,220,64,4,64,2,4,8,64,8,2,4,32,4,2,4,16,0,2,1,4,5,2,1,1,2,0,0,0,0,0
952,3,random-8,random,101,952,3,222,128,4,128,2,4,8,32,8,4,8,16,4,2,0,2,0,0,3,3,4,3,1,1,0,1,0,0,0,0
952,2,random-8,random,102,952,2,224,128,4,128,2,4,8,32,8,4,8,16,4,2,2,2,0,0,2,4,4,3,1,1,0,1,0,0,0,0
976,3,random-8,random,103,976,3,226,128,0,128,0,2,4,32,2,0,16,16,8,8,2,2,4,2,3,5,2,2,2,1,0,1,0,0,0,0
1028,5,random-8,random,104,1028,5,230,128,0,0,128,2,0,4,32,2,4,0,32,16,0,4,4,2,5,3,4,0,1,2,0,1,0,0,0,0
1036,5,random-8,random,105,1036,5,232,128,128,2,0,0,4,32,2,0,4,32,16,2,8,2,0,0,5,4,2,1,1,2,0,1,0,0,0,0
1036,4,random-8,random,106,1036,4,234,128,128,2,0,0,4,32,2,0,4,32,16,2,8,2,2,0,4,5,2,1,1,2,0,1,0,0,0,0
1040,4,random-8,random,107,1040,4,236,128,128,2,0,0,4,32,2,2,4,32,16,2,8,4,0,0,4,4,3,1,1,2,0,1,0,0,0,0
1116,6,random-8,random,108,1116,6,238,128,0,0,0,0,128,2,2,0,8,64,2,0,8,4,16,4,6,3,2,2,1,0,1,1,0,0,0,0
1120,6,random-8,random,109,1120,6,240,128,0,0,0,0,128,4,2,0,8,64,2,0,8,4,16,4,6,2,3,2,1,0,1,1,0,0,0,0
1140,7,random-8,random,110,1140,7,242,128,0,0,0,0,0,4,2,0,128,64,4,0,16,4,16,4,7,1,4,0,2,0,1,1,0,0,0,0
1140,6,random-8,random,111,1140,6,244,128,2,0,0,0,4,2,0,0,128,64,4,0,16,4,16,4,6,2,4,0,2,0,1,1,0,0,0,0
1140,5,random-8,random,112,1140,5,246,128,2,0,0,2,4,2,0,0,128,64,4,0,16,4,16,4,5,3,4,0,2,0,1,1,0,0,0,0
1144,5,random-8,random,113,1144,5,248,128,4,0,0,0,4,2,2,0,128,64,4,0,16,4,16,4,5,2,5,0,2,0,1,1,0,0,0,0
1148,5,random-8,random,114,1148,5,250,128,4,0,0,2,4,4,0,0,128,64,4,0,16,4,16,4,5,1,6,0,2,0,1,1,0,0,0,0
1156,5,random-8,random,115,1156,5,252,128,4,2,0,0,8,0,0,0,128,64,4,2,16,4,16,4,5,2,4,1,2,0,1,1,0,0,0,0
1156,4,random-8,random,116,1156,4,254,128,4,2,0,0,8,2,0,0,128,64,4,2,16,4,16,4,4,3,4,1,2,0,1,1,0,0,0,0
1156,3,random-8,random,117,1156,3,256,128,4,2,0,0,8,2,2,0,128,64,4,2,16,4,16,4,3,4,4,1,2,0,1,1,0,0,0,0
1160,3,random-8,random,118,1160,3,260,128,4,2,0,0,8,4,0,4,128,64,4,2,16,4,16,4,3,2,6,1,2,0,1,1,0,0,0,0
1168,3,random-8,random,119,1168,3,262,128,4,2,0,2,8,8,0,0,128,64,4,2,16,4,16,4,3,3,4,2,2,0,1,1,0,0,0,0
1188,4,random-8,random,120,1188,4,264,128,4,4,0,0,16,0,0,2,128,64,4,2,16,4,16,4,4,2,5,0,3,0,1,1,0,0,0,0
1196,4,random-8,random,121,1196,4,268,128,8,4,0,0,16,2,0,0,128,64,4,2,16,4,16,4,4,2,4,1,3,0,1,1,0,0,0,0
1196,3,random-8,random,122,1196,3,270,128,8,4,0,0,16,2,0,2,128,64,4,2,16,4,16,4,3,3,4,1,3,0,1,1,0,0,0,0
1200,3,random-8,random,123,1200,3,272,128,8,4,4,4,16,2,16,4,128,64,0,0,16,4,0,2,3,2,5,1,3,0,1,1,0,0,0,0
1208,3,random-8,random,124,1208,3,274,128,8,8,4,0,16,2,16,4,128,64,0,0,16,4,2,2,3,3,3,2,3,0,1,1,0,0,0,0
1228,4,random-8,random,125,1228,4,278,128,16,4,0,0,16,2,16,4,128,64,4,0,16,4,4,0,4,1,5,0,4,0,1,1,0,0,0,0
1236,4,random-8,random,126,1236,4,282,128,4,0,16,4,16,2,16,4,0,128,64,4,0,0,16,8,4,1,4,1,4,0,1,1,0,0,0,0
1236,3,random-8,random,127,1236,3,284,128,4,16,4,0,16,2,16,4,128,64,4,2,16,8,0,0,3,2,4,1,4,0,1,1,0,0,0,0
1236,2,random-8,random,128,1236,2,286,128,4,16,4,0,16,2,16,4,128,64,4,2,16,8,2,0,2,3,4,1,4,0,1,1,0,0,0,0
1236,1,random-8,random,129,1236,1,288,128,2,4,16,4,16,2,16,4,128,64,4,2,0,16,8,2,1,4,4,1,4,0,1,1,0,0,0,0
1280,3,random-8,random,130,1280,3,290,128,2,4,32,8,16,2,4,4,128,64,8,0,0,16,0,2,3,3,3,2,2,1,1,1,0,0,0,0
1288,3,random-8,random,131,1288,3,292,128,2,4,32,8,16,2,8,0,128,64,8,0,16,2,2,0,3,4,1,3,2,1,1,1,0,0,0,0
1292,3,random-8,random,132,1292,3,294,128,2,4,32,8,16,2,8,2,128,64,8,0,16,4,0,0,3,3,2,3,2,1,1,1,0,0,0,0
1292,2,random-8,random,133,1292,2,296,128,2,4,32,8,16,2,8,2,128,64,8,0,16,4,2,0,2,4,2,3,2,1,1,1,0,0,0,0
1308,2,random-8,random,134,1308,2,298,128,2,4,32,8,16,2,16,2,128,64,2,0,16,4,2,0,2,5,2,1,3,1,1,1,0,0,0,0
1308,1,random-8,random,135,1308,1,302,128,2,4,32,8,16,2,16,2,4,128,64,2,0,16,4,2,1,5,3,1,3,1,1,1,0,0,0,0
1312,1,random-8,random,136,1312,1,304,128,0,4,32,2,2,2,16,8,16,128,64,2,4,16,4,4,1,4,4,1,3,1,1,1,0,0,0,0
1312,0,random-8,random,137,1312,0,306,128,2,4,32,2,16,2,16,8,4,128,64,2,2,16,4,4,0,5,4,1,3,1,1,1,0,0,0,0
1320,0,random-8,random,138,1320,0,308,128,2,4,32,2,16,2,16,8,4,128,64,2,2,16,8,2,0,6,2,2,3,1,1,1,0,0,0,0
1320,0,random-8,random,139,1320,0,308,128,2,4,32,2,16,2,16,8,4,128,64,2,2,16,8,2,0,6,2,2,3,1,1,1,0,0,0,0
1320,0,random-8,random,140,1320,0,308,128,2,4,32,2,16,2,16,8,4,128,64,2,2,16,8,2,0,6,2,2,3,1,1,1,0,0,0,0
1320,0,random-8,random,141,1320,0,308,128,2,4,32,2,16,2,16,8,4,128,64,2,2,16,8,2,0,6,2,2,3,1,1,1,0,0,0,0
1324,0,random-8,random,142,1324,0,310,128,2,4,32,2,16,2,16,2,4,128,64,8,2,16,8,4,0,5,3,2,3,1,1,1,0,0,0,0
1328,0,random-8,random,143,1328,0,312,128,2,4,32,2,16,2,16,4,4,128,64,8,2,16,8,4,0,4,4,2,3,1,1,1,0,0,0,0
0,13,random-9,random,0,0,13,6,2,2,0,0,0,0,0,0,0,2,0,0,0,0,2,0,0,13,3,0,0,0,0,0,0,0,0,0,0
0,12,random-9,random,1,0,12,8,2,2,0,2,0,0,0,0,0,2,0,0,0,2,0,0,0,12,4,0,0,0,0,0,0,0,0,0,0
4,12,random-9,random,2,4,12,10,4,4,0,0,0,0,0,0,0,2,0,0,2,2,0,0,0,12,3,1,0,0,0,0,0,0,0,0,0
8,12,random-9,random,3,8,12,12,4,0,0,0,0,0,0,2,0,4,0,0,0,4,0,0,2,12,2,2,0,0,0,0,0,0,0,0,0
8,11,random-9,random,4,8,11,14,4,0,0,0,0,2,0,0,0,4,0,0,2,4,2,0,0,11,3,2,0,0,0,0,0,0,0,0,0
8,10,random-9,random,5,8,10,16,4,0,0,0,0,2,0,0,2,0,0,4,2,0,0,4,2,10,4,2,0,0,0,0,0,0,0,0,0
12,10,random-9,random,6,12,10,18,4,0,0,0,0,0,0,0,4,2,0,4,2,0,0,4,2,10,3,3,0,0,0,0,0,0,0,0,0
12,9,random-9,random,7,12,9,20,4,0,0,0,0,4,0,2,0,2,4,2,0,4,2,0,0,9,4,3,0,0,0,0,0,0,0,0,0
12,8,random-9,random,8,12,8,22,4,0,0,2,0,4,2,0,0,2,4,2,0,4,2,0,0,8,5,3,0,0,0,0,0,0,0,0,0
12,7,random-9,random,9,12,7,24,4,2,2,0,0,4,2,0,0,2,4,2,0,4,2,0,0,7,6,3,0,0,0,0,0,0,0,0,0
16,7,random-9,random,10,16,7,26,4,4,0,2,0,4,2,0,0,2,4,2,0,4,2,0,0,7,5,4,0,0,0,0,0,0,0,0,0
16,6,random-9,random,11,16,6,28,4,4,2,0,0,4,2,0,0,2,4,2,0,4,2,2,0,6,6,4,0,0,0,0,0,0,0,0,0
20,6,random-9,random,12,20,6,30,4,4,2,2,0,4,2,0,0,2,4,2,0,4,4,0,0,6,5,5,0,0,0,0,0,0,0,0,0
32,7,random-9,random,13,32,7,32,8,4,4,0,0,4,2,0,0,2,4,2,0,8,0,0,2,7,4,4,1,0,0,0,0,0,0,0,0
40,7,random-9,random,14,40,7,34,8,8,0,0,0,4,2,0,0,2,4,2,2,8,2,0,0,7,5,2,2,0,0,0,0,0,0,0,0
44,7,random-9,random,15,44,7,36,8,8,0,0,0,4,2,0,0,2,4,4,0,8,2,0,2,7,4,3,2,0,0,0,0,0,0,0,0
56,8,random-9,random,16,56,8,38,8,8,0,0,0,4,2,2,0,2,8,0,0,8,4,0,0,8,3,2,3,0,0,0,0,0,0,0,0
60,8,random-9,random,17,60,8,40,8,8,0,0,0,4,4,2,0,2,8,0,0,8,4,0,0,8,2,3,3,0,0,0,0,0,0,0,0
68,8,random-9,random,18,68,8,42,8,8,0,0,0,8,2,0,0,2,8,0,0,8,4,2,0,8,3,1,4,0,0,0,0,0,0,0,0
68,7,random-9,random,19,68,7,44,8,8,0,2,0,8,2,0,0,2,8,0,0,8,4,2,0,7,4,1,4,0,0,0,0,0,0,0,0
68,6,random-9,random,20,68,6,46,8,0,0,8,2,0,0,8,2,2,0,2,8,0,8,4,2,6,5,1,4,0,0,0,0,0,0,0,0
88,7,random-9,random,21,88,7,50,16,2,8,16,4,0,4,2,8,0,0,4,2,0,0,0,0,7,3,3,2,1,0,0,0,0,0,0,0
88,6,random-9,random,22,88,6,52,16,2,8,16,4,4,2,8,0,4,2,0,0,0,0,2,0,6,4,3,2,1,0,0,0,0,0,0,0
88,5,random-9,random,23,88,5,56,16,2,8,16,4,4,2,8,0,4,2,4,0,2,0,0,0,5,4,4,2,1,0,0,0,0,0,0,0
88,4,random-9,random,24,88,4,58,16,2,8,16,4,4,2,8,0,4,2,4,2,2,0,0,0,4,5,4,2,1,0,0,0,0,0,0,0
88,3,random-9,random,25,88,3,62,16,2,8,16,4,4,2,8,4,4,2,4,2,2,0,0,0,3,5,5,2,1,0,0,0,0,0,0,0
108,5,random-9,random,26,108,5,64,16,0,0,0,0,2,0,16,2,8,8,8,8,2,4,4,2,5,4,2,4,1,0,0,0,0,0,0,0
108,4,random-9,random,27,108,4,66,16,2,8,16,2,8,4,8,8,2,0,4,2,2,0,0,0,4,5,2,4,1,0,0,0,0,0,0,0
124,4,random-9,random,28,124,4,68,16,2,8,16,2,8,4,16,2,2,4,2,0,2,0,0,0,4,6,2,2,2,0,0,0,0,0,0,0
172,7,random-9,random,29,172,7,70,32,2,8,32,4,8,8,2,0,4,0,0,0,0,0,0,2,7,3,2,3,0,1,0,0,0,0,0,0
188,7,random-9,random,30,188,7,72,32,2,8,32,4,16,2,2,0,4,0,0,0,2,0,0,0,7,4,2,1,1,1,0,0,0,0,0,0
188,6,random-9,random,31,188,6,74,32,2,0,2,0,16,0,0,0,4,8,32,0,2,2,2,4,6,5,2,1,1,1,0,0,0,0,0,0
196,7,random-9,random,32,196,7,76,32,4,0,0,0,16,0,0,2,4,8,32,0,4,2,4,0,7,2,4,1,1,1,0,0,0,0,0,0
196,6,random-9,random,33,196,6,78,32,4,0,0,0,16,2,0,2,4,8,32,0,4,2,4,0,6,3,4,1,1,1,0,0,0,0,0,0
200,6,random-9,random,34,200,6,80,32,4,2,0,0,16,4,0,0,4,8,32,0,4,2,4,0,6,2,5,1,1,1,0,0,0,0,0,0
200,5,random-9,random,35,200,5,82,32,4,2,0,0,16,4,0,2,4,8,32,0,4,2,4,0,5,3,5,1,1,1,0,0,0,0,0,0
208,5,random-9,random,36,208,5,84,32,4,2,32,2,16,4,4,0,8,8,2,0,0,2,0,0,5,4,3,2,1,1,0,0,0,0,0,0
208,4,random-9,random,37,208,4,86,32,4,2,32,2,16,4,4,0,8,8,2,0,2,2,0,0,4,5,3,2,1,1,0,0,0,0,0,0
236,6,random-9,random,38,236,6,88,32,4,2,32,2,16,8,0,0,16,2,0,2,4,0,0,0,6,4,2,1,2,1,0,0,0,0,0,0
272,7,random-9,random,39,272,7,90,32,4,2,32,4,32,8,0,0,4,2,0,2,0,0,0,0,7,3,3,1,0,2,0,0,0,0,0,0
276,7,random-9,random,40,276,7,92,32,4,2,32,4,32,8,0,2,4,4,0,0,0,0,0,0,7,2,4,1,0,2,0,0,0,0,0,0
276,6,random-9,random,41,276,6,94,32,4,2,32,4,32,8,0,2,4,4,0,2,0,0,0,0,6,3,4,1,0,2,0,0,0,0,0,0
284,6,random-9,random,42,284,6,96,32,4,2,32,4,32,8,2,0,8,2,0,0,2,0,0,0,6,4,2,2,0,2,0,0,0,0,0,0
284,5,random-9,random,43,284,5,98,32,4,2,32,4,32,8,2,0,8,2,2,0,2,0,0,0,5,5,2,2,0,2,0,0,0,0,0,0
288,5,random-9,random,44,288,5,100,32,4,2,32,4,32,8,2,0,8,4,2,0,2,0,0,0,5,4,3,2,0,2,0,0,0,0,0,0
292,5,random-9,random,45,292,5,102,32,4,2,32,4,32,8,4,0,8,4,0,0,2,0,0,2,5,3,4,2,0,2,0,0,0,0,0,0
296,5,random-9,random,46,296,5,104,32,4,2,32,4,32,8,4,0,8,4,0,2,4,0,0,0,5,2,5,2,0,2,0,0,0,0,0,0
296,4,random-9,random,47,296,4,106,32,4,2,32,4,32,8,4,0,8,4,2,0,4,2,0,0,4,3,5,2,0,2,0,0,0,0,0,0
296,3,random-9,random,48,296,3,108,32,4,2,32,4,32,8,4,2,8,4,2,0,4,2,0,0,3,4,5,2,0,2,0,0,0,0,0,0
296,2,random-9,random,49,296,2,110,32,4,2,32,4,32,8,4,2,0,8,4,2,0,2,4,2,2,5,5,2,0,2,0,0,0,0,0,0
296,1,random-9,random,50,296,1,112,32,4,2,32,4,32,8,4,2,2,8,4,2,0,2,4,2,1,6,5,2,0,2,0,0,0,0,0,0
324,3,random-9,random,51,324,3,114,32,2,0,0,0,4,2,32,4,32,16,4,2,2,2,8,4,3,5,4,1,1,2,0,0,0,0,0,0
328,3,random-9,random,52,328,3,116,32,2,0,2,0,4,2,32,4,32,16,4,2,4,8,4,0,3,4,5,1,1,2,0,0,0,0,0,0
332,3,random-9,random,53,332,3,118,32,0,0,0,4,4,2,32,4,32,16,4,2,2,4,8,4,3,3,6,1,1,2,0,0,0,0,0,0
332,2,random-9,random,54,332,2,120,32,4,0,2,0,4,2,32,4,32,16,4,2,2,4,8,4,2,4,6,1,1,2,0,0,0,0,0,0
332,1,random-9,random,55,332,1,122,32,4,2,2,0,4,2,32,4,32,16,4,2,2,4,8,4,1,5,6,1,1,2,0,0,0,0,0,0
344,2,random-9,random,56,344,2,124,32,8,4,2,4,32,16,32,2,2,4,4,4,2,0,8,0,2,4,5,2,1,2,0,0,0,0,0,0
352,2,random-9,random,57,352,2,126,32,8,4,2,4,32,16,32,2,2,8,4,0,2,8,2,0,2,5,3,3,1,2,0,0,0,0,0,0
352,1,random-9,random,58,352,1,128,32,8,4,2,4,32,16,32,2,2,8,4,0,2,8,2,2,1,6,3,3,1,2,0,0,0,0,0,0
356,1,random-9,random,59,356,1,132,32,8,4,2,4,32,16,32,2,4,2,8,4,0,2,8,4,1,4,5,3,1,2,0,0,0,0,0,0
356,0,random-9,random,60,356,0,134,32,8,4,2,4,32,16,32,2,4,2,8,4,2,2,8,4,0,5,5,3,1,2,0,0,0,0,0,0
360,0,random-9,random,61,360,0,136,32,8,4,2,4,32,16,32,2,4,2,8,4,4,8,4,2,0,4,6,3,1,2,0,0,0,0,0,0
368,0,random-9,random,62,368,0,138,32,8,4,2,4,32,16,32,2,8,2,8,4,2,8,4,2,0,5,4,4,1,2,0,0,0,0,0,0
4,14,reward-greedy-0,reward-greedy,0,4,14,6,4,0,0,0,0,0,0,2,0,0,0,0,0,0,0,4,0,14,1,1,0,0,0,0,0,0,0,0,0
4,13,reward-greedy-0,reward-greedy,1,4,13,8,4,0,0,0,0,0,0,2,2,0,0,0,0,0,0,0,4,13,2,1,0,0,0,0,0,0,0,0,0
8,13,reward-greedy-0,reward-greedy,2,8,13,10,4,0,0,0,0,4,0,0,0,0,0,2,0,4,0,0,0,13,1,2,0,0,0,0,0,0,0,0,0
16,13,reward-greedy-0,reward-greedy,3,16,13,12,8,0,0,0,0,0,2,0,0,0,0,0,0,8,0,2,0,13,2,0,1,0,0,0,0,0,0,0,0
16,12,reward-greedy-0,reward-greedy,4,16,12,14,8,0,2,0,0,2,0,0,0,0,0,0,0,8,2,0,0,12,3,0,1,0,0,0,0,0,0,0,0
20,12,reward-greedy-0,reward-greedy,5,20,12,16,8,0,0,0,0,2,0,0,0,2,0,0,0,8,4,0,0,12,2,1,1,0,0,0,0,0,0,0,0
24,12,reward-greedy-0,reward-greedy,6,24,12,18,8,0,0,0,0,0,0,0,0,4,0,0,0,8,4,0,2,12,1,2,1,0,0,0,0,0,0,0,0
24,11,reward-greedy-0,reward-greedy,7,24,11,22,8,0,0,0,0,0,0,0,0,0,0,0,4,4,8,4,2,11,1,3,1,0,0,0,0,0,0,0,0
24,10,reward-greedy-0,reward-greedy,8,24,10,24,8,0,0,0,0,0,0,0,0,0,0,2,4,4,8,4,2,10,2,3,1,0,0,0,0,0,0,0,0
24,9,reward-greedy-0,reward-greedy,9,24,9,26,8,0,0,0,0,0,0,0,0,2,4,0,2,4,8,4,2,9,3,3,1,0,0,0,0,0,0,0,0
28,9,reward-greedy-0,reward-greedy,10,28,9,28,8,2,4,4,4,4,8,0,0,2,0,0,0,0,0,0,0,9,2,4,1,0,0,0,0,0,0,0,0
36,9,reward-greedy-0,reward-greedy,11,36,9,32,8,2,8,4,0,4,8,0,0,2,0,0,0,4,0,0,0,9,2,3,2,0,0,0,0,0,0,0,0
52,9,reward-greedy-0,reward-greedy,12,52,9,34,16,2,16,4,0,4,0,0,0,2,0,0,0,4,0,2,0,9,3,3,0,1,0,0,0,0,0,0,0
52,8,reward-greedy-0,reward-greedy,13,52,8,36,16,2,16,4,2,4,0,0,0,2,0,0,0,4,2,0,0,8,4,3,0,1,0,0,0,0,0,0,0
52,7,reward-greedy-0,reward-greedy,14,52,7,38,16,2,16,4,2,4,2,0,0,2,0,0,0,4,2,0,0,7,5,3,0,1,0,0,0,0,0,0,0
56,7,reward-greedy-0,reward-greedy,15,56,7,40,16,2,16,4,2,4,4,0,0,2,0,0,2,4,0,0,0,7,4,4,0,1,0,0,0,0,0,0,0
68,8,reward-greedy-0,reward-greedy,16,68,8,42,16,2,16,4,2,8,0,0,0,4,0,0,0,4,2,0,0,8,3,3,1,1,0,0,0,0,0,0,0
76,8,reward-greedy-0,reward-greedy,17,76,8,44,16,2,16,4,2,8,2,2,0,8,0,0,0,0,0,0,0,8,4,1,2,1,0,0,0,0,0,0,0
92,8,reward-greedy-0,reward-greedy,18,92,8,46,16,0,0,0,0,0,2,0,0,2,16,4,0,16,2,2,2,8,5,1,0,2,0,0,0,0,0,0,0
96,8,reward-greedy-0,reward-greedy,19,96,8,48,16,0,0,0,0,0,0,0,2,0,2,16,4,2,16,2,4,8,4,2,0,2,0,0,0,0,0,0,0
104,8,reward-greedy-0,reward-greedy,20,104,8,50,16,0,0,0,2,0,0,0,0,0,2,16,2,2,16,2,8,8,5,0,1,2,0,0,0,0,0,0,0
108,8,reward-greedy-0,reward-greedy,21,108,8,52,16,0,0,0,0,0,0,0,0,2,2,16,4,2,16,2,8,8,4,1,1,2,0,0,0,0,0,0,0
112,8,reward-greedy-0,reward-greedy,22,112,8,54,16,0,0,0,0,2,0,0,0,0,4,16,4,2,16,2,8,8,3,2,1,2,0,0,0,0,0,0,0
116,8,reward-greedy-0,reward-greedy,23,116,8,56,16,4,4,16,4,0,16,2,8,2,0,0,0,0,0,0,0,8,2,3,1,2,0,0,0,0,0,0,0
124,8,reward-greedy-0,reward-greedy,24,124,8,58,16,8,16,4,0,16,2,8,0,2,0,0,0,0,0,2,0,8,3,1,2,2,0,0,0,0,0,0,0
124,7,reward-greedy-0,reward-greedy,25,124,7,60,16,8,16,4,0,16,2,8,0,2,0,2,2,0,0,0,0,7,4,1,2,2,0,0,0,0,0,0,0
128,7,reward-greedy-0,reward-greedy,26,128,7,62,16,0,8,16,4,0,16,2,8,0,0,2,4,0,0,0,2,7,3,2,2,2,0,0,0,0,0,0,0
132,7,reward-greedy-0,reward-greedy,27,132,7,64,16,0,0,0,4,0,2,0,8,0,8,16,4,0,16,4,2,7,2,3,2,2,0,0,0,0,0,0,0
132,6,reward-greedy-0,reward-greedy,28,132,6,66,16,4,2,0,0,2,8,0,0,8,16,4,0,16,4,2,0,6,3,3,2,2,0,0,0,0,0,0,0
132,5,reward-greedy-0,reward-greedy,29,132,5,68,16,4,2,0,0,2,8,0,0,8,16,4,0,16,4,2,2,5,4,3,2,2,0,0,0,0,0,0,0
136,5,reward-greedy-0,reward-greedy,30,136,5,70,16,4,2,0,2,2,8,0,0,8,16,4,0,16,4,4,0,5,3,4,2,2,0,0,0,0,0,0,0
148,6,reward-greedy-0,reward-greedy,31,148,6,72,16,0,0,4,4,0,0,2,8,0,8,16,4,0,2,16,8,6,2,3,3,2,0,0,0,0,0,0,0
180,6,reward-greedy-0,reward-greedy,32,180,6,74,32,0,8,4,4,0,2,2,8,0,0,32,4,0,2,0,8,6,3,3,3,0,1,0,0,0,0,0,0
192,7,reward-greedy-0,reward-greedy,33,192,7,76,32,8,8,0,2,4,8,0,0,32,4,0,0,2,8,0,0,7,2,2,4,0,1,0,0,0,0,0,0
208,7,reward-greedy-0,reward-greedy,34,208,7,78,32,16,2,2,0,4,8,0,0,32,4,0,0,2,8,0,0,7,3,2,2,1,1,0,0,0,0,0,0
212,7,reward-greedy-0,reward-greedy,35,212,7,80,32,0,0,16,4,0,2,4,8,0,0,32,4,0,0,2,8,7,2,3,2,1,1,0,0,0,0,0,0
212,6,reward-greedy-0,reward-greedy,36,212,6,82,32,0,0,16,4,0,0,4,8,0,0,32,4,2,2,2,8,6,3,3,2,1,1,0,0,0,0,0,0
216,6,reward-greedy-0,reward-greedy,37,216,6,84,32,0,2,16,4,0,0,4,8,0,0,32,4,0,2,4,8,6,2,4,2,1,1,0,0,0,0,0,0
220,6,reward-greedy-0,reward-greedy,38,220,6,86,32,0,4,16,4,0,0,4,8,0,2,32,4,0,0,4,8,6,1,5,2,1,1,0,0,0,0,0,0
220,5,reward-greedy-0,reward-greedy,39,220,5,90,32,4,0,16,4,0,0,4,8,0,4,32,4,0,2,4,8,5,1,6,2,1,1,0,0,0,0,0,0
220,4,reward-greedy-0,reward-greedy,40,220,4,92,32,0,4,16,4,0,0,4,8,0,4,32,4,2,2,4,8,4,2,6,2,1,1,0,0,0,0,0,0
228,4,reward-greedy-0,reward-greedy,41,228,4,94,32,0,0,16,4,2,0,4,8,0,8,32,4,2,2,4,8,4,3,4,3,1,1,0,0,0,0,0,0
232,4,reward-greedy-0,reward-greedy,42,232,4,96,32,16,4,0,0,2,4,8,2,8,32,4,0,4,4,8,0,4,2,5,3,1,1,0,0,0,0,0,0
240,4,reward-greedy-0,reward-greedy,43,240,4,98,32,16,0,2,0,2,8,8,0,8,32,4,0,4,4,8,2,4,3,3,4,1,1,0,0,0,0,0,0
264,5,reward-greedy-0,reward-greedy,44,264,5,100,32,16,2,2,0,2,16,0,0,8,32,4,0,8,8,2,0,5,4,1,3,2,1,0,0,0,0,0,0
284,6,reward-greedy-0,reward-greedy,45,284,6,102,32,2,0,16,4,0,0,2,16,0,8,32,4,0,0,16,2,6,3,2,1,3,1,0,0,0,0,0,0
284,5,reward-greedy-0,reward-greedy,46,284,5,104,32,2,16,4,0,2,16,0,0,8,32,4,0,16,2,0,2,5,4,2,1,3,1,0,0,0,0,0,0
328,7,reward-greedy-0,reward-greedy,47,328,7,106,32,4,32,8,2,8,32,0,0,16,2,0,0,0,0,2,0,7,3,1,2,1,2,0,0,0,0,0,0
392,7,reward-greedy-0,reward-greedy,48,392,7,110,64,4,64,8,2,8,2,2,0,16,4,0,0,0,0,0,0,7,3,2,2,1,0,1,0,0,0,0,0
396,7,reward-greedy-0,reward-greedy,49,396,7,112,64,4,64,8,2,0,2,8,4,0,0,16,4,0,0,0,0,7,2,3,2,1,0,1,0,0,0,0,0
420,8,reward-greedy-0,reward-greedy,50,420,8,116,64,0,0,0,0,0,4,0,0,0,64,16,2,4,2,16,8,8,2,2,1,2,0,1,0,0,0,0,0
452,8,reward-greedy-0,reward-greedy,51,452,8,118,64,0,0,0,0,0,4,0,0,2,64,0,2,4,2,32,8,8,3,2,1,0,1,1,0,0,0,0,0
452,7,reward-greedy-0,reward-greedy,52,452,7,120,64,0,2,0,0,0,0,0,4,0,2,64,2,4,2,32,8,7,4,2,1,0,1,1,0,0,0,0,0
456,7,reward-greedy-0,reward-greedy,53,456,7,122,64,0,0,0,0,0,0,2,4,0,2,64,2,4,4,32,8,7,3,3,1,0,1,1,0,0,0,0,0
464,7,reward-greedy-0,reward-greedy,54,464,7,124,64,0,0,2,0,2,4,0,0,2,64,2,0,8,32,8,0,7,4,1,2,0,1,1,0,0,0,0,0
472,8,reward-greedy-0,reward-greedy,55,472,8,126,64,4,4,4,0,8,64,8,0,0,32,0,0,0,0,2,0,8,1,3,2,0,1,1,0,0,0,0,0
480,8,reward-greedy-0,reward-greedy,56,480,8,128,64,2,0,4,8,0,8,64,8,0,0,0,32,0,0,0,2,8,2,1,3,0,1,1,0,0,0,0,0
496,8,reward-greedy-0,reward-greedy,57,496,8,130,64,0,0,0,0,0,0,2,16,0,0,4,32,2,8,64,2,8,3,1,1,1,1,1,0,0,0,0,0
496,7,reward-greedy-0,reward-greedy,58,496,7,132,64,0,0,0,0,2,16,0,0,4,32,2,0,2,8,64,2,7,4,1,1,1,1,1,0,0,0,0,0
496,6,reward-greedy-0,reward-greedy,59,496,6,134,64,2,16,2,2,4,32,64,0,2,8,0,0,0,0,2,0,6,5,1,1,1,1,1,0,0,0,0,0
500,6,reward-greedy-0,reward-greedy,60,500,6,138,64,0,2,16,4,0,4,32,64,0,4,2,8,0,0,0,2,6,3,3,1,1,1,1,0,0,0,0,0
508,6,reward-greedy-0,reward-greedy,61,508,6,140,64,0,2,16,4,0,8,32,64,0,0,2,8,2,0,0,2,6,4,1,2,1,1,1,0,0,0,0,0
512,6,reward-greedy-0,reward-greedy,62,512,6,142,64,0,2,16,4,0,8,32,64,2,0,2,8,0,0,0,4,6,3,2,2,1,1,1,0,0,0,0,0
516,6,reward-greedy-0,reward-greedy,63,516,6,144,64,2,16,4,0,8,32,64,0,4,8,2,0,4,0,0,0,6,2,3,2,1,1,1,0,0,0,0,0
524,6,reward-greedy-0,reward-greedy,64,524,6,148,64,0,4,0,0,2,16,4,0,8,32,64,0,8,8,2,0,6,2,2,3,1,1,1,0,0,0,0,0
540,6,reward-greedy-0,reward-greedy,65,540,6,150,64,0,0,0,4,0,2,16,4,2,8,32,64,0,0,16,2,6,3,2,1,2,1,1,0,0,0,0,0
548,6,reward-greedy-0,reward-greedy,66,548,6,154,64,2,2,16,8,0,8,32,64,0,0,16,2,0,0,0,4,6,3,1,2,2,1,1,0,0,0,0,0
552,6,reward-greedy-0,reward-greedy,67,552,6,156,64,0,4,16,8,0,8,32,64,0,0,16,2,0,2,0,4,6,2,2,2,2,1,1,0,0,0,0,0
552,5,reward-greedy-0,reward-greedy,68,552,5,160,64,4,16,8,4,8,32,64,0,16,2,0,0,2,4,0,0,5,2,3,2,2,1,1,0,0,0,0,0
552,4,reward-greedy-0,reward-greedy,69,552,4,162,64,4,16,0,0,8,32,2,0,16,2,8,0,2,4,64,4,4,3,3,2,2,1,1,0,0,0,0,0
552,3,reward-greedy-0,reward-greedy,70,552,3,164,64,4,16,0,0,8,32,2,0,16,2,8,2,2,4,64,4,3,4,3,2,2,1,1,0,0,0,0,0
552,2,reward-greedy-0,reward-greedy,71,552,2,166,64,4,16,2,2,8,32,8,4,16,2,64,2,2,4,0,0,2,5,3,2,2,1,1,0,0,0,0,0
556,2,reward-greedy-0,reward-greedy,72,556,2,168,64,2,4,16,4,8,32,8,4,16,2,64,2,0,0,2,4,2,4,4,2,2,1,1,0,0,0,0,0
564,2,reward-greedy-0,reward-greedy,73,564,2,170,64,0,2,16,0,2,4,8,8,8,32,64,2,16,2,2,4,2,5,2,3,2,1,1,0,0,0,0,0
584,3,reward-greedy-0,reward-greedy,74,584,3,172,64,2,0,2,16,0,2,4,16,8,32,64,2,0,16,4,4,3,4,3,1,3,1,1,0,0,0,0,0
616,3,reward-greedy-0,reward-greedy,75,616,3,174,64,0,0,2,0,2,2,4,32,2,32,64,2,8,16,4,4,3,5,3,1,1,2,1,0,0,0,0,0
628,4,reward-greedy-0,reward-greedy,76,628,4,176,64,2,0,0,2,0,4,4,32,2,32,64,2,0,8,16,8,4,4,2,2,1,2,1,0,0,0,0,0
640,5,reward-greedy-0,reward-greedy,77,640,5,178,64,4,0,2,0,8,32,0,0,2,32,64,2,8,16,8,0,5,3,1,3,1,2,1,0,0,0,0,0
704,5,reward-greedy-0,reward-greedy,78,704,5,182,64,4,0,0,0,8,0,2,4,2,64,64,0,8,16,8,2,5,3,2,3,1,0,2,0,0,0,0,0
832,5,reward-greedy-0,reward-greedy,79,832,5,186,128,4,0,0,4,8,2,4,0,2,128,0,0,8,16,8,2,5,3,3,3,1,0,0,1,0,0,0,0
840,5,reward-greedy-0,reward-greedy,80,840,5,188,128,8,0,0,0,8,2,4,0,2,128,0,2,8,16,8,2,5,4,1,4,1,0,0,1,0,0,0,0
860,6,reward-greedy-0,reward-greedy,81,860,6,190,128,16,2,4,4,2,128,8,2,8,16,0,0,0,0,0,0,6,3,2,2,2,0,0,1,0,0,0,0
868,6,reward-greedy-0,reward-greedy,82,868,6,192,128,16,2,8,0,2,128,8,2,8,16,0,0,2,0,0,0,6,4,0,3,2,0,0,1,0,0,0,0
884,6,reward-greedy-0,reward-greedy,83,884,6,194,128,16,2,16,2,2,128,2,0,8,16,0,0,2,0,0,0,6,5,0,1,3,0,0,1,0,0,0,0
884,5,reward-greedy-0,reward-greedy,84,884,5,196,128,16,2,16,2,2,2,128,2,0,0,8,16,0,0,0,2,5,6,0,1,3,0,0,1,0,0,0,0
892,6,reward-greedy-0,reward-greedy,85,892,6,198,128,16,4,16,4,2,0,128,16,0,0,8,2,0,0,2,0,6,3,2,1,3,0,0,1,0,0,0,0
892,5,reward-greedy-0,reward-greedy,86,892,5,200,128,0,0,16,0,2,0,128,4,16,0,8,16,2,4,2,2,5,4,2,1,3,0,0,1,0,0,0,0
896,5,reward-greedy-0,reward-greedy,87,896,5,204,128,16,4,0,0,2,128,4,0,16,8,16,0,2,4,4,0,5,2,4,1,3,0,0,1,0,0,0,0
904,5,reward-greedy-0,reward-greedy,88,904,5,206,128,0,0,16,4,0,2,128,4,0,16,8,16,0,2,2,8,5,3,2,2,3,0,0,1,0,0,0,0
912,5,reward-greedy-0,reward-greedy,89,912,5,208,128,0,2,16,8,0,16,128,16,0,2,8,8,0,0,2,2,5,4,0,3,3,0,0,1,0,0,0,0
932,6,reward-greedy-0,reward-greedy,90,932,6,210,128,2,2,16,8,0,16,128,16,0,0,2,16,0,0,0,4,6,3,1,1,4,0,0,1,0,0,0,0
964,6,reward-greedy-0,reward-greedy,91,964,6,212,128,2,2,16,8,0,16,128,32,0,0,2,4,2,0,0,0,6,4,1,1,2,1,0,1,0,0,0,0
968,6,reward-greedy-0,reward-greedy,92,968,6,214,128,4,16,8,0,16,128,32,0,2,4,0,0,2,0,0,2,6,3,2,1,2,1,0,1,0,0,0,0
972,6,reward-greedy-0,reward-greedy,93,972,6,216,128,4,16,8,0,16,128,32,0,2,4,0,0,4,2,0,0,6,2,3,1,2,1,0,1,0,0,0,0
972,5,reward-greedy-0,reward-greedy,94,972,5,220,128,0,4,16,8,0,16,128,32,0,0,2,4,4,0,4,2,5,2,4,1,2,1,0,1,0,0,0,0
980,5,reward-greedy-0,reward-greedy,95,980,5,224,128,4,16,8,4,16,128,32,0,2,4,0,0,8,2,0,0,5,2,3,2,2,1,0,1,0,0,0,0
980,4,reward-greedy-0,reward-greedy,96,980,4,226,128,4,16,8,4,0,16,128,32,0,0,2,4,2,0,8,2,4,3,3,2,2,1,0,1,0,0,0,0
1012,4,reward-greedy-0,reward-greedy,97,1012,4,228,128,4,32,8,4,2,2,128,32,0,0,2,4,0,0,8,2,4,4,3,2,0,2,0,1,0,0,0,0
1016,4,reward-greedy-0,reward-greedy,98,1016,4,230,128,4,32,8,4,4,128,32,0,2,4,0,0,8,2,0,2,4,3,4,2,0,2,0,1,0,0,0,0
1024,4,reward-greedy-0,reward-greedy,99,1024,4,232,128,2,32,0,0,8,128,0,0,2,4,8,4,8,2,32,2,4,4,2,3,0,2,0,1,0,0,0,0
1024,3,reward-greedy-0,reward-greedy,100,1024,3,234,128,2,32,0,2,8,128,0,0,2,4,8,4,8,2,32,2,3,5,2,3,0,2,0,1,0,0,0,0
1024,2,reward-greedy-0,reward-greedy,101,1024,2,236,128,2,32,0,0,8,128,2,2,2,4,8,4,8,2,32,2,2,6,2,3,0,2,0,1,0,0,0,0
1028,2,reward-greedy-0,reward-greedy,102,1028,2,238,128,0,0,2,32,2,8,128,4,2,4,8,4,8,2,32,2,2,5,3,3,0,2,0,1,0,0,0,0
1040,3,reward-greedy-0,reward-greedy,103,1040,3,242,128,0,0,2,0,4,8,128,32,4,4,8,8,8,2,32,2,3,3,3,4,0,2,0,1,0,0,0,0
1064,4,reward-greedy-0,reward-greedy,104,1064,4,244,128,0,0,2,2,4,8,128,32,0,0,8,16,8,2,32,2,4,4,1,3,1,2,0,1,0,0,0,0
1068,4,reward-greedy-0,reward-greedy,105,1068,4,248,128,4,0,0,0,4,8,128,32,8,16,0,4,8,2,32,2,4,2,3,3,1,2,0,1,0,0,0,0
1092,5,reward-greedy-0,reward-greedy,106,1092,5,250,128,0,0,0,0,0,8,2,32,8,16,128,4,16,2,32,2,5,3,1,2,2,2,0,1,0,0,0,0
1092,4,reward-greedy-0,reward-greedy,107,1092,4,252,128,8,8,2,32,16,16,128,4,0,2,32,2,0,0,2,0,4,4,1,2,2,2,0,1,0,0,0,0
1140,5,reward-greedy-0,reward-greedy,108,1140,5,254,128,0,16,2,32,0,32,128,4,0,2,32,2,2,0,0,2,5,5,1,0,1,3,0,1,0,0,0,0
1144,5,reward-greedy-0,reward-greedy,109,1144,5,256,128,16,2,32,2,32,128,4,0,2,32,2,0,4,0,0,0,5,4,2,0,1,3,0,1,0,0,0,0
1144,4,reward-greedy-0,reward-greedy,110,1144,4,260,128,16,0,0,0,32,2,32,0,2,128,4,4,4,32,2,2,4,4,3,0,1,3,0,1,0,0,0,0
1156,5,reward-greedy-0,reward-greedy,111,1156,5,262,128,16,0,2,0,32,2,32,0,2,128,8,0,4,32,4,0,5,3,2,1,1,3,0,1,0,0,0,0
1156,4,reward-greedy-0,reward-greedy,112,1156,4,264,128,16,2,2,0,32,2,32,0,2,128,8,0,4,32,4,0,4,4,2,1,1,3,0,1,0,0,0,0
1160,4,reward-greedy-0,reward-greedy,113,1160,4,266,128,0,2,16,4,0,32,2,32,0,2,128,8,0,4,32,4,4,3,3,1,1,3,0,1,0,0,0,0
1160,3,reward-greedy-0,reward-greedy,114,1160,3,268,128,2,16,4,0,32,2,32,0,2,128,8,0,4,32,4,2,3,4,3,1,1,3,0,1,0,0,0,0
1160,2,reward-greedy-0,reward-greedy,115,1160,2,270,128,0,2,16,4,2,32,2,32,0,2,128,8,4,32,4,2,2,5,3,1,1,3,0,1,0,0,0,0
1160,1,reward-greedy-0,reward-greedy,116,1160,1,272,128,2,2,16,4,4,32,2,32,2,2,128,8,0,32,4,2,1,6,3,1,1,3,0,1,0,0,0,0
1168,2,reward-greedy-0,reward-greedy,117,1168,2,274,128,4,16,4,0,4,32,2,32,4,128,8,0,32,4,2,2,2,3,5,1,1,3,0,1,0,0,0,0
1176,2,reward-greedy-0,reward-greedy,118,1176,2,276,128,8,16,4,32,4,32,2,2,32,128,8,0,0,4,2,2,2,4,3,2,1,3,0,1,0,0,0,0
1184,3,reward-greedy-0,reward-greedy,119,1184,3,278,128,8,16,4,32,4,32,4,0,32,128,8,0,4,4,0,2,3,1,5,2,1,3,0,1,0,0,0,0
1192,3,reward-greedy-0,reward-greedy,120,1192,3,280,128,8,16,4,32,4,32,4,0,32,128,8,0,8,2,0,2,3,2,3,3,1,3,0,1,0,0,0,0
1200,3,reward-greedy-0,reward-greedy,121,1200,3,282,128,8,16,0,2,4,32,0,0,32,128,8,32,8,2,8,2,3,3,1,4,1,3,0,1,0,0,0,0
1216,3,reward-greedy-0,reward-greedy,122,1216,3,284,128,8,16,0,0,4,32,2,2,32,128,0,32,8,2,16,2,3,4,1,2,2,3,0,1,0,0,0,0
1220,3,reward-greedy-0,reward-greedy,123,1220,3,286,128,0,0,8,16,0,4,32,4,2,32,128,32,8,2,16,2,3,3,2,2,2,3,0,1,0,0,0,0
1220,2,reward-greedy-0,reward-greedy,124,1220,2,288,128,8,16,0,0,4,32,4,2,2,32,128,32,8,2,16,2,2,4,2,2,2,3,0,1,0,0,0,0
1284,2,reward-greedy-0,reward-greedy,125,1284,2,290,128,8,16,4,2,4,64,128,32,2,2,16,2,8,2,0,0,2,5,2,2,2,1,1,1,0,0,0,0
1288,2,reward-greedy-0,reward-greedy,126,1288,2,292,128,8,16,4,2,4,64,128,32,2,4,16,2,8,0,2,0,2,4,3,2,2,1,1,1,0,0,0,0
1288,1,reward-greedy-0,reward-greedy,127,1288,1,294,128,8,16,4,2,4,64,128,32,2,4,16,2,0,2,8,2,1,5,3,2,2,1,1,1,0,0,0,0
1292,1,reward-greedy-0,reward-greedy,128,1292,1,296,128,8,16,4,2,4,64,128,32,2,4,16,4,2,2,8,0,1,4,4,2,2,1,1,1,0,0,0,0
1296,1,reward-greedy-0,reward-greedy,129,1296,1,300,128,8,16,4,2,4,64,128,32,4,4,16,4,4,2,8,0,1,2,6,2,2,1,1,1,0,0,0,0
1304,1,reward-greedy-0,reward-greedy,130,1304,1,302,128,0,16,4,2,8,64,128,2,4,4,16,32,8,2,8,4,1,3,4,3,2,1,1,1,0,0,0,0
1312,1,reward-greedy-0,reward-greedy,131,1312,1,304,128,16,4,2,0,8,64,128,2,8,16,32,2,8,2,8,4,1,4,2,4,2,1,1,1,0,0,0,0
1332,2,reward-greedy-0,reward-greedy,132,1332,2,306,128,16,4,2,4,16,64,128,4,8,16,32,2,0,2,8,0,2,3,3,2,3,1,1,1,0,0,0,0
1372,3,reward-greedy-0,reward-greedy,133,1372,3,308,128,32,4,2,8,8,64,128,2,0,16,32,0,0,2,8,2,3,4,1,3,1,2,1,1,0,0,0,0
1376,3,reward-greedy-0,reward-greedy,134,1376,3,310,128,0,4,2,0,0,64,128,2,32,16,32,8,8,2,8,4,3,3,2,3,1,2,1,1,0,0,0,0
1376,2,reward-greedy-0,reward-greedy,135,1376,2,312,128,32,4,2,2,8,64,128,8,0,16,32,4,0,2,8,2,2,4,2,3,1,2,1,1,0,0,0,0
1380,2,reward-greedy-0,reward-greedy,136,1380,2,314,128,2,32,4,4,8,64,128,8,0,16,32,4,0,2,8,2,2,3,3,3,1,2,1,1,0,0,0,0
1388,2,reward-greedy-0,reward-greedy,137,1388,2,316,128,2,2,32,8,8,64,128,8,0,16,32,4,0,2,8,2,2,4,1,4,1,2,1,1,0,0,0,0
1404,2,reward-greedy-0,reward-greedy,138,1404,2,318,128,0,2,32,0,2,64,128,16,2,16,32,4,8,2,8,2,2,5,1,2,2,2,1,1,0,0,0,0
1408,2,reward-greedy-0,reward-greedy,139,1408,2,322,128,0,2,32,0,4,64,128,16,4,16,32,4,8,2,8,2,2,3,3,2,2,2,1,1,0,0,0,0
1416,2,reward-greedy-0,reward-greedy,140,1416,2,324,128,8,2,32,16,8,64,128,4,0,16,32,2,2,2,8,0,2,4,1,3,2,2,1,1,0,0,0,0
1432,2,reward-greedy-0,reward-greedy,141,1432,2,326,128,16,2,32,16,2,64,128,4,2,16,32,2,0,2,8,0,2,5,1,1,3,2,1,1,0,0,0,0
1436,2,reward-greedy-0,reward-greedy,142,1436,2,328,128,0,2,32,2,0,64,128,16,16,16,32,4,4,2,8,2,2,4,2,1,3,2,1,1,0,0,0,0
1468,2,reward-greedy-0,reward-greedy,143,1468,2,330,128,0,2,32,2,0,64,128,16,2,32,32,4,4,2,8,2,2,5,2,1,1,3,1,1,0,0,0,0
1532,2,reward-greedy-0,reward-greedy,144,1532,2,332,128,2,32,2,0,64,128,16,0,2,64,4,2,4,2,8,2,2,6,2,1,1,1,2,1,0,0,0,0
1536,2,reward-greedy-0,reward-greedy,145,1536,2,334,128,2,32,2,4,64,128,16,0,2,64,4,2,4,2,8,0,2,5,3,1,1,1,2,1,0,0,0,0
1536,1,reward-greedy-0,reward-greedy,146,1536,1,336,128,2,32,2,4,64,128,16,2,2,64,4,2,4,2,8,0,1,6,3,1,1,1,2,1,0,0,0,0
1540,1,reward-greedy-0,reward-greedy,147,1540,1,340,128,2,32,2,0,64,128,16,4,2,64,4,4,4,2,8,4,1,4,5,1,1,1,2,1,0,0,0,0
1548,1,reward-greedy-0,reward-greedy,148,1548,1,342,128,2,2,32,2,64,128,16,4,0,2,64,8,4,2,8,4,1,5,3,2,1,1,2,1,0,0,0,0
1552,1,reward-greedy-0,reward-greedy,149,1552,1,344,128,2,4,32,2,64,128,16,4,0,2,64,8,4,2,8,4,1,4,4,2,1,1,2,1,0,0,0,0
1556,1,reward-greedy-0,reward-greedy,150,1556,1,346,128,2,0,32,2,2,4,16,4,64,128,64,8,4,4,8,4,1,3,5,2,1,1,2,1,0,0,0,0
1564,1,reward-greedy-0,reward-greedy,151,1564,1,348,128,2,2,32,2,2,4,16,4,64,128,64,8,0,8,8,4,1,4,3,3,1,1,2,1,0,0,0,0
1584,2,reward-greedy-0,reward-greedy,152,1584,2,350,128,0,4,32,2,2,4,16,4,64,128,64,8,0,2,16,4,2,3,4,1,2,1,2,1,0,0,0,0
1592,2,reward-greedy-0,reward-greedy,153,1592,2,354,128,2,8,32,2,64,128,16,4,0,2,64,8,4,0,16,4,2,3,3,2,2,1,2,1,0,0,0,0
1592,1,reward-greedy-0,reward-greedy,154,1592,1,356,128,0,2,32,2,2,8,16,4,64,128,64,8,4,2,16,4,1,4,3,2,2,1,2,1,0,0,0,0
1592,0,reward-greedy-0,reward-greedy,155,1592,0,358,128,2,2,32,2,64,8,16,4,4,128,64,8,2,2,16,4,0,5,3,2,2,1,2,1,0,0,0,0
1600,1,reward-greedy-0,reward-greedy,156,1600,1,360,128,2,4,32,2,64,8,16,4,4,128,64,8,0,4,16,4,1,2,5,2,2,1,2,1,0,0,0,0
1600,0,reward-greedy-0,reward-greedy,157,1600,0,362,128,2,4,32,2,64,8,16,4,4,128,64,8,2,4,16,4,0,3,5,2,2,1,2,1,0,0,0,0
0,14,reward-greedy-1,reward-greedy,0,0,14,4,2,2,0,0,2,0,0,0,0,0,0,0,0,0,0,0,0,14,2,0,0,0,0,0,0,0,0,0,0
4,14,reward-greedy-1,reward-greedy,1,4,14,6,4,4,0,0,0,0,0,0,0,2,0,0,0,0,0,0,0,14,1,1,0,0,0,0,0,0,0,0,0
4,13,reward-greedy-1,reward-greedy,2,4,13,8,4,0,0,0,4,0,0,0,0,0,0,0,2,0,0,2,0,13,2,1,0,0,0,0,0,0,0,0,0
4,12,reward-greedy-1,reward-greedy,3,4,12,10,4,0,0,0,0,0,0,0,0,2,0,0,4,0,0,2,2,12,3,1,0,0,0,0,0,0,0,0,0
8,12,reward-greedy-1,reward-greedy,4,8,12,12,4,0,0,0,0,0,0,2,0,2,4,0,0,4,0,0,0,12,2,2,0,0,0,0,0,0,0,0,0
8,11,reward-greedy-1,reward-greedy,5,8,11,14,4,2,4,2,0,4,0,0,0,0,2,0,0,0,0,0,0,11,3,2,0,0,0,0,0,0,0,0,0
8,10,reward-greedy-1,reward-greedy,6,8,10,16,4,2,4,2,0,4,2,0,0,0,0,0,0,2,0,0,0,10,4,2,0,0,0,0,0,0,0,0,0
8,9,reward-greedy-1,reward-greedy,7,8,9,20,4,0,2,4,2,0,4,4,2,0,0,0,0,0,0,0,2,9,4,3,0,0,0,0,0,0,0,0,0
20,10,reward-greedy-1,reward-greedy,8,20,10,24,8,0,2,8,4,0,4,0,2,0,0,0,0,0,4,0,0,10,2,3,1,0,0,0,0,0,0,0,0
28,10,reward-greedy-1,reward-greedy,9,28,10,26,8,0,2,8,4,0,8,0,2,0,0,0,0,0,2,0,0,10,3,1,2,0,0,0,0,0,0,0,0
28,9,reward-greedy-1,reward-greedy,10,28,9,28,8,0,2,8,4,0,2,8,2,0,0,0,0,0,0,0,2,9,4,1,2,0,0,0,0,0,0,0,0
52,11,reward-greedy-1,reward-greedy,11,52,11,30,16,0,4,16,4,0,0,0,4,2,0,0,0,0,0,0,0,11,1,3,0,1,0,0,0,0,0,0,0
60,11,reward-greedy-1,reward-greedy,12,60,11,32,16,2,4,16,8,0,0,0,0,0,0,0,0,0,0,0,2,11,2,1,1,1,0,0,0,0,0,0,0
60,10,reward-greedy-1,reward-greedy,13,60,10,36,16,2,4,16,8,0,4,0,0,0,0,0,0,2,0,0,0,10,2,2,1,1,0,0,0,0,0,0,0
72,11,reward-greedy-1,reward-greedy,14,72,11,38,16,4,8,16,8,0,0,0,0,2,0,0,0,0,0,0,0,11,1,1,2,1,0,0,0,0,0,0,0
72,10,reward-greedy-1,reward-greedy,15,72,10,40,16,4,8,16,8,0,2,0,0,2,0,0,0,0,0,0,0,10,2,1,2,1,0,0,0,0,0,0,0
72,9,reward-greedy-1,reward-greedy,16,72,9,42,16,4,8,16,8,0,0,0,2,0,0,0,2,0,0,2,0,9,3,1,2,1,0,0,0,0,0,0,0
76,9,reward-greedy-1,reward-greedy,17,76,9,44,16,4,8,16,8,0,0,2,4,2,0,0,0,0,0,0,0,9,2,2,2,1,0,0,0,0,0,0,0
76,8,reward-greedy-1,reward-greedy,18,76,8,46,16,4,8,16,8,2,0,2,4,2,0,0,0,0,0,0,0,8,3,2,2,1,0,0,0,0,0,0,0
80,8,reward-greedy-1,reward-greedy,19,80,8,48,16,4,8,16,8,4,0,2,4,0,0,0,2,0,0,0,0,8,2,3,2,1,0,0,0,0,0,0,0
88,8,reward-greedy-1,reward-greedy,20,88,8,50,16,0,0,0,0,2,0,0,8,0,0,16,4,8,8,2,2,8,3,1,3,1,0,0,0,0,0,0,0
108,9,reward-greedy-1,reward-greedy,21,108,9,52,16,0,0,0,0,0,2,2,8,0,0,16,4,0,0,16,4,9,2,2,1,2,0,0,0,0,0,0,0
148,10,reward-greedy-1,reward-greedy,22,148,10,54,32,0,2,2,8,0,0,32,8,0,0,0,2,0,0,0,0,10,3,0,2,0,1,0,0,0,0,0,0
164,10,reward-greedy-1,reward-greedy,23,164,10,56,32,0,2,2,16,0,0,32,2,0,0,0,2,0,0,0,0,10,4,0,0,1,1,0,0,0,0,0,0
168,10,reward-greedy-1,reward-greedy,24,168,10,58,32,4,16,0,0,32,2,0,0,2,0,0,0,0,0,0,2,10,3,1,0,1,1,0,0,0,0,0,0
168,9,reward-greedy-1,reward-greedy,25,168,9,60,32,4,16,0,2,32,2,0,0,2,0,0,0,0,0,0,2,9,4,1,0,1,1,0,0,0,0,0,0
172,9,reward-greedy-1,reward-greedy,26,172,9,62,32,0,0,0,0,4,0,0,0,32,16,0,2,2,2,0,4,9,3,2,0,1,1,0,0,0,0,0,0
176,9,reward-greedy-1,reward-greedy,27,176,9,66,32,0,0,0,0,4,0,0,4,0,32,16,2,0,0,4,4,9,1,4,0,1,1,0,0,0,0,0,0
192,10,reward-greedy-1,reward-greedy,28,192,10,68,32,0,0,0,0,8,0,2,0,32,16,2,0,8,0,0,0,10,2,0,2,1,1,0,0,0,0,0,0
196,10,reward-greedy-1,reward-greedy,29,196,10,70,32,2,0,0,0,8,0,0,0,32,0,0,0,8,16,4,0,10,1,1,2,1,1,0,0,0,0,0,0
196,9,reward-greedy-1,reward-greedy,30,196,9,72,32,0,2,0,2,0,0,0,8,0,0,0,32,0,8,16,4,9,2,1,2,1,1,0,0,0,0,0,0
200,9,reward-greedy-1,reward-greedy,31,200,9,74,32,0,0,0,4,2,0,0,8,0,0,0,32,0,8,16,4,9,1,2,2,1,1,0,0,0,0,0,0
200,8,reward-greedy-1,reward-greedy,32,200,8,76,32,4,0,2,0,2,8,0,0,32,0,0,0,8,16,4,0,8,2,2,2,1,1,0,0,0,0,0,0
200,7,reward-greedy-1,reward-greedy,33,200,7,78,32,4,2,0,0,2,8,0,0,32,2,0,0,8,16,4,0,7,3,2,2,1,1,0,0,0,0,0,0
200,6,reward-greedy-1,reward-greedy,34,200,6,80,32,4,2,0,0,2,8,0,0,32,2,0,2,8,16,4,0,6,4,2,2,1,1,0,0,0,0,0,0
204,6,reward-greedy-1,reward-greedy,35,204,6,82,32,0,0,4,2,2,0,2,8,0,0,32,4,0,8,16,4,6,3,3,2,1,1,0,0,0,0,0,0
212,6,reward-greedy-1,reward-greedy,36,212,6,84,32,0,0,4,0,0,2,2,2,0,0,32,8,2,8,16,8,6,4,1,3,1,1,0,0,0,0,0,0
228,6,reward-greedy-1,reward-greedy,37,228,6,88,32,0,0,4,0,4,0,2,0,0,2,32,2,2,8,16,16,6,4,2,1,2,1,0,0,0,0,0,0
260,6,reward-greedy-1,reward-greedy,38,260,6,90,32,4,0,0,0,4,2,2,0,2,32,2,0,2,8,32,0,6,5,2,1,0,2,0,0,0,0,0,0
276,8,reward-greedy-1,reward-greedy,39,276,8,92,32,0,0,2,0,0,2,0,0,8,32,4,0,4,8,32,0,8,2,2,2,0,2,0,0,0,0,0,0
276,7,reward-greedy-1,reward-greedy,40,276,7,94,32,0,0,0,2,0,0,0,2,2,8,32,4,0,4,8,32,7,3,2,2,0,2,0,0,0,0,0,0
280,7,reward-greedy-1,reward-greedy,41,280,7,96,32,0,0,0,0,0,2,0,4,0,8,32,4,2,4,8,32,7,2,3,2,0,2,0,0,0,0,0,0
288,7,reward-greedy-1,reward-greedy,42,288,7,98,32,2,2,32,8,0,8,8,32,0,4,0,0,0,0,0,2,7,3,1,3,0,2,0,0,0,0,0,0
308,8,reward-greedy-1,reward-greedy,43,308,8,100,32,0,4,32,8,0,0,16,32,0,0,0,4,2,0,0,2,8,2,2,1,1,2,0,0,0,0,0,0
312,8,reward-greedy-1,reward-greedy,44,312,8,102,32,4,32,8,0,16,32,0,0,4,0,0,0,4,2,0,0,8,1,3,1,1,2,0,0,0,0,0,0
384,9,reward-greedy-1,reward-greedy,45,384,9,104,64,0,0,2,0,4,0,0,0,16,64,0,0,8,2,8,0,9,2,1,2,1,0,1,0,0,0,0,0
384,8,reward-greedy-1,reward-greedy,46,384,8,106,64,2,2,0,0,4,0,0,0,16,64,0,0,8,2,8,0,8,3,1,2,1,0,1,0,0,0,0,0
388,8,reward-greedy-1,reward-greedy,47,388,8,108,64,4,0,0,0,4,0,0,0,16,64,0,2,8,2,8,0,8,2,2,2,1,0,1,0,0,0,0,0
396,8,reward-greedy-1,reward-greedy,48,396,8,110,64,8,64,8,2,16,2,0,2,8,0,0,0,0,0,0,0,8,3,0,3,1,0,1,0,0,0,0,0
400,8,reward-greedy-1,reward-greedy,49,400,8,112,64,8,64,8,4,16,2,2,0,8,0,0,0,0,0,0,0,8,2,1,3,1,0,1,0,0,0,0,0
404,8,reward-greedy-1,reward-greedy,50,404,8,116,64,8,64,8,4,0,0,16,4,0,0,0,8,0,4,0,0,8,0,3,3,1,0,1,0,0,0,0,0
412,8,reward-greedy-1,reward-greedy,51,412,8,118,64,0,0,0,0,0,0,0,0,2,64,8,8,8,4,16,8,8,1,1,4,1,0,1,0,0,0,0,0
428,8,reward-greedy-1,reward-greedy,52,428,8,122,64,0,4,0,0,0,0,0,0,0,2,64,16,8,4,16,8,8,1,2,2,2,0,1,0,0,0,0,0
428,7,reward-greedy-1,reward-greedy,53,428,7,124,64,8,4,64,16,0,2,16,8,0,4,0,0,0,0,0,2,7,2,2,2,2,0,1,0,0,0,0,0
428,6,reward-greedy-1,reward-greedy,54,428,6,126,64,8,4,64,16,2,16,8,0,4,2,0,0,2,0,0,0,6,3,2,2,2,0,1,0,0,0,0,0
428,5,reward-greedy-1,reward-greedy,55,428,5,128,64,8,4,64,16,2,16,8,0,4,2,0,0,2,0,0,2,5,4,2,2,2,0,1,0,0,0,0,0
432,5,reward-greedy-1,reward-greedy,56,432,5,130,64,8,4,64,16,0,2,16,8,2,0,4,2,0,0,0,4,5,3,3,2,2,0,1,0,0,0,0,0
432,4,reward-greedy-1,reward-greedy,57,432,4,132,64,8,4,64,16,2,2,16,8,2,0,4,2,0,0,0,4,4,4,3,2,2,0,1,0,0,0,0,0
436,4,reward-greedy-1,reward-greedy,58,436,4,134,64,8,4,64,16,4,16,8,2,2,4,2,0,4,0,0,0,4,3,4,2,2,0,1,0,0,0,0,0
436,3,reward-greedy-1,reward-greedy,59,436,3,136,64,8,4,64,16,4,16,8,2,2,4,2,0,4,2,0,0,3,4,4,2,2,0,1,0,0,0,0,0
436,2,reward-greedy-1,reward-greedy,60,436,2,138,64,8,4,64,16,4,16,8,2,2,4,2,2,4,2,0,0,2,5,4,2,2,0,1,0,0,0,0,0
440,2,reward-greedy-1,reward-greedy,61,440,2,140,64,8,4,64,16,4,16,8,2,2,4,4,0,4,2,0,2,2,4,5,2,2,0,1,0,0,0,0,0
452,3,reward-greedy-1,reward-greedy,62,452,3,142,64,8,4,64,16,4,16,8,2,0,0,2,8,2,0,4,4,3,3,4,3,2,0,1,0,0,0,0,0
460,3,reward-greedy-1,reward-greedy,63,460,3,144,64,8,4,64,16,4,16,8,2,2,8,0,0,2,8,0,2,3,4,2,4,2,0,1,0,0,0,0,0
484,5,reward-greedy-1,reward-greedy,64,484,5,146,64,0,0,0,0,8,4,2,0,4,16,64,16,4,16,8,4,5,1,4,2,3,0,1,0,0,0,0,0
524,6,reward-greedy-1,reward-greedy,65,524,6,148,64,8,4,2,16,8,32,64,4,0,0,8,2,0,0,0,0,6,2,2,3,1,1,1,0,0,0,0,0
540,6,reward-greedy-1,reward-greedy,66,540,6,152,64,16,4,2,16,0,32,64,4,4,0,8,2,0,0,0,0,6,2,3,1,2,1,1,0,0,0,0,0
540,5,reward-greedy-1,reward-greedy,67,540,5,154,64,0,0,0,0,2,0,2,16,16,4,64,4,4,32,8,2,5,3,3,1,2,1,1,0,0,0,0,0
544,5,reward-greedy-1,reward-greedy,68,544,5,156,64,0,2,0,0,4,16,0,0,16,4,64,4,4,32,8,2,5,2,4,1,2,1,1,0,0,0,0,0
544,4,reward-greedy-1,reward-greedy,69,544,4,158,64,2,2,0,0,4,16,0,0,16,4,64,4,4,32,8,2,4,3,4,1,2,1,1,0,0,0,0,0
548,4,reward-greedy-1,reward-greedy,70,548,4,160,64,0,2,0,4,0,0,4,16,16,4,64,4,4,32,8,2,4,2,5,1,2,1,1,0,0,0,0,0
548,3,reward-greedy-1,reward-greedy,71,548,3,164,64,16,2,4,4,4,4,64,16,0,32,8,4,0,0,4,2,3,2,6,1,2,1,1,0,0,0,0,0
564,4,reward-greedy-1,reward-greedy,72,564,4,166,64,2,16,2,8,0,8,64,16,0,32,8,4,0,0,4,2,4,3,2,3,2,1,1,0,0,0,0,0
564,3,reward-greedy-1,reward-greedy,73,564,3,170,64,0,4,2,8,0,16,64,16,0,8,8,4,2,32,4,2,3,3,3,3,2,1,1,0,0,0,0,0
580,3,reward-greedy-1,reward-greedy,74,580,3,174,64,0,4,2,8,0,16,64,16,4,0,16,4,2,32,4,2,3,3,4,1,3,1,1,0,0,0,0,0
580,2,reward-greedy-1,reward-greedy,75,580,2,176,64,4,4,2,8,2,16,64,16,0,32,16,4,0,2,4,2,2,4,4,1,3,1,1,0,0,0,0,0
588,2,reward-greedy-1,reward-greedy,76,588,2,180,64,0,8,2,8,2,16,64,16,0,32,16,4,4,2,4,2,2,4,3,2,3,1,1,0,0,0,0,0
588,1,reward-greedy-1,reward-greedy,77,588,1,182,64,0,8,2,8,2,16,64,16,2,32,16,4,4,2,4,2,1,5,3,2,3,1,1,0,0,0,0,0
592,1,reward-greedy-1,reward-greedy,78,592,1,184,64,2,8,2,8,0,16,64,16,4,32,16,4,4,2,4,2,1,4,4,2,3,1,1,0,0,0,0,0
600,1,reward-greedy-1,reward-greedy,79,600,1,186,64,2,8,2,8,8,16,64,16,0,32,16,4,2,2,4,2,1,5,2,3,3,1,1,0,0,0,0,0
604,1,reward-greedy-1,reward-greedy,80,604,1,188,64,2,8,2,8,8,16,64,16,32,16,4,0,4,4,2,2,1,4,3,3,3,1,1,0,0,0,0,0
636,1,reward-greedy-1,reward-greedy,81,636,1,190,64,2,8,2,8,8,32,64,16,32,4,4,2,4,2,2,0,1,5,3,3,1,2,1,0,0,0,0,0
648,2,reward-greedy-1,reward-greedy,82,648,2,192,64,2,8,2,8,8,32,64,16,32,8,2,0,4,4,2,0,2,4,2,4,1,2,1,0,0,0,0,0
656,2,reward-greedy-1,reward-greedy,83,656,2,194,64,2,8,2,8,8,32,64,16,32,8,2,0,8,2,2,0,2,5,0,5,1,2,1,0,0,0,0,0
660,2,reward-greedy-1,reward-greedy,84,660,2,196,64,2,8,2,8,8,32,64,16,0,32,8,2,0,2,8,4,2,4,1,5,1,2,1,0,0,0,0,0
740,3,reward-greedy-1,reward-greedy,85,740,3,200,64,2,8,2,8,8,64,64,16,0,2,16,2,0,0,4,4,3,4,2,3,2,0,2,0,0,0,0,0
876,4,reward-greedy-1,reward-greedy,86,876,4,202,128,2,8,2,8,0,8,128,16,0,2,16,2,0,2,0,8,4,5,0,4,2,0,0,1,0,0,0,0
896,5,reward-greedy-1,reward-greedy,87,896,5,204,128,2,16,2,8,2,4,128,16,0,0,16,2,0,0,0,8,5,4,1,2,3,0,0,1,0,0,0,0
900,5,reward-greedy-1,reward-greedy,88,900,5,206,128,0,0,0,8,0,0,2,16,2,16,128,2,4,4,16,8,5,3,2,2,3,0,0,1,0,0,0,0
908,5,reward-greedy-1,reward-greedy,89,908,5,208,128,8,0,2,0,2,16,0,0,2,16,128,2,8,16,8,0,5,4,0,3,3,0,0,1,0,0,0,0
944,6,reward-greedy-1,reward-greedy,90,944,6,210,128,0,2,0,0,8,0,2,0,4,16,128,0,8,32,8,2,6,3,1,3,1,1,0,1,0,0,0,0
944,5,reward-greedy-1,reward-greedy,91,944,5,212,128,0,2,0,2,0,0,8,2,0,4,16,128,8,32,8,2,5,4,1,3,1,1,0,1,0,0,0,0
948,5,reward-greedy-1,reward-greedy,92,948,5,214,128,4,0,0,2,8,2,0,0,4,16,128,0,8,32,8,2,5,3,2,3,1,1,0,1,0,0,0,0
952,5,reward-greedy-1,reward-greedy,93,952,5,216,128,4,2,128,4,8,16,8,0,4,32,0,0,8,2,0,0,5,2,3,3,1,1,0,1,0,0,0,0
952,4,reward-greedy-1,reward-greedy,94,952,4,220,128,4,2,128,4,4,8,16,8,0,0,4,32,0,0,8,2,4,2,4,3,1,1,0,1,0,0,0,0
960,4,reward-greedy-1,reward-greedy,95,960,4,222,128,8,2,128,4,2,8,16,8,0,0,4,32,0,0,8,2,4,3,2,4,1,1,0,1,0,0,0,0
960,3,reward-greedy-1,reward-greedy,96,960,3,224,128,8,2,128,4,2,8,16,8,0,0,4,32,0,2,8,2,3,4,2,4,1,1,0,1,0,0,0,0
960,2,reward-greedy-1,reward-greedy,97,960,2,228,128,8,2,128,4,2,8,16,8,4,0,4,32,0,2,8,2,2,4,3,4,1,1,0,1,0,0,0,0
968,2,reward-greedy-1,reward-greedy,98,968,2,232,128,8,2,128,4,2,8,16,8,8,32,0,4,2,8,2,0,2,4,2,5,1,1,0,1,0,0,0,0
968,1,reward-greedy-1,reward-greedy,99,968,1,234,128,8,2,128,4,2,8,16,8,8,32,2,4,2,8,0,2,1,5,2,5,1,1,0,1,0,0,0,0
968,0,reward-greedy-1,reward-greedy,100,968,0,236,128,8,2,128,4,2,8,16,8,8,32,2,4,2,8,2,2,0,6,2,5,1,1,0,1,0,0,0,0
972,0,reward-greedy-1,reward-greedy,101,972,0,238,128,8,2,2,4,2,8,128,8,8,32,16,4,2,8,4,2,0,5,3,5,1,1,0,1,0,0,0,0
976,0,reward-greedy-1,reward-greedy,102,976,0,240,128,2,8,4,4,2,8,128,8,8,32,16,4,2,8,4,2,0,4,4,5,1,1,0,1,0,0,0,0
996,1,reward-greedy-1,reward-greedy,103,996,1,242,128,0,2,4,4,4,16,128,8,8,32,16,4,2,8,4,2,1,3,5,3,2,1,0,1,0,0,0,0
1004,1,reward-greedy-1,reward-greedy,104,1004,1,244,128,2,0,2,8,4,16,128,8,8,32,16,4,2,8,4,2,1,4,3,4,2,1,0,1,0,0,0,0
1020,1,reward-greedy-1,reward-greedy,105,1020,1,246,128,2,16,2,16,4,32,128,4,8,8,16,2,2,0,4,2,1,5,3,2,3,1,0,1,0,0,0,0
1036,1,reward-greedy-1,reward-greedy,106,1036,1,248,128,2,16,2,16,4,32,128,4,2,16,16,2,0,2,4,2,1,6,3,0,4,1,0,1,0,0,0,0
1068,1,reward-greedy-1,reward-greedy,107,1068,1,252,128,2,16,2,16,4,32,128,4,4,2,32,2,0,2,4,2,1,6,4,0,2,2,0,1,0,0,0,0
1084,3,reward-greedy-1,reward-greedy,108,1084,3,254,128,0,0,2,2,0,16,128,16,2,32,32,4,8,4,4,4,3,3,4,1,2,2,0,1,0,0,0,0
1160,5,reward-greedy-1,reward-greedy,109,1160,5,258,128,4,0,0,4,16,128,16,0,2,64,4,0,8,8,4,0,5,1,4,2,2,0,1,1,0,0,0,0
1184,6,reward-greedy-1,reward-greedy,110,1184,6,260,128,0,0,0,8,0,16,128,16,2,2,64,4,0,0,16,4,6,2,2,1,3,0,1,1,0,0,0,0
1192,6,reward-greedy-1,reward-greedy,111,1192,6,264,128,2,16,128,8,0,2,64,16,0,0,16,8,0,0,0,4,6,2,1,2,3,0,1,1,0,0,0,0
1192,5,reward-greedy-1,reward-greedy,112,1192,5,266,128,2,16,128,8,2,64,16,0,16,8,0,0,4,2,0,0,5,3,1,2,3,0,1,1,0,0,0,0
1196,5,reward-greedy-1,reward-greedy,113,1196,5,270,128,4,16,128,8,16,64,16,0,4,8,0,0,0,2,0,4,5,1,3,2,3,0,1,1,0,0,0,0
1196,4,reward-greedy-1,reward-greedy,114,1196,4,272,128,4,16,128,8,16,64,16,2,4,8,0,0,2,4,0,0,4,2,3,2,3,0,1,1,0,0,0,0
1196,3,reward-greedy-1,reward-greedy,115,1196,3,274,128,4,16,128,8,16,64,16,2,0,2,4,8,0,0,2,4,3,3,3,2,3,0,1,1,0,0,0,0
1196,2,reward-greedy-1,reward-greedy,116,1196,2,276,128,4,16,128,8,16,64,16,2,0,2,4,8,2,0,2,4,2,4,3,2,3,0,1,1,0,0,0,0
1200,2,reward-greedy-1,reward-greedy,117,1200,2,278,128,4,16,128,8,16,64,16,2,2,4,8,0,4,4,0,2,2,3,4,2,3,0,1,1,0,0,0,0
1212,3,reward-greedy-1,reward-greedy,118,1212,3,282,128,4,16,128,8,16,64,16,4,2,8,8,4,4,0,0,0,3,1,4,3,3,0,1,1,0,0,0,0
1228,3,reward-greedy-1,reward-greedy,119,1228,3,284,128,4,16,128,8,16,64,16,4,2,16,4,2,4,0,0,0,3,2,4,1,4,0,1,1,0,0,0,0
1228,2,reward-greedy-1,reward-greedy,120,1228,2,288,128,4,16,128,8,16,64,16,4,2,16,4,2,4,4,0,0,2,2,5,1,4,0,1,1,0,0,0,0
1236,2,reward-greedy-1,reward-greedy,121,1236,2,290,128,4,16,128,8,16,64,16,4,2,16,4,2,0,2,0,8,2,3,3,2,4,0,1,1,0,0,0,0
1236,1,reward-greedy-1,reward-greedy,122,1236,1,292,128,0,16,2,8,4,64,128,4,16,16,16,2,2,2,4,8,1,4,3,2,4,0,1,1,0,0,0,0
1272,2,reward-greedy-1,reward-greedy,123,1272,2,294,128,0,16,2,8,4,64,128,4,0,16,32,2,2,4,4,8,2,3,4,2,2,1,1,1,0,0,0,0
1280,2,reward-greedy-1,reward-greedy,124,1280,2,296,128,16,2,8,0,4,64,128,4,16,32,2,2,2,8,8,0,2,4,2,3,2,1,1,1,0,0,0,0
1300,3,reward-greedy-1,reward-greedy,125,1300,3,300,128,16,2,8,0,4,64,128,4,16,32,4,0,2,16,4,0,3,2,4,1,3,1,1,1,0,0,0,0
1308,3,reward-greedy-1,reward-greedy,126,1308,3,302,128,16,2,2,0,4,64,8,0,16,32,128,0,2,16,8,4,3,3,2,2,3,1,1,1,0,0,0,0
1312,3,reward-greedy-1,reward-greedy,127,1312,3,304,128,16,4,2,0,4,64,8,0,16,32,128,0,2,16,8,4,3,2,3,2,3,1,1,1,0,0,0,0
1312,2,reward-greedy-1,reward-greedy,128,1312,2,306,128,16,4,2,2,4,64,8,0,16,32,128,0,2,16,8,4,2,3,3,2,3,1,1,1,0,0,0,0
1316,2,reward-greedy-1,reward-greedy,129,1316,2,308,128,0,16,4,4,2,4,64,8,0,16,32,128,2,16,8,4,2,2,4,2,3,1,1,1,0,0,0,0
1352,3,reward-greedy-1,reward-greedy,130,1352,3,310,128,2,0,4,4,0,16,64,8,0,4,32,128,4,32,8,4,3,1,5,2,1,2,1,1,0,0,0,0
1360,3,reward-greedy-1,reward-greedy,131,1360,3,312,128,2,8,0,2,16,64,8,0,4,32,128,0,4,32,8,4,3,2,3,3,1,2,1,1,0,0,0,0
1432,4,reward-greedy-1,reward-greedy,132,1432,4,314,128,2,8,8,2,16,64,128,4,8,64,8,0,2,0,0,0,4,3,1,4,1,0,2,1,0,0,0,0
1560,4,reward-greedy-1,reward-greedy,133,1560,4,316,128,2,8,8,2,16,128,128,4,8,0,8,0,2,0,2,0,4,4,1,4,1,0,0,2,0,0,0,0
1852,7,reward-greedy-1,reward-greedy,134,1852,7,320,256,0,2,16,2,0,16,256,4,0,4,0,16,0,0,0,4,7,2,3,0,3,0,0,0,1,0,0,0
1852,6,reward-greedy-1,reward-greedy,135,1852,6,322,256,0,2,16,2,0,16,256,4,2,4,0,16,0,0,0,4,6,3,3,0,3,0,0,0,1,0,0,0
1852,5,reward-greedy-1,reward-greedy,136,1852,5,324,256,0,0,0,2,0,2,0,4,2,16,16,16,2,4,256,4,5,4,3,0,3,0,0,0,1,0,0,0
1884,5,reward-greedy-1,reward-greedy,137,1884,5,326,256,0,0,2,2,0,0,2,4,0,2,16,32,2,4,256,4,5,5,3,0,1,1,0,0,1,0,0,0
1888,5,reward-greedy-1,reward-greedy,138,1888,5,328,256,2,2,4,2,0,4,16,4,2,0,256,32,0,0,0,4,5,4,4,0,1,1,0,0,1,0,0,0
1892,5,reward-greedy-1,reward-greedy,139,1892,5,330,256,4,2,4,2,0,4,16,4,0,0,256,32,0,2,0,4,5,3,5,0,1,1,0,0,1,0,0,0
1892,4,reward-greedy-1,reward-greedy,140,1892,4,332,256,4,2,4,2,4,16,4,0,256,32,0,0,2,4,2,0,4,4,5,0,1,1,0,0,1,0,0,0
1908,5,reward-greedy-1,reward-greedy,141,1908,5,334,256,8,2,8,2,256,16,2,0,2,32,0,0,0,4,0,2,5,5,1,2,1,1,0,0,1,0,0,0
1912,5,reward-greedy-1,reward-greedy,142,1912,5,336,256,2,2,0,0,8,16,0,0,256,32,8,0,2,4,2,4,5,4,2,2,1,1,0,0,1,0,0,0
1916,5,reward-greedy-1,reward-greedy,143,1916,5,338,256,0,0,2,4,0,0,8,16,0,256,32,8,2,4,2,4,5,3,3,2,1,1,0,0,1,0,0,0
1916,4,reward-greedy-1,reward-greedy,144,1916,4,340,256,0,0,2,4,2,0,8,16,0,256,32,8,2,4,2,4,4,4,3,2,1,1,0,0,1,0,0,0
1920,4,reward-greedy-1,reward-greedy,145,1920,4,342,256,4,256,2,4,0,4,8,16,0,0,32,8,2,0,2,4,4,3,4,2,1,1,0,0,1,0,0,0
1924,4,reward-greedy-1,reward-greedy,146,1924,4,344,256,4,256,2,4,4,8,16,2,32,8,0,0,4,4,0,0,4,2,5,2,1,1,0,0,1,0,0,0
1948,5,reward-greedy-1,reward-greedy,147,1948,5,346,256,0,0,2,0,8,256,0,0,32,16,2,4,4,4,16,2,5,3,3,1,2,1,0,0,1,0,0,0
1956,5,reward-greedy-1,reward-greedy,148,1956,5,348,256,2,0,0,0,8,256,2,0,32,16,2,4,8,16,2,0,5,4,1,2,2,1,0,0,1,0,0,0
1992,6,reward-greedy-1,reward-greedy,149,1992,6,350,256,2,256,4,4,8,32,2,0,32,0,0,0,8,2,0,0,6,3,2,2,0,2,0,0,1,0,0,0
2000,6,reward-greedy-1,reward-greedy,150,2000,6,352,256,0,2,256,8,0,8,32,2,0,0,0,32,2,0,8,2,6,4,0,3,0,2,0,0,1,0,0,0
2000,5,reward-greedy-1,reward-greedy,151,2000,5,354,256,0,0,0,8,2,0,256,2,0,2,32,32,2,8,8,2,5,5,0,3,0,2,0,0,1,0,0,0
2080,6,reward-greedy-1,reward-greedy,152,2080,6,356,256,2,0,0,8,0,2,256,2,0,0,2,64,0,2,16,2,6,6,0,1,1,0,1,0,1,0,0,0
2084,6,reward-greedy-1,reward-greedy,153,2084,6,358,256,2,4,256,8,0,2,2,2,0,0,16,64,0,0,0,2,6,5,1,1,1,0,1,0,1,0,0,0
2088,6,reward-greedy-1,reward-greedy,154,2088,6,360,256,2,4,256,8,0,0,2,4,0,0,16,64,0,0,2,2,6,4,2,1,1,0,1,0,1,0,0,0
2092,6,reward-greedy-1,reward-greedy,155,2092,6,362,256,2,4,256,8,0,0,2,4,2,0,16,64,0,0,0,4,6,3,3,1,1,0,1,0,1,0,0,0
2096,6,reward-greedy-1,reward-greedy,156,2096,6,364,256,0,0,0,8,0,2,256,4,0,0,2,64,4,4,16,4,6,2,4,1,1,0,1,0,1,0,0,0
2104,6,reward-greedy-1,reward-greedy,157,2104,6,366,256,8,0,0,0,2,256,4,2,2,64,0,0,8,16,4,0,6,3,2,2,1,0,1,0,1,0,0,0
2116,7,reward-greedy-1,reward-greedy,158,2116,7,368,256,0,2,0,0,8,256,0,0,4,64,0,0,8,16,8,2,7,2,1,3,1,0,1,0,1,0,0,0
2116,6,reward-greedy-1,reward-greedy,159,2116,6,370,256,0,0,0,2,0,0,8,256,0,2,4,64,8,16,8,2,6,3,1,3,1,0,1,0,1,0,0,0
2116,5,reward-greedy-1,reward-greedy,160,2116,5,372,256,8,2,8,2,0,16,4,256,2,0,8,64,0,0,0,2,5,4,1,3,1,0,1,0,1,0,0,0
2116,4,reward-greedy-1,reward-greedy,161,2116,4,374,256,0,0,2,2,0,0,8,256,8,2,4,64,2,16,8,2,4,5,1,3,1,0,1,0,1,0,0,0
2120,4,reward-greedy-1,reward-greedy,162,2120,4,376,256,0,0,2,4,0,0,8,256,8,2,4,64,2,16,8,2,4,4,2,3,1,0,1,0,1,0,0,0
2120,3,reward-greedy-1,reward-greedy,163,2120,3,378,256,8,2,2,4,2,16,8,256,0,2,4,64,0,0,8,2,3,5,2,3,1,0,1,0,1,0,0,0
2124,3,reward-greedy-1,reward-greedy,164,2124,3,380,256,0,8,4,4,2,16,8,256,0,2,4,64,2,0,8,2,3,4,3,3,1,0,1,0,1,0,0,0
2132,3,reward-greedy-1,reward-greedy,165,2132,3,382,256,8,8,0,0,2,16,8,256,2,4,64,0,2,8,2,2,3,5,1,4,1,0,1,0,1,0,0,0
2152,4,reward-greedy-1,reward-greedy,166,2152,4,384,256,16,0,2,0,2,16,8,256,2,4,64,0,2,8,4,0,4,4,2,2,2,0,1,0,1,0,0,0
2156,4,reward-greedy-1,reward-greedy,167,2156,4,388,256,0,0,2,4,16,16,8,0,2,4,64,0,4,8,4,256,4,2,4,2,2,0,1,0,1,0,0,0
2188,4,reward-greedy-1,reward-greedy,168,2188,4,390,256,2,4,0,0,32,8,0,0,2,4,64,2,4,8,4,256,4,3,4,2,0,1,1,0,1,0,0,0
2188,3,reward-greedy-1,reward-greedy,169,2188,3,392,256,2,4,0,0,32,8,2,0,2,4,64,2,4,8,4,256,3,4,4,2,0,1,1,0,1,0,0,0
2188,2,reward-greedy-1,reward-greedy,170,2188,2,394,256,2,4,2,2,32,8,64,256,2,4,4,2,4,8,0,0,2,5,4,2,0,1,1,0,1,0,0,0
2200,3,reward-greedy-1,reward-greedy,171,2200,3,396,256,0,2,4,4,32,8,64,256,0,2,8,2,0,2,4,8,3,4,3,3,0,1,1,0,1,0,0,0
2208,3,reward-greedy-1,reward-greedy,172,2208,3,398,256,2,8,2,0,32,8,64,256,2,8,2,0,2,4,8,0,3,5,1,4,0,1,1,0,1,0,0,0
2228,4,reward-greedy-1,reward-greedy,173,2228,4,400,256,0,0,2,2,2,8,64,0,32,16,2,0,4,4,8,256,4,4,2,2,1,1,1,0,1,0,0,0
2240,5,reward-greedy-1,reward-greedy,174,2240,5,402,256,0,2,0,4,0,2,8,64,0,32,16,2,0,8,8,256,5,3,1,3,1,1,1,0,1,0,0,0
2256,5,reward-greedy-1,reward-greedy,175,2256,5,404,256,0,0,2,4,0,2,8,64,0,32,16,2,2,0,16,256,5,4,1,1,2,1,1,0,1,0,0,0
2288,5,reward-greedy-1,reward-greedy,176,2288,5,406,256,2,2,2,4,0,32,8,64,2,0,32,2,0,0,0,256,5,5,1,1,0,2,1,0,1,0,0,0
2292,5,reward-greedy-1,reward-greedy,177,2292,5,408,256,0,2,4,4,2,32,8,64,0,2,32,2,0,0,0,256,5,4,2,1,0,2,1,0,1,0,0,0
2300,5,reward-greedy-1,reward-greedy,178,2300,5,410,256,2,8,0,0,2,32,8,64,2,32,2,0,256,2,0,0,5,5,0,2,0,2,1,0,1,0,0,0
2368,6,reward-greedy-1,reward-greedy,179,2368,6,412,256,4,8,8,64,2,64,2,0,256,2,0,0,0,2,0,0,6,4,1,2,0,0,2,0,1,0,0,0
2384,6,reward-greedy-1,reward-greedy,180,2384,6,414,256,4,16,64,2,2,64,2,0,256,2,0,0,2,0,0,0,6,5,1,0,1,0,2,0,1,0,0,0
2384,5,reward-greedy-1,reward-greedy,181,2384,5,418,256,4,0,0,0,2,16,4,0,256,64,64,0,2,2,2,2,5,5,2,0,1,0,2,0,1,0,0,0
2520,7,reward-greedy-1,reward-greedy,182,2520,7,420,256,4,0,0,0,2,16,4,0,256,128,2,0,4,4,0,0,7,2,4,0,1,0,0,1,1,0,0,0
2528,7,reward-greedy-1,reward-greedy,183,2528,7,422,256,4,0,0,0,2,16,4,0,256,128,2,0,8,2,0,0,7,3,2,1,1,0,0,1,1,0,0,0
2528,6,reward-greedy-1,reward-greedy,184,2528,6,424,256,4,0,0,0,2,16,4,0,256,128,2,0,8,2,2,0,6,4,2,1,1,0,0,1,1,0,0,0
2532,6,reward-greedy-1,reward-greedy,185,2532,6,426,256,4,0,0,0,2,16,4,2,256,128,2,0,8,4,0,0,6,3,3,1,1,0,0,1,1,0,0,0
2532,5,reward-greedy-1,reward-greedy,186,2532,5,428,256,4,2,0,0,2,16,4,2,256,128,2,0,8,4,0,0,5,4,3,1,1,0,0,1,1,0,0,0
2532,4,reward-greedy-1,reward-greedy,187,2532,4,430,256,0,2,4,2,2,16,4,2,0,256,128,2,0,0,8,4,4,5,3,1,1,0,0,1,1,0,0,0
2544,5,reward-greedy-1,reward-greedy,188,2544,5,432,256,0,0,0,2,0,2,8,2,0,16,128,4,2,256,8,4,5,4,2,2,1,0,0,1,1,0,0,0
2556,6,reward-greedy-1,reward-greedy,189,2556,6,434,256,2,2,8,4,0,16,128,8,0,256,8,0,0,2,0,0,6,3,1,3,1,0,0,1,1,0,0,0
2560,6,reward-greedy-1,reward-greedy,190,2560,6,436,256,2,4,8,4,0,16,128,8,0,0,256,8,0,0,0,2,6,2,2,3,1,0,0,1,1,0,0,0
2576,6,reward-greedy-1,reward-greedy,191,2576,6,438,256,2,4,8,4,0,16,128,16,0,0,256,2,2,0,0,0,6,3,2,1,2,0,0,1,1,0,0,0
2580,6,reward-greedy-1,reward-greedy,192,2580,6,440,256,4,4,8,4,0,16,128,16,0,0,256,2,0,0,2,0,6,2,3,1,2,0,0,1,1,0,0,0
2588,6,reward-greedy-1,reward-greedy,193,2588,6,442,256,8,8,4,2,16,128,16,0,256,2,0,0,2,0,0,0,6,3,1,2,2,0,0,1,1,0,0,0
2604,6,reward-greedy-1,reward-greedy,194,2604,6,444,256,0,16,4,2,2,16,128,16,0,0,256,2,0,0,0,2,6,4,1,0,3,0,0,1,1,0,0,0
2640,7,reward-greedy-1,reward-greedy,195,2640,7,446,256,0,0,0,0,0,0,4,2,2,0,128,16,2,32,256,4,7,3,2,0,1,1,0,1,1,0,0,0
2644,7,reward-greedy-1,reward-greedy,196,2644,7,448,256,0,0,0,2,0,0,4,2,0,0,128,16,4,32,256,4,7,2,3,0,1,1,0,1,1,0,0,0
2648,7,reward-greedy-1,reward-greedy,197,2648,7,450,256,0,0,0,0,2,0,4,4,0,0,128,16,4,32,256,4,7,1,4,0,1,1,0,1,1,0,0,0
2656,7,reward-greedy-1,reward-greedy,198,2656,7,452,256,0,0,0,2,2,8,0,0,128,16,0,0,4,32,256,4,7,2,2,1,1,1,0,1,1,0,0,0
2656,6,reward-greedy-1,reward-greedy,199,2656,6,454,256,2,2,0,0,2,8,0,0,128,16,0,0,4,32,256,4,6,3,2,1,1,1,0,1,1,0,0,0
2660,6,reward-greedy-1,reward-greedy,200,2660,6,456,256,4,0,0,2,2,8,0,0,128,16,0,0,4,32,256,4,6,2,3,1,1,1,0,1,1,0,0,0
2660,5,reward-greedy-1,reward-greedy,201,2660,5,458,256,0,0,4,2,0,0,2,8,0,2,128,16,4,32,256,4,5,3,3,1,1,1,0,1,1,0,0,0
2660,4,reward-greedy-1,reward-greedy,202,2660,4,460,256,0,0,4,2,2,0,2,8,0,2,128,16,4,32,256,4,4,4,3,1,1,1,0,1,1,0,0,0
2664,4,reward-greedy-1,reward-greedy,203,2664,4,462,256,4,2,0,0,4,8,0,2,2,128,16,0,4,32,256,4,4,3,4,1,1,1,0,1,1,0,0,0
2672,4,reward-greedy-1,reward-greedy,204,2672,4,464,256,8,2,16,2,2,8,256,4,4,128,0,2,0,32,0,0,4,4,2,2,1,1,0,1,1,0,0,0
2672,3,reward-greedy-1,reward-greedy,205,2672,3,466,256,8,2,16,2,2,8,256,4,4,128,0,2,0,32,2,0,3,5,2,2,1,1,0,1,1,0,0,0
2672,2,reward-greedy-1,reward-greedy,206,2672,2,468,256,8,2,16,2,2,8,256,4,4,128,2,0,32,2,0,2,2,6,2,2,1,1,0,1,1,0,0,0
2676,2,reward-greedy-1,reward-greedy,207,2676,2,472,256,8,2,16,2,2,8,256,4,4,128,2,4,32,4,0,0,2,4,4,2,1,1,0,1,1,0,0,0
2684,2,reward-greedy-1,reward-greedy,208,2684,2,476,256,8,2,4,0,2,8,16,0,4,128,256,2,32,4,2,8,2,4,3,3,1,1,0,1,1,0,0,0
2684,1,reward-greedy-1,reward-greedy,209,2684,1,480,256,8,2,4,2,2,8,16,8,4,128,256,4,32,4,2,0,1,4,4,3,1,1,0,1,1,0,0,0
2684,0,reward-greedy-1,reward-greedy,210,2684,0,482,256,8,2,4,2,2,8,16,2,4,128,256,8,32,4,2,4,0,5,4,3,1,1,0,1,1,0,0,0
2688,0,reward-greedy-1,reward-greedy,211,2688,0,484,256,8,2,4,2,2,8,16,4,4,128,256,8,32,4,2,4,0,4,5,3,1,1,0,1,1,0,0,0
0,13,reward-greedy-2,reward-greedy,0,0,13,6,2,0,2,2,0,0,2,0,0,0,0,0,0,0,0,0,0,13,3,0,0,0,0,0,0,0,0,0,0
4,13,reward-greedy-2,reward-greedy,1,4,13,8,4,0,0,0,4,0,0,0,2,0,2,0,0,0,0,0,0,13,2,1,0,0,0,0,0,0,0,0,0
4,12,reward-greedy-2,reward-greedy,2,4,12,10,4,0,0,0,4,0,0,0,2,0,0,2,2,0,0,0,0,12,3,1,0,0,0,0,0,0,0,0,0
8,12,reward-greedy-2,reward-greedy,3,8,12,12,4,0,0,0,0,0,0,0,0,0,0,0,4,2,0,2,4,12,2,2,0,0,0,0,0,0,0,0,0
16,12,reward-greedy-2,reward-greedy,4,16,12,16,8,2,0,2,8,0,0,0,0,0,0,4,0,0,0,0,0,12,2,1,1,0,0,0,0,0,0,0,0
20,12,reward-greedy-2,reward-greedy,5,20,12,18,8,0,0,4,8,0,0,0,0,0,0,0,4,0,0,2,0,12,1,2,1,0,0,0,0,0,0,0,0
20,11,reward-greedy-2,reward-greedy,6,20,11,20,8,2,0,4,8,0,0,2,4,0,0,0,0,0,0,0,0,11,2,2,1,0,0,0,0,0,0,0,0
20,10,reward-greedy-2,reward-greedy,7,20,10,22,8,0,2,4,8,0,0,2,4,2,0,0,0,0,0,0,0,10,3,2,1,0,0,0,0,0,0,0,0
20,9,reward-greedy-2,reward-greedy,8,20,9,24,8,0,2,4,8,0,0,2,4,0,0,0,2,2,0,0,0,9,4,2,1,0,0,0,0,0,0,0,0
20,8,reward-greedy-2,reward-greedy,9,20,8,28,8,2,4,8,0,2,4,0,0,2,0,0,0,2,0,0,4,8,4,3,1,0,0,0,0,0,0,0,0
36,10,reward-greedy-2,reward-greedy,10,36,10,30,8,4,8,8,4,4,0,0,0,2,0,0,0,0,0,0,0,10,1,3,2,0,0,0,0,0,0,0,0
52,10,reward-greedy-2,reward-greedy,11,52,10,32,16,4,16,4,2,4,0,0,0,2,0,0,0,0,0,0,0,10,2,3,0,1,0,0,0,0,0,0,0
60,10,reward-greedy-2,reward-greedy,12,60,10,34,16,8,16,4,2,2,2,0,0,0,0,0,0,0,0,0,0,10,3,1,1,1,0,0,0,0,0,0,0
64,10,reward-greedy-2,reward-greedy,13,64,10,36,16,8,16,4,2,4,0,0,0,0,0,0,0,0,2,0,0,10,2,2,1,1,0,0,0,0,0,0,0
64,9,reward-greedy-2,reward-greedy,14,64,9,38,16,8,16,4,2,4,0,0,2,0,0,0,0,2,0,0,0,9,3,2,1,1,0,0,0,0,0,0,0
68,9,reward-greedy-2,reward-greedy,15,68,9,40,16,8,16,4,4,4,0,0,0,2,0,2,0,0,0,0,0,9,2,3,1,1,0,0,0,0,0,0,0
80,10,reward-greedy-2,reward-greedy,16,80,10,42,16,8,16,8,0,4,2,0,0,4,0,0,0,0,0,0,0,10,1,2,2,1,0,0,0,0,0,0,0
88,10,reward-greedy-2,reward-greedy,17,88,10,44,16,8,16,8,0,8,2,0,0,0,0,2,0,0,0,0,0,10,2,0,3,1,0,0,0,0,0,0,0
104,10,reward-greedy-2,reward-greedy,18,104,10,46,16,2,0,0,0,0,0,0,0,0,16,8,0,16,2,2,0,10,3,0,1,2,0,0,0,0,0,0,0
108,10,reward-greedy-2,reward-greedy,19,108,10,50,16,0,0,4,2,0,0,0,0,0,0,16,8,0,0,16,4,10,1,2,1,2,0,0,0,0,0,0,0
140,10,reward-greedy-2,reward-greedy,20,140,10,52,32,0,0,0,0,0,0,0,2,0,2,4,8,0,0,32,4,10,2,2,1,0,1,0,0,0,0,0,0
140,9,reward-greedy-2,reward-greedy,21,140,9,54,32,0,0,0,2,0,0,0,2,0,0,4,8,0,2,32,4,9,3,2,1,0,1,0,0,0,0,0,0
144,9,reward-greedy-2,reward-greedy,22,144,9,56,32,0,2,4,4,0,0,32,8,0,0,0,4,0,0,0,2,9,2,3,1,0,1,0,0,0,0,0,0
152,9,reward-greedy-2,reward-greedy,23,152,9,58,32,2,8,0,0,32,8,0,0,4,0,0,0,2,2,0,0,9,3,1,2,0,1,0,0,0,0,0,0
168,9,reward-greedy-2,reward-greedy,24,168,9,60,32,2,16,0,2,32,2,0,0,4,0,0,0,2,0,0,0,9,4,1,0,1,1,0,0,0,0,0,0
168,8,reward-greedy-2,reward-greedy,25,168,8,62,32,2,16,0,2,32,2,0,2,4,0,0,0,2,0,0,0,8,5,1,0,1,1,0,0,0,0,0,0
172,8,reward-greedy-2,reward-greedy,26,172,8,64,32,2,0,0,0,32,2,0,0,4,16,0,0,2,2,0,4,8,4,2,0,1,1,0,0,0,0,0,0
176,8,reward-greedy-2,reward-greedy,27,176,8,68,32,4,0,0,2,0,0,32,2,0,0,4,16,0,0,4,4,8,2,4,0,1,1,0,0,0,0,0,0
188,9,reward-greedy-2,reward-greedy,28,188,9,70,32,4,0,32,4,0,0,8,16,2,0,0,4,0,0,0,0,9,1,3,1,1,1,0,0,0,0,0,0
188,8,reward-greedy-2,reward-greedy,29,188,8,72,32,2,0,0,0,0,0,0,4,4,0,32,16,2,0,8,4,8,2,3,1,1,1,0,0,0,0,0,0
188,7,reward-greedy-2,reward-greedy,30,188,7,74,32,0,0,0,2,0,0,0,4,2,4,32,16,0,2,8,4,7,3,3,1,1,1,0,0,0,0,0,0
188,6,reward-greedy-2,reward-greedy,31,188,6,76,32,2,0,0,2,0,0,0,4,0,4,32,16,2,2,8,4,6,4,3,1,1,1,0,0,0,0,0,0
196,7,reward-greedy-2,reward-greedy,32,196,7,78,32,4,0,0,0,4,0,0,2,4,32,16,0,4,8,4,0,7,1,5,1,1,1,0,0,0,0,0,0
212,8,reward-greedy-2,reward-greedy,33,212,8,80,32,8,32,16,2,8,8,4,0,0,0,0,2,0,0,0,0,8,2,1,3,1,1,0,0,0,0,0,0
232,9,reward-greedy-2,reward-greedy,34,232,9,84,32,16,32,16,4,4,8,4,0,0,0,0,0,0,0,0,0,9,0,3,1,2,1,0,0,0,0,0,0
232,8,reward-greedy-2,reward-greedy,35,232,8,86,32,16,32,16,4,4,8,4,0,0,0,2,0,0,0,0,0,8,1,3,1,2,1,0,0,0,0,0,0
232,7,reward-greedy-2,reward-greedy,36,232,7,88,32,0,0,0,0,0,0,16,2,16,32,4,0,4,8,2,4,7,2,3,1,2,1,0,0,0,0,0,0
232,6,reward-greedy-2,reward-greedy,37,232,6,92,32,0,4,0,0,0,0,16,0,16,32,4,2,4,8,2,4,6,2,4,1,2,1,0,0,0,0,0,0
232,5,reward-greedy-2,reward-greedy,38,232,5,94,32,0,0,0,4,0,0,2,16,16,32,4,2,4,8,2,4,5,3,4,1,2,1,0,0,0,0,0,0
232,4,reward-greedy-2,reward-greedy,39,232,4,96,32,0,0,0,4,0,2,2,16,16,32,4,2,4,8,2,4,4,4,4,1,2,1,0,0,0,0,0,0
236,4,reward-greedy-2,reward-greedy,40,236,4,100,32,4,0,0,0,4,16,0,4,16,32,4,2,4,8,2,4,4,2,6,1,2,1,0,0,0,0,0,0
244,4,reward-greedy-2,reward-greedy,41,244,4,102,32,0,0,0,0,8,16,2,4,16,32,4,2,4,8,2,4,4,3,4,2,2,1,0,0,0,0,0,0
244,3,reward-greedy-2,reward-greedy,42,244,3,104,32,0,0,2,0,8,16,2,4,16,32,4,2,4,8,2,4,3,4,4,2,2,1,0,0,0,0,0,0
248,3,reward-greedy-2,reward-greedy,43,248,3,106,32,2,0,0,0,8,16,4,4,16,32,4,2,4,8,2,4,3,3,5,2,2,1,0,0,0,0,0,0
256,3,reward-greedy-2,reward-greedy,44,256,3,108,32,0,2,0,2,0,8,16,8,16,32,4,2,4,8,2,4,3,4,3,3,2,1,0,0,0,0,0,0
260,3,reward-greedy-2,reward-greedy,45,260,3,110,32,0,0,0,4,2,8,16,8,16,32,4,2,4,8,2,4,3,3,4,3,2,1,0,0,0,0,0,0
260,2,reward-greedy-2,reward-greedy,46,260,2,112,32,4,0,2,0,2,8,16,8,16,32,4,2,4,8,2,4,2,4,4,3,2,1,0,0,0,0,0,0
260,1,reward-greedy-2,reward-greedy,47,260,1,114,32,0,2,4,2,2,8,16,8,16,32,4,2,4,8,2,4,1,5,4,3,2,1,0,0,0,0,0,0
260,0,reward-greedy-2,reward-greedy,48,260,0,116,32,2,4,2,2,2,8,16,8,16,32,4,2,4,8,2,4,0,6,4,3,2,1,0,0,0,0,0,0
264,0,reward-greedy-2,reward-greedy,49,264,0,118,32,4,4,2,2,16,8,16,8,4,32,4,2,2,8,2,4,0,5,5,3,2,1,0,0,0,0,0,0
276,1,reward-greedy-2,reward-greedy,50,276,1,120,32,2,0,8,4,16,8,16,8,4,32,4,2,2,8,2,4,1,4,4,4,2,1,0,0,0,0,0,0
276,0,reward-greedy-2,reward-greedy,51,276,0,122,32,2,2,8,4,16,8,16,8,4,32,4,2,2,8,2,4,0,5,4,4,2,1,0,0,0,0,0,0
280,0,reward-greedy-2,reward-greedy,52,280,0,124,32,4,8,4,2,16,8,16,8,4,32,4,2,2,8,2,4,0,4,5,4,2,1,0,0,0,0,0,0
296,0,reward-greedy-2,reward-greedy,53,296,0,126,32,4,2,4,2,16,16,16,8,4,32,4,2,2,8,2,4,0,5,5,2,3,1,0,0,0,0,0,0
328,0,reward-greedy-2,reward-greedy,54,328,0,128,32,4,2,4,2,32,16,8,2,4,32,4,2,2,8,2,4,0,6,5,2,1,2,0,0,0,0,0,0
332,0,reward-greedy-2,reward-greedy,55,332,0,130,32,4,2,4,4,32,16,8,2,4,32,4,4,2,8,2,2,0,5,6,2,1,2,0,0,0,0,0,0
352,2,reward-greedy-2,reward-greedy,56,352,2,132,32,0,4,2,8,32,16,8,2,0,4,32,8,2,2,8,4,2,4,3,4,1,2,0,0,0,0,0,0
356,2,reward-greedy-2,reward-greedy,57,356,2,134,32,2,4,2,8,32,16,8,2,0,4,32,8,0,4,8,4,2,3,4,4,1,2,0,0,0,0,0,0
364,2,reward-greedy-2,reward-greedy,58,364,2,136,32,2,4,2,8,32,16,8,2,0,8,32,8,0,2,8,4,2,4,2,5,1,2,0,0,0,0,0,0
364,1,reward-greedy-2,reward-greedy,59,364,1,138,32,2,4,2,8,32,16,8,2,2,8,32,8,0,2,8,4,1,5,2,5,1,2,0,0,0,0,0,0
364,0,reward-greedy-2,reward-greedy,60,364,0,140,32,2,4,2,8,32,16,8,2,2,8,32,8,2,2,8,4,0,6,2,5,1,2,0,0,0,0,0,0
368,0,reward-greedy-2,reward-greedy,61,368,0,142,32,2,4,2,8,32,16,8,2,2,8,32,8,4,8,4,2,0,5,3,5,1,2,0,0,0,0,0,0
384,0,reward-greedy-2,reward-greedy,62,384,0,144,32,2,2,2,8,32,4,8,2,2,16,32,8,4,16,4,2,0,6,3,3,2,2,0,0,0,0,0,0
416,0,reward-greedy-2,reward-greedy,63,416,0,146,32,2,2,2,8,32,4,8,2,2,32,32,8,4,2,4,2,0,7,3,3,0,3,0,0,0,0,0,0
484,1,reward-greedy-2,reward-greedy,64,484,1,148,64,2,2,4,8,32,4,8,2,0,2,64,8,4,2,4,2,1,6,4,3,0,1,1,0,0,0,0,0
488,1,reward-greedy-2,reward-greedy,65,488,1,150,64,2,4,4,8,32,4,8,2,0,2,64,8,4,2,4,2,1,5,5,3,0,1,1,0,0,0,0,0
500,2,reward-greedy-2,reward-greedy,66,500,2,152,64,2,8,4,8,32,4,8,2,4,0,64,8,2,0,4,2,2,4,4,4,0,1,1,0,0,0,0,0
500,1,reward-greedy-2,reward-greedy,67,500,1,154,64,2,0,4,8,32,2,8,2,4,8,64,8,2,4,4,2,1,5,4,4,0,1,1,0,0,0,0,0
508,1,reward-greedy-2,reward-greedy,68,508,1,156,64,2,4,8,0,32,2,8,2,4,8,64,8,2,8,2,2,1,6,2,5,0,1,1,0,0,0,0,0
540,2,reward-greedy-2,reward-greedy,69,540,2,158,64,2,0,0,2,32,4,16,2,4,2,64,8,2,16,2,2,2,7,2,1,2,1,1,0,0,0,0,0
548,3,reward-greedy-2,reward-greedy,70,548,3,160,64,0,0,2,4,32,4,16,2,4,2,64,8,0,2,16,4,3,4,4,1,2,1,1,0,0,0,0,0
552,3,reward-greedy-2,reward-greedy,71,552,3,162,64,0,0,2,4,0,2,16,2,32,4,64,8,4,4,16,4,3,3,5,1,2,1,1,0,0,0,0,0
560,3,reward-greedy-2,reward-greedy,72,560,3,164,64,32,2,2,4,4,8,16,2,2,0,64,8,0,0,16,4,3,4,3,2,2,1,1,0,0,0,0,0
564,3,reward-greedy-2,reward-greedy,73,564,3,166,64,0,32,4,4,4,8,16,2,0,2,64,8,2,0,16,4,3,3,4,2,2,1,1,0,0,0,0,0
572,3,reward-greedy-2,reward-greedy,74,572,3,168,64,0,2,32,8,4,8,16,2,0,2,64,8,0,2,16,4,3,4,2,3,2,1,1,0,0,0,0,0
576,3,reward-greedy-2,reward-greedy,75,576,3,172,64,0,4,32,8,0,2,16,2,0,8,64,8,4,4,16,4,3,2,4,3,2,1,1,0,0,0,0,0
584,3,reward-greedy-2,reward-greedy,76,584,3,174,64,0,4,32,8,2,2,16,2,0,8,64,8,0,8,16,4,3,3,2,4,2,1,1,0,0,0,0,0
600,3,reward-greedy-2,reward-greedy,77,600,3,176,64,2,4,32,8,2,2,16,2,0,16,64,8,0,0,16,4,3,4,2,2,3,1,1,0,0,0,0,0
604,3,reward-greedy-2,reward-greedy,78,604,3,178,64,0,0,32,8,0,4,16,2,2,2,64,8,4,16,16,4,3,3,3,2,3,1,1,0,0,0,0,0
640,4,reward-greedy-2,reward-greedy,79,640,4,180,64,32,8,2,0,4,16,2,0,4,64,8,0,4,32,4,0,4,2,4,2,1,2,1,0,0,0,0,0
652,5,reward-greedy-2,reward-greedy,80,652,5,184,64,32,8,4,0,8,16,8,0,4,64,4,0,0,32,0,4,5,0,4,3,1,2,1,0,0,0,0,0
652,4,reward-greedy-2,reward-greedy,81,652,4,186,64,32,8,4,0,8,16,8,0,4,64,4,0,32,4,0,2,4,1,4,3,1,2,1,0,0,0,0,0
652,3,reward-greedy-2,reward-greedy,82,652,3,188,64,0,32,8,4,2,8,16,8,0,4,64,4,0,32,4,2,3,2,4,3,1,2,1,0,0,0,0,0
652,2,reward-greedy-2,reward-greedy,83,652,2,192,64,32,8,4,4,2,8,16,8,4,64,4,0,32,4,2,0,2,2,5,3,1,2,1,0,0,0,0,0
668,2,reward-greedy-2,reward-greedy,84,668,2,194,64,32,16,4,4,2,64,16,8,4,4,4,0,32,2,2,0,2,3,5,1,2,2,1,0,0,0,0,0
688,4,reward-greedy-2,reward-greedy,85,688,4,196,64,32,16,8,0,2,64,16,8,8,4,0,0,32,4,2,0,4,2,2,3,2,2,1,0,0,0,0,0
696,4,reward-greedy-2,reward-greedy,86,696,4,198,64,32,0,0,0,2,16,8,2,8,64,16,0,32,8,2,8,4,3,0,4,2,2,1,0,0,0,0,0
696,3,reward-greedy-2,reward-greedy,87,696,3,200,64,32,0,0,0,2,16,8,2,8,64,16,2,32,8,2,8,3,4,0,4,2,2,1,0,0,0,0,0
700,3,reward-greedy-2,reward-greedy,88,700,3,202,64,32,2,0,0,2,16,8,0,8,64,16,4,32,8,2,8,3,3,1,4,2,2,1,0,0,0,0,0
700,2,reward-greedy-2,reward-greedy,89,700,2,204,64,2,0,32,2,0,2,16,8,8,64,16,4,32,8,2,8,2,4,1,4,2,2,1,0,0,0,0,0
732,2,reward-greedy-2,reward-greedy,90,732,2,206,64,0,0,2,2,2,2,32,8,8,64,32,4,32,8,2,8,2,5,1,4,0,3,1,0,0,0,0,0
796,2,reward-greedy-2,reward-greedy,91,796,2,208,64,2,2,2,2,8,64,64,8,32,8,2,4,0,0,2,8,2,6,1,4,0,1,2,0,0,0,0,0
932,4,reward-greedy-2,reward-greedy,92,932,4,210,128,4,4,0,2,8,128,8,0,32,8,2,4,2,8,0,0,4,3,3,4,0,1,0,1,0,0,0,0
948,4,reward-greedy-2,reward-greedy,93,948,4,212,128,4,4,8,2,8,128,2,4,32,16,0,2,2,0,0,0,4,4,3,2,1,1,0,1,0,0,0,0
956,4,reward-greedy-2,reward-greedy,94,956,4,214,128,8,8,2,0,8,128,2,4,32,16,2,2,2,0,0,0,4,5,1,3,1,1,0,1,0,0,0,0
976,5,reward-greedy-2,reward-greedy,95,976,5,216,128,16,2,0,0,8,128,2,4,32,16,4,0,2,0,0,2,5,4,2,1,2,1,0,1,0,0,0,0
980,5,reward-greedy-2,reward-greedy,96,980,5,218,128,16,2,0,2,8,128,2,4,32,16,4,0,4,0,0,0,5,3,3,1,2,1,0,1,0,0,0,0
984,5,reward-greedy-2,reward-greedy,97,984,5,220,128,16,4,0,0,8,128,2,4,32,16,4,2,4,0,0,0,5,2,4,1,2,1,0,1,0,0,0,0
984,4,reward-greedy-2,reward-greedy,98,984,4,222,128,16,4,0,0,8,128,2,4,32,16,4,2,4,0,2,0,4,3,4,1,2,1,0,1,0,0,0,0
984,3,reward-greedy-2,reward-greedy,99,984,3,224,128,16,4,2,4,8,128,4,2,32,16,2,0,4,0,2,0,3,4,4,1,2,1,0,1,0,0,0,0
988,3,reward-greedy-2,reward-greedy,100,988,3,228,128,16,4,2,4,8,128,4,2,32,16,4,4,4,0,0,0,3,2,6,1,2,1,0,1,0,0,0,0
996,3,reward-greedy-2,reward-greedy,101,996,3,230,128,16,2,0,0,8,4,0,4,32,128,2,2,4,16,8,4,3,3,4,2,2,1,0,1,0,0,0,0
1008,4,reward-greedy-2,reward-greedy,102,1008,4,232,128,0,2,16,2,0,0,8,8,0,32,128,4,4,16,8,4,4,2,3,3,2,1,0,1,0,0,0,0
1024,4,reward-greedy-2,reward-greedy,103,1024,4,234,128,2,2,16,2,0,0,0,16,0,32,128,4,4,16,8,4,4,3,3,1,3,1,0,1,0,0,0,0
1032,4,reward-greedy-2,reward-greedy,104,1032,4,236,128,0,2,0,0,0,2,16,2,2,32,128,16,4,16,8,8,4,4,1,2,3,1,0,1,0,0,0,0
1048,4,reward-greedy-2,reward-greedy,105,1048,4,238,128,2,2,0,0,2,16,2,0,2,32,128,16,4,16,16,0,4,5,1,0,4,1,0,1,0,0,0,0
1084,5,reward-greedy-2,reward-greedy,106,1084,5,240,128,0,2,0,4,0,2,16,2,2,32,128,16,0,0,4,32,5,4,2,0,2,2,0,1,0,0,0,0
1088,5,reward-greedy-2,reward-greedy,107,1088,5,242,128,0,2,0,4,0,0,16,2,0,4,128,16,2,32,4,32,5,3,3,0,2,2,0,1,0,0,0,0
1088,4,reward-greedy-2,reward-greedy,108,1088,4,244,128,0,0,2,4,0,2,16,2,0,4,128,16,2,32,4,32,4,4,3,0,2,2,0,1,0,0,0,0
1088,3,reward-greedy-2,reward-greedy,109,1088,3,248,128,2,4,0,0,2,16,2,0,4,128,16,4,2,32,4,32,3,4,4,0,2,2,0,1,0,0,0,0
1092,3,reward-greedy-2,reward-greedy,110,1092,3,250,128,0,4,0,2,4,16,2,0,4,128,16,4,2,32,4,32,3,3,5,0,2,2,0,1,0,0,0,0
1100,3,reward-greedy-2,reward-greedy,111,1100,3,252,128,8,4,2,2,2,16,16,4,0,128,4,32,0,32,0,2,3,4,3,1,2,2,0,1,0,0,0,0
1136,4,reward-greedy-2,reward-greedy,112,1136,4,254,128,8,4,4,0,2,32,4,0,128,4,32,0,32,2,2,0,4,3,4,1,0,3,0,1,0,0,0,0
1148,5,reward-greedy-2,reward-greedy,113,1148,5,256,128,8,8,0,0,2,32,4,0,128,4,32,2,32,4,0,0,5,2,3,2,0,3,0,1,0,0,0,0
1164,5,reward-greedy-2,reward-greedy,114,1164,5,258,128,16,0,0,0,2,32,4,0,128,4,32,2,32,4,2,0,5,3,3,0,1,3,0,1,0,0,0,0
1172,5,reward-greedy-2,reward-greedy,115,1172,5,260,128,16,32,4,2,2,8,32,0,128,0,2,0,32,2,0,0,5,4,1,1,1,3,0,1,0,0,0,0
1172,4,reward-greedy-2,reward-greedy,116,1172,4,262,128,16,32,4,2,2,8,32,0,128,2,2,2,32,0,0,0,4,5,1,1,1,3,0,1,0,0,0,0
1176,4,reward-greedy-2,reward-greedy,117,1176,4,264,128,16,32,4,2,2,8,32,0,128,4,2,2,32,0,0,0,4,4,2,1,1,3,0,1,0,0,0,0
1180,4,reward-greedy-2,reward-greedy,118,1180,4,266,128,16,32,4,2,2,2,8,32,0,128,4,4,0,0,0,32,4,3,3,1,1,3,0,1,0,0,0,0
1192,5,reward-greedy-2,reward-greedy,119,1192,5,268,128,16,32,4,2,4,8,32,0,128,8,0,0,32,0,0,2,5,2,2,2,1,3,0,1,0,0,0,0
1212,6,reward-greedy-2,reward-greedy,120,1212,6,270,128,16,32,4,4,4,16,32,0,128,0,0,2,32,0,0,0,6,1,3,0,2,3,0,1,0,0,0,0
1220,6,reward-greedy-2,reward-greedy,121,1220,6,272,128,0,16,32,8,2,4,16,32,0,0,128,2,0,0,0,32,6,2,1,1,2,3,0,1,0,0,0,0
1220,5,reward-greedy-2,reward-greedy,122,1220,5,274,128,2,0,0,8,0,0,32,32,0,16,16,2,2,4,128,32,5,3,1,1,2,3,0,1,0,0,0,0
1316,6,reward-greedy-2,reward-greedy,123,1316,6,276,128,0,0,2,8,0,0,0,64,0,2,32,2,2,4,128,32,6,4,1,1,0,2,1,1,0,0,0,0
1316,5,reward-greedy-2,reward-greedy,124,1316,5,280,128,2,8,0,4,64,0,0,0,2,32,2,0,2,4,128,32,5,4,2,1,0,2,1,1,0,0,0,0
1320,5,reward-greedy-2,reward-greedy,125,1320,5,282,128,2,8,2,4,64,32,128,32,4,4,0,0,2,0,0,0,5,3,3,1,0,2,1,1,0,0,0,0
1328,5,reward-greedy-2,reward-greedy,126,1328,5,284,128,2,8,2,4,64,32,128,32,0,0,0,8,0,2,0,2,5,4,1,2,0,2,1,1,0,0,0,0
1332,5,reward-greedy-2,reward-greedy,127,1332,5,286,128,2,8,2,4,64,32,128,32,8,2,0,0,4,0,0,0,5,3,2,2,0,2,1,1,0,0,0,0
1332,4,reward-greedy-2,reward-greedy,128,1332,4,288,128,2,8,2,4,64,32,128,32,8,2,0,2,4,0,0,0,4,4,2,2,0,2,1,1,0,0,0,0
1336,4,reward-greedy-2,reward-greedy,129,1336,4,290,128,2,8,2,4,64,32,128,32,0,0,8,4,2,0,0,4,4,3,3,2,0,2,1,1,0,0,0,0
1344,4,reward-greedy-2,reward-greedy,130,1344,4,292,128,0,0,0,0,2,2,2,4,64,8,128,32,2,32,8,8,4,4,1,3,0,2,1,1,0,0,0,0
1364,5,reward-greedy-2,reward-greedy,131,1364,5,294,128,0,0,0,2,4,2,4,0,64,8,128,32,2,32,16,0,5,3,2,1,1,2,1,1,0,0,0,0
1364,4,reward-greedy-2,reward-greedy,132,1364,4,296,128,0,0,0,2,0,4,2,4,64,8,128,32,2,2,32,16,4,4,2,1,1,2,1,1,0,0,0,0
1368,4,reward-greedy-2,reward-greedy,133,1368,4,298,128,2,0,2,0,4,2,4,0,64,8,128,32,4,32,16,0,4,3,3,1,1,2,1,1,0,0,0,0
1372,4,reward-greedy-2,reward-greedy,134,1372,4,302,128,0,4,0,4,0,4,2,4,64,8,128,32,0,4,32,16,4,1,5,1,1,2,1,1,0,0,0,0
1388,5,reward-greedy-2,reward-greedy,135,1388,5,304,128,2,0,0,0,0,8,2,8,0,8,128,32,64,4,32,16,5,2,1,3,1,2,1,1,0,0,0,0
1404,5,reward-greedy-2,reward-greedy,136,1404,5,308,128,0,0,4,0,0,0,2,8,2,16,128,32,64,4,32,16,5,2,2,1,2,2,1,1,0,0,0,0
1404,4,reward-greedy-2,reward-greedy,137,1404,4,310,128,0,0,4,0,0,2,2,8,2,16,128,32,64,4,32,16,4,3,2,1,2,2,1,1,0,0,0,0
1408,4,reward-greedy-2,reward-greedy,138,1408,4,312,128,2,0,0,4,0,0,4,8,2,16,128,32,64,4,32,16,4,2,3,1,2,2,1,1,0,0,0,0
1412,4,reward-greedy-2,reward-greedy,139,1412,4,314,128,0,2,0,4,0,0,4,8,4,16,128,32,64,4,32,16,4,1,4,1,2,2,1,1,0,0,0,0
1412,3,reward-greedy-2,reward-greedy,140,1412,3,316,128,2,4,0,0,4,8,0,2,4,16,128,32,64,4,32,16,3,2,4,1,2,2,1,1,0,0,0,0
1420,3,reward-greedy-2,reward-greedy,141,1420,3,318,128,2,4,128,2,8,8,32,32,64,16,0,16,0,4,0,2,3,3,2,2,2,2,1,1,0,0,0,0
1532,5,reward-greedy-2,reward-greedy,142,1532,5,320,128,2,4,128,2,0,0,16,64,0,0,64,32,2,0,4,2,5,4,2,0,1,1,2,1,0,0,0,0
1536,5,reward-greedy-2,reward-greedy,143,1536,5,324,128,0,0,128,2,0,0,16,64,0,4,64,32,4,4,4,2,5,2,4,0,1,1,2,1,0,0,0,0
1544,5,reward-greedy-2,reward-greedy,144,1544,5,328,128,0,0,128,2,0,4,16,64,0,4,64,32,0,4,8,2,5,2,3,1,1,1,2,1,0,0,0,0
1552,5,reward-greedy-2,reward-greedy,145,1552,5,330,128,0,8,128,2,2,4,16,64,0,0,64,32,0,0,8,2,5,3,1,2,1,1,2,1,0,0,0,0
1552,4,reward-greedy-2,reward-greedy,146,1552,4,332,128,8,128,2,0,2,4,16,64,64,32,2,0,8,2,0,0,4,4,1,2,1,1,2,1,0,0,0,0
1552,3,reward-greedy-2,reward-greedy,147,1552,3,334,128,8,128,2,64,2,4,16,0,64,32,2,2,8,2,0,0,3,5,1,2,1,1,2,1,0,0,0,0
1556,3,reward-greedy-2,reward-greedy,148,1556,3,336,128,8,128,2,64,2,4,16,0,64,32,4,0,8,2,0,2,3,4,2,2,1,1,2,1,0,0,0,0
1560,3,reward-greedy-2,reward-greedy,149,1560,3,338,128,8,128,2,64,2,4,16,0,64,32,4,2,8,4,0,0,3,3,3,2,1,1,2,1,0,0,0,0
1560,2,reward-greedy-2,reward-greedy,150,1560,2,340,128,8,128,2,64,2,4,16,2,64,32,4,0,8,4,0,2,2,4,3,2,1,1,2,1,0,0,0,0
1564,2,reward-greedy-2,reward-greedy,151,1564,2,342,128,8,128,0,0,2,4,2,2,64,32,16,64,8,4,4,4,2,3,4,2,1,1,2,1,0,0,0,0
1576,3,reward-greedy-2,reward-greedy,152,1576,3,344,128,0,0,8,128,2,2,4,4,64,32,16,64,0,8,4,8,3,2,3,3,1,1,2,1,0,0,0,0
1588,4,reward-greedy-2,reward-greedy,153,1588,4,346,128,8,128,2,0,4,8,0,0,64,32,16,64,8,4,8,0,4,1,2,4,1,1,2,1,0,0,0,0
1588,3,reward-greedy-2,reward-greedy,154,1588,3,348,128,8,128,0,2,4,8,2,0,64,32,16,0,8,4,8,64,3,2,2,4,1,1,2,1,0,0,0,0
1588,2,reward-greedy-2,reward-greedy,155,1588,2,350,128,8,128,2,2,4,8,16,64,64,32,8,2,8,4,0,0,2,3,2,4,1,1,2,1,0,0,0,0
1592,2,reward-greedy-2,reward-greedy,156,1592,2,352,128,2,8,128,4,4,8,16,64,64,32,8,2,0,0,8,4,2,2,3,4,1,1,2,1,0,0,0,0
1624,3,reward-greedy-2,reward-greedy,157,1624,3,354,128,2,16,128,4,4,32,16,64,64,0,16,2,0,0,2,4,3,3,3,0,3,1,2,1,0,0,0,0
1656,3,reward-greedy-2,reward-greedy,158,1656,3,356,128,0,0,0,4,2,2,128,64,4,16,32,2,64,32,2,4,3,4,3,0,1,2,2,1,0,0,0,0
1660,3,reward-greedy-2,reward-greedy,159,1660,3,358,128,4,0,0,0,4,128,64,2,4,16,32,2,64,32,2,4,3,3,4,0,1,2,2,1,0,0,0,0
1672,4,reward-greedy-2,reward-greedy,160,1672,4,360,128,0,2,0,0,4,128,64,0,8,16,32,4,64,32,2,4,4,2,3,1,1,2,2,1,0,0,0,0
1680,4,reward-greedy-2,reward-greedy,161,1680,4,362,128,0,2,0,2,4,128,64,0,8,16,32,0,64,32,2,8,4,3,1,2,1,2,2,1,0,0,0,0
1684,4,reward-greedy-2,reward-greedy,162,1684,4,364,128,0,2,0,4,0,4,128,64,0,8,16,32,64,32,2,8,4,2,2,2,1,2,2,1,0,0,0,0
1684,3,reward-greedy-2,reward-greedy,163,1684,3,366,128,64,2,128,4,0,4,16,64,0,8,2,32,0,32,2,8,3,3,2,2,1,2,2,1,0,0,0,0
1688,3,reward-greedy-2,reward-greedy,164,1688,3,368,128,0,2,0,4,2,4,128,64,0,8,16,32,64,32,4,8,3,2,3,2,1,2,2,1,0,0,0,0
1688,2,reward-greedy-2,reward-greedy,165,1688,2,370,128,2,4,2,0,2,4,128,64,8,16,32,0,64,32,4,8,2,3,3,2,1,2,2,1,0,0,0,0
1700,3,reward-greedy-2,reward-greedy,166,1700,3,372,128,4,8,2,64,8,16,128,8,64,32,32,0,0,0,4,2,3,2,2,3,1,2,2,1,0,0,0,0
1764,3,reward-greedy-2,reward-greedy,167,1764,3,374,128,4,8,2,64,8,16,128,8,0,0,64,64,0,2,4,2,3,3,2,3,1,0,3,1,0,0,0,0
1892,3,reward-greedy-2,reward-greedy,168,1892,3,376,128,4,8,2,64,8,16,128,8,128,0,0,0,2,4,2,2,3,4,2,3,1,0,1,2,0,0,0,0
1896,3,reward-greedy-2,reward-greedy,169,1896,3,378,128,4,8,2,64,8,16,128,8,128,0,2,0,2,4,4,0,3,3,3,3,1,0,1,2,0,0,0,0
1904,3,reward-greedy-2,reward-greedy,170,1904,3,380,128,4,8,2,64,8,16,128,8,0,2,128,2,0,0,2,8,3,4,1,4,1,0,1,2,0,0,0,0
2160,3,reward-greedy-2,reward-greedy,171,2160,3,382,256,0,0,2,64,0,8,2,8,4,16,256,2,8,2,2,8,3,5,1,4,1,0,1,0,1,0,0,0
2164,3,reward-greedy-2,reward-greedy,172,2164,3,384,256,0,0,2,64,2,8,2,8,4,16,256,2,0,8,4,8,3,4,2,4,1,0,1,0,1,0,0,0
2168,3,reward-greedy-2,reward-greedy,173,2168,3,386,256,0,2,0,64,0,8,4,8,2,16,256,2,4,8,4,8,3,3,3,4,1,0,1,0,1,0,0,0
2168,2,reward-greedy-2,reward-greedy,174,2168,2,388,256,0,2,2,64,0,8,4,8,2,16,256,2,4,8,4,8,2,4,3,4,1,0,1,0,1,0,0,0
2172,2,reward-greedy-2,reward-greedy,175,2172,2,390,256,0,2,4,64,0,8,4,8,2,16,256,2,4,8,4,8,2,3,4,4,1,0,1,0,1,0,0,0
2180,2,reward-greedy-2,reward-greedy,176,2180,2,392,256,2,2,8,64,4,8,256,8,0,16,4,2,2,8,0,8,2,4,2,5,1,0,1,0,1,0,0,0
2200,3,reward-greedy-2,reward-greedy,177,2200,3,394,256,4,8,64,0,4,8,256,8,16,4,2,0,2,16,0,2,3,3,3,3,2,0,1,0,1,0,0,0
2224,4,reward-greedy-2,reward-greedy,178,2224,4,396,256,8,16,64,8,16,4,256,2,2,16,2,0,2,0,0,0,4,4,1,2,3,0,1,0,1,0,0,0
2228,4,reward-greedy-2,reward-greedy,179,2228,4,398,256,8,16,64,8,16,4,256,2,4,16,2,0,0,0,2,0,4,3,2,2,3,0,1,0,1,0,0,0
2232,4,reward-greedy-2,reward-greedy,180,2232,4,400,256,8,16,64,8,16,4,256,2,4,16,4,0,0,2,0,0,4,2,3,2,3,0,1,0,1,0,0,0
2232,3,reward-greedy-2,reward-greedy,181,2232,3,402,256,0,16,0,0,8,4,64,2,16,16,256,8,4,2,4,2,3,3,3,2,3,0,1,0,1,0,0,0
2264,3,reward-greedy-2,reward-greedy,182,2264,3,404,256,16,0,0,2,8,4,64,2,32,256,8,0,4,2,4,2,3,4,3,2,1,1,1,0,1,0,0,0
2268,3,reward-greedy-2,reward-greedy,183,2268,3,406,256,16,4,64,4,8,256,8,2,32,2,4,0,4,0,0,2,3,3,4,2,1,1,1,0,1,0,0,0
2272,3,reward-greedy-2,reward-greedy,184,2272,3,408,256,16,4,64,4,8,256,8,4,32,2,4,2,4,0,0,0,3,2,5,2,1,1,1,0,1,0,0,0
2280,3,reward-greedy-2,reward-greedy,185,2280,3,410,256,16,4,64,8,8,256,8,2,32,2,4,2,4,0,0,0,3,3,3,3,1,1,1,0,1,0,0,0
2284,3,reward-greedy-2,reward-greedy,186,2284,3,414,256,16,4,64,8,8,256,8,4,32,2,4,0,4,0,0,4,3,1,5,3,1,1,1,0,1,0,0,0
2292,3,reward-greedy-2,reward-greedy,187,2292,3,416,256,16,4,64,8,8,256,8,4,0,32,2,4,0,0,2,8,3,2,3,4,1,1,1,0,1,0,0,0
2304,4,reward-greedy-2,reward-greedy,188,2304,4,418,256,0,0,0,0,2,4,64,8,16,256,8,8,8,32,4,8,4,1,2,5,1,1,1,0,1,0,0,0
2320,4,reward-greedy-2,reward-greedy,189,2320,4,420,256,0,0,0,2,2,4,64,8,0,16,256,16,8,32,4,8,4,2,2,3,2,1,1,0,1,0,0,0
2320,3,reward-greedy-2,reward-greedy,190,2320,3,422,256,2,4,64,2,8,16,256,8,0,32,4,16,0,0,2,8,3,3,2,3,2,1,1,0,1,0,0,0
2320,2,reward-greedy-2,reward-greedy,191,2320,2,424,256,2,4,64,2,8,16,256,8,0,32,4,16,2,0,2,8,2,4,2,3,2,1,1,0,1,0,0,0
2324,2,reward-greedy-2,reward-greedy,192,2324,2,426,256,2,4,64,2,8,16,256,8,32,4,16,0,4,8,0,2,2,3,3,3,2,1,1,0,1,0,0,0
2324,1,reward-greedy-2,reward-greedy,193,2324,1,428,256,2,4,64,2,8,16,256,8,32,4,16,0,4,8,2,2,1,4,3,3,2,1,1,0,1,0,0,0
2328,1,reward-greedy-2,reward-greedy,194,2328,1,430,256,2,4,64,2,8,16,256,8,0,32,4,16,2,4,8,4,1,3,4,3,2,1,1,0,1,0,0,0
2328,0,reward-greedy-2,reward-greedy,195,2328,0,432,256,2,4,64,2,2,16,256,8,8,32,4,16,2,4,8,4,0,4,4,3,2,1,1,0,1,0,0,0
2332,0,reward-greedy-2,reward-greedy,196,2332,0,434,256,2,4,64,2,4,16,256,8,8,32,4,16,2,4,8,4,0,3,5,3,2,1,1,0,1,0,0,0
0,13,reward-greedy-3,reward-greedy,0,0,13,6,2,2,0,2,0,0,0,0,0,2,0,0,0,0,0,0,0,13,3,0,0,0,0,0,0,0,0,0,0
4,13,reward-greedy-3,reward-greedy,1,4,13,8,4,0,0,0,4,0,0,0,0,0,0,0,2,0,0,0,2,13,2,1,0,0,0,0,0,0,0,0,0
8,13,reward-greedy-3,reward-greedy,2,8,13,10,4,0,0,0,4,0,0,0,4,2,0,0,0,0,0,0,0,13,1,2,0,0,0,0,0,0,0,0,0
16,13,reward-greedy-3,reward-greedy,3,16,13,12,8,0,0,2,0,0,0,0,0,0,0,0,0,2,0,0,8,13,2,0,1,0,0,0,0,0,0,0,0
16,12,reward-greedy-3,reward-greedy,4,16,12,14,8,2,0,0,0,0,0,0,0,0,0,2,0,2,8,0,0,12,3,0,1,0,0,0,0,0,0,0,0
20,12,reward-greedy-3,reward-greedy,5,20,12,16,8,0,0,0,2,0,0,0,0,0,0,0,0,4,8,2,0,12,2,1,1,0,0,0,0,0,0,0,0
20,11,reward-greedy-3,reward-greedy,6,20,11,18,8,4,8,2,2,0,0,0,0,0,0,0,0,0,0,2,0,11,3,1,1,0,0,0,0,0,0,0,0
24,11,reward-greedy-3,reward-greedy,7,24,11,20,8,0,4,8,4,0,0,0,2,0,0,0,0,0,0,0,2,11,2,2,1,0,0,0,0,0,0,0,0
28,11,reward-greedy-3,reward-greedy,8,28,11,22,8,0,4,8,4,0,0,0,4,0,2,0,0,0,0,0,0,11,1,3,1,0,0,0,0,0,0,0,0
36,11,reward-greedy-3,reward-greedy,9,36,11,24,8,0,4,8,8,2,2,0,0,0,0,0,0,0,0,0,0,11,2,1,2,0,0,0,0,0,0,0,0
56,12,reward-greedy-3,reward-greedy,10,56,12,26,16,4,16,0,0,4,2,0,0,0,0,0,0,0,0,0,0,12,1,2,0,1,0,0,0,0,0,0,0
64,12,reward-greedy-3,reward-greedy,11,64,12,28,16,8,16,0,2,0,2,0,0,0,0,0,0,0,0,0,0,12,2,0,1,1,0,0,0,0,0,0,0
64,11,reward-greedy-3,reward-greedy,12,64,11,30,16,0,8,16,2,0,0,0,2,0,0,0,2,0,0,0,0,11,3,0,1,1,0,0,0,0,0,0,0
68,11,reward-greedy-3,reward-greedy,13,68,11,32,16,0,8,16,4,0,0,0,2,0,2,0,0,0,0,0,0,11,2,1,1,1,0,0,0,0,0,0,0
68,10,reward-greedy-3,reward-greedy,14,68,10,34,16,8,16,4,0,2,2,0,0,2,0,0,0,0,0,0,0,10,3,1,1,1,0,0,0,0,0,0,0
72,10,reward-greedy-3,reward-greedy,15,72,10,36,16,8,16,4,0,4,0,0,0,2,0,0,0,0,2,0,0,10,2,2,1,1,0,0,0,0,0,0,0
72,9,reward-greedy-3,reward-greedy,16,72,9,38,16,0,8,16,4,2,0,0,4,0,0,0,2,0,0,0,2,9,3,2,1,1,0,0,0,0,0,0,0
84,10,reward-greedy-3,reward-greedy,17,84,10,40,16,2,8,16,8,0,0,0,4,0,0,0,0,0,0,0,2,10,2,1,2,1,0,0,0,0,0,0,0
84,9,reward-greedy-3,reward-greedy,18,84,9,42,16,2,8,16,8,0,0,0,4,0,0,0,2,0,0,0,2,9,3,1,2,1,0,0,0,0,0,0,0
88,9,reward-greedy-3,reward-greedy,19,88,9,44,16,0,0,0,0,0,0,2,8,0,0,0,4,2,8,16,4,9,2,2,2,1,0,0,0,0,0,0,0
96,9,reward-greedy-3,reward-greedy,20,96,9,46,16,0,0,0,0,0,2,0,0,0,0,2,8,2,8,16,8,9,3,0,3,1,0,0,0,0,0,0,0
112,9,reward-greedy-3,reward-greedy,21,112,9,48,16,0,0,0,0,0,2,0,0,0,2,2,0,2,8,16,16,9,4,0,1,2,0,0,0,0,0,0,0
148,10,reward-greedy-3,reward-greedy,22,148,10,50,32,0,0,0,0,2,0,2,0,4,0,0,0,2,8,32,0,10,3,1,1,0,1,0,0,0,0,0,0
152,10,reward-greedy-3,reward-greedy,23,152,10,52,32,0,0,0,2,4,0,0,0,4,0,0,0,2,8,32,0,10,2,2,1,0,1,0,0,0,0,0,0
160,10,reward-greedy-3,reward-greedy,24,160,10,54,32,8,8,32,2,2,0,0,0,0,0,0,0,0,0,2,0,10,3,0,2,0,1,0,0,0,0,0,0
176,10,reward-greedy-3,reward-greedy,25,176,10,56,32,0,16,32,2,0,0,0,2,0,0,2,0,0,0,0,2,10,4,0,0,1,1,0,0,0,0,0,0
180,10,reward-greedy-3,reward-greedy,26,180,10,58,32,0,2,0,0,0,0,0,0,0,0,32,2,0,16,2,4,10,3,1,0,1,1,0,0,0,0,0,0
180,9,reward-greedy-3,reward-greedy,27,180,9,60,32,0,0,0,0,0,0,0,0,2,2,32,2,0,16,2,4,9,4,1,0,1,1,0,0,0,0,0,0
184,9,reward-greedy-3,reward-greedy,28,184,9,62,32,2,0,0,0,0,0,0,0,4,32,2,0,16,2,4,0,9,3,2,0,1,1,0,0,0,0,0,0
184,8,reward-greedy-3,reward-greedy,29,184,8,64,32,0,0,0,0,2,0,0,0,4,32,2,2,16,2,4,0,8,4,2,0,1,1,0,0,0,0,0,0
188,8,reward-greedy-3,reward-greedy,30,188,8,66,32,0,0,0,0,2,0,0,0,4,32,4,0,16,2,4,2,8,3,3,0,1,1,0,0,0,0,0,0
196,8,reward-greedy-3,reward-greedy,31,196,8,70,32,0,0,0,0,2,4,0,0,4,32,0,0,16,2,8,2,8,3,2,1,1,1,0,0,0,0,0,0
196,7,reward-greedy-3,reward-greedy,32,196,7,72,32,0,0,0,0,2,4,0,2,4,32,0,0,16,2,8,2,7,4,2,1,1,1,0,0,0,0,0,0
200,7,reward-greedy-3,reward-greedy,33,200,7,74,32,2,4,8,4,4,32,2,0,16,2,0,0,0,0,0,0,7,3,3,1,1,1,0,0,0,0,0,0
200,6,reward-greedy-3,reward-greedy,34,200,6,78,32,2,4,8,4,4,32,2,0,16,2,0,0,0,0,4,0,6,3,4,1,1,1,0,0,0,0,0,0
200,5,reward-greedy-3,reward-greedy,35,200,5,80,32,2,4,8,4,4,32,2,0,16,2,4,0,0,0,0,2,5,4,4,1,1,1,0,0,0,0,0,0
200,4,reward-greedy-3,reward-greedy,36,200,4,82,32,0,0,0,0,2,4,8,2,4,32,2,4,16,2,4,2,4,5,4,1,1,1,0,0,0,0,0,0
200,3,reward-greedy-3,reward-greedy,37,200,3,84,32,0,0,2,0,2,4,8,2,4,32,2,4,16,2,4,2,3,6,4,1,1,1,0,0,0,0,0,0
200,2,reward-greedy-3,reward-greedy,38,200,2,86,32,0,0,2,2,2,4,8,2,4,32,2,4,16,2,4,2,2,7,4,1,1,1,0,0,0,0,0,0
204,2,reward-greedy-3,reward-greedy,39,204,2,88,32,2,0,2,0,2,4,8,4,4,32,2,4,16,2,4,2,2,6,5,1,1,1,0,0,0,0,0,0
216,3,reward-greedy-3,reward-greedy,40,216,3,90,32,4,4,2,8,4,32,8,2,16,2,2,0,0,2,4,0,3,5,4,2,1,1,0,0,0,0,0,0
228,4,reward-greedy-3,reward-greedy,41,228,4,92,32,0,0,2,0,0,4,8,2,8,32,2,8,16,4,4,2,4,4,3,3,1,1,0,0,0,0,0,0
236,4,reward-greedy-3,reward-greedy,42,236,4,94,32,2,0,2,0,4,8,2,0,8,32,2,8,16,8,2,0,4,5,1,4,1,1,0,0,0,0,0,0
244,5,reward-greedy-3,reward-greedy,43,244,5,96,32,2,0,2,0,4,8,0,0,8,32,4,0,16,8,4,8,5,2,3,4,1,1,0,0,0,0,0,0
252,5,reward-greedy-3,reward-greedy,44,252,5,100,32,2,8,2,8,4,32,8,0,8,8,0,4,16,0,0,0,5,2,2,5,1,1,0,0,0,0,0,0
268,5,reward-greedy-3,reward-greedy,45,268,5,102,32,2,8,2,8,2,4,32,8,0,0,16,4,0,0,0,16,5,3,2,3,2,1,0,0,0,0,0,0
288,6,reward-greedy-3,reward-greedy,46,288,6,104,32,4,8,2,16,0,4,32,4,0,0,16,16,0,2,0,0,6,2,3,1,3,1,0,0,0,0,0,0
320,6,reward-greedy-3,reward-greedy,47,320,6,106,32,4,8,2,16,4,32,4,2,32,0,0,0,2,0,0,0,6,3,3,1,1,2,0,0,0,0,0,0
328,6,reward-greedy-3,reward-greedy,48,328,6,108,32,8,8,2,16,32,32,4,2,2,0,0,0,2,0,0,0,6,4,1,2,1,2,0,0,0,0,0,0
408,7,reward-greedy-3,reward-greedy,49,408,7,110,64,2,16,2,16,0,64,4,2,0,0,0,2,0,0,0,2,7,5,1,0,2,0,1,0,0,0,0,0
412,7,reward-greedy-3,reward-greedy,50,412,7,112,64,0,0,0,0,0,2,0,16,0,16,2,2,2,64,4,4,7,4,2,0,2,0,1,0,0,0,0,0
424,8,reward-greedy-3,reward-greedy,51,424,8,114,64,0,0,0,0,0,0,2,16,2,0,16,4,0,2,64,8,8,3,1,1,2,0,1,0,0,0,0,0
424,7,reward-greedy-3,reward-greedy,52,424,7,116,64,0,2,0,0,0,0,2,16,0,2,16,4,0,2,64,8,7,4,1,1,2,0,1,0,0,0,0,0
428,7,reward-greedy-3,reward-greedy,53,428,7,118,64,0,0,2,0,0,0,2,16,0,2,16,4,0,4,64,8,7,3,2,1,2,0,1,0,0,0,0,0
432,7,reward-greedy-3,reward-greedy,54,432,7,120,64,0,2,4,16,0,4,16,4,2,0,64,8,0,0,0,0,7,2,3,1,2,0,1,0,0,0,0,0
432,6,reward-greedy-3,reward-greedy,55,432,6,124,64,2,4,16,0,4,16,4,0,2,64,8,0,0,0,4,0,6,2,4,1,2,0,1,0,0,0,0,0
432,5,reward-greedy-3,reward-greedy,56,432,5,126,64,0,0,16,0,2,4,4,0,4,16,8,0,2,64,4,2,5,3,4,1,2,0,1,0,0,0,0,0
440,5,reward-greedy-3,reward-greedy,57,440,5,128,64,0,2,0,16,0,0,2,8,0,4,16,8,2,64,4,2,5,4,2,2,2,0,1,0,0,0,0,0
456,5,reward-greedy-3,reward-greedy,58,456,5,130,64,2,2,2,16,2,4,16,16,0,64,4,2,0,0,0,0,5,5,2,0,3,0,1,0,0,0,0,0
492,6,reward-greedy-3,reward-greedy,59,492,6,134,64,4,2,2,32,4,4,16,2,0,64,4,0,0,0,0,0,6,3,4,0,1,1,1,0,0,0,0,0
504,7,reward-greedy-3,reward-greedy,60,504,7,136,64,0,4,4,32,0,8,16,2,0,0,64,4,0,0,0,2,7,2,3,1,1,1,1,0,0,0,0,0
512,7,reward-greedy-3,reward-greedy,61,512,7,138,64,8,32,0,2,8,16,2,0,64,4,0,0,2,0,0,0,7,3,1,2,1,1,1,0,0,0,0,0
528,7,reward-greedy-3,reward-greedy,62,528,7,142,64,4,0,0,0,16,32,0,0,64,16,0,0,2,4,2,2,7,3,2,0,2,1,1,0,0,0,0,0
532,7,reward-greedy-3,reward-greedy,63,532,7,146,64,4,0,0,0,16,32,0,0,64,16,0,0,2,4,4,4,7,1,4,0,2,1,1,0,0,0,0,0
540,7,reward-greedy-3,reward-greedy,64,540,7,148,64,2,0,0,4,0,0,16,32,0,0,64,16,0,2,4,8,7,2,2,1,2,1,1,0,0,0,0,0
540,6,reward-greedy-3,reward-greedy,65,540,6,152,64,0,0,2,4,0,4,16,32,0,0,64,16,0,2,4,8,6,2,3,1,2,1,1,0,0,0,0,0
540,5,reward-greedy-3,reward-greedy,66,540,5,154,64,2,4,0,2,4,16,32,0,64,16,0,0,2,4,8,0,5,3,3,1,2,1,1,0,0,0,0,0
572,5,reward-greedy-3,reward-greedy,67,572,5,156,64,2,0,0,0,4,4,0,0,64,32,32,2,2,4,8,2,5,4,3,1,0,2,1,0,0,0,0,0
644,6,reward-greedy-3,reward-greedy,68,644,6,158,64,2,0,0,0,8,0,0,0,64,64,2,2,2,4,8,2,6,5,1,2,0,0,2,0,0,0,0,0
776,7,reward-greedy-3,reward-greedy,69,776,7,162,128,0,0,0,2,4,0,0,8,0,0,128,4,2,4,8,2,7,3,3,2,0,0,0,1,0,0,0,0
776,6,reward-greedy-3,reward-greedy,70,776,6,164,128,0,0,0,2,0,2,0,8,4,0,128,4,2,4,8,2,6,4,3,2,0,0,0,1,0,0,0,0
776,5,reward-greedy-3,reward-greedy,71,776,5,166,128,4,2,128,2,2,4,8,8,0,2,0,4,0,0,0,2,5,5,3,2,0,0,0,1,0,0,0,0
792,5,reward-greedy-3,reward-greedy,72,792,5,168,128,4,2,128,2,0,2,4,16,0,0,2,4,0,2,0,2,5,6,3,0,1,0,0,1,0,0,0,0
796,5,reward-greedy-3,reward-greedy,73,796,5,170,128,0,0,0,2,2,0,128,16,0,2,4,4,4,4,2,2,5,5,4,0,1,0,0,1,0,0,0,0
816,7,reward-greedy-3,reward-greedy,74,816,7,172,128,0,0,2,2,0,2,128,16,0,0,2,8,0,0,8,4,7,4,1,2,1,0,0,1,0,0,0,0
820,7,reward-greedy-3,reward-greedy,75,820,7,174,128,0,0,0,4,0,2,128,16,0,2,2,8,0,0,8,4,7,3,2,2,1,0,0,1,0,0,0,0
824,7,reward-greedy-3,reward-greedy,76,824,7,176,128,0,0,0,4,0,0,128,16,0,0,2,8,2,4,8,4,7,2,3,2,1,0,0,1,0,0,0,0
824,6,reward-greedy-3,reward-greedy,77,824,6,178,128,0,0,0,4,0,0,128,16,0,2,2,8,2,4,8,4,6,3,3,2,1,0,0,1,0,0,0,0
828,6,reward-greedy-3,reward-greedy,78,828,6,180,128,0,2,0,4,0,0,128,16,0,0,4,8,2,4,8,4,6,2,4,2,1,0,0,1,0,0,0,0
828,5,reward-greedy-3,reward-greedy,79,828,5,182,128,2,0,2,4,0,0,128,16,0,0,4,8,2,4,8,4,5,3,4,2,1,0,0,1,0,0,0,0
832,5,reward-greedy-3,reward-greedy,80,832,5,184,128,4,4,0,0,128,16,0,2,4,8,0,0,2,4,8,4,5,2,5,2,1,0,0,1,0,0,0,0
840,5,reward-greedy-3,reward-greedy,81,840,5,186,128,8,0,0,0,128,16,2,0,4,8,0,2,2,4,8,4,5,3,3,3,1,0,0,1,0,0,0,0
840,4,reward-greedy-3,reward-greedy,82,840,4,188,128,0,0,0,8,0,128,16,2,2,4,8,2,2,4,8,4,4,4,3,3,1,0,0,1,0,0,0,0
872,7,reward-greedy-3,reward-greedy,83,872,7,190,128,4,128,16,8,0,8,16,4,0,0,0,4,0,0,2,0,7,1,3,2,2,0,0,1,0,0,0,0
912,8,reward-greedy-3,reward-greedy,84,912,8,192,128,4,128,32,8,0,8,2,8,0,0,2,0,0,0,0,0,8,2,1,3,0,1,0,1,0,0,0,0
932,9,reward-greedy-3,reward-greedy,85,932,9,194,128,4,128,32,16,0,8,4,0,0,0,0,0,0,0,0,2,9,1,2,1,1,1,0,1,0,0,0,0
932,8,reward-greedy-3,reward-greedy,86,932,8,198,128,0,4,0,0,0,0,0,0,0,128,32,16,4,8,4,2,8,1,3,1,1,1,0,1,0,0,0,0
932,7,reward-greedy-3,reward-greedy,87,932,7,200,128,4,2,0,0,0,0,0,0,128,32,16,0,4,8,4,2,7,2,3,1,1,1,0,1,0,0,0,0
932,6,reward-greedy-3,reward-greedy,88,932,6,202,128,4,2,16,2,128,32,4,0,4,8,0,0,0,0,0,2,6,3,3,1,1,1,0,1,0,0,0,0
936,6,reward-greedy-3,reward-greedy,89,936,6,206,128,4,2,16,4,128,32,4,4,4,8,0,0,0,0,0,0,6,1,5,1,1,1,0,1,0,0,0,0
944,6,reward-greedy-3,reward-greedy,90,944,6,208,128,0,0,0,2,4,2,0,0,128,32,16,0,4,8,4,8,6,2,3,2,1,1,0,1,0,0,0,0
944,5,reward-greedy-3,reward-greedy,91,944,5,212,128,0,0,4,2,0,0,4,2,0,128,32,16,4,8,4,8,5,2,4,2,1,1,0,1,0,0,0,0
956,6,reward-greedy-3,reward-greedy,92,956,6,214,128,4,128,8,4,0,8,32,16,0,0,4,8,0,0,2,0,6,1,3,3,1,1,0,1,0,0,0,0
956,5,reward-greedy-3,reward-greedy,93,956,5,216,128,4,128,8,4,8,32,16,0,4,8,0,2,2,0,0,0,5,2,3,3,1,1,0,1,0,0,0,0
956,4,reward-greedy-3,reward-greedy,94,956,4,218,128,4,128,8,4,0,8,32,16,0,4,8,2,0,0,2,2,4,3,3,3,1,1,0,1,0,0,0,0
960,4,reward-greedy-3,reward-greedy,95,960,4,220,128,4,128,8,4,8,32,16,0,4,8,2,2,4,0,0,0,4,2,4,3,1,1,0,1,0,0,0,0
968,4,reward-greedy-3,reward-greedy,96,968,4,222,128,4,128,8,4,8,32,16,2,8,8,2,0,0,0,2,0,4,3,2,4,1,1,0,1,0,0,0,0
988,5,reward-greedy-3,reward-greedy,97,988,5,226,128,4,128,8,4,16,32,16,2,0,8,4,0,0,4,0,0,5,1,4,2,2,1,0,1,0,0,0,0
988,4,reward-greedy-3,reward-greedy,98,988,4,228,128,4,128,8,4,16,32,16,2,8,4,0,0,4,0,0,2,4,2,4,2,2,1,0,1,0,0,0,0
992,4,reward-greedy-3,reward-greedy,99,992,4,230,128,4,0,2,0,16,128,0,0,8,32,8,4,4,4,16,4,4,1,5,2,2,1,0,1,0,0,0,0
1000,4,reward-greedy-3,reward-greedy,100,1000,4,232,128,4,2,0,0,16,128,0,0,8,32,8,4,8,16,4,2,4,2,3,3,2,1,0,1,0,0,0,0
1016,4,reward-greedy-3,reward-greedy,101,1016,4,234,128,2,2,0,0,4,128,0,0,16,32,8,4,16,16,4,2,4,3,3,1,3,1,0,1,0,0,0,0
1052,5,reward-greedy-3,reward-greedy,102,1052,5,236,128,0,2,0,4,0,0,4,128,16,32,8,4,0,32,4,2,5,2,4,1,1,2,0,1,0,0,0,0
1116,5,reward-greedy-3,reward-greedy,103,1116,5,238,128,2,0,0,4,0,0,4,128,0,2,8,4,16,64,4,2,5,3,4,1,1,0,1,1,0,0,0,0
1116,4,reward-greedy-3,reward-greedy,104,1116,4,240,128,2,2,4,4,16,64,8,128,0,2,4,4,0,0,0,2,4,4,4,1,1,0,1,1,0,0,0,0
1136,6,reward-greedy-3,reward-greedy,105,1136,6,242,128,4,8,0,0,16,64,8,128,2,8,0,0,2,2,0,0,6,3,1,3,1,0,1,1,0,0,0,0
1140,6,reward-greedy-3,reward-greedy,106,1140,6,244,128,4,8,8,128,16,64,0,0,4,8,2,0,0,2,0,0,6,2,2,3,1,0,1,1,0,0,0,0
1156,6,reward-greedy-3,reward-greedy,107,1156,6,246,128,0,4,16,128,0,0,16,64,0,4,8,2,0,2,0,2,6,3,2,1,2,0,1,1,0,0,0,0
1200,8,reward-greedy-3,reward-greedy,108,1200,8,248,128,0,0,0,0,2,0,0,128,0,8,32,64,0,2,8,4,8,2,1,2,0,1,1,1,0,0,0,0
1200,7,reward-greedy-3,reward-greedy,109,1200,7,250,128,0,0,0,0,2,128,0,2,8,32,64,0,2,8,4,0,7,3,1,2,0,1,1,1,0,0,0,0
1200,6,reward-greedy-3,reward-greedy,110,1200,6,252,128,0,0,0,0,2,128,0,0,8,32,64,2,2,8,4,2,6,4,1,2,0,1,1,1,0,0,0,0
1204,6,reward-greedy-3,reward-greedy,111,1204,6,254,128,2,128,64,4,8,32,4,0,2,8,0,0,0,0,0,2,6,3,2,2,0,1,1,1,0,0,0,0
1204,5,reward-greedy-3,reward-greedy,112,1204,5,256,128,2,128,64,4,8,32,4,0,2,8,0,0,2,2,0,0,5,4,2,2,0,1,1,1,0,0,0,0
1208,5,reward-greedy-3,reward-greedy,113,1208,5,258,128,2,128,64,4,2,8,32,4,0,0,2,8,0,0,0,4,5,3,3,2,0,1,1,1,0,0,0,0
1220,6,reward-greedy-3,reward-greedy,114,1220,6,260,128,4,128,64,8,0,8,32,8,0,2,2,4,0,0,0,0,6,2,2,3,0,1,1,1,0,0,0,0
1236,6,reward-greedy-3,reward-greedy,115,1236,6,262,128,4,128,64,16,0,8,32,4,0,2,2,0,0,0,2,0,6,3,2,1,1,1,1,1,0,0,0,0
1240,6,reward-greedy-3,reward-greedy,116,1240,6,264,128,4,128,64,16,0,8,32,4,0,2,4,0,0,2,0,0,6,2,3,1,1,1,1,1,0,0,0,0
1244,6,reward-greedy-3,reward-greedy,117,1244,6,266,128,4,128,64,16,0,8,32,4,0,4,4,0,0,2,0,0,6,1,4,1,1,1,1,1,0,0,0,0
1252,6,reward-greedy-3,reward-greedy,118,1252,6,268,128,4,128,64,16,8,32,4,0,8,0,0,0,2,0,0,2,6,2,2,2,1,1,1,1,0,0,0,0
1268,6,reward-greedy-3,reward-greedy,119,1268,6,272,128,4,128,64,16,16,32,4,2,2,4,0,0,0,0,0,0,6,2,3,0,2,1,1,1,0,0,0,0
1268,5,reward-greedy-3,reward-greedy,120,1268,5,274,128,4,128,64,16,16,32,4,2,2,4,2,0,0,0,0,0,5,3,3,0,2,1,1,1,0,0,0,0
1268,4,reward-greedy-3,reward-greedy,121,1268,4,276,128,4,128,64,16,16,32,4,2,2,4,2,0,2,0,0,0,4,4,3,0,2,1,1,1,0,0,0,0
1272,4,reward-greedy-3,reward-greedy,122,1272,4,278,128,2,0,0,0,4,128,64,0,16,32,4,16,4,4,2,2,4,3,4,0,2,1,1,1,0,0,0,0
1284,5,reward-greedy-3,reward-greedy,123,1284,5,280,128,0,0,0,2,2,4,128,64,16,32,4,16,0,0,8,4,5,2,3,1,2,1,1,1,0,0,0,0
1284,4,reward-greedy-3,reward-greedy,124,1284,4,282,128,2,0,0,0,2,4,128,64,16,32,4,16,8,4,2,0,4,3,3,1,2,1,1,1,0,0,0,0
1288,4,reward-greedy-3,reward-greedy,125,1288,4,284,128,4,4,128,64,16,32,4,16,8,4,2,0,0,0,2,0,4,2,4,1,2,1,1,1,0,0,0,0
1296,4,reward-greedy-3,reward-greedy,126,1296,4,286,128,0,8,128,64,16,32,4,16,0,8,4,2,0,0,2,2,4,3,2,2,2,1,1,1,0,0,0,0
1308,5,reward-greedy-3,reward-greedy,127,1308,5,288,128,16,8,128,64,0,32,8,16,0,8,2,4,2,0,0,0,5,2,1,3,2,1,1,1,0,0,0,0
1308,4,reward-greedy-3,reward-greedy,128,1308,4,290,128,16,8,128,64,32,8,16,2,8,2,4,0,2,0,0,0,4,3,1,3,2,1,1,1,0,0,0,0
1324,4,reward-greedy-3,reward-greedy,129,1324,4,292,128,16,0,0,2,32,0,128,0,8,16,16,64,2,2,4,2,4,4,1,1,3,1,1,1,0,0,0,0
1360,5,reward-greedy-3,reward-greedy,130,1360,5,294,128,2,0,16,2,0,0,32,128,0,8,32,64,0,4,4,2,5,3,2,1,1,2,1,1,0,0,0,0
1424,5,reward-greedy-3,reward-greedy,131,1424,5,296,128,2,8,16,2,0,4,64,128,0,2,4,64,0,0,0,2,5,4,2,1,1,0,2,1,0,0,0,0
1424,4,reward-greedy-3,reward-greedy,132,1424,4,298,128,2,8,16,2,0,4,64,128,0,2,4,64,0,2,0,2,4,5,2,1,1,0,2,1,0,0,0,0
1428,4,reward-greedy-3,reward-greedy,133,1428,4,300,128,2,8,16,2,0,4,64,128,0,2,4,64,0,0,2,4,4,4,3,1,1,0,2,1,0,0,0,0
1428,3,reward-greedy-3,reward-greedy,134,1428,3,302,128,0,0,16,2,0,8,64,128,2,4,4,64,2,2,2,4,3,5,3,1,1,0,2,1,0,0,0,0
1440,4,reward-greedy-3,reward-greedy,135,1440,4,304,128,2,0,16,2,0,8,64,128,0,2,8,64,0,2,4,4,4,4,2,2,1,0,2,1,0,0,0,0
1448,4,reward-greedy-3,reward-greedy,136,1448,4,306,128,0,2,16,2,0,8,64,128,2,2,8,64,0,0,2,8,4,5,0,3,1,0,2,1,0,0,0,0
1452,4,reward-greedy-3,reward-greedy,137,1452,4,310,128,0,2,16,2,0,8,64,128,0,4,8,64,0,4,2,8,4,3,2,3,1,0,2,1,0,0,0,0
1460,4,reward-greedy-3,reward-greedy,138,1460,4,312,128,2,0,16,2,0,2,64,128,0,8,8,64,0,8,2,8,4,4,0,4,1,0,2,1,0,0,0,0
1476,4,reward-greedy-3,reward-greedy,139,1476,4,314,128,2,2,16,2,0,16,64,128,0,2,8,64,0,0,2,8,4,5,0,2,2,0,2,1,0,0,0,0
1480,4,reward-greedy-3,reward-greedy,140,1480,4,316,128,4,16,2,2,16,64,128,0,2,8,64,0,2,8,0,0,4,4,1,2,2,0,2,1,0,0,0,0
1500,5,reward-greedy-3,reward-greedy,141,1500,5,318,128,4,16,2,2,16,64,128,0,4,16,64,0,0,0,0,2,5,3,2,0,3,0,2,1,0,0,0,0
1504,5,reward-greedy-3,reward-greedy,142,1504,5,320,128,2,0,0,0,4,16,2,0,16,64,128,0,4,16,64,4,5,2,3,0,3,0,2,1,0,0,0,0
1504,4,reward-greedy-3,reward-greedy,143,1504,4,324,128,2,0,4,0,4,16,2,0,16,64,128,0,4,16,64,4,4,2,4,0,3,0,2,1,0,0,0,0
1504,3,reward-greedy-3,reward-greedy,144,1504,3,326,128,0,0,2,4,0,4,16,2,2,16,64,128,4,16,64,4,3,3,4,0,3,0,2,1,0,0,0,0
1664,4,reward-greedy-3,reward-greedy,145,1664,4,328,128,2,4,2,4,4,32,16,2,0,2,128,128,0,0,0,4,4,4,4,0,1,1,0,2,0,0,0,0
1920,4,reward-greedy-3,reward-greedy,146,1920,4,330,256,2,4,2,4,4,32,16,2,2,256,0,0,4,0,2,0,4,5,4,0,1,1,0,0,1,0,0,0
1920,3,reward-greedy-3,reward-greedy,147,1920,3,332,256,2,4,2,4,4,32,16,2,2,256,2,2,4,0,0,0,3,6,4,0,1,1,0,0,1,0,0,0
1924,3,reward-greedy-3,reward-greedy,148,1924,3,334,256,2,4,2,4,4,32,16,2,0,2,256,4,0,2,0,4,3,5,5,0,1,1,0,0,1,0,0,0
1936,4,reward-greedy-3,reward-greedy,149,1936,4,338,256,2,4,2,4,4,32,16,2,0,4,256,8,0,4,0,0,4,3,5,1,1,1,0,0,1,0,0,0
1944,4,reward-greedy-3,reward-greedy,150,1944,4,342,256,0,0,0,0,4,4,2,4,2,32,16,2,4,8,256,8,4,3,4,2,1,1,0,0,1,0,0,0
1952,4,reward-greedy-3,reward-greedy,151,1952,4,344,256,2,0,0,0,0,8,2,4,2,32,16,2,4,8,256,8,4,4,2,3,1,1,0,0,1,0,0,0
1956,4,reward-greedy-3,reward-greedy,152,1956,4,346,256,0,0,2,0,0,8,2,4,4,32,16,2,4,8,256,8,4,3,3,3,1,1,0,0,1,0,0,0
1968,5,reward-greedy-3,reward-greedy,153,1968,5,350,256,8,8,4,4,0,32,16,2,0,8,256,8,0,4,0,0,5,1,3,4,1,1,0,0,1,0,0,0
1992,6,reward-greedy-3,reward-greedy,154,1992,6,352,256,2,0,16,8,0,32,16,2,0,8,256,8,0,0,0,4,6,2,1,3,2,1,0,0,1,0,0,0
2024,6,reward-greedy-3,reward-greedy,155,2024,6,354,256,0,0,0,8,0,2,0,2,0,32,32,8,2,8,256,4,6,3,1,3,0,2,0,0,1,0,0,0
2092,7,reward-greedy-3,reward-greedy,156,2092,7,356,256,0,0,0,8,0,0,0,4,0,2,64,8,2,8,256,4,7,2,2,3,0,0,1,0,1,0,0,0
2092,6,reward-greedy-3,reward-greedy,157,2092,6,358,256,0,0,2,8,0,0,0,4,0,2,64,8,2,8,256,4,6,3,2,3,0,0,1,0,1,0,0,0
2092,5,reward-greedy-3,reward-greedy,158,2092,5,360,256,2,2,2,8,0,8,64,4,0,0,256,8,0,0,2,4,5,4,2,3,0,0,1,0,1,0,0,0
2096,5,reward-greedy-3,reward-greedy,159,2096,5,362,256,4,2,8,2,8,64,4,0,256,8,0,0,2,4,0,0,5,3,3,3,0,0,1,0,1,0,0,0
2096,4,reward-greedy-3,reward-greedy,160,2096,4,364,256,4,2,8,2,8,64,4,0,256,8,0,0,2,4,0,2,4,4,3,3,0,0,1,0,1,0,0,0
2100,4,reward-greedy-3,reward-greedy,161,2100,4,366,256,4,2,0,0,8,64,2,0,256,8,8,0,2,4,4,4,4,3,4,3,0,0,1,0,1,0,0,0
2124,5,reward-greedy-3,reward-greedy,162,2124,5,368,256,2,0,4,2,0,8,64,2,0,0,256,16,0,2,4,8,5,4,2,2,1,0,1,0,1,0,0,0
2128,5,reward-greedy-3,reward-greedy,163,2128,5,370,256,0,0,4,0,0,0,64,4,2,8,256,16,2,2,4,8,5,3,3,2,1,0,1,0,1,0,0,0
2132,5,reward-greedy-3,reward-greedy,164,2132,5,372,256,0,0,4,2,0,0,64,4,0,8,256,16,4,2,4,8,5,2,4,2,1,0,1,0,1,0,0,0
2132,4,reward-greedy-3,reward-greedy,165,2132,4,374,256,4,2,0,2,64,4,0,0,8,256,16,0,4,2,4,8,4,3,4,2,1,0,1,0,1,0,0,0
2136,4,reward-greedy-3,reward-greedy,166,2136,4,376,256,4,4,2,0,64,4,0,0,8,256,16,0,4,2,4,8,4,2,5,2,1,0,1,0,1,0,0,0
2144,4,reward-greedy-3,reward-greedy,167,2144,4,378,256,4,8,2,8,64,256,16,0,8,2,4,0,4,0,0,2,4,3,3,3,1,0,1,0,1,0,0,0
2144,3,reward-greedy-3,reward-greedy,168,2144,3,380,256,4,8,2,8,64,256,16,0,8,2,4,2,4,2,0,0,3,4,3,3,1,0,1,0,1,0,0,0
2148,3,reward-greedy-3,reward-greedy,169,2148,3,382,256,4,8,2,8,64,256,16,2,8,4,4,2,4,0,0,0,3,3,4,3,1,0,1,0,1,0,0,0
2156,3,reward-greedy-3,reward-greedy,170,2156,3,384,256,4,8,2,8,64,256,16,2,0,8,8,2,2,0,0,4,3,4,2,4,1,0,1,0,1,0,0,0
2172,3,reward-greedy-3,reward-greedy,171,2172,3,386,256,4,8,2,8,64,256,16,2,0,0,16,2,0,2,2,4,3,5,2,2,2,0,1,0,1,0,0,0
2208,4,reward-greedy-3,reward-greedy,172,2208,4,388,256,4,8,2,8,64,256,32,4,0,2,2,4,0,0,2,0,4,4,3,2,0,1,1,0,1,0,0,0
2220,5,reward-greedy-3,reward-greedy,173,2220,5,390,256,0,0,0,0,2,8,2,0,4,256,32,8,64,2,4,8,5,3,2,3,0,1,1,0,1,0,0,0
2236,5,reward-greedy-3,reward-greedy,174,2236,5,392,256,0,0,0,2,2,8,2,0,4,256,32,0,64,2,4,16,5,4,2,1,1,1,1,0,1,0,0,0
2236,4,reward-greedy-3,reward-greedy,175,2236,4,394,256,2,8,2,2,4,256,32,16,64,2,4,0,0,0,2,0,4,5,2,1,1,1,1,0,1,0,0,0
2240,4,reward-greedy-3,reward-greedy,176,2240,4,396,256,2,8,4,0,4,256,32,16,64,2,4,0,2,0,2,0,4,4,3,1,1,1,1,0,1,0,0,0
2244,4,reward-greedy-3,reward-greedy,177,2244,4,398,256,2,8,4,0,4,256,32,16,64,2,4,0,4,2,0,0,4,3,4,1,1,1,1,0,1,0,0,0
2248,4,reward-greedy-3,reward-greedy,178,2248,4,400,256,2,8,4,16,4,256,32,2,64,4,4,0,4,0,0,0,4,2,5,1,1,1,1,0,1,0,0,0
2256,4,reward-greedy-3,reward-greedy,179,2256,4,402,256,2,8,4,16,4,256,32,2,64,8,0,2,4,0,0,0,4,3,3,2,1,1,1,0,1,0,0,0
2260,4,reward-greedy-3,reward-greedy,180,2260,4,404,256,2,8,4,16,4,256,32,4,64,8,0,0,4,0,0,2,4,2,4,2,1,1,1,0,1,0,0,0
2260,3,reward-greedy-3,reward-greedy,181,2260,3,408,256,2,4,0,0,4,8,0,16,64,256,4,4,4,8,32,2,3,2,5,2,1,1,1,0,1,0,0,0
2268,3,reward-greedy-3,reward-greedy,182,2268,3,410,256,2,4,0,0,4,8,16,2,64,256,8,0,4,8,32,2,3,3,3,3,1,1,1,0,1,0,0,0
2272,3,reward-greedy-3,reward-greedy,183,2272,3,412,256,2,4,16,4,4,8,8,0,64,256,32,0,4,8,2,0,3,2,4,3,1,1,1,0,1,0,0,0
2288,3,reward-greedy-3,reward-greedy,184,2288,3,414,256,2,4,16,4,4,16,0,0,64,256,32,0,4,8,2,2,3,3,4,1,2,1,1,0,1,0,0,0
2292,3,reward-greedy-3,reward-greedy,185,2292,3,416,256,2,4,16,4,4,16,0,0,64,256,32,0,4,8,4,2,3,2,5,1,2,1,1,0,1,0,0,0
2292,2,reward-greedy-3,reward-greedy,186,2292,2,418,256,2,4,16,4,4,16,0,0,64,256,32,2,4,8,4,2,2,3,5,1,2,1,1,0,1,0,0,0
2296,2,reward-greedy-3,reward-greedy,187,2296,2,420,256,2,4,16,4,4,16,32,4,64,256,4,0,4,8,0,2,2,2,6,1,2,1,1,0,1,0,0,0
2304,2,reward-greedy-3,reward-greedy,188,2304,2,422,256,2,4,2,0,4,16,16,0,64,256,32,8,4,8,4,2,2,3,4,2,2,1,1,0,1,0,0,0
2336,2,reward-greedy-3,reward-greedy,189,2336,2,424,256,2,4,2,2,4,32,0,0,64,256,32,8,4,8,4,2,2,4,4,2,0,2,1,0,1,0,0,0
2340,2,reward-greedy-3,reward-greedy,190,2340,2,426,256,2,2,4,4,0,0,4,32,64,256,32,8,4,8,4,2,2,3,5,2,0,2,1,0,1,0,0,0
2352,3,reward-greedy-3,reward-greedy,191,2352,3,428,256,4,8,0,2,4,32,0,0,64,256,32,8,4,8,4,2,3,2,4,3,0,2,1,0,1,0,0,0
2360,3,reward-greedy-3,reward-greedy,192,2360,3,430,256,8,8,32,2,64,32,4,8,4,256,0,2,0,8,0,2,3,3,2,4,0,2,1,0,1,0,0,0
2376,3,reward-greedy-3,reward-greedy,193,2376,3,432,256,16,32,2,0,64,32,4,8,4,256,2,0,8,2,2,0,3,4,2,2,1,2,1,0,1,0,0,0
2444,4,reward-greedy-3,reward-greedy,194,2444,4,434,256,16,0,0,2,64,64,2,0,4,256,4,0,8,2,4,8,4,3,3,2,1,0,2,0,1,0,0,0
2572,4,reward-greedy-3,reward-greedy,195,2572,4,436,256,0,0,16,2,0,2,128,2,0,4,256,4,8,2,4,8,4,4,3,2,1,0,0,1,1,0,0,0
2576,4,reward-greedy-3,reward-greedy,196,2576,4,438,256,0,2,16,0,0,2,128,4,0,4,256,4,8,2,4,8,4,3,4,2,1,0,0,1,1,0,0,0
2588,5,reward-greedy-3,reward-greedy,197,2588,5,440,256,0,0,16,0,2,4,128,0,0,4,256,8,8,2,4,8,5,2,3,3,1,0,0,1,1,0,0,0
2612,6,reward-greedy-3,reward-greedy,198,2612,6,442,256,2,8,16,16,8,2,128,0,0,0,256,0,0,0,4,2,6,3,1,2,2,0,0,1,1,0,0,0
2644,6,reward-greedy-3,reward-greedy,199,2644,6,444,256,2,8,32,0,8,2,128,2,256,0,0,0,4,2,0,0,6,4,1,2,0,1,0,1,1,0,0,0
2648,6,reward-greedy-3,reward-greedy,200,2648,6,446,256,2,8,32,2,8,4,128,0,256,0,0,0,4,0,2,0,6,3,2,2,0,1,0,1,1,0,0,0
2648,5,reward-greedy-3,reward-greedy,201,2648,5,448,256,2,8,32,2,0,8,4,128,0,2,0,256,0,0,4,2,5,4,2,2,0,1,0,1,1,0,0,0
2672,6,reward-greedy-3,reward-greedy,202,2672,6,450,256,2,0,0,2,0,0,0,128,0,16,32,256,2,2,8,2,6,5,0,1,1,1,0,1,1,0,0,0
2680,7,reward-greedy-3,reward-greedy,203,2680,7,452,256,4,0,2,0,128,0,0,0,16,32,256,0,4,8,2,0,7,2,2,1,1,1,0,1,1,0,0,0
2680,6,reward-greedy-3,reward-greedy,204,2680,6,454,256,2,0,4,2,0,0,0,128,0,16,32,256,0,4,8,2,6,3,2,1,1,1,0,1,1,0,0,0
2680,5,reward-greedy-3,reward-greedy,205,2680,5,458,256,2,16,4,2,0,4,32,128,0,0,8,256,4,0,0,2,5,3,3,1,1,1,0,1,1,0,0,0
2680,4,reward-greedy-3,reward-greedy,206,2680,4,460,256,2,16,4,2,4,32,128,0,8,256,0,0,4,2,2,0,4,4,3,1,1,1,0,1,1,0,0,0
2684,4,reward-greedy-3,reward-greedy,207,2684,4,462,256,2,16,4,2,4,32,128,0,8,256,2,0,4,4,0,0,4,3,4,1,1,1,0,1,1,0,0,0
2692,4,reward-greedy-3,reward-greedy,208,2692,4,464,256,2,16,4,2,0,4,32,128,2,8,256,2,0,0,0,8,4,4,2,2,1,1,0,1,1,0,0,0
2696,4,reward-greedy-3,reward-greedy,209,2696,4,466,256,2,0,0,2,0,16,4,128,0,4,32,2,4,8,256,8,4,3,3,2,1,1,0,1,1,0,0,0
2700,4,reward-greedy-3,reward-greedy,210,2700,4,468,256,0,0,2,4,0,16,4,128,0,4,32,2,4,8,256,8,4,2,4,2,1,1,0,1,1,0,0,0
2700,3,reward-greedy-3,reward-greedy,211,2700,3,470,256,2,0,2,4,0,16,4,128,0,4,32,2,4,8,256,8,3,3,4,2,1,1,0,1,1,0,0,0
2704,3,reward-greedy-3,reward-greedy,212,2704,3,472,256,0,0,4,4,2,16,4,128,0,4,32,2,4,8,256,8,3,2,5,2,1,1,0,1,1,0,0,0
2712,3,reward-greedy-3,reward-greedy,213,2712,3,474,256,2,16,8,4,4,4,32,128,0,8,256,2,0,2,0,8,3,3,3,3,1,1,0,1,1,0,0,0
2720,3,reward-greedy-3,reward-greedy,214,2720,3,476,256,2,16,8,4,8,32,128,0,8,256,2,0,2,8,2,0,3,4,1,4,1,1,0,1,1,0,0,0
2740,4,reward-greedy-3,reward-greedy,215,2740,4,478,256,2,16,8,4,16,32,128,2,2,256,4,0,0,8,0,0,4,3,2,2,2,1,0,1,1,0,0,0
2740,3,reward-greedy-3,reward-greedy,216,2740,3,480,256,2,16,8,4,16,32,128,2,2,256,4,0,0,8,2,0,3,4,2,2,2,1,0,1,1,0,0,0
2740,2,reward-greedy-3,reward-greedy,217,2740,2,482,256,2,16,8,4,16,32,128,2,2,256,4,0,2,8,2,0,2,5,2,2,2,1,0,1,1,0,0,0
2744,2,reward-greedy-3,reward-greedy,218,2744,2,484,256,2,16,8,0,2,32,128,0,16,256,4,4,4,8,2,2,2,4,3,2,2,1,0,1,1,0,0,0
2756,3,reward-greedy-3,reward-greedy,219,2756,3,486,256,2,16,8,0,2,32,128,2,16,256,8,0,4,8,4,0,3,3,2,3,2,1,0,1,1,0,0,0
2760,3,reward-greedy-3,reward-greedy,220,2760,3,488,256,0,16,8,2,4,32,128,0,16,256,8,0,4,8,4,2,3,2,3,3,2,1,0,1,1,0,0,0
2764,3,reward-greedy-3,reward-greedy,221,2764,3,490,256,4,16,8,4,16,32,128,0,4,256,8,2,0,8,4,0,3,1,4,3,2,1,0,1,1,0,0,0
2764,2,reward-greedy-3,reward-greedy,222,2764,2,492,256,4,16,8,4,16,32,128,2,4,256,8,2,0,8,4,0,2,2,4,3,2,1,0,1,1,0,0,0
2768,2,reward-greedy-3,reward-greedy,223,2768,2,494,256,2,16,8,0,4,32,128,0,16,256,8,4,4,8,4,4,2,1,5,3,2,1,0,1,1,0,0,0
2776,2,reward-greedy-3,reward-greedy,224,2776,2,496,256,0,2,16,8,0,4,32,128,16,256,8,4,2,4,8,8,2,2,3,4,2,1,0,1,1,0,0,0
2792,2,reward-greedy-3,reward-greedy,225,2792,2,498,256,0,2,0,8,2,4,16,128,16,256,32,4,2,4,16,8,2,3,3,2,3,1,0,1,1,0,0,0
2792,1,reward-greedy-3,reward-greedy,226,2792,1,500,256,0,2,2,8,2,4,16,128,16,256,32,4,2,4,16,8,1,4,3,2,3,1,0,1,1,0,0,0
2796,1,reward-greedy-3,reward-greedy,227,2796,1,502,256,2,0,4,8,2,4,16,128,16,256,32,4,2,4,16,8,1,3,4,2,3,1,0,1,1,0,0,0
2800,1,reward-greedy-3,reward-greedy,228,2800,1,504,256,4,4,4,8,16,256,16,128,2,4,32,4,0,2,16,8,1,2,5,2,3,1,0,1,1,0,0,0
2808,1,reward-greedy-3,reward-greedy,229,2808,1,506,256,0,4,8,8,16,256,16,128,2,4,32,4,2,2,16,8,1,3,3,3,3,1,0,1,1,0,0,0
2828,2,reward-greedy-3,reward-greedy,230,2828,2,508,256,2,0,4,16,16,256,16,128,2,4,32,4,0,4,16,8,2,2,4,1,4,1,0,1,1,0,0,0
2836,2,reward-greedy-3,reward-greedy,231,2836,2,510,256,0,0,4,16,2,2,16,128,16,256,32,4,2,8,16,8,2,3,2,2,4,1,0,1,1,0,0,0
2840,2,reward-greedy-3,reward-greedy,232,2840,2,512,256,4,16,0,0,4,16,128,2,16,256,32,4,2,8,16,8,2,2,3,2,4,1,0,1,1,0,0,0
2880,3,reward-greedy-3,reward-greedy,233,2880,3,514,256,0,0,2,0,8,32,128,2,16,256,32,4,2,8,16,8,3,3,1,3,2,2,0,1,1,0,0,0
2880,2,reward-greedy-3,reward-greedy,234,2880,2,516,256,0,2,0,2,8,32,128,2,16,256,32,4,2,8,16,8,2,4,1,3,2,2,0,1,1,0,0,0
2884,2,reward-greedy-3,reward-greedy,235,2884,2,518,256,0,2,0,2,8,32,128,4,16,256,32,4,2,8,16,8,2,3,2,3,2,2,0,1,1,0,0,0
2892,2,reward-greedy-3,reward-greedy,236,2892,2,520,256,8,2,128,2,16,32,32,8,2,256,16,8,0,8,0,2,2,4,0,4,2,2,0,1,1,0,0,0
2956,2,reward-greedy-3,reward-greedy,237,2956,2,522,256,8,2,128,2,0,16,64,8,2,256,16,8,2,0,8,2,2,5,0,4,2,0,1,1,1,0,0,0
2976,3,reward-greedy-3,reward-greedy,238,2976,3,524,256,8,2,128,2,4,16,64,16,0,256,16,2,2,0,8,0,3,4,1,2,3,0,1,1,1,0,0,0
2976,2,reward-greedy-3,reward-greedy,239,2976,2,526,256,8,2,128,2,4,16,64,16,2,256,16,2,0,2,8,0,2,5,1,2,3,0,1,1,1,0,0,0
2976,1,reward-greedy-3,reward-greedy,240,2976,1,528,256,0,2,128,2,8,16,64,2,4,256,16,16,2,2,8,2,1,6,1,2,3,0,1,1,1,0,0,0
3012,2,reward-greedy-3,reward-greedy,241,3012,2,530,256,2,2,128,2,8,16,64,2,0,4,256,32,0,4,8,2,2,5,2,2,1,1,1,1,1,0,0,0
3024,3,reward-greedy-3,reward-greedy,242,3024,3,532,256,2,2,128,4,8,16,64,32,0,8,256,2,2,0,8,0,3,4,1,3,1,1,1,1,1,0,0,0
3028,3,reward-greedy-3,reward-greedy,243,3028,3,534,256,0,4,128,4,8,16,64,32,2,8,256,2,0,0,2,8,3,3,2,3,1,1,1,1,1,0,0,0
3028,2,reward-greedy-3,reward-greedy,244,3028,2,536,256,4,128,4,2,8,16,64,32,2,8,256,2,2,8,0,0,2,4,2,3,1,1,1,1,1,0,0,0
3048,3,reward-greedy-3,reward-greedy,245,3048,3,538,256,0,0,2,0,4,128,4,2,8,16,64,32,4,16,256,2,3,3,3,1,2,1,1,1,1,0,0,0
3080,3,reward-greedy-3,reward-greedy,246,3080,3,540,256,4,128,2,2,8,32,4,32,4,0,64,2,0,2,256,0,3,4,3,1,0,2,1,1,1,0,0,0
3084,3,reward-greedy-3,reward-greedy,247,3084,3,542,256,4,128,4,0,8,32,4,32,4,64,2,0,2,256,0,2,3,3,4,1,0,2,1,1,1,0,0,0
3092,3,reward-greedy-3,reward-greedy,248,3092,3,544,256,4,128,8,32,8,32,2,2,4,64,0,0,2,256,0,2,3,4,2,2,0,2,1,1,1,0,0,0
3096,3,reward-greedy-3,reward-greedy,249,3096,3,548,256,4,128,8,32,0,8,32,4,0,4,4,64,0,2,256,2,3,2,4,2,0,2,1,1,1,0,0,0
3104,3,reward-greedy-3,reward-greedy,250,3104,3,552,256,4,128,8,32,0,8,32,4,4,0,8,64,0,2,256,2,3,2,3,3,0,2,1,1,1,0,0,0
3112,3,reward-greedy-3,reward-greedy,251,3112,3,554,256,0,2,8,32,0,128,32,4,0,8,8,64,8,2,256,2,3,3,1,4,0,2,1,1,1,0,0,0
3128,3,reward-greedy-3,reward-greedy,252,3128,3,556,256,2,8,32,0,128,32,4,2,16,64,0,0,8,2,256,2,3,4,1,2,1,2,1,1,1,0,0,0
3132,3,reward-greedy-3,reward-greedy,253,3132,3,558,256,2,8,32,4,128,32,4,0,16,64,256,0,8,2,0,2,3,3,2,2,1,2,1,1,1,0,0,0
3136,3,reward-greedy-3,reward-greedy,254,3136,3,560,256,2,8,32,4,128,32,4,0,16,64,256,0,8,4,0,2,3,2,3,2,1,2,1,1,1,0,0,0
3136,2,reward-greedy-3,reward-greedy,255,3136,2,562,256,2,8,32,4,0,128,32,4,0,16,64,256,2,8,4,2,2,3,3,2,1,2,1,1,1,0,0,0
3212,4,reward-greedy-3,reward-greedy,256,3212,4,564,256,0,8,0,2,0,128,64,8,0,16,64,256,4,8,4,2,4,2,2,3,1,0,2,1,1,0,0,0
3340,4,reward-greedy-3,reward-greedy,257,3340,4,566,256,4,8,128,2,0,128,4,8,0,16,2,256,0,8,0,2,4,3,2,3,1,0,0,2,1,0,0,0
3340,3,reward-greedy-3,reward-greedy,258,3340,3,568,256,0,8,2,2,0,128,128,8,0,16,4,256,4,8,2,2,3,4,2,3,1,0,0,2,1,0,0,0
3604,5,reward-greedy-3,reward-greedy,259,3604,5,570,256,8,4,2,0,256,8,0,0,16,4,256,0,4,8,4,0,5,1,4,3,1,0,0,0,2,0,0,0
3604,4,reward-greedy-3,reward-greedy,260,3604,4,572,256,8,4,0,2,256,8,2,0,16,4,256,0,4,8,4,0,4,2,4,3,1,0,0,0,2,0,0,0
3604,3,reward-greedy-3,reward-greedy,261,3604,3,574,256,8,4,0,2,256,8,2,0,16,4,256,0,4,8,4,2,3,3,4,3,1,0,0,0,2,0,0,0
3608,3,reward-greedy-3,reward-greedy,262,3608,3,576,256,8,4,2,4,256,8,256,0,16,4,4,0,4,8,0,2,3,2,5,3,1,0,0,0,2,0,0,0
3616,3,reward-greedy-3,reward-greedy,263,3616,3,578,256,8,4,2,4,256,8,256,0,16,8,0,2,4,8,2,0,3,3,3,4,1,0,0,0,2,0,0,0
3632,3,reward-greedy-3,reward-greedy,264,3632,3,580,256,8,4,2,4,256,16,256,2,16,8,2,0,4,0,0,2,3,4,3,2,2,0,0,0,2,0,0,0
3636,3,reward-greedy-3,reward-greedy,265,3636,3,582,256,8,0,0,0,256,4,2,2,16,16,256,4,4,8,2,4,3,3,4,2,2,0,0,0,2,0,0,0
3672,4,reward-greedy-3,reward-greedy,266,3672,4,586,256,0,4,0,8,0,256,4,4,0,32,256,4,4,8,2,4,4,1,6,2,0,1,0,0,2,0,0,0
3680,4,reward-greedy-3,reward-greedy,267,3680,4,588,256,2,4,0,0,0,256,4,8,0,32,256,4,4,8,2,8,4,2,4,3,0,1,0,0,2,0,0,0
3680,3,reward-greedy-3,reward-greedy,268,3680,3,590,256,0,4,0,2,0,256,4,8,2,32,256,4,4,8,2,8,3,3,4,3,0,1,0,0,2,0,0,0
3680,2,reward-greedy-3,reward-greedy,269,3680,2,592,256,0,4,2,2,0,256,4,8,2,32,256,4,4,8,2,8,2,4,4,3,0,1,0,0,2,0,0,0
3684,2,reward-greedy-3,reward-greedy,270,3684,2,594,256,2,0,4,4,0,256,4,8,2,32,256,4,4,8,2,8,2,3,5,3,0,1,0,0,2,0,0,0
3696,3,reward-greedy-3,reward-greedy,271,3696,3,596,256,4,256,8,4,4,32,256,8,0,8,2,4,0,2,0,8,3,2,4,4,0,1,0,0,2,0,0,0
3704,3,reward-greedy-3,reward-greedy,272,3704,3,598,256,8,256,8,4,0,32,256,8,2,8,2,4,0,2,0,8,3,3,2,5,0,1,0,0,2,0,0,0
3704,2,reward-greedy-3,reward-greedy,273,3704,2,600,256,8,256,8,4,0,32,256,8,2,8,2,4,2,0,2,8,2,4,2,5,0,1,0,0,2,0,0,0
3712,3,reward-greedy-3,reward-greedy,274,3712,3,602,256,8,256,8,4,4,32,256,8,0,8,4,4,0,0,2,8,3,1,4,5,0,1,0,0,2,0,0,0
3720,3,reward-greedy-3,reward-greedy,275,3720,3,604,256,8,256,8,4,4,32,256,8,8,8,0,2,2,8,0,0,3,2,2,6,0,1,0,0,2,0,0,0
3736,3,reward-greedy-3,reward-greedy,276,3736,3,606,256,8,256,8,4,4,32,256,8,0,2,16,2,0,0,2,8,3,3,2,4,1,1,0,0,2,0,0,0
3736,2,reward-greedy-3,reward-greedy,277,3736,2,608,256,0,2,8,4,0,256,256,8,8,32,16,2,4,2,2,8,2,4,2,4,1,1,0,0,2,0,0,0
4252,3,reward-greedy-3,reward-greedy,278,4252,3,610,512,2,8,4,0,512,8,0,2,8,32,16,2,4,4,8,0,3,3,3,4,1,1,0,0,0,1,0,0
4272,4,reward-greedy-3,reward-greedy,279,4272,4,614,512,2,16,4,4,512,32,16,0,8,4,8,0,4,0,0,4,4,1,5,2,2,1,0,0,0,1,0,0
4288,5,reward-greedy-3,reward-greedy,280,4288,5,618,512,2,16,8,0,512,32,16,0,8,4,8,0,8,0,0,4,5,1,2,4,2,1,0,0,0,1,0,0
4304,5,reward-greedy-3,reward-greedy,281,4304,5,620,512,2,16,8,4,512,32,16,0,16,4,8,0,0,0,0,2,5,2,2,2,3,1,0,0,0,1,0,0
4304,4,reward-greedy-3,reward-greedy,282,4304,4,622,512,2,16,8,4,0,512,32,16,0,16,4,8,0,0,2,2,4,3,2,2,3,1,0,0,0,1,0,0
4308,4,reward-greedy-3,reward-greedy,283,4308,4,624,512,2,16,8,4,0,512,32,16,0,16,4,8,0,0,2,4,4,2,3,2,3,1,0,0,0,1,0,0
4308,3,reward-greedy-3,reward-greedy,284,4308,3,626,512,2,16,8,4,0,512,32,16,2,16,4,8,0,0,2,4,3,3,3,2,3,1,0,0,0,1,0,0
4312,3,reward-greedy-3,reward-greedy,285,4312,3,628,512,4,16,8,4,2,512,32,16,0,16,4,8,0,0,2,4,3,2,4,2,3,1,0,0,0,1,0,0
4312,2,reward-greedy-3,reward-greedy,286,4312,2,632,512,4,16,8,4,2,512,32,16,16,4,8,4,2,4,0,0,2,2,5,2,3,1,0,0,0,1,0,0
4320,2,reward-greedy-3,reward-greedy,287,4320,2,634,512,4,2,0,0,2,16,8,4,16,512,32,16,2,8,8,4,2,3,3,3,3,1,0,0,0,1,0,0
4336,2,reward-greedy-3,reward-greedy,288,4336,2,636,512,4,2,2,0,2,16,8,4,16,512,32,16,2,16,4,0,2,4,3,1,4,1,0,0,0,1,0,0
4340,2,reward-greedy-3,reward-greedy,289,4340,2,638,512,4,4,2,0,2,16,8,4,16,512,32,16,2,16,4,0,2,3,4,1,4,1,0,0,0,1,0,0
4348,2,reward-greedy-3,reward-greedy,290,4348,2,640,512,0,2,8,2,2,16,8,4,16,512,32,16,0,2,16,4,2,4,2,2,4,1,0,0,0,1,0,0
4364,2,reward-greedy-3,reward-greedy,291,4364,2,642,512,2,2,16,2,16,16,32,4,0,512,16,16,2,2,0,4,2,5,2,0,5,1,0,0,0,1,0,0
4436,5,reward-greedy-3,reward-greedy,292,4436,5,644,512,2,4,16,2,0,32,32,4,0,0,512,32,0,0,4,4,5,2,4,0,1,3,0,0,0,1,0,0
4508,6,reward-greedy-3,reward-greedy,293,4508,6,646,512,2,4,16,2,64,4,0,2,512,32,0,0,8,0,0,0,6,3,2,1,1,1,1,0,0,1,0,0
4520,7,reward-greedy-3,reward-greedy,294,4520,7,648,512,2,2,0,0,64,0,0,0,512,8,0,0,8,32,16,4,7,2,1,2,1,1,1,0,0,1,0,0
4524,7,reward-greedy-3,reward-greedy,295,4524,7,650,512,4,0,0,2,64,0,0,0,512,8,0,0,8,32,16,4,7,1,2,2,1,1,1,0,0,1,0,0
4524,6,reward-greedy-3,reward-greedy,296,4524,6,652,512,0,0,4,2,0,2,0,64,0,0,512,8,8,32,16,4,6,2,2,2,1,1,1,0,0,1,0,0
4524,5,reward-greedy-3,reward-greedy,297,4524,5,654,512,4,2,0,0,2,64,0,2,512,8,0,0,8,32,16,4,5,3,2,2,1,1,1,0,0,1,0,0
4524,4,reward-greedy-3,reward-greedy,298,4524,4,656,512,4,2,0,0,2,64,2,0,512,8,0,2,8,32,16,4,4,4,2,2,1,1,1,0,0,1,0,0
4524,3,reward-greedy-3,reward-greedy,299,4524,3,658,512,0,0,4,2,0,2,64,2,2,512,8,2,8,32,16,4,3,5,2,2,1,1,1,0,0,1,0,0
4528,3,reward-greedy-3,reward-greedy,300,4528,3,660,512,2,0,4,0,0,2,64,2,2,512,8,4,8,32,16,4,3,4,3,2,1,1,1,0,0,1,0,0
4540,4,reward-greedy-3,reward-greedy,301,4540,4,662,512,0,2,4,0,0,2,64,0,4,512,8,2,8,32,16,8,4,3,2,3,1,1,1,0,0,1,0,0
4544,4,reward-greedy-3,reward-greedy,302,4544,4,664,512,0,2,4,0,0,4,64,0,4,512,8,2,8,32,16,8,4,2,3,3,1,1,1,0,0,1,0,0
4544,3,reward-greedy-3,reward-greedy,303,4544,3,668,512,0,0,2,4,4,0,4,64,4,512,8,2,8,32,16,8,3,2,4,3,1,1,1,0,0,1,0,0
4552,3,reward-greedy-3,reward-greedy,304,4552,3,670,512,0,0,2,4,0,2,4,64,8,512,8,2,8,32,16,8,3,3,2,4,1,1,1,0,0,1,0,0
4568,3,reward-greedy-3,reward-greedy,305,4568,3,672,512,16,2,2,4,0,512,4,64,2,32,8,2,0,0,16,8,3,4,2,2,2,1,1,0,0,1,0,0
4572,3,reward-greedy-3,reward-greedy,306,4572,3,676,512,16,4,4,0,512,4,64,0,2,32,8,2,16,8,4,0,3,2,4,2,2,1,1,0,0,1,0,0
4580,3,reward-greedy-3,reward-greedy,307,4580,3,678,512,16,8,4,2,512,32,64,0,2,8,8,0,16,2,4,0,3,3,2,3,2,1,1,0,0,1,0,0
4596,3,reward-greedy-3,reward-greedy,308,4596,3,682,512,16,8,4,2,0,512,32,64,0,4,2,16,0,16,2,4,3,3,3,1,3,1,1,0,0,1,0,0
4600,3,reward-greedy-3,reward-greedy,309,4600,3,684,512,0,8,0,2,0,512,4,64,2,4,32,16,16,16,4,4,3,2,4,1,3,1,1,0,0,1,0,0
4640,4,reward-greedy-3,reward-greedy,310,4640,4,686,512,0,0,8,2,0,512,4,64,2,4,32,16,2,0,32,8,4,3,2,2,1,2,1,0,0,1,0,0
4708,5,reward-greedy-3,reward-greedy,311,4708,5,688,512,0,2,0,2,0,0,8,64,0,512,4,16,4,4,64,8,5,2,3,2,1,0,2,0,0,1,0,0
4720,6,reward-greedy-3,reward-greedy,312,4720,6,690,512,4,0,0,0,8,64,0,0,512,4,16,2,8,64,8,0,6,1,2,3,1,0,2,0,0,1,0,0
4720,5,reward-greedy-3,reward-greedy,313,4720,5,692,512,4,0,0,2,8,64,0,0,512,4,16,2,8,64,8,0,5,2,2,3,1,0,2,0,0,1,0,0
4724,5,reward-greedy-3,reward-greedy,314,4724,5,694,512,4,0,0,2,8,64,0,0,512,4,16,0,8,64,8,4,5,1,3,3,1,0,2,0,0,1,0,0
4724,4,reward-greedy-3,reward-greedy,315,4724,4,696,512,4,2,0,0,8,64,2,0,512,4,16,0,8,64,8,4,4,2,3,3,1,0,2,0,0,1,0,0
4724,3,reward-greedy-3,reward-greedy,316,4724,3,698,512,4,2,2,4,8,64,16,0,512,4,8,2,8,64,0,0,3,3,3,3,1,0,2,0,0,1,0,0
4728,3,reward-greedy-3,reward-greedy,317,4728,3,700,512,0,4,4,4,0,8,64,16,512,4,8,2,2,0,8,64,3,2,4,3,1,0,2,0,0,1,0,0
4744,3,reward-greedy-3,reward-greedy,318,4744,3,702,512,2,0,0,4,0,4,4,16,512,8,64,2,2,4,16,64,3,3,4,1,2,0,2,0,0,1,0,0
4752,3,reward-greedy-3,reward-greedy,319,4752,3,704,512,2,4,0,0,8,16,0,2,512,8,64,2,2,4,16,64,3,4,2,2,2,0,2,0,0,1,0,0
4756,3,reward-greedy-3,reward-greedy,320,4756,3,706,512,2,4,0,2,8,16,0,0,512,8,64,4,2,4,16,64,3,3,3,2,2,0,2,0,0,1,0,0
4756,2,reward-greedy-3,reward-greedy,321,4756,2,708,512,2,4,64,2,8,16,16,4,512,8,0,64,2,4,2,0,2,4,3,2,2,0,2,0,0,1,0,0
4788,2,reward-greedy-3,reward-greedy,322,4788,2,712,512,2,4,64,2,8,32,4,0,512,8,64,0,2,4,2,4,2,4,4,2,0,1,2,0,0,1,0,0
4788,1,reward-greedy-3,reward-greedy,323,4788,1,714,512,2,4,64,2,8,32,4,4,512,8,64,2,2,4,2,0,1,5,4,2,0,1,2,0,0,1,0,0
4796,1,reward-greedy-3,reward-greedy,324,4796,1,716,512,2,4,64,2,2,8,32,8,512,8,64,2,0,2,4,2,1,6,2,3,0,1,2,0,0,1,0,0
4820,3,reward-greedy-3,reward-greedy,325,4820,3,718,512,0,0,64,2,0,4,32,2,4,16,64,8,512,2,4,4,3,3,4,1,1,1,2,0,0,1,0,0
4828,3,reward-greedy-3,reward-greedy,326,4828,3,720,512,64,2,0,0,4,32,2,2,4,16,64,8,512,2,8,0,3,4,2,2,1,1,2,0,0,1,0,0
4836,3,reward-greedy-3,reward-greedy,327,4836,3,722,512,2,2,0,0,64,32,2,0,8,16,64,2,512,2,8,8,3,5,0,3,1,1,2,0,0,1,0,0
4856,4,reward-greedy-3,reward-greedy,328,4856,4,726,512,0,4,0,4,0,64,32,2,8,16,64,2,0,512,2,16,4,3,2,1,2,1,2,0,0,1,0,0
4864,4,reward-greedy-3,reward-greedy,329,4864,4,728,512,0,0,2,8,0,64,32,2,8,16,64,2,0,512,2,16,4,4,0,2,2,1,2,0,0,1,0,0
4868,4,reward-greedy-3,reward-greedy,330,4868,4,730,512,8,64,2,8,0,16,32,4,0,512,64,16,2,0,2,0,4,3,1,2,2,1,2,0,0,1,0,0
4872,4,reward-greedy-3,reward-greedy,331,4872,4,732,512,8,64,2,8,16,32,4,0,512,64,16,2,4,0,0,0,4,2,2,2,2,1,2,0,0,1,0,0
4872,3,reward-greedy-3,reward-greedy,332,4872,3,734,512,8,64,2,8,2,16,32,4,512,64,16,2,0,0,0,4,3,3,2,2,2,1,2,0,0,1,0,0
4872,2,reward-greedy-3,reward-greedy,333,4872,2,736,512,8,64,2,8,2,16,32,4,512,64,16,2,0,0,2,4,2,4,2,2,2,1,2,0,0,1,0,0
4872,1,reward-greedy-3,reward-greedy,334,4872,1,738,512,8,64,2,8,2,16,32,4,512,64,16,2,2,0,2,4,1,5,2,2,2,1,2,0,0,1,0,0
4876,1,reward-greedy-3,reward-greedy,335,4876,1,740,512,8,64,2,8,2,16,32,4,512,64,16,2,0,2,4,4,1,4,3,2,2,1,2,0,0,1,0,0
4884,1,reward-greedy-3,reward-greedy,336,4884,1,742,512,8,64,2,8,2,16,32,4,512,64,16,2,2,8,2,0,1,5,1,3,2,1,2,0,0,1,0,0
4884,0,reward-greedy-3,reward-greedy,337,4884,0,746,512,8,64,2,8,2,16,32,4,512,64,16,2,2,8,2,4,0,5,2,3,2,1,2,0,0,1,0,0
0,13,reward-greedy-4,reward-greedy,0,0,13,6,2,2,0,0,2,0,0,0,0,0,0,2,0,0,0,0,0,13,3,0,0,0,0,0,0,0,0,0,0
4,13,reward-greedy-4,reward-greedy,1,4,13,8,4,4,0,0,0,0,0,0,0,2,0,0,0,0,0,2,0,13,2,1,0,0,0,0,0,0,0,0,0
4,12,reward-greedy-4,reward-greedy,2,4,12,10,4,0,0,0,4,0,0,0,0,0,0,2,2,0,0,0,2,12,3,1,0,0,0,0,0,0,0,0,0
8,12,reward-greedy-4,reward-greedy,3,8,12,14,4,0,0,0,0,0,0,4,0,0,0,0,4,0,0,2,4,12,1,3,0,0,0,0,0,0,0,0,0
16,12,reward-greedy-4,reward-greedy,4,16,12,16,8,0,2,4,8,0,0,2,0,0,0,0,0,0,0,0,0,12,2,1,1,0,0,0,0,0,0,0,0
16,11,reward-greedy-4,reward-greedy,5,16,11,18,8,0,2,4,8,0,0,2,0,0,0,0,0,0,2,0,0,11,3,1,1,0,0,0,0,0,0,0,0
20,11,reward-greedy-4,reward-greedy,6,20,11,20,8,2,0,0,0,0,0,0,0,0,0,4,0,0,4,2,8,11,2,2,1,0,0,0,0,0,0,0,0
20,10,reward-greedy-4,reward-greedy,7,20,10,24,8,4,0,0,2,0,0,0,0,0,0,0,4,0,4,2,8,10,2,3,1,0,0,0,0,0,0,0,0
20,9,reward-greedy-4,reward-greedy,8,20,9,26,8,0,0,4,2,0,0,2,0,0,0,0,4,0,4,2,8,9,3,3,1,0,0,0,0,0,0,0,0
24,9,reward-greedy-4,reward-greedy,9,24,9,28,8,0,4,4,2,0,0,4,4,0,2,0,8,0,0,0,0,9,2,4,1,0,0,0,0,0,0,0,0
40,10,reward-greedy-4,reward-greedy,10,40,10,30,8,8,2,0,0,8,0,0,0,2,8,0,0,2,0,0,0,10,3,0,3,0,0,0,0,0,0,0,0
60,11,reward-greedy-4,reward-greedy,11,60,11,32,16,16,2,0,0,4,8,0,0,0,0,2,0,0,0,0,0,11,2,1,1,1,0,0,0,0,0,0,0
60,10,reward-greedy-4,reward-greedy,12,60,10,34,16,0,0,16,2,0,0,4,8,0,0,0,2,2,0,0,0,10,3,1,1,1,0,0,0,0,0,0,0
60,9,reward-greedy-4,reward-greedy,13,60,9,36,16,16,2,0,0,4,8,0,2,2,0,0,0,2,0,0,0,9,4,1,1,1,0,0,0,0,0,0,0
64,9,reward-greedy-4,reward-greedy,14,64,9,38,16,16,2,0,2,4,8,2,0,4,0,0,0,0,0,0,0,9,3,2,1,1,0,0,0,0,0,0,0
72,9,reward-greedy-4,reward-greedy,15,72,9,40,16,16,2,2,2,8,8,0,0,0,0,0,2,0,0,0,0,9,4,0,2,1,0,0,0,0,0,0,0
92,10,reward-greedy-4,reward-greedy,16,92,10,42,16,16,4,2,0,16,0,0,0,2,0,0,2,0,0,0,0,10,3,1,0,2,0,0,0,0,0,0,0
124,10,reward-greedy-4,reward-greedy,17,124,10,44,32,32,4,2,2,2,0,0,0,0,0,0,0,0,0,2,0,10,4,1,0,0,1,0,0,0,0,0,0
128,10,reward-greedy-4,reward-greedy,18,128,10,46,32,32,4,4,2,2,0,0,0,2,0,0,0,0,0,0,0,10,3,2,0,0,1,0,0,0,0,0,0
136,10,reward-greedy-4,reward-greedy,19,136,10,48,32,0,32,8,2,0,0,0,2,0,2,0,2,0,0,0,0,10,4,0,1,0,1,0,0,0,0,0,0
140,10,reward-greedy-4,reward-greedy,20,140,10,50,32,0,32,8,4,0,2,0,2,0,0,0,0,0,0,2,0,10,3,1,1,0,1,0,0,0,0,0,0
144,10,reward-greedy-4,reward-greedy,21,144,10,52,32,0,32,8,4,0,0,2,4,0,0,0,0,0,0,0,2,10,2,2,1,0,1,0,0,0,0,0,0
152,10,reward-greedy-4,reward-greedy,22,152,10,54,32,0,32,8,8,0,0,2,2,0,2,0,0,0,0,0,0,10,3,0,2,0,1,0,0,0,0,0,0
172,11,reward-greedy-4,reward-greedy,23,172,11,56,32,32,16,0,0,4,0,0,0,2,2,0,0,0,0,0,0,11,2,1,0,1,1,0,0,0,0,0,0
176,11,reward-greedy-4,reward-greedy,24,176,11,58,32,32,16,0,0,4,0,0,0,4,0,2,0,0,0,0,0,11,1,2,0,1,1,0,0,0,0,0,0
184,11,reward-greedy-4,reward-greedy,25,184,11,60,32,0,0,0,0,0,0,0,2,32,0,0,0,8,16,2,0,11,2,0,1,1,1,0,0,0,0,0,0
184,10,reward-greedy-4,reward-greedy,26,184,10,62,32,0,0,0,0,0,0,0,0,32,2,0,0,8,16,2,2,10,3,0,1,1,1,0,0,0,0,0,0
188,10,reward-greedy-4,reward-greedy,27,188,10,64,32,0,0,0,0,2,0,0,0,0,0,32,2,0,8,16,4,10,2,1,1,1,1,0,0,0,0,0,0
188,9,reward-greedy-4,reward-greedy,28,188,9,66,32,0,2,0,0,2,0,0,0,32,2,0,0,8,16,4,0,9,3,1,1,1,1,0,0,0,0,0,0
192,9,reward-greedy-4,reward-greedy,29,192,9,68,32,0,0,0,2,2,0,0,0,32,4,0,0,8,16,4,0,9,2,2,1,1,1,0,0,0,0,0,0
192,8,reward-greedy-4,reward-greedy,30,192,8,70,32,0,0,0,2,0,2,0,2,0,0,32,4,0,8,16,4,8,3,2,1,1,1,0,0,0,0,0,0
204,9,reward-greedy-4,reward-greedy,31,204,9,74,32,0,0,4,0,0,0,0,0,0,2,32,4,0,8,16,8,9,1,2,2,1,1,0,0,0,0,0,0
204,8,reward-greedy-4,reward-greedy,32,204,8,78,32,4,4,0,0,0,0,0,0,2,32,4,0,8,16,8,0,8,1,3,2,1,1,0,0,0,0,0,0
212,8,reward-greedy-4,reward-greedy,33,212,8,82,32,8,0,0,0,0,0,0,0,2,32,4,0,8,16,8,4,8,1,2,3,1,1,0,0,0,0,0,0
212,7,reward-greedy-4,reward-greedy,34,212,7,84,32,8,0,0,0,2,0,0,0,2,32,4,0,8,16,8,4,7,2,2,3,1,1,0,0,0,0,0,0
216,7,reward-greedy-4,reward-greedy,35,216,7,86,32,0,0,0,0,8,0,0,2,4,32,4,0,8,16,8,4,7,1,3,3,1,1,0,0,0,0,0,0
216,6,reward-greedy-4,reward-greedy,36,216,6,90,32,0,0,4,0,8,0,0,0,4,32,4,2,8,16,8,4,6,1,4,3,1,1,0,0,0,0,0,0
224,6,reward-greedy-4,reward-greedy,37,224,6,92,32,2,0,0,0,8,0,0,0,4,32,8,2,8,16,8,4,6,2,2,4,1,1,0,0,0,0,0,0
240,6,reward-greedy-4,reward-greedy,38,240,6,94,32,2,32,16,2,8,16,0,4,4,0,0,2,8,0,0,0,6,3,2,2,2,1,0,0,0,0,0,0
240,5,reward-greedy-4,reward-greedy,39,240,5,96,32,2,0,2,0,8,0,0,2,4,32,0,4,8,16,16,2,5,4,2,2,2,1,0,0,0,0,0,0
276,6,reward-greedy-4,reward-greedy,40,276,6,98,32,4,0,0,0,8,2,0,0,4,32,4,2,8,32,2,0,6,3,3,2,0,2,0,0,0,0,0,0
340,6,reward-greedy-4,reward-greedy,41,340,6,100,64,4,0,0,0,8,0,0,2,4,2,4,0,8,64,2,2,6,4,3,2,0,0,1,0,0,0,0,0
344,6,reward-greedy-4,reward-greedy,42,344,6,104,64,4,0,4,0,8,2,0,0,4,2,4,0,8,64,4,0,6,2,5,2,0,0,1,0,0,0,0,0
356,7,reward-greedy-4,reward-greedy,43,356,7,106,64,4,0,0,0,8,0,0,2,4,4,4,0,8,64,8,0,7,1,4,3,0,0,1,0,0,0,0,0
364,7,reward-greedy-4,reward-greedy,44,364,7,108,64,4,0,2,0,8,2,0,0,8,4,0,0,8,64,8,0,7,2,2,4,0,0,1,0,0,0,0,0
380,7,reward-greedy-4,reward-greedy,45,380,7,110,64,0,2,0,0,4,2,0,0,8,4,2,0,16,64,8,0,7,3,2,2,1,0,1,0,0,0,0,0
384,7,reward-greedy-4,reward-greedy,46,384,7,112,64,4,4,2,0,8,4,8,0,16,64,0,0,0,0,0,2,7,2,3,2,1,0,1,0,0,0,0,0
392,7,reward-greedy-4,reward-greedy,47,392,7,114,64,0,2,8,2,0,8,4,8,0,0,16,64,0,0,0,2,7,3,1,3,1,0,1,0,0,0,0,0
392,6,reward-greedy-4,reward-greedy,48,392,6,116,64,2,8,2,0,8,4,8,0,16,64,2,0,2,0,0,0,6,4,1,3,1,0,1,0,0,0,0,0
392,5,reward-greedy-4,reward-greedy,49,392,5,118,64,2,8,2,0,8,4,8,2,16,64,2,0,2,0,0,0,5,5,1,3,1,0,1,0,0,0,0,0
392,4,reward-greedy-4,reward-greedy,50,392,4,120,64,2,8,2,2,8,4,8,0,16,64,2,0,2,2,0,0,4,6,1,3,1,0,1,0,0,0,0,0
400,5,reward-greedy-4,reward-greedy,51,400,5,122,64,0,2,8,4,0,8,4,8,0,16,64,2,0,2,0,4,5,3,3,3,1,0,1,0,0,0,0,0
400,4,reward-greedy-4,reward-greedy,52,400,4,124,64,0,2,8,4,2,8,4,8,0,16,64,2,0,0,2,4,4,4,3,3,1,0,1,0,0,0,0,0
400,3,reward-greedy-4,reward-greedy,53,400,3,126,64,2,2,8,4,0,8,4,8,2,16,64,2,0,0,2,4,3,5,3,3,1,0,1,0,0,0,0,0
404,3,reward-greedy-4,reward-greedy,54,404,3,128,64,4,8,4,0,8,4,8,2,2,16,64,2,2,4,0,0,3,4,4,3,1,0,1,0,0,0,0,0
412,4,reward-greedy-4,reward-greedy,55,412,4,130,64,4,8,4,4,8,4,8,0,4,16,64,0,0,4,2,0,4,1,6,3,1,0,1,0,0,0,0,0
420,4,reward-greedy-4,reward-greedy,56,420,4,132,64,0,4,8,8,2,8,4,8,0,4,16,64,0,0,4,2,4,2,4,4,1,0,1,0,0,0,0,0
436,4,reward-greedy-4,reward-greedy,57,436,4,134,64,2,4,8,16,0,8,4,64,2,4,16,2,0,0,4,0,4,3,4,2,2,0,1,0,0,0,0,0
440,4,reward-greedy-4,reward-greedy,58,440,4,136,64,4,4,8,16,0,8,4,64,0,4,16,2,0,0,4,2,4,2,5,2,2,0,1,0,0,0,0,0
448,4,reward-greedy-4,reward-greedy,59,448,4,138,64,0,8,8,16,2,8,4,64,0,4,16,2,0,0,4,2,4,3,3,3,2,0,1,0,0,0,0,0
468,5,reward-greedy-4,reward-greedy,60,468,5,140,64,0,0,8,0,0,2,4,16,0,16,16,64,2,4,4,4,5,2,4,1,3,0,1,0,0,0,0,0
508,6,reward-greedy-4,reward-greedy,61,508,6,144,64,8,0,0,0,2,4,16,0,32,64,4,0,2,8,4,0,6,2,3,2,1,1,1,0,0,0,0,0
516,6,reward-greedy-4,reward-greedy,62,516,6,148,64,8,0,0,0,2,4,0,0,32,64,16,4,2,8,8,0,6,2,2,3,1,1,1,0,0,0,0,0
532,6,reward-greedy-4,reward-greedy,63,532,6,150,64,8,2,0,0,2,4,0,0,32,64,16,4,2,16,0,0,6,3,2,1,2,1,1,0,0,0,0,0
532,5,reward-greedy-4,reward-greedy,64,532,5,152,64,8,2,16,4,2,4,0,0,32,64,0,0,2,16,0,2,5,4,2,1,2,1,1,0,0,0,0,0
532,4,reward-greedy-4,reward-greedy,65,532,4,154,64,8,2,16,4,2,0,2,4,0,0,32,64,0,2,16,2,4,5,2,1,2,1,1,0,0,0,0,0
544,5,reward-greedy-4,reward-greedy,66,544,5,156,64,8,4,16,8,2,0,2,64,0,2,32,2,0,0,16,0,5,4,1,2,2,1,1,0,0,0,0,0
548,5,reward-greedy-4,reward-greedy,67,548,5,158,64,8,4,16,8,0,0,4,64,0,2,32,2,2,0,0,16,5,3,2,2,2,1,1,0,0,0,0,0
548,4,reward-greedy-4,reward-greedy,68,548,4,160,64,8,4,16,8,4,64,0,0,2,32,2,2,2,16,0,0,4,4,2,2,2,1,1,0,0,0,0,0
552,4,reward-greedy-4,reward-greedy,69,552,4,162,64,0,4,2,0,8,64,0,0,4,32,16,8,4,16,2,2,4,3,3,2,2,1,1,0,0,0,0,0
560,4,reward-greedy-4,reward-greedy,70,560,4,164,64,0,4,0,0,2,64,2,0,8,32,16,8,8,16,2,2,4,4,1,3,2,1,1,0,0,0,0,0
576,4,reward-greedy-4,reward-greedy,71,576,4,166,64,0,4,0,2,0,64,2,0,2,32,16,8,16,16,2,2,4,5,1,1,3,1,1,0,0,0,0,0
612,5,reward-greedy-4,reward-greedy,72,612,5,168,64,0,0,4,2,0,2,64,2,2,32,16,8,0,0,32,4,5,4,2,1,1,2,1,0,0,0,0,0
616,5,reward-greedy-4,reward-greedy,73,616,5,170,64,0,0,4,0,0,0,64,4,2,2,16,8,2,32,32,4,5,3,3,1,1,2,1,0,0,0,0,0
684,6,reward-greedy-4,reward-greedy,74,684,6,172,64,0,2,0,4,0,0,64,4,0,4,16,8,0,2,64,4,6,2,4,1,1,0,2,0,0,0,0,0
692,6,reward-greedy-4,reward-greedy,75,692,6,174,64,0,0,0,0,0,2,64,8,2,4,16,8,0,2,64,4,6,3,2,2,1,0,2,0,0,0,0,0
708,6,reward-greedy-4,reward-greedy,76,708,6,178,64,4,0,0,0,0,2,64,0,0,4,16,16,2,2,64,4,6,3,3,0,2,0,2,0,0,0,0,0
744,7,reward-greedy-4,reward-greedy,77,744,7,180,64,4,0,0,0,2,64,0,0,4,32,2,0,4,64,4,0,7,2,4,0,0,1,2,0,0,0,0,0
752,7,reward-greedy-4,reward-greedy,78,752,7,182,64,0,2,0,0,4,64,0,0,2,32,2,0,8,64,4,0,7,3,2,1,0,1,2,0,0,0,0,0
752,6,reward-greedy-4,reward-greedy,79,752,6,184,64,0,0,2,2,0,0,4,64,0,2,32,2,0,8,64,4,6,4,2,1,0,1,2,0,0,0,0,0
756,6,reward-greedy-4,reward-greedy,80,756,6,186,64,4,0,0,0,4,64,0,0,2,32,2,0,8,64,4,2,6,3,3,1,0,1,2,0,0,0,0,0
764,6,reward-greedy-4,reward-greedy,81,764,6,188,64,8,64,2,2,2,32,4,0,8,64,0,0,0,2,0,0,6,4,1,2,0,1,2,0,0,0,0,0
768,6,reward-greedy-4,reward-greedy,82,768,6,190,64,8,64,4,0,2,32,4,0,8,64,0,2,2,0,0,0,6,3,2,2,0,1,2,0,0,0,0,0
776,6,reward-greedy-4,reward-greedy,83,776,6,192,64,8,64,8,2,2,32,0,0,8,64,0,0,2,0,2,0,6,4,0,3,0,1,2,0,0,0,0,0
780,6,reward-greedy-4,reward-greedy,84,780,6,194,64,8,64,8,2,2,32,0,0,8,64,2,0,4,0,0,0,6,3,1,3,0,1,2,0,0,0,0,0
780,5,reward-greedy-4,reward-greedy,85,780,5,198,64,8,64,8,2,4,0,2,32,0,8,64,2,0,0,0,4,5,3,2,3,0,1,2,0,0,0,0,0
780,4,reward-greedy-4,reward-greedy,86,780,4,200,64,2,0,0,2,0,0,8,32,8,64,2,2,4,8,64,4,4,4,2,3,0,1,2,0,0,0,0,0
788,5,reward-greedy-4,reward-greedy,87,788,5,204,64,4,4,0,0,8,32,0,0,8,64,4,0,4,8,64,4,5,0,5,3,0,1,2,0,0,0,0,0
804,5,reward-greedy-4,reward-greedy,88,804,5,206,64,0,4,2,0,4,32,0,0,16,64,4,0,4,8,64,4,5,1,5,1,1,1,2,0,0,0,0,0
804,4,reward-greedy-4,reward-greedy,89,804,4,210,64,4,0,4,2,0,0,4,32,0,16,64,4,4,8,64,4,4,1,6,1,1,1,2,0,0,0,0,0
956,7,reward-greedy-4,reward-greedy,90,956,7,212,128,0,0,0,2,0,0,0,2,0,16,8,32,8,8,128,8,7,2,0,4,1,1,0,1,0,0,0,0
972,7,reward-greedy-4,reward-greedy,91,972,7,214,128,2,0,0,0,2,0,0,2,16,8,32,0,16,128,8,0,7,3,0,2,2,1,0,1,0,0,0,0
1008,8,reward-greedy-4,reward-greedy,92,1008,8,216,128,4,8,32,2,32,128,8,0,0,0,0,0,0,2,0,0,8,2,1,2,0,2,0,1,0,0,0,0
1008,7,reward-greedy-4,reward-greedy,93,1008,7,218,128,4,8,32,2,32,128,8,0,0,0,2,0,2,0,0,0,7,3,1,2,0,2,0,1,0,0,0,0
1008,6,reward-greedy-4,reward-greedy,94,1008,6,220,128,4,8,32,2,0,32,128,8,0,0,0,2,0,2,0,2,6,4,1,2,0,2,0,1,0,0,0,0
1012,6,reward-greedy-4,reward-greedy,95,1012,6,222,128,4,8,32,2,32,128,8,0,2,0,0,0,4,0,0,2,6,3,2,2,0,2,0,1,0,0,0,0
1016,6,reward-greedy-4,reward-greedy,96,1016,6,224,128,4,8,32,4,32,128,8,2,2,0,0,0,4,0,0,0,6,2,3,2,0,2,0,1,0,0,0,0
1016,5,reward-greedy-4,reward-greedy,97,1016,5,226,128,4,8,32,4,32,128,8,2,0,2,0,2,0,0,0,4,5,3,3,2,0,2,0,1,0,0,0,0
1020,5,reward-greedy-4,reward-greedy,98,1020,5,230,128,4,8,32,4,32,128,8,2,4,0,4,0,4,0,0,0,5,1,5,2,0,2,0,1,0,0,0,0
1028,5,reward-greedy-4,reward-greedy,99,1028,5,232,128,4,8,32,4,32,128,8,2,8,0,4,0,2,0,0,0,5,2,3,3,0,2,0,1,0,0,0,0
1028,4,reward-greedy-4,reward-greedy,100,1028,4,234,128,4,8,32,4,32,128,8,2,8,4,0,0,2,0,2,0,4,3,3,3,0,2,0,1,0,0,0,0
1032,4,reward-greedy-4,reward-greedy,101,1032,4,236,128,4,8,32,4,32,128,8,2,0,0,8,4,2,0,0,4,4,2,4,3,0,2,0,1,0,0,0,0
1056,5,reward-greedy-4,reward-greedy,102,1056,5,238,128,2,0,0,0,4,0,0,4,32,8,32,2,2,128,16,8,5,3,2,2,1,2,0,1,0,0,0,0
1064,5,reward-greedy-4,reward-greedy,103,1064,5,240,128,0,0,0,2,2,0,0,8,32,8,32,2,2,128,16,8,5,4,0,3,1,2,0,1,0,0,0,0
1064,4,reward-greedy-4,reward-greedy,104,1064,4,242,128,2,8,32,2,32,128,16,8,2,2,0,2,0,0,0,8,4,5,0,3,1,2,0,1,0,0,0,0
1068,4,reward-greedy-4,reward-greedy,105,1068,4,244,128,2,8,32,2,32,128,16,8,4,2,0,0,8,0,2,0,4,4,1,3,1,2,0,1,0,0,0,0
1068,3,reward-greedy-4,reward-greedy,106,1068,3,246,128,2,8,32,2,32,128,16,8,4,2,2,2,8,0,0,0,3,5,1,3,1,2,0,1,0,0,0,0
1072,3,reward-greedy-4,reward-greedy,107,1072,3,248,128,2,8,32,2,32,128,16,8,0,4,2,4,2,0,0,8,3,4,2,3,1,2,0,1,0,0,0,0
1072,2,reward-greedy-4,reward-greedy,108,1072,2,250,128,2,0,0,2,2,8,32,8,32,128,16,4,2,4,2,8,2,5,2,3,1,2,0,1,0,0,0,0
1076,2,reward-greedy-4,reward-greedy,109,1076,2,252,128,4,0,0,2,2,8,32,8,32,128,16,4,2,4,2,8,2,4,3,3,1,2,0,1,0,0,0,0
1076,1,reward-greedy-4,reward-greedy,110,1076,1,254,128,4,2,0,2,2,8,32,8,32,128,16,4,2,4,2,8,1,5,3,3,1,2,0,1,0,0,0,0
1080,1,reward-greedy-4,reward-greedy,111,1080,1,256,128,4,4,2,0,2,8,32,8,32,128,16,4,2,4,2,8,1,4,4,3,1,2,0,1,0,0,0,0
1088,1,reward-greedy-4,reward-greedy,112,1088,1,258,128,8,2,0,2,2,8,32,8,32,128,16,4,2,4,2,8,1,5,2,4,1,2,0,1,0,0,0,0
1092,1,reward-greedy-4,reward-greedy,113,1092,1,260,128,8,4,0,2,2,8,32,8,32,128,16,4,2,4,2,8,1,4,3,4,1,2,0,1,0,0,0,0
1092,0,reward-greedy-4,reward-greedy,114,1092,0,264,128,8,4,2,4,2,8,32,8,32,128,16,4,2,4,2,8,0,4,4,4,1,2,0,1,0,0,0,0
0,13,reward-greedy-5,reward-greedy,0,0,13,6,2,2,2,2,0,0,0,0,0,0,0,0,0,0,0,0,0,13,3,0,0,0,0,0,0,0,0,0,0
4,13,reward-greedy-5,reward-greedy,1,4,13,8,4,4,2,0,0,0,0,0,0,0,0,0,0,2,0,0,0,13,2,1,0,0,0,0,0,0,0,0,0
4,12,reward-greedy-5,reward-greedy,2,4,12,10,4,0,0,4,2,0,0,0,0,0,0,2,0,0,0,0,2,12,3,1,0,0,0,0,0,0,0,0,0
8,12,reward-greedy-5,reward-greedy,3,8,12,12,4,0,0,0,0,0,0,0,0,2,0,4,0,0,0,2,4,12,2,2,0,0,0,0,0,0,0,0,0
8,11,reward-greedy-5,reward-greedy,4,8,11,14,4,0,0,0,0,0,0,0,0,2,4,0,0,2,4,0,2,11,3,2,0,0,0,0,0,0,0,0,0
20,12,reward-greedy-5,reward-greedy,5,20,12,16,8,0,0,0,0,0,0,0,0,0,0,0,0,4,8,2,2,12,2,1,1,0,0,0,0,0,0,0,0
24,12,reward-greedy-5,reward-greedy,6,24,12,18,8,0,0,0,0,2,0,0,0,0,0,0,0,0,4,8,4,12,1,2,1,0,0,0,0,0,0,0,0
24,11,reward-greedy-5,reward-greedy,7,24,11,20,8,0,0,0,0,0,0,0,2,2,0,0,0,0,4,8,4,11,2,2,1,0,0,0,0,0,0,0,0
24,10,reward-greedy-5,reward-greedy,8,24,10,22,8,0,2,0,0,0,0,0,2,0,0,0,2,0,4,8,4,10,3,2,1,0,0,0,0,0,0,0,0
28,10,reward-greedy-5,reward-greedy,9,28,10,24,8,0,2,8,4,0,4,0,4,0,0,2,0,0,0,0,0,10,2,3,1,0,0,0,0,0,0,0,0
36,10,reward-greedy-5,reward-greedy,10,36,10,26,8,0,2,8,4,0,0,0,8,0,0,0,2,0,0,0,2,10,3,1,2,0,0,0,0,0,0,0,0
40,10,reward-greedy-5,reward-greedy,11,40,10,30,8,4,2,8,4,0,0,0,8,0,0,0,4,0,0,0,0,10,1,3,2,0,0,0,0,0,0,0,0
40,9,reward-greedy-5,reward-greedy,12,40,9,32,8,4,2,8,4,0,0,0,8,0,0,0,4,0,0,0,2,9,2,3,2,0,0,0,0,0,0,0,0
40,8,reward-greedy-5,reward-greedy,13,40,8,34,8,4,2,8,4,8,0,0,0,4,0,0,0,2,0,2,0,8,3,3,2,0,0,0,0,0,0,0,0
44,8,reward-greedy-5,reward-greedy,14,44,8,36,8,4,2,8,4,8,0,0,0,4,0,0,2,4,0,0,0,8,2,4,2,0,0,0,0,0,0,0,0
52,8,reward-greedy-5,reward-greedy,15,52,8,38,8,4,2,8,4,8,0,0,2,8,0,0,0,0,0,0,2,8,3,2,3,0,0,0,0,0,0,0,0
72,9,reward-greedy-5,reward-greedy,16,72,9,40,16,4,2,8,4,16,0,0,4,0,0,0,2,0,0,0,0,9,2,3,1,1,0,0,0,0,0,0,0
80,9,reward-greedy-5,reward-greedy,17,80,9,42,16,4,2,8,8,16,0,0,2,0,0,0,2,0,0,0,0,9,3,1,2,1,0,0,0,0,0,0,0
96,9,reward-greedy-5,reward-greedy,18,96,9,44,16,0,4,2,16,0,0,16,2,0,0,0,2,0,2,0,0,9,4,1,0,2,0,0,0,0,0,0,0
100,9,reward-greedy-5,reward-greedy,19,100,9,46,16,0,2,0,0,0,0,0,0,0,4,2,16,0,2,16,4,9,3,2,0,2,0,0,0,0,0,0,0
100,8,reward-greedy-5,reward-greedy,20,100,8,48,16,2,2,2,16,0,4,16,4,0,2,0,0,0,0,0,0,8,4,2,0,2,0,0,0,0,0,0,0
104,8,reward-greedy-5,reward-greedy,21,104,8,52,16,0,2,4,16,0,4,16,4,0,0,0,2,0,4,0,0,8,2,4,0,2,0,0,0,0,0,0,0
112,8,reward-greedy-5,reward-greedy,22,112,8,54,16,0,2,4,16,0,8,16,4,0,2,0,2,0,0,0,0,8,3,2,1,2,0,0,0,0,0,0,0
116,8,reward-greedy-5,reward-greedy,23,116,8,56,16,2,4,16,2,8,16,4,0,4,0,0,0,0,0,0,0,8,2,3,1,2,0,0,0,0,0,0,0
116,7,reward-greedy-5,reward-greedy,24,116,7,58,16,2,4,16,2,8,16,4,0,4,0,0,2,0,0,0,0,7,3,3,1,2,0,0,0,0,0,0,0
120,7,reward-greedy-5,reward-greedy,25,120,7,60,16,0,0,0,0,2,0,2,0,8,4,16,0,4,16,4,4,7,2,4,1,2,0,0,0,0,0,0,0
132,8,reward-greedy-5,reward-greedy,26,132,8,62,16,0,0,0,0,0,0,0,4,2,8,4,16,0,4,16,8,8,1,3,2,2,0,0,0,0,0,0,0
132,7,reward-greedy-5,reward-greedy,27,132,7,64,16,0,0,0,2,0,0,0,4,0,8,4,16,2,4,16,8,7,2,3,2,2,0,0,0,0,0,0,0
132,6,reward-greedy-5,reward-greedy,28,132,6,66,16,2,0,0,2,4,0,0,0,8,4,16,0,2,4,16,8,6,3,3,2,2,0,0,0,0,0,0,0
172,7,reward-greedy-5,reward-greedy,29,172,7,68,32,2,0,0,0,4,0,2,0,8,0,0,2,2,8,32,8,7,4,1,3,0,1,0,0,0,0,0,0
172,6,reward-greedy-5,reward-greedy,30,172,6,70,32,0,0,0,2,0,2,4,2,0,0,8,2,2,8,32,8,6,5,1,3,0,1,0,0,0,0,0,0
176,6,reward-greedy-5,reward-greedy,31,176,6,72,32,0,0,0,0,2,0,4,2,0,2,8,4,2,8,32,8,6,4,2,3,0,1,0,0,0,0,0,0
180,6,reward-greedy-5,reward-greedy,32,180,6,74,32,4,2,4,2,0,8,8,4,0,2,32,8,0,0,0,0,6,3,3,3,0,1,0,0,0,0,0,0
196,6,reward-greedy-5,reward-greedy,33,196,6,78,32,4,2,4,2,16,4,0,0,2,32,8,0,4,0,0,0,6,3,4,1,1,1,0,0,0,0,0,0
196,5,reward-greedy-5,reward-greedy,34,196,5,80,32,4,2,4,2,16,4,0,2,2,32,8,0,4,0,0,0,5,4,4,1,1,1,0,0,0,0,0,0
200,5,reward-greedy-5,reward-greedy,35,200,5,82,32,4,0,0,0,16,2,2,0,2,4,4,0,4,32,8,4,5,3,5,1,1,1,0,0,0,0,0,0
212,6,reward-greedy-5,reward-greedy,36,212,6,84,32,0,2,0,4,0,0,16,4,0,0,2,8,4,32,8,4,6,2,4,2,1,1,0,0,0,0,0,0
220,6,reward-greedy-5,reward-greedy,37,220,6,86,32,0,0,0,0,2,0,16,8,0,2,2,8,4,32,8,4,6,3,2,3,1,1,0,0,0,0,0,0
236,6,reward-greedy-5,reward-greedy,38,236,6,88,32,2,2,16,16,4,32,2,4,2,0,8,0,0,0,0,0,6,4,2,1,2,1,0,0,0,0,0,0
272,7,reward-greedy-5,reward-greedy,39,272,7,90,32,0,0,4,32,4,32,2,4,2,0,2,8,0,0,0,0,7,3,3,1,0,2,0,0,0,0,0,0
276,7,reward-greedy-5,reward-greedy,40,276,7,94,32,0,0,4,32,4,32,2,4,0,4,4,8,0,0,0,0,7,1,5,1,0,2,0,0,0,0,0,0
284,7,reward-greedy-5,reward-greedy,41,284,7,96,32,0,0,4,32,4,32,2,4,2,0,8,8,0,0,0,0,7,2,3,2,0,2,0,0,0,0,0,0
300,7,reward-greedy-5,reward-greedy,42,300,7,98,32,4,32,0,0,4,32,2,4,2,16,0,0,2,0,0,0,7,3,3,0,1,2,0,0,0,0,0,0
376,9,reward-greedy-5,reward-greedy,43,376,9,100,64,0,0,0,2,0,0,0,0,8,64,0,0,4,16,2,4,9,2,2,1,1,0,1,0,0,0,0,0
376,8,reward-greedy-5,reward-greedy,44,376,8,102,64,2,0,0,2,0,0,0,0,0,0,8,64,4,16,2,4,8,3,2,1,1,0,1,0,0,0,0,0
380,8,reward-greedy-5,reward-greedy,45,380,8,106,64,0,0,0,4,4,0,0,0,0,0,8,64,4,16,2,4,8,1,4,1,1,0,1,0,0,0,0,0
388,8,reward-greedy-5,reward-greedy,46,388,8,108,64,8,16,8,4,2,0,2,64,0,0,0,4,0,0,0,0,8,2,2,2,1,0,1,0,0,0,0,0
392,8,reward-greedy-5,reward-greedy,47,392,8,110,64,8,16,8,4,4,64,0,0,4,2,0,0,0,0,0,0,8,1,3,2,1,0,1,0,0,0,0,0
400,8,reward-greedy-5,reward-greedy,48,400,8,112,64,8,16,8,4,8,64,0,0,0,2,0,0,2,0,0,0,8,2,1,3,1,0,1,0,0,0,0,0
416,8,reward-greedy-5,reward-greedy,49,416,8,114,64,0,2,0,0,0,16,0,0,16,64,0,0,2,2,8,4,8,3,1,1,2,0,1,0,0,0,0,0
420,8,reward-greedy-5,reward-greedy,50,420,8,116,64,0,0,0,2,0,0,0,16,0,0,16,64,2,4,8,4,8,2,2,1,2,0,1,0,0,0,0,0
420,7,reward-greedy-5,reward-greedy,51,420,7,118,64,2,0,0,2,0,0,0,16,0,0,16,64,2,4,8,4,7,3,2,1,2,0,1,0,0,0,0,0
424,7,reward-greedy-5,reward-greedy,52,424,7,120,64,0,0,0,4,2,0,0,16,0,0,16,64,2,4,8,4,7,2,3,1,2,0,1,0,0,0,0,0
428,7,reward-greedy-5,reward-greedy,53,428,7,122,64,0,2,0,4,0,0,0,16,0,0,16,64,4,4,8,4,7,1,4,1,2,0,1,0,0,0,0,0
436,7,reward-greedy-5,reward-greedy,54,436,7,124,64,2,4,2,0,16,0,0,0,16,64,0,0,8,8,4,0,7,2,2,2,2,0,1,0,0,0,0,0
468,7,reward-greedy-5,reward-greedy,55,468,7,126,64,2,4,2,2,32,64,4,0,8,8,0,0,0,0,0,0,7,3,2,2,0,1,1,0,0,0,0,0
488,8,reward-greedy-5,reward-greedy,56,488,8,128,64,0,2,4,4,0,32,64,4,0,0,0,16,0,2,0,0,8,2,3,0,1,1,1,0,0,0,0,0
496,8,reward-greedy-5,reward-greedy,57,496,8,130,64,0,2,4,8,0,32,64,16,0,2,0,0,0,0,0,2,8,3,1,1,1,1,1,0,0,0,0,0
496,7,reward-greedy-5,reward-greedy,58,496,7,132,64,2,4,8,0,32,64,16,0,2,0,0,2,2,0,0,0,7,4,1,1,1,1,1,0,0,0,0,0
500,7,reward-greedy-5,reward-greedy,59,500,7,134,64,2,4,8,2,32,64,16,0,4,0,2,0,0,0,0,0,7,3,2,1,1,1,1,0,0,0,0,0
500,6,reward-greedy-5,reward-greedy,60,500,6,138,64,2,4,8,2,32,64,16,0,4,0,2,0,0,0,4,0,6,3,3,1,1,1,1,0,0,0,0,0
500,5,reward-greedy-5,reward-greedy,61,500,5,140,64,2,4,8,2,32,64,16,0,4,2,0,0,4,0,2,0,5,4,3,1,1,1,1,0,0,0,0,0
508,5,reward-greedy-5,reward-greedy,62,508,5,142,64,2,0,0,0,2,4,8,0,32,64,16,0,8,2,2,2,5,5,1,2,1,1,1,0,0,0,0,0
512,5,reward-greedy-5,reward-greedy,63,512,5,146,64,0,0,0,2,4,2,4,8,0,32,64,16,0,8,2,4,5,3,3,2,1,1,1,0,0,0,0,0
512,4,reward-greedy-5,reward-greedy,64,512,4,148,64,4,2,4,2,0,32,64,8,0,8,2,16,0,0,2,4,4,4,3,2,1,1,1,0,0,0,0,0
516,4,reward-greedy-5,reward-greedy,65,516,4,150,64,4,2,4,2,0,32,64,8,0,8,4,16,2,0,0,4,4,3,4,2,1,1,1,0,0,0,0,0
516,3,reward-greedy-5,reward-greedy,66,516,3,152,64,4,2,4,2,32,64,8,0,8,4,16,0,2,4,2,0,3,4,4,2,1,1,1,0,0,0,0,0
524,3,reward-greedy-5,reward-greedy,67,524,3,154,64,4,0,4,0,32,2,8,2,8,64,16,0,2,8,2,2,3,5,2,3,1,1,1,0,0,0,0,0
536,4,reward-greedy-5,reward-greedy,68,536,4,156,64,8,0,0,2,32,2,8,2,8,64,16,0,2,8,4,0,4,4,1,4,1,1,1,0,0,0,0,0
540,4,reward-greedy-5,reward-greedy,69,540,4,158,64,8,0,0,2,32,2,8,0,8,64,16,0,2,8,4,4,4,3,2,4,1,1,1,0,0,0,0,0
548,4,reward-greedy-5,reward-greedy,70,548,4,160,64,0,0,8,2,0,32,2,8,0,8,64,16,2,2,8,8,4,4,0,5,1,1,1,0,0,0,0,0
568,5,reward-greedy-5,reward-greedy,71,568,5,164,64,0,4,8,2,0,32,2,8,0,8,64,16,0,0,4,16,5,2,2,3,2,1,1,0,0,0,0,0
600,5,reward-greedy-5,reward-greedy,72,600,5,166,64,2,0,8,0,0,4,2,2,0,32,64,8,0,8,4,32,5,3,2,3,0,2,1,0,0,0,0,0
604,5,reward-greedy-5,reward-greedy,73,604,5,168,64,0,0,2,8,2,0,4,4,0,32,64,8,0,8,4,32,5,2,3,3,0,2,1,0,0,0,0,0
612,5,reward-greedy-5,reward-greedy,74,612,5,170,64,0,0,2,8,0,2,2,8,0,32,64,8,0,8,4,32,5,3,1,4,0,2,1,0,0,0,0,0
632,6,reward-greedy-5,reward-greedy,75,632,6,172,64,0,0,0,0,2,2,4,8,0,32,64,16,0,8,4,32,6,2,2,2,1,2,1,0,0,0,0,0
636,6,reward-greedy-5,reward-greedy,76,636,6,174,64,0,0,0,0,2,4,4,8,0,32,64,16,0,8,4,32,6,1,3,2,1,2,1,0,0,0,0,0
644,6,reward-greedy-5,reward-greedy,77,644,6,176,64,0,0,2,0,2,8,8,0,32,64,16,0,8,4,32,0,6,2,1,3,1,2,1,0,0,0,0,0
660,6,reward-greedy-5,reward-greedy,78,660,6,178,64,0,2,0,2,0,0,2,16,0,32,64,16,0,8,4,32,6,3,1,1,2,2,1,0,0,0,0,0
692,6,reward-greedy-5,reward-greedy,79,692,6,180,64,0,2,2,2,0,32,64,32,0,8,4,32,2,0,0,0,6,4,1,1,0,3,1,0,0,0,0,0
756,6,reward-greedy-5,reward-greedy,80,756,6,182,64,2,2,2,2,0,32,64,64,2,8,4,0,0,0,0,0,6,5,1,1,0,1,2,0,0,0,0,0
892,8,reward-greedy-5,reward-greedy,81,892,8,184,128,4,4,0,0,32,128,0,0,2,8,4,2,0,0,0,0,8,2,3,1,0,1,0,1,0,0,0,0
900,8,reward-greedy-5,reward-greedy,82,900,8,186,128,8,0,0,0,32,128,2,0,2,8,4,2,0,0,0,0,8,3,1,2,0,1,0,1,0,0,0,0
900,7,reward-greedy-5,reward-greedy,83,900,7,188,128,8,0,0,0,32,128,2,0,2,8,4,2,0,0,2,0,7,4,1,2,0,1,0,1,0,0,0,0
900,6,reward-greedy-5,reward-greedy,84,900,6,190,128,2,0,0,8,0,32,128,2,2,8,4,2,0,0,0,2,6,5,1,2,0,1,0,1,0,0,0,0
908,7,reward-greedy-5,reward-greedy,85,908,7,192,128,4,32,128,8,0,8,4,4,0,0,0,2,2,0,0,0,7,2,3,2,0,1,0,1,0,0,0,0
916,7,reward-greedy-5,reward-greedy,86,916,7,196,128,4,32,128,8,4,0,8,8,0,0,0,2,0,0,0,2,7,2,2,3,0,1,0,1,0,0,0,0
944,9,reward-greedy-5,reward-greedy,87,944,9,198,128,8,32,128,16,0,0,8,4,2,0,0,0,0,0,0,0,9,1,1,2,1,1,0,1,0,0,0,0
944,8,reward-greedy-5,reward-greedy,88,944,8,200,128,8,32,128,16,2,0,8,4,0,0,0,0,2,0,0,0,8,2,1,2,1,1,0,1,0,0,0,0
948,8,reward-greedy-5,reward-greedy,89,948,8,204,128,8,32,128,16,4,0,8,4,0,0,0,0,0,0,4,0,8,0,3,2,1,1,0,1,0,0,0,0
948,7,reward-greedy-5,reward-greedy,90,948,7,206,128,0,0,0,0,0,0,128,2,8,0,8,16,4,32,4,4,7,1,3,2,1,1,0,1,0,0,0,0
972,8,reward-greedy-5,reward-greedy,91,972,8,208,128,0,0,2,0,128,2,0,0,16,16,0,0,4,32,8,0,8,2,1,1,2,1,0,1,0,0,0,0
1004,8,reward-greedy-5,reward-greedy,92,1004,8,210,128,2,0,2,0,128,2,0,0,32,0,0,0,4,32,8,0,8,3,1,1,0,2,0,1,0,0,0,0
1008,8,reward-greedy-5,reward-greedy,93,1008,8,212,128,4,0,0,0,128,2,2,0,32,0,0,0,4,32,8,0,8,2,2,1,0,2,0,1,0,0,0,0
1012,8,reward-greedy-5,reward-greedy,94,1012,8,214,128,4,0,0,2,128,4,0,0,32,0,0,0,4,32,8,0,8,1,3,1,0,2,0,1,0,0,0,0
1012,7,reward-greedy-5,reward-greedy,95,1012,7,216,128,4,2,0,0,128,4,0,2,32,0,0,0,4,32,8,0,7,2,3,1,0,2,0,1,0,0,0,0
1012,6,reward-greedy-5,reward-greedy,96,1012,6,220,128,0,0,4,2,0,128,4,2,0,0,4,32,0,4,32,8,6,2,4,1,0,2,0,1,0,0,0,0
1024,7,reward-greedy-5,reward-greedy,97,1024,7,222,128,2,128,8,4,0,4,4,32,0,0,32,8,0,0,0,0,7,1,3,2,0,2,0,1,0,0,0,0
1032,7,reward-greedy-5,reward-greedy,98,1032,7,226,128,2,128,8,4,8,32,0,4,32,8,0,0,0,0,0,0,7,1,2,3,0,2,0,1,0,0,0,0
1040,7,reward-greedy-5,reward-greedy,99,1040,7,228,128,0,0,0,2,2,128,0,0,8,32,0,0,32,8,8,8,7,2,0,4,0,2,0,1,0,0,0,0
1056,7,reward-greedy-5,reward-greedy,100,1056,7,230,128,2,2,0,0,2,128,0,0,8,32,0,0,32,16,8,0,7,3,0,2,1,2,0,1,0,0,0,0
1060,7,reward-greedy-5,reward-greedy,101,1060,7,232,128,0,2,0,0,4,128,0,2,8,32,0,0,32,16,8,0,7,2,1,2,1,2,0,1,0,0,0,0
1060,6,reward-greedy-5,reward-greedy,102,1060,6,234,128,4,2,8,2,8,128,0,0,32,32,0,2,0,16,0,0,6,3,1,2,1,2,0,1,0,0,0,0
1124,6,reward-greedy-5,reward-greedy,103,1124,6,236,128,4,2,8,2,0,0,8,128,0,0,64,2,0,0,2,16,6,4,1,2,1,0,1,1,0,0,0,0
1140,6,reward-greedy-5,reward-greedy,104,1140,6,240,128,0,0,4,2,0,0,16,128,0,0,64,2,4,2,2,16,6,4,2,0,2,0,1,1,0,0,0,0
1144,6,reward-greedy-5,reward-greedy,105,1144,6,242,128,4,2,0,0,16,128,0,0,64,2,2,0,4,4,16,0,6,3,3,0,2,0,1,1,0,0,0,0
1156,7,reward-greedy-5,reward-greedy,106,1156,7,244,128,0,0,4,2,0,0,16,128,0,2,64,4,0,0,8,16,7,2,2,1,2,0,1,1,0,0,0,0
1156,6,reward-greedy-5,reward-greedy,107,1156,6,246,128,0,2,4,2,0,0,16,128,0,0,64,4,2,0,8,16,6,3,2,1,2,0,1,1,0,0,0,0
1156,5,reward-greedy-5,reward-greedy,108,1156,5,248,128,2,0,4,2,0,0,16,128,0,0,64,4,2,2,8,16,5,4,2,1,2,0,1,1,0,0,0,0
1160,5,reward-greedy-5,reward-greedy,109,1160,5,250,128,2,4,2,0,16,128,0,0,64,4,2,0,4,8,16,0,5,3,3,1,2,0,1,1,0,0,0,0
1164,5,reward-greedy-5,reward-greedy,110,1164,5,252,128,2,4,0,0,16,128,0,2,64,4,4,0,4,8,16,0,5,2,4,1,2,0,1,1,0,0,0,0
1172,5,reward-greedy-5,reward-greedy,111,1172,5,254,128,2,4,0,0,16,128,2,0,64,8,0,2,4,8,16,0,5,3,2,2,2,0,1,1,0,0,0,0
1188,5,reward-greedy-5,reward-greedy,112,1188,5,256,128,2,4,2,2,16,128,16,0,64,16,0,2,4,0,0,0,5,4,2,0,3,0,1,1,0,0,0,0
1192,5,reward-greedy-5,reward-greedy,113,1192,5,258,128,0,2,4,4,0,16,128,16,0,64,16,2,2,0,0,4,5,3,3,0,3,0,1,1,0,0,0,0
1200,5,reward-greedy-5,reward-greedy,114,1200,5,260,128,2,8,0,0,16,128,16,0,64,16,2,0,2,4,0,2,5,4,1,1,3,0,1,1,0,0,0,0
1200,4,reward-greedy-5,reward-greedy,115,1200,4,262,128,0,0,2,8,2,16,128,16,0,64,16,2,0,2,4,2,4,5,1,1,3,0,1,1,0,0,0,0
1204,4,reward-greedy-5,reward-greedy,116,1204,4,264,128,0,2,2,0,0,16,128,8,0,64,16,16,2,2,4,4,4,4,2,1,3,0,1,1,0,0,0,0
1252,7,reward-greedy-5,reward-greedy,117,1252,7,266,128,4,0,0,0,16,128,8,0,64,32,0,2,4,8,0,0,7,1,2,2,1,1,1,1,0,0,0,0
1252,6,reward-greedy-5,reward-greedy,118,1252,6,268,128,0,0,0,4,0,16,128,8,2,64,32,2,0,0,4,8,6,2,2,2,1,1,1,1,0,0,0,0
1252,5,reward-greedy-5,reward-greedy,119,1252,5,270,128,0,2,0,4,0,16,128,8,2,64,32,2,0,0,4,8,5,3,2,2,1,1,1,1,0,0,0,0
1252,4,reward-greedy-5,reward-greedy,120,1252,4,272,128,2,4,2,0,16,128,8,0,2,64,32,2,4,8,0,0,4,4,2,2,1,1,1,1,0,0,0,0
1252,3,reward-greedy-5,reward-greedy,121,1252,3,274,128,2,4,2,2,16,128,8,0,2,64,32,0,4,8,0,2,3,5,2,2,1,1,1,1,0,0,0,0
1256,3,reward-greedy-5,reward-greedy,122,1256,3,276,128,2,4,0,2,16,128,2,0,2,64,8,0,4,8,32,4,3,4,3,2,1,1,1,1,0,0,0,0
1256,2,reward-greedy-5,reward-greedy,123,1256,2,278,128,2,4,0,0,16,128,2,2,2,64,8,2,4,8,32,4,2,5,3,2,1,1,1,1,0,0,0,0
1260,2,reward-greedy-5,reward-greedy,124,1260,2,280,128,2,4,0,2,16,128,4,0,2,64,8,2,4,8,32,4,2,4,4,2,1,1,1,1,0,0,0,0
1264,2,reward-greedy-5,reward-greedy,125,1264,2,282,128,2,4,4,4,16,128,8,4,2,64,32,0,4,8,0,2,2,3,5,2,1,1,1,1,0,0,0,0
1272,2,reward-greedy-5,reward-greedy,126,1272,2,286,128,2,4,4,8,16,128,8,2,2,64,32,4,4,8,0,0,2,3,4,3,1,1,1,1,0,0,0,0
1280,2,reward-greedy-5,reward-greedy,127,1280,2,288,128,2,8,8,2,16,128,8,2,2,64,32,4,4,8,0,0,2,4,2,4,1,1,1,1,0,0,0,0
1300,3,reward-greedy-5,reward-greedy,128,1300,3,290,128,2,8,16,4,16,128,32,4,2,64,0,0,4,8,0,2,3,3,3,2,2,1,1,1,0,0,0,0
1308,3,reward-greedy-5,reward-greedy,129,1308,3,292,128,2,8,2,0,16,128,0,0,2,64,16,8,4,8,32,2,3,4,1,3,2,1,1,1,0,0,0,0
1308,2,reward-greedy-5,reward-greedy,130,1308,2,294,128,2,8,0,2,16,128,2,0,2,64,16,8,4,8,32,2,2,5,1,3,2,1,1,1,0,0,0,0
1308,1,reward-greedy-5,reward-greedy,131,1308,1,296,128,2,2,8,2,0,16,128,2,2,64,16,8,4,8,32,2,1,6,1,3,2,1,1,1,0,0,0,0
1316,2,reward-greedy-5,reward-greedy,132,1316,2,298,128,4,2,8,4,4,16,128,8,0,64,16,2,2,8,32,0,2,3,3,3,2,1,1,1,0,0,0,0
1324,2,reward-greedy-5,reward-greedy,133,1324,2,300,128,8,2,8,4,2,16,128,8,0,64,16,2,0,8,32,2,2,4,1,4,2,1,1,1,0,0,0,0
1328,2,reward-greedy-5,reward-greedy,134,1328,2,302,128,2,2,8,0,0,16,128,4,8,64,16,8,2,8,32,4,2,3,2,4,2,1,1,1,0,0,0,0
1332,2,reward-greedy-5,reward-greedy,135,1332,2,304,128,2,0,4,8,0,16,128,4,8,64,16,8,2,8,32,4,2,2,3,4,2,1,1,1,0,0,0,0
1332,1,reward-greedy-5,reward-greedy,136,1332,1,306,128,0,2,4,8,2,16,128,4,8,64,16,8,2,8,32,4,1,3,3,4,2,1,1,1,0,0,0,0
1332,0,reward-greedy-5,reward-greedy,137,1332,0,308,128,2,2,4,8,2,16,128,4,8,64,16,8,2,8,32,4,0,4,3,4,2,1,1,1,0,0,0,0
1336,0,reward-greedy-5,reward-greedy,138,1336,0,310,128,4,2,4,8,8,16,128,4,2,64,16,8,2,8,32,4,0,3,4,4,2,1,1,1,0,0,0,0
1340,0,reward-greedy-5,reward-greedy,139,1340,0,312,128,2,2,4,8,4,16,128,4,8,64,16,8,4,8,32,4,0,2,5,4,2,1,1,1,0,0,0,0
1344,0,reward-greedy-5,reward-greedy,140,1344,0,314,128,4,4,8,2,4,16,128,4,8,64,16,8,4,8,32,4,0,1,6,4,2,1,1,1,0,0,0,0
1352,0,reward-greedy-5,reward-greedy,141,1352,0,316,128,8,8,2,2,4,16,128,4,8,64,16,8,4,8,32,4,0,2,4,5,2,1,1,1,0,0,0,0
1372,1,reward-greedy-5,reward-greedy,142,1372,1,318,128,2,0,16,4,4,16,128,4,8,64,16,8,4,8,32,4,1,1,5,3,3,1,1,1,0,0,0,0
1380,1,reward-greedy-5,reward-greedy,143,1380,1,320,128,2,0,16,2,4,16,128,8,8,64,16,8,4,8,32,4,1,2,3,4,3,1,1,1,0,0,0,0
1396,1,reward-greedy-5,reward-greedy,144,1396,1,322,128,2,16,16,2,4,64,128,16,8,8,16,4,4,2,32,0,1,3,3,2,4,1,1,1,0,0,0,0
1444,2,reward-greedy-5,reward-greedy,145,1444,2,324,128,2,32,2,2,4,64,128,16,16,16,4,0,4,2,32,0,2,4,3,0,3,2,1,1,0,0,0,0
1480,3,reward-greedy-5,reward-greedy,146,1480,3,326,128,2,32,4,0,4,64,128,16,32,4,2,0,4,2,32,0,3,3,4,0,1,3,1,1,0,0,0,0
1480,2,reward-greedy-5,reward-greedy,147,1480,2,328,128,2,32,4,16,4,64,128,0,32,4,2,2,4,2,32,0,2,4,4,0,1,3,1,1,0,0,0,0
1484,2,reward-greedy-5,reward-greedy,148,1484,2,330,128,2,32,4,16,4,64,128,2,32,4,4,0,4,2,32,0,2,3,5,0,1,3,1,1,0,0,0,0
1492,2,reward-greedy-5,reward-greedy,149,1492,2,332,128,2,32,4,16,4,64,128,2,32,8,2,0,4,2,32,0,2,4,3,1,1,3,1,1,0,0,0,0
1492,1,reward-greedy-5,reward-greedy,150,1492,1,336,128,2,32,4,16,4,64,128,2,32,8,2,4,4,2,32,0,1,4,4,1,1,3,1,1,0,0,0,0
1492,0,reward-greedy-5,reward-greedy,151,1492,0,338,128,2,32,4,2,4,64,128,16,32,8,2,2,4,2,32,4,0,5,4,1,1,3,1,1,0,0,0,0
1496,0,reward-greedy-5,reward-greedy,152,1496,0,342,128,2,32,4,2,4,64,128,16,4,32,8,4,4,2,32,4,0,3,6,1,1,3,1,1,0,0,0,0
1512,1,reward-greedy-5,reward-greedy,153,1512,1,344,128,2,32,4,2,8,64,128,16,4,32,8,8,2,2,32,0,1,4,2,3,1,3,1,1,0,0,0,0
1532,2,reward-greedy-5,reward-greedy,154,1532,2,346,128,2,32,4,2,8,64,128,16,0,4,32,16,0,2,4,32,2,3,3,1,2,3,1,1,0,0,0,0
1564,2,reward-greedy-5,reward-greedy,155,1564,2,348,128,0,32,4,0,2,64,128,2,2,4,32,32,8,2,4,32,2,4,3,1,0,4,1,1,0,0,0,0
1632,3,reward-greedy-5,reward-greedy,156,1632,3,350,128,0,32,4,0,2,64,128,0,4,4,32,2,8,2,4,64,3,3,4,1,0,2,2,1,0,0,0,0
1640,3,reward-greedy-5,reward-greedy,157,1640,3,352,128,32,4,2,0,2,64,128,0,8,32,2,0,8,2,4,64,3,4,2,2,0,2,2,1,0,0,0,0
1656,3,reward-greedy-5,reward-greedy,158,1656,3,356,128,0,4,2,0,32,64,128,0,2,32,2,4,16,2,4,64,3,4,3,0,1,2,2,1,0,0,0,0
1656,2,reward-greedy-5,reward-greedy,159,1656,2,358,128,0,0,4,2,2,32,64,128,2,32,2,4,16,2,4,64,2,5,3,0,1,2,2,1,0,0,0,0
1724,3,reward-greedy-5,reward-greedy,160,1724,3,360,128,2,0,4,2,0,0,64,128,4,64,2,4,16,2,4,64,3,4,4,0,1,0,3,1,0,0,0,0
1724,2,reward-greedy-5,reward-greedy,161,1724,2,362,128,0,2,4,2,2,0,64,128,4,64,2,4,16,2,4,64,2,5,4,0,1,0,3,1,0,0,0,0
1724,1,reward-greedy-5,reward-greedy,162,1724,1,364,128,0,2,4,2,2,2,64,128,4,64,2,4,16,2,4,64,1,6,4,0,1,0,3,1,0,0,0,0
1728,1,reward-greedy-5,reward-greedy,163,1728,1,366,128,2,4,4,2,4,64,64,128,16,2,2,4,0,2,4,64,1,5,5,0,1,0,3,1,0,0,0,0
1868,3,reward-greedy-5,reward-greedy,164,1868,3,368,128,0,2,8,2,0,4,128,128,0,16,4,4,2,2,4,64,3,4,4,1,1,0,1,2,0,0,0,0
2136,5,reward-greedy-5,reward-greedy,165,2136,5,370,256,2,8,2,0,4,256,0,0,16,8,0,0,4,4,64,2,5,3,3,2,1,0,1,0,1,0,0,0
2144,5,reward-greedy-5,reward-greedy,166,2144,5,372,256,2,8,2,2,4,256,0,0,16,8,0,0,8,64,2,0,5,4,1,3,1,0,1,0,1,0,0,0
2148,5,reward-greedy-5,reward-greedy,167,2148,5,374,256,2,8,4,2,4,256,2,0,16,8,0,0,8,64,0,0,5,3,2,3,1,0,1,0,1,0,0,0
2148,4,reward-greedy-5,reward-greedy,168,2148,4,376,256,2,8,4,2,4,256,2,0,16,8,2,0,8,64,0,0,4,4,2,3,1,0,1,0,1,0,0,0
2152,4,reward-greedy-5,reward-greedy,169,2152,4,378,256,2,8,4,2,4,256,4,0,16,8,0,0,8,64,0,2,4,3,3,3,1,0,1,0,1,0,0,0
2164,5,reward-greedy-5,reward-greedy,170,2164,5,380,256,2,8,0,0,4,256,0,0,16,8,0,2,8,64,8,4,5,2,2,4,1,0,1,0,1,0,0,0
2164,4,reward-greedy-5,reward-greedy,171,2164,4,382,256,2,8,0,0,4,256,2,0,16,8,0,2,8,64,8,4,4,3,2,4,1,0,1,0,1,0,0,0
2164,3,reward-greedy-5,reward-greedy,172,2164,3,384,256,0,0,2,8,0,4,256,2,2,16,8,2,8,64,8,4,3,4,2,4,1,0,1,0,1,0,0,0
2184,4,reward-greedy-5,reward-greedy,173,2184,4,386,256,0,0,2,0,0,4,2,8,2,16,256,4,8,64,16,4,4,3,3,2,2,0,1,0,1,0,0,0
2196,5,reward-greedy-5,reward-greedy,174,2196,5,388,256,0,0,0,2,0,4,4,0,2,16,256,8,8,64,16,8,5,2,2,3,2,0,1,0,1,0,0,0
2212,5,reward-greedy-5,reward-greedy,175,2212,5,390,256,0,0,2,0,0,4,4,0,2,16,256,2,8,64,16,16,5,3,2,1,3,0,1,0,1,0,0,0
2252,6,reward-greedy-5,reward-greedy,176,2252,6,392,256,2,0,0,0,8,2,0,0,2,16,256,2,8,64,32,0,6,4,0,2,1,1,1,0,1,0,0,0
2252,5,reward-greedy-5,reward-greedy,177,2252,5,394,256,0,2,0,2,0,0,8,2,2,16,256,2,0,8,64,32,5,5,0,2,1,1,1,0,1,0,0,0
2256,5,reward-greedy-5,reward-greedy,178,2256,5,396,256,0,2,0,4,0,0,8,2,2,16,256,2,0,8,64,32,5,4,1,2,1,1,1,0,1,0,0,0
2260,5,reward-greedy-5,reward-greedy,179,2260,5,400,256,2,2,8,4,0,16,256,4,0,8,64,32,4,0,0,0,5,2,3,2,1,1,1,0,1,0,0,0
2268,5,reward-greedy-5,reward-greedy,180,2268,5,402,256,2,2,8,8,4,16,256,32,2,8,64,0,0,0,0,0,5,3,1,3,1,1,1,0,1,0,0,0
2288,6,reward-greedy-5,reward-greedy,181,2288,6,404,256,0,0,4,16,4,16,256,32,2,2,8,64,0,0,0,0,6,2,2,1,2,1,1,0,1,0,0,0
2292,6,reward-greedy-5,reward-greedy,182,2292,6,406,256,4,16,0,0,4,16,256,32,4,8,64,2,0,0,0,0,6,1,3,1,2,1,1,0,1,0,0,0
2332,7,reward-greedy-5,reward-greedy,183,2332,7,408,256,8,32,256,32,4,8,64,2,0,0,0,0,0,2,0,0,7,2,1,2,0,2,1,0,1,0,0,0
2332,6,reward-greedy-5,reward-greedy,184,2332,6,412,256,8,32,256,32,4,8,64,2,0,0,0,0,2,0,4,0,6,2,2,2,0,2,1,0,1,0,0,0
2332,5,reward-greedy-5,reward-greedy,185,2332,5,414,256,8,32,256,32,4,8,64,2,0,0,0,0,2,4,2,0,5,3,2,2,0,2,1,0,1,0,0,0
2332,4,reward-greedy-5,reward-greedy,186,2332,4,416,256,8,32,256,32,4,8,64,2,0,0,0,0,2,4,2,2,4,4,2,2,0,2,1,0,1,0,0,0
2336,4,reward-greedy-5,reward-greedy,187,2336,4,418,256,8,32,256,32,4,8,64,2,0,0,0,0,2,2,4,4,4,3,3,2,0,2,1,0,1,0,0,0
2348,5,reward-greedy-5,reward-greedy,188,2348,5,420,256,8,32,256,32,4,8,64,2,2,0,0,0,0,0,4,8,5,2,2,3,0,2,1,0,1,0,0,0
2348,4,reward-greedy-5,reward-greedy,189,2348,4,424,256,8,32,256,32,4,8,64,2,0,0,4,2,0,0,4,8,4,2,3,3,0,2,1,0,1,0,0,0
2360,5,reward-greedy-5,reward-greedy,190,2360,5,426,256,0,0,0,0,0,2,256,32,8,32,64,4,4,8,8,8,5,1,2,4,0,2,1,0,1,0,0,0
2376,5,reward-greedy-5,reward-greedy,191,2376,5,428,256,2,0,0,0,2,256,32,0,8,32,64,4,4,16,8,0,5,2,2,2,1,2,1,0,1,0,0,0
2380,5,reward-greedy-5,reward-greedy,192,2380,5,430,256,4,256,32,4,8,32,64,0,4,16,8,0,0,0,0,2,5,1,3,2,1,2,1,0,1,0,0,0
2380,4,reward-greedy-5,reward-greedy,193,2380,4,432,256,4,256,32,4,8,32,64,0,4,16,8,0,2,0,2,0,4,2,3,2,1,2,1,0,1,0,0,0
2384,4,reward-greedy-5,reward-greedy,194,2384,4,434,256,4,256,32,4,0,8,32,64,2,4,16,8,0,0,0,4,4,1,4,2,1,2,1,0,1,0,0,0
2448,4,reward-greedy-5,reward-greedy,195,2448,4,436,256,0,0,2,4,0,256,0,64,4,8,64,8,2,4,16,4,4,2,4,2,1,0,2,0,1,0,0,0
2448,3,reward-greedy-5,reward-greedy,196,2448,3,438,256,4,256,2,4,2,8,64,64,2,4,16,8,0,0,0,4,3,3,4,2,1,0,2,0,1,0,0,0
2576,3,reward-greedy-5,reward-greedy,197,2576,3,440,256,4,256,2,4,0,2,8,128,2,4,16,8,0,0,2,4,3,4,4,2,1,0,0,1,1,0,0,0
2576,2,reward-greedy-5,reward-greedy,198,2576,2,442,256,4,256,2,4,2,8,128,0,2,4,16,8,2,4,2,0,2,5,4,2,1,0,0,1,1,0,0,0
2588,3,reward-greedy-5,reward-greedy,199,2588,3,444,256,4,256,2,4,4,8,128,8,2,8,16,2,0,0,2,0,3,4,3,3,1,0,0,1,1,0,0,0
2612,4,reward-greedy-5,reward-greedy,200,2612,4,446,256,8,256,2,4,2,16,128,8,2,0,16,2,0,0,2,0,4,5,1,2,2,0,0,1,1,0,0,0
2616,4,reward-greedy-5,reward-greedy,201,2616,4,448,256,8,256,2,4,4,16,128,8,2,0,16,2,0,0,2,0,4,4,2,2,2,0,0,1,1,0,0,0
2616,3,reward-greedy-5,reward-greedy,202,2616,3,450,256,0,0,2,2,8,0,128,4,4,256,16,8,2,16,2,2,3,5,2,2,2,0,0,1,1,0,0,0
2624,4,reward-greedy-5,reward-greedy,203,2624,4,452,256,4,0,0,0,8,128,4,2,4,256,16,8,2,16,4,0,4,2,4,2,2,0,0,1,1,0,0,0
2624,3,reward-greedy-5,reward-greedy,204,2624,3,454,256,0,0,2,4,8,128,4,2,4,256,16,8,0,2,16,4,3,3,4,2,2,0,0,1,1,0,0,0
2656,3,reward-greedy-5,reward-greedy,205,2656,3,456,256,2,0,0,4,0,128,2,2,8,256,4,8,4,2,32,4,3,4,4,2,0,1,0,1,1,0,0,0
2660,3,reward-greedy-5,reward-greedy,206,2660,3,458,256,2,4,2,0,128,4,0,0,8,256,4,8,4,2,32,4,3,3,5,2,0,1,0,1,1,0,0,0
2668,3,reward-greedy-5,reward-greedy,207,2668,3,460,256,2,8,2,8,128,256,4,4,8,2,32,2,4,0,0,0,3,4,3,3,0,1,0,1,1,0,0,0
2676,3,reward-greedy-5,reward-greedy,208,2676,3,462,256,2,8,2,8,0,128,256,8,8,2,32,2,0,0,2,4,3,5,1,4,0,1,0,1,1,0,0,0
2692,3,reward-greedy-5,reward-greedy,209,2692,3,464,256,0,2,2,0,0,8,256,16,2,128,32,2,8,2,2,4,3,6,1,2,1,1,0,1,1,0,0,0
2700,4,reward-greedy-5,reward-greedy,210,2700,4,466,256,0,0,2,4,0,8,256,16,2,128,32,2,0,8,4,4,4,3,3,2,1,1,0,1,1,0,0,0
2708,4,reward-greedy-5,reward-greedy,211,2708,4,468,256,0,0,2,4,2,8,256,16,2,128,32,2,0,0,8,8,4,4,1,3,1,1,0,1,1,0,0,0
2724,4,reward-greedy-5,reward-greedy,212,2724,4,470,256,0,2,2,4,2,8,256,16,2,128,32,2,0,0,0,16,4,5,1,1,2,1,0,1,1,0,0,0
2728,4,reward-greedy-5,reward-greedy,213,2728,4,472,256,4,2,2,4,2,8,256,16,0,128,32,2,0,0,0,16,4,4,2,1,2,1,0,1,1,0,0,0
2732,4,reward-greedy-5,reward-greedy,214,2732,4,474,256,4,4,4,0,2,8,256,16,128,32,2,0,16,0,0,2,4,3,3,1,2,1,0,1,1,0,0,0
2740,4,reward-greedy-5,reward-greedy,215,2740,4,476,256,8,4,0,0,2,8,256,16,128,32,2,2,16,2,0,0,4,4,1,2,2,1,0,1,1,0,0,0
2744,4,reward-greedy-5,reward-greedy,216,2744,4,480,256,0,0,8,4,2,8,256,16,0,128,32,4,4,0,16,2,4,2,3,2,2,1,0,1,1,0,0,0
2744,3,reward-greedy-5,reward-greedy,217,2744,3,482,256,2,8,8,4,4,128,256,16,0,2,32,4,0,0,16,2,3,3,3,2,2,1,0,1,1,0,0,0
2760,3,reward-greedy-5,reward-greedy,218,2760,3,484,256,2,2,16,4,4,128,256,16,0,2,32,4,0,0,16,2,3,4,3,0,3,1,0,1,1,0,0,0
2764,3,reward-greedy-5,reward-greedy,219,2764,3,486,256,4,16,4,0,4,128,256,16,2,32,4,0,16,2,0,2,3,3,4,0,3,1,0,1,1,0,0,0
2772,3,reward-greedy-5,reward-greedy,220,2772,3,488,256,0,16,2,0,8,128,4,0,2,32,256,16,16,2,4,2,3,4,2,1,3,1,0,1,1,0,0,0
2772,2,reward-greedy-5,reward-greedy,221,2772,2,490,256,16,2,0,0,8,128,4,2,2,32,256,16,16,2,4,2,2,5,2,1,3,1,0,1,1,0,0,0
2772,1,reward-greedy-5,reward-greedy,222,2772,1,494,256,16,2,4,2,8,128,256,16,2,32,4,2,16,2,0,4,1,5,3,1,3,1,0,1,1,0,0,0
2772,0,reward-greedy-5,reward-greedy,223,2772,0,498,256,16,2,4,2,8,128,4,16,2,32,256,2,16,2,4,4,0,5,4,1,3,1,0,1,1,0,0,0
2780,0,reward-greedy-5,reward-greedy,224,2780,0,500,256,16,2,4,2,8,128,4,16,2,32,256,2,2,16,2,8,0,6,2,2,3,1,0,1,1,0,0,0
2792,1,reward-greedy-5,reward-greedy,225,2792,1,504,256,4,2,0,2,16,128,8,16,8,32,256,2,4,16,2,8,1,4,2,3,3,1,0,1,1,0,0,0
2796,1,reward-greedy-5,reward-greedy,226,2796,1,506,256,0,2,4,4,16,128,8,16,8,32,256,2,4,16,2,8,1,3,3,3,3,1,0,1,1,0,0,0
2804,1,reward-greedy-5,reward-greedy,227,2804,1,508,256,0,2,2,8,16,128,8,16,8,32,256,2,4,16,2,8,1,4,1,4,3,1,0,1,1,0,0,0
2808,1,reward-greedy-5,reward-greedy,228,2808,1,510,256,4,8,0,2,16,128,8,16,8,32,256,2,4,16,2,8,1,3,2,4,3,1,0,1,1,0,0,0
2808,0,reward-greedy-5,reward-greedy,229,2808,0,514,256,4,8,4,2,16,128,8,16,8,32,256,2,4,16,2,8,0,3,3,4,3,1,0,1,1,0,0,0
0,13,reward-greedy-6,reward-greedy,0,0,13,6,2,0,0,0,2,0,0,0,0,0,0,2,0,0,0,0,2,13,3,0,0,0,0,0,0,0,0,0,0
4,13,reward-greedy-6,reward-greedy,1,4,13,8,4,0,0,0,0,0,0,0,0,0,2,0,0,0,0,2,4,13,2,1,0,0,0,0,0,0,0,0,0
4,12,reward-greedy-6,reward-greedy,2,4,12,10,4,0,0,2,0,0,0,0,0,0,0,0,2,0,0,2,4,12,3,1,0,0,0,0,0,0,0,0,0
8,12,reward-greedy-6,reward-greedy,3,8,12,12,4,0,2,4,2,0,0,0,4,0,0,0,0,0,0,0,0,12,2,2,0,0,0,0,0,0,0,0,0
8,11,reward-greedy-6,reward-greedy,4,8,11,14,4,0,0,2,0,0,0,0,0,0,0,0,2,0,2,4,4,11,3,2,0,0,0,0,0,0,0,0,0
16,11,reward-greedy-6,reward-greedy,5,16,11,16,8,2,0,0,0,0,0,2,0,2,0,0,0,2,8,0,0,11,4,0,1,0,0,0,0,0,0,0,0
20,11,reward-greedy-6,reward-greedy,6,20,11,20,8,0,0,0,0,0,0,0,0,2,0,0,0,4,8,2,4,11,2,2,1,0,0,0,0,0,0,0,0
20,10,reward-greedy-6,reward-greedy,7,20,10,22,8,0,0,0,0,0,0,0,0,2,2,0,0,4,8,2,4,10,3,2,1,0,0,0,0,0,0,0,0
24,10,reward-greedy-6,reward-greedy,8,24,10,24,8,0,0,0,0,2,0,0,0,0,0,0,4,4,8,2,4,10,2,3,1,0,0,0,0,0,0,0,0
32,10,reward-greedy-6,reward-greedy,9,32,10,26,8,0,0,0,0,0,0,0,0,2,0,2,0,4,8,2,8,10,3,1,2,0,0,0,0,0,0,0,0
36,10,reward-greedy-6,reward-greedy,10,36,10,30,8,0,0,0,0,0,4,0,0,2,0,0,0,4,8,4,8,10,1,3,2,0,0,0,0,0,0,0,0
36,9,reward-greedy-6,reward-greedy,11,36,9,32,8,2,4,4,8,4,8,0,2,0,0,0,0,0,0,0,0,9,2,3,2,0,0,0,0,0,0,0,0
44,9,reward-greedy-6,reward-greedy,12,44,9,34,8,0,2,8,8,0,4,8,2,0,0,0,0,0,0,2,0,9,3,1,3,0,0,0,0,0,0,0,0
60,9,reward-greedy-6,reward-greedy,13,60,9,36,16,0,0,2,0,0,0,0,0,0,2,16,8,0,4,2,2,9,4,1,1,1,0,0,0,0,0,0,0
64,9,reward-greedy-6,reward-greedy,14,64,9,38,16,2,0,0,0,0,0,0,0,2,16,8,2,4,4,0,0,9,3,2,1,1,0,0,0,0,0,0,0
72,9,reward-greedy-6,reward-greedy,15,72,9,40,16,0,0,0,2,0,2,0,0,2,16,8,2,0,0,0,8,9,4,0,2,1,0,0,0,0,0,0,0
76,9,reward-greedy-6,reward-greedy,16,76,9,42,16,2,2,8,4,0,16,0,8,0,0,0,2,0,0,0,0,9,3,1,2,1,0,0,0,0,0,0,0
80,9,reward-greedy-6,reward-greedy,17,80,9,44,16,4,8,4,0,16,8,0,0,2,0,0,2,0,0,0,0,9,2,2,2,1,0,0,0,0,0,0,0
96,9,reward-greedy-6,reward-greedy,18,96,9,46,16,4,16,4,2,16,0,0,0,2,2,0,0,0,0,0,0,9,3,2,0,2,0,0,0,0,0,0,0
100,9,reward-greedy-6,reward-greedy,19,100,9,48,16,4,16,4,2,16,0,0,0,4,0,2,0,0,0,0,0,9,2,3,0,2,0,0,0,0,0,0,0
100,8,reward-greedy-6,reward-greedy,20,100,8,50,16,4,16,4,2,16,0,0,0,4,2,0,0,0,0,2,0,8,3,3,0,2,0,0,0,0,0,0,0
100,7,reward-greedy-6,reward-greedy,21,100,7,52,16,4,16,4,2,0,0,0,16,0,0,4,2,0,0,2,2,7,4,3,0,2,0,0,0,0,0,0,0
112,8,reward-greedy-6,reward-greedy,22,112,8,54,16,4,16,8,2,0,0,2,16,2,0,0,4,0,0,0,0,8,3,2,1,2,0,0,0,0,0,0,0
112,7,reward-greedy-6,reward-greedy,23,112,7,56,16,0,0,0,2,0,0,0,2,4,0,8,16,2,16,2,4,7,4,2,1,2,0,0,0,0,0,0,0
116,7,reward-greedy-6,reward-greedy,24,116,7,58,16,4,16,8,4,2,0,2,16,0,0,0,4,0,0,2,0,7,3,3,1,2,0,0,0,0,0,0,0
120,7,reward-greedy-6,reward-greedy,25,120,7,60,16,4,16,8,4,2,0,4,16,0,0,0,4,0,2,0,0,7,2,4,1,2,0,0,0,0,0,0,0
120,6,reward-greedy-6,reward-greedy,26,120,6,62,16,4,16,8,4,2,2,4,16,0,0,0,4,0,0,0,2,6,3,4,1,2,0,0,0,0,0,0,0
124,6,reward-greedy-6,reward-greedy,27,124,6,64,16,4,16,8,4,0,4,4,16,0,0,0,4,2,0,0,2,6,2,5,1,2,0,0,0,0,0,0,0
136,7,reward-greedy-6,reward-greedy,28,136,7,66,16,4,16,8,4,8,16,0,0,4,0,0,0,4,0,0,2,7,1,4,2,2,0,0,0,0,0,0,0
176,8,reward-greedy-6,reward-greedy,29,176,8,68,32,4,32,8,4,8,0,0,2,8,2,0,0,0,0,0,0,8,2,2,3,0,1,0,0,0,0,0,0
192,8,reward-greedy-6,reward-greedy,30,192,8,70,32,4,32,8,4,16,2,0,2,0,0,0,0,0,2,0,0,8,3,2,1,1,1,0,0,0,0,0,0
196,8,reward-greedy-6,reward-greedy,31,196,8,72,32,4,32,8,4,0,0,16,4,0,0,0,2,0,0,0,2,8,2,3,1,1,1,0,0,0,0,0,0
208,9,reward-greedy-6,reward-greedy,32,208,9,74,32,4,32,8,8,0,0,16,4,2,0,0,0,0,0,0,0,9,1,2,2,1,1,0,0,0,0,0,0
224,9,reward-greedy-6,reward-greedy,33,224,9,76,32,4,32,16,0,16,4,0,0,2,0,0,2,0,0,0,0,9,2,2,0,2,1,0,0,0,0,0,0
228,9,reward-greedy-6,reward-greedy,34,228,9,78,32,4,32,16,0,16,4,0,0,4,0,0,0,2,0,0,0,9,1,3,0,2,1,0,0,0,0,0,0
228,8,reward-greedy-6,reward-greedy,35,228,8,80,32,4,32,16,0,16,4,0,0,4,0,2,0,2,0,0,0,8,2,3,0,2,1,0,0,0,0,0,0
228,7,reward-greedy-6,reward-greedy,36,228,7,82,32,4,32,16,0,16,4,2,2,4,0,0,0,2,0,0,0,7,3,3,0,2,1,0,0,0,0,0,0
232,7,reward-greedy-6,reward-greedy,37,232,7,84,32,4,32,16,0,16,4,4,0,4,0,0,2,2,0,0,0,7,2,4,0,2,1,0,0,0,0,0,0
240,7,reward-greedy-6,reward-greedy,38,240,7,86,32,2,4,32,16,0,0,16,8,0,0,4,2,0,0,0,2,7,3,2,1,2,1,0,0,0,0,0,0
244,7,reward-greedy-6,reward-greedy,39,244,7,88,32,0,0,0,0,0,0,32,16,0,2,16,8,2,4,4,4,7,2,3,1,2,1,0,0,0,0,0,0
252,7,reward-greedy-6,reward-greedy,40,252,7,92,32,4,0,0,0,0,0,32,16,0,2,16,8,0,2,4,8,7,2,2,2,2,1,0,0,0,0,0,0
272,8,reward-greedy-6,reward-greedy,41,272,8,96,32,0,0,0,0,0,0,32,4,0,0,16,16,4,4,4,16,8,0,4,0,3,1,0,0,0,0,0,0
312,9,reward-greedy-6,reward-greedy,42,312,9,98,32,0,0,0,0,32,4,2,0,32,0,0,0,8,4,16,0,9,1,2,1,1,2,0,0,0,0,0,0
384,10,reward-greedy-6,reward-greedy,43,384,10,100,64,2,0,0,0,0,0,0,0,64,0,2,0,8,8,16,0,10,2,0,2,1,0,1,0,0,0,0,0
400,10,reward-greedy-6,reward-greedy,44,400,10,102,64,0,0,0,2,0,0,0,0,0,0,64,2,2,0,16,16,10,3,0,0,2,0,1,0,0,0,0,0
432,10,reward-greedy-6,reward-greedy,45,432,10,104,64,0,2,0,2,0,0,0,0,0,0,64,2,0,0,2,32,10,4,0,0,0,1,1,0,0,0,0,0
436,10,reward-greedy-6,reward-greedy,46,436,10,106,64,4,0,0,2,0,0,0,0,64,2,0,0,2,32,0,0,10,3,1,0,0,1,1,0,0,0,0,0
436,9,reward-greedy-6,reward-greedy,47,436,9,108,64,0,0,0,0,4,0,0,0,64,2,0,2,2,32,0,2,9,4,1,0,0,1,1,0,0,0,0,0
440,9,reward-greedy-6,reward-greedy,48,440,9,110,64,0,0,0,0,4,0,0,2,64,4,0,0,2,32,2,0,9,3,2,0,0,1,1,0,0,0,0,0
440,8,reward-greedy-6,reward-greedy,49,440,8,112,64,0,0,0,0,4,2,0,0,64,4,2,0,2,32,2,0,8,4,2,0,0,1,1,0,0,0,0,0
444,8,reward-greedy-6,reward-greedy,50,444,8,114,64,4,2,4,0,64,4,2,0,2,32,0,0,0,0,0,0,8,3,3,0,0,1,1,0,0,0,0,0
444,7,reward-greedy-6,reward-greedy,51,444,7,116,64,4,2,4,0,64,4,2,0,2,32,0,0,2,0,0,0,7,4,3,0,0,1,1,0,0,0,0,0
448,7,reward-greedy-6,reward-greedy,52,448,7,118,64,4,2,4,0,64,4,2,0,4,32,0,0,2,0,0,0,7,3,4,0,0,1,1,0,0,0,0,0
448,6,reward-greedy-6,reward-greedy,53,448,6,120,64,4,2,4,0,64,4,2,0,4,32,0,2,2,0,0,0,6,4,4,0,0,1,1,0,0,0,0,0
448,5,reward-greedy-6,reward-greedy,54,448,5,122,64,4,2,4,0,64,4,2,0,4,32,2,0,2,0,0,2,5,5,4,0,0,1,1,0,0,0,0,0
452,5,reward-greedy-6,reward-greedy,55,452,5,124,64,0,4,2,4,0,64,4,2,0,4,32,2,0,2,0,4,5,4,5,0,0,1,1,0,0,0,0,0
456,5,reward-greedy-6,reward-greedy,56,456,5,126,64,0,4,2,4,0,64,4,4,0,4,32,4,0,2,2,0,5,3,6,0,0,1,1,0,0,0,0,0
468,6,reward-greedy-6,reward-greedy,57,468,6,128,64,4,2,4,0,64,8,0,2,4,32,4,0,4,0,0,0,6,2,5,1,0,1,1,0,0,0,0,0
484,7,reward-greedy-6,reward-greedy,58,484,7,130,64,0,0,2,0,4,2,0,0,64,8,0,0,8,32,8,2,7,3,1,3,0,1,1,0,0,0,0,0
484,6,reward-greedy-6,reward-greedy,59,484,6,134,64,0,0,0,0,4,2,0,4,64,8,2,0,8,32,8,2,6,3,2,3,0,1,1,0,0,0,0,0
484,5,reward-greedy-6,reward-greedy,60,484,5,136,64,0,0,2,0,4,2,0,0,64,8,2,4,8,32,8,2,5,4,2,3,0,1,1,0,0,0,0,0
488,5,reward-greedy-6,reward-greedy,61,488,5,138,64,4,2,4,4,64,8,8,2,8,32,0,0,2,0,0,0,5,3,3,3,0,1,1,0,0,0,0,0
512,6,reward-greedy-6,reward-greedy,62,512,6,140,64,4,2,8,0,64,16,2,0,8,32,0,2,2,0,0,0,6,4,1,2,1,1,1,0,0,0,0,0
512,5,reward-greedy-6,reward-greedy,63,512,5,142,64,4,2,8,2,64,16,2,0,8,32,0,2,2,0,0,0,5,5,1,2,1,1,1,0,0,0,0,0
516,5,reward-greedy-6,reward-greedy,64,516,5,144,64,4,2,8,4,64,16,2,2,8,32,0,0,2,0,0,0,5,4,2,2,1,1,1,0,0,0,0,0
520,5,reward-greedy-6,reward-greedy,65,520,5,146,64,4,2,8,4,64,16,4,0,8,32,0,0,2,0,2,0,5,3,3,2,1,1,1,0,0,0,0,0
524,5,reward-greedy-6,reward-greedy,66,524,5,148,64,4,2,8,4,0,64,16,4,0,2,8,32,0,0,0,4,5,2,4,2,1,1,1,0,0,0,0,0
532,5,reward-greedy-6,reward-greedy,67,532,5,150,64,2,0,0,0,0,2,8,8,0,64,16,32,4,2,8,4,5,3,2,3,1,1,1,0,0,0,0,0
548,5,reward-greedy-6,reward-greedy,68,548,5,152,64,2,0,0,0,2,16,2,0,64,16,32,0,4,2,8,4,5,4,2,1,2,1,1,0,0,0,0,0
584,6,reward-greedy-6,reward-greedy,69,584,6,154,64,4,32,2,4,64,2,32,0,4,0,8,0,2,0,0,0,6,3,3,1,0,2,1,0,0,0,0,0
584,5,reward-greedy-6,reward-greedy,70,584,5,156,64,4,32,2,4,0,64,2,32,2,0,4,8,0,0,0,2,5,4,3,1,0,2,1,0,0,0,0,0
588,5,reward-greedy-6,reward-greedy,71,588,5,158,64,0,2,0,4,0,0,0,32,4,32,4,8,2,64,4,2,5,3,4,1,0,2,1,0,0,0,0,0
596,5,reward-greedy-6,reward-greedy,72,596,5,160,64,0,0,0,4,0,2,2,32,4,32,0,8,2,64,8,2,5,4,2,2,0,2,1,0,0,0,0,0
600,5,reward-greedy-6,reward-greedy,73,600,5,162,64,0,0,0,4,2,0,4,32,0,4,32,8,2,64,8,2,5,3,3,2,0,2,1,0,0,0,0,0
604,5,reward-greedy-6,reward-greedy,74,604,5,164,64,0,0,0,4,0,2,4,32,0,4,32,8,4,64,8,2,5,2,4,2,0,2,1,0,0,0,0,0
604,4,reward-greedy-6,reward-greedy,75,604,4,168,64,4,2,4,4,0,4,32,32,0,64,8,8,4,0,0,2,4,2,5,2,0,2,1,0,0,0,0,0
692,6,reward-greedy-6,reward-greedy,76,692,6,172,64,0,4,2,8,0,0,4,64,0,0,64,16,4,0,4,2,6,2,4,1,1,0,2,0,0,0,0,0
700,6,reward-greedy-6,reward-greedy,77,700,6,174,64,4,2,8,0,4,64,0,0,64,16,0,0,8,2,0,2,6,3,2,2,1,0,2,0,0,0,0,0
708,6,reward-greedy-6,reward-greedy,78,708,6,176,64,8,2,8,2,64,64,2,0,8,16,0,0,0,2,0,0,6,4,0,3,1,0,2,0,0,0,0,0
836,6,reward-greedy-6,reward-greedy,79,836,6,178,128,8,2,8,2,0,2,128,2,0,0,8,16,0,0,0,2,6,5,0,3,1,0,0,1,0,0,0,0
844,7,reward-greedy-6,reward-greedy,80,844,7,180,128,0,0,0,0,2,0,8,4,0,0,128,16,8,4,8,2,7,2,2,3,1,0,0,1,0,0,0,0
844,6,reward-greedy-6,reward-greedy,81,844,6,182,128,0,0,0,0,2,2,8,4,0,0,128,16,8,4,8,2,6,3,2,3,1,0,0,1,0,0,0,0
848,6,reward-greedy-6,reward-greedy,82,848,6,184,128,0,0,0,0,4,8,4,0,128,16,0,2,8,4,8,2,6,2,3,3,1,0,0,1,0,0,0,0
852,6,reward-greedy-6,reward-greedy,83,852,6,188,128,4,8,4,4,128,16,8,0,8,4,0,0,0,0,4,0,6,0,5,3,1,0,0,1,0,0,0,0
860,6,reward-greedy-6,reward-greedy,84,860,6,190,128,0,4,8,8,0,128,16,8,0,2,8,4,0,0,0,4,6,1,3,4,1,0,0,1,0,0,0,0
884,7,reward-greedy-6,reward-greedy,85,884,7,192,128,0,4,8,16,2,128,16,8,0,2,8,0,0,0,0,0,7,2,1,3,2,0,0,1,0,0,0,0
884,6,reward-greedy-6,reward-greedy,86,884,6,194,128,0,4,8,16,2,128,16,8,0,0,2,8,0,2,0,0,6,3,1,3,2,0,0,1,0,0,0,0
900,6,reward-greedy-6,reward-greedy,87,900,6,196,128,0,0,0,0,0,4,8,0,2,128,16,16,2,2,2,16,6,4,1,1,3,0,0,1,0,0,0,0
936,7,reward-greedy-6,reward-greedy,88,936,7,198,128,0,2,0,0,0,4,8,0,0,128,16,0,4,2,2,32,7,3,2,1,1,1,0,1,0,0,0,0
940,7,reward-greedy-6,reward-greedy,89,940,7,200,128,0,0,0,2,0,2,4,8,0,0,128,16,0,4,4,32,7,2,3,1,1,1,0,1,0,0,0,0
948,7,reward-greedy-6,reward-greedy,90,948,7,202,128,2,0,0,0,2,4,8,0,128,16,0,0,8,32,0,2,7,3,1,2,1,1,0,1,0,0,0,0
952,7,reward-greedy-6,reward-greedy,91,952,7,204,128,0,0,0,0,4,4,0,2,128,16,0,0,8,32,8,2,7,2,2,2,1,1,0,1,0,0,0,0
960,7,reward-greedy-6,reward-greedy,92,960,7,206,128,0,0,2,0,0,0,8,2,0,0,128,16,8,32,8,2,7,3,0,3,1,1,0,1,0,0,0,0
960,6,reward-greedy-6,reward-greedy,93,960,6,208,128,0,0,2,0,0,0,8,2,2,0,128,16,8,32,8,2,6,4,0,3,1,1,0,1,0,0,0,0
960,5,reward-greedy-6,reward-greedy,94,960,5,210,128,0,0,0,2,0,2,8,2,0,2,128,16,8,32,8,2,5,5,0,3,1,1,0,1,0,0,0,0
968,6,reward-greedy-6,reward-greedy,95,968,6,212,128,0,0,0,0,0,2,8,4,0,4,128,16,8,32,8,2,6,2,2,3,1,1,0,1,0,0,0,0
968,5,reward-greedy-6,reward-greedy,96,968,5,214,128,0,0,2,0,0,2,8,4,0,4,128,16,8,32,8,2,5,3,2,3,1,1,0,1,0,0,0,0
968,4,reward-greedy-6,reward-greedy,97,968,4,216,128,8,2,2,4,2,4,8,16,0,32,128,2,0,0,8,0,4,4,2,3,1,1,0,1,0,0,0,0
972,4,reward-greedy-6,reward-greedy,98,972,4,218,128,0,8,4,4,2,4,8,16,0,32,128,2,0,0,2,8,4,3,3,3,1,1,0,1,0,0,0,0
980,4,reward-greedy-6,reward-greedy,99,980,4,220,128,0,0,8,8,2,4,8,16,0,32,128,2,2,0,2,8,4,4,1,4,1,1,0,1,0,0,0,0
1000,5,reward-greedy-6,reward-greedy,100,1000,5,222,128,4,4,16,8,0,32,128,16,0,0,2,2,0,0,2,8,5,3,2,2,2,1,0,1,0,0,0,0
1012,6,reward-greedy-6,reward-greedy,101,1012,6,224,128,2,8,16,8,0,32,128,16,0,0,0,4,0,0,2,8,6,2,1,3,2,1,0,1,0,0,0,0
1012,5,reward-greedy-6,reward-greedy,102,1012,5,226,128,2,8,16,8,32,128,16,0,4,0,0,0,2,8,0,2,5,3,1,3,2,1,0,1,0,0,0,0
1044,5,reward-greedy-6,reward-greedy,103,1044,5,228,128,2,8,32,8,32,128,0,2,4,8,0,0,2,2,0,0,5,4,1,3,0,2,0,1,0,0,0,0
1048,5,reward-greedy-6,reward-greedy,104,1048,5,230,128,2,8,32,8,0,32,128,2,0,0,4,8,0,0,2,4,5,3,2,3,0,2,0,1,0,0,0,0
1048,4,reward-greedy-6,reward-greedy,105,1048,4,232,128,2,8,32,8,32,128,2,0,4,8,0,0,2,4,2,0,4,4,2,3,0,2,0,1,0,0,0,0
1052,4,reward-greedy-6,reward-greedy,106,1052,4,236,128,2,8,32,8,32,128,4,0,4,8,0,0,2,4,4,0,4,2,4,3,0,2,0,1,0,0,0,0
1060,4,reward-greedy-6,reward-greedy,107,1060,4,238,128,2,8,32,8,32,128,8,2,4,8,0,0,2,4,0,0,4,3,2,4,0,2,0,1,0,0,0,0
1060,3,reward-greedy-6,reward-greedy,108,1060,3,240,128,2,8,0,0,32,128,2,0,4,8,32,8,2,4,8,2,3,4,2,4,0,2,0,1,0,0,0,0
1060,2,reward-greedy-6,reward-greedy,109,1060,2,242,128,0,2,2,8,0,32,128,2,4,8,32,8,2,4,8,2,2,5,2,4,0,2,0,1,0,0,0,0
1064,2,reward-greedy-6,reward-greedy,110,1064,2,244,128,0,2,4,8,0,32,128,2,4,8,32,8,2,4,8,2,2,4,3,4,0,2,0,1,0,0,0,0
1064,1,reward-greedy-6,reward-greedy,111,1064,1,246,128,2,2,4,8,0,32,128,2,4,8,32,8,2,4,8,2,1,5,3,4,0,2,0,1,0,0,0,0
1068,1,reward-greedy-6,reward-greedy,112,1068,1,248,128,2,4,4,8,0,32,128,2,4,8,32,8,2,4,8,2,1,4,4,4,0,2,0,1,0,0,0,0
1076,1,reward-greedy-6,reward-greedy,113,1076,1,250,128,2,8,8,2,32,128,2,0,4,8,32,8,2,4,8,2,1,5,2,5,0,2,0,1,0,0,0,0
1092,1,reward-greedy-6,reward-greedy,114,1092,1,252,128,2,16,2,2,32,128,2,0,4,8,32,8,2,4,8,2,1,6,2,3,1,2,0,1,0,0,0,0
1096,1,reward-greedy-6,reward-greedy,115,1096,1,254,128,2,2,16,4,0,32,128,2,4,8,32,8,2,4,8,2,1,5,3,3,1,2,0,1,0,0,0,0
1100,1,reward-greedy-6,reward-greedy,116,1100,1,256,128,4,16,4,0,32,128,2,2,4,8,32,8,2,4,8,2,1,4,4,3,1,2,0,1,0,0,0,0
1104,1,reward-greedy-6,reward-greedy,117,1104,1,258,128,4,16,4,2,32,128,4,0,4,8,32,8,2,4,8,2,1,3,5,3,1,2,0,1,0,0,0,0
1112,1,reward-greedy-6,reward-greedy,118,1112,1,260,128,4,16,0,2,32,128,8,2,4,8,32,8,2,4,8,2,1,4,3,4,1,2,0,1,0,0,0,0
1116,1,reward-greedy-6,reward-greedy,119,1116,1,262,128,4,16,8,4,32,128,32,8,4,8,8,2,2,4,2,0,1,3,4,4,1,2,0,1,0,0,0,0
1132,1,reward-greedy-6,reward-greedy,120,1132,1,264,128,4,16,8,4,32,128,32,8,4,16,2,2,2,4,2,0,1,4,4,2,2,2,0,1,0,0,0,0
1136,1,reward-greedy-6,reward-greedy,121,1136,1,268,128,4,16,8,4,32,128,32,8,4,16,4,4,2,4,2,0,1,2,6,2,2,2,0,1,0,0,0,0
1144,1,reward-greedy-6,reward-greedy,122,1144,1,270,128,4,16,8,4,32,128,32,8,4,16,8,0,2,4,2,2,1,3,4,3,2,2,0,1,0,0,0,0
1148,1,reward-greedy-6,reward-greedy,123,1148,1,272,128,4,16,8,4,32,128,32,8,4,16,8,2,2,4,4,0,1,2,5,3,2,2,0,1,0,0,0,0
1156,1,reward-greedy-6,reward-greedy,124,1156,1,274,128,4,16,8,4,32,128,32,8,4,16,8,2,2,8,0,2,1,3,3,4,2,2,0,1,0,0,0,0
1160,1,reward-greedy-6,reward-greedy,125,1160,1,276,128,4,16,0,2,32,128,8,4,4,16,32,8,2,8,8,4,1,2,4,4,2,2,0,1,0,0,0,0
1176,1,reward-greedy-6,reward-greedy,126,1176,1,278,128,4,16,2,0,32,128,8,4,4,16,32,8,2,16,4,2,1,3,4,2,3,2,0,1,0,0,0,0
1208,1,reward-greedy-6,reward-greedy,127,1208,1,280,128,4,2,2,0,32,16,8,4,4,128,32,8,2,32,4,2,1,4,4,2,1,3,0,1,0,0,0,0
1212,1,reward-greedy-6,reward-greedy,128,1212,1,284,128,4,4,0,4,32,16,8,4,4,128,32,8,2,32,4,2,1,2,6,2,1,3,0,1,0,0,0,0
1220,1,reward-greedy-6,reward-greedy,129,1220,1,286,128,8,4,0,2,32,16,8,4,4,128,32,8,2,32,4,2,1,3,4,3,1,3,0,1,0,0,0,0
1220,0,reward-greedy-6,reward-greedy,130,1220,0,288,128,8,4,2,2,32,16,8,4,4,128,32,8,2,32,4,2,0,4,4,3,1,3,0,1,0,0,0,0
1224,0,reward-greedy-6,reward-greedy,131,1224,0,290,128,2,8,4,4,32,16,8,4,4,128,32,8,2,32,4,2,0,3,5,3,1,3,0,1,0,0,0,0
1232,0,reward-greedy-6,reward-greedy,132,1232,0,292,128,2,8,4,2,32,16,8,8,4,128,32,8,2,32,4,2,0,4,3,4,1,3,0,1,0,0,0,0
1248,0,reward-greedy-6,reward-greedy,133,1248,0,294,128,2,8,4,2,32,16,8,16,4,128,32,2,2,32,4,2,0,5,3,2,2,3,0,1,0,0,0,0
1252,0,reward-greedy-6,reward-greedy,134,1252,0,296,128,2,8,4,2,32,16,8,2,4,128,32,16,2,32,4,4,0,4,4,2,2,3,0,1,0,0,0,0
1260,0,reward-greedy-6,reward-greedy,135,1260,0,298,128,2,8,4,2,32,16,8,2,4,128,32,16,2,32,8,2,0,5,2,3,2,3,0,1,0,0,0,0
1264,0,reward-greedy-6,reward-greedy,136,1264,0,300,128,2,8,4,4,32,16,8,16,4,128,32,2,2,32,8,2,0,4,3,3,2,3,0,1,0,0,0,0
1272,0,reward-greedy-6,reward-greedy,137,1272,0,302,128,2,8,8,2,32,16,8,16,4,128,32,2,2,32,8,2,0,5,1,4,2,3,0,1,0,0,0,0
1292,1,reward-greedy-6,reward-greedy,138,1292,1,304,128,2,8,16,2,32,16,32,16,4,128,8,4,2,32,0,2,1,4,2,2,3,3,0,1,0,0,0,0
1292,0,reward-greedy-6,reward-greedy,139,1292,0,306,128,2,8,2,2,32,16,16,16,4,128,32,4,2,32,8,2,0,5,2,2,3,3,0,1,0,0,0,0
1328,1,reward-greedy-6,reward-greedy,140,1328,1,308,128,2,8,4,2,32,32,16,0,4,128,32,4,2,32,8,2,1,4,3,2,1,4,0,1,0,0,0,0
1392,1,reward-greedy-6,reward-greedy,141,1392,1,312,128,2,8,4,2,64,16,4,0,4,128,32,4,2,32,8,2,1,4,4,2,1,2,1,1,0,0,0,0
1400,1,reward-greedy-6,reward-greedy,142,1400,1,314,128,2,8,0,2,64,16,8,2,4,128,32,4,2,32,8,2,1,5,2,3,1,2,1,1,0,0,0,0
1404,1,reward-greedy-6,reward-greedy,143,1404,1,316,128,2,8,8,4,64,16,32,4,4,128,8,2,2,32,2,0,1,4,3,3,1,2,1,1,0,0,0,0
1420,1,reward-greedy-6,reward-greedy,144,1420,1,318,128,2,16,4,0,64,16,32,4,4,128,8,2,2,32,2,2,1,5,3,1,2,2,1,1,0,0,0,0
1456,2,reward-greedy-6,reward-greedy,145,1456,2,320,128,2,0,4,0,64,32,32,2,4,128,8,4,2,32,2,4,2,4,4,1,0,3,1,1,0,0,0,0
1520,2,reward-greedy-6,reward-greedy,146,1520,2,322,128,0,2,2,4,0,64,64,2,4,128,8,4,2,32,2,4,2,5,4,1,0,1,2,1,0,0,0,0
1652,3,reward-greedy-6,reward-greedy,147,1652,3,324,128,0,0,4,4,2,0,128,2,4,128,8,4,2,32,2,4,3,4,5,1,0,1,0,2,0,0,0,0
1660,3,reward-greedy-6,reward-greedy,148,1660,3,326,128,0,0,4,2,2,0,128,4,4,128,8,2,2,32,2,8,3,5,3,2,0,1,0,2,0,0,0,0
1660,2,reward-greedy-6,reward-greedy,149,1660,2,328,128,2,0,4,2,2,0,128,4,4,128,8,2,2,32,2,8,2,6,3,2,0,1,0,2,0,0,0,0
1664,2,reward-greedy-6,reward-greedy,150,1664,2,330,128,2,0,4,2,4,0,128,4,4,128,8,2,2,32,2,8,2,5,4,2,0,1,0,2,0,0,0,0
1672,2,reward-greedy-6,reward-greedy,151,1672,2,332,128,2,128,4,2,8,32,128,4,2,2,8,2,0,0,2,8,2,6,2,3,0,1,0,2,0,0,0,0
1676,2,reward-greedy-6,reward-greedy,152,1676,2,334,128,2,128,4,2,8,32,128,4,4,8,2,0,2,8,2,0,2,5,3,3,0,1,0,2,0,0,0,0
1696,3,reward-greedy-6,reward-greedy,153,1696,3,336,128,2,0,0,0,8,128,4,2,4,32,128,2,2,16,4,4,3,4,4,1,1,1,0,2,0,0,0,0
1704,3,reward-greedy-6,reward-greedy,154,1704,3,338,128,0,2,0,2,8,128,4,2,4,32,128,2,0,2,16,8,3,5,2,2,1,1,0,2,0,0,0,0
1708,3,reward-greedy-6,reward-greedy,155,1708,3,342,128,0,2,0,4,0,128,4,2,8,32,128,4,4,2,16,8,3,3,4,2,1,1,0,2,0,0,0,0
1708,2,reward-greedy-6,reward-greedy,156,1708,2,344,128,2,4,2,0,128,4,2,0,8,32,128,4,4,2,16,8,2,4,4,2,1,1,0,2,0,0,0,0
1720,3,reward-greedy-6,reward-greedy,157,1720,3,346,128,2,2,0,0,128,8,4,0,8,32,128,4,4,2,16,8,3,3,3,3,1,1,0,2,0,0,0,0
1724,3,reward-greedy-6,reward-greedy,158,1724,3,348,128,4,0,2,0,128,8,4,0,8,32,128,4,4,2,16,8,3,2,4,3,1,1,0,2,0,0,0,0
1724,2,reward-greedy-6,reward-greedy,159,1724,2,350,128,4,8,2,4,128,32,4,8,8,2,128,0,4,2,16,0,2,3,4,3,1,1,0,2,0,0,0,0
1728,2,reward-greedy-6,reward-greedy,160,1728,2,352,128,4,0,2,2,128,8,4,0,8,32,128,4,4,4,16,8,2,2,5,3,1,1,0,2,0,0,0,0
1740,3,reward-greedy-6,reward-greedy,161,1740,3,354,128,4,4,0,0,128,8,4,0,8,32,128,4,8,16,8,2,3,1,4,4,1,1,0,2,0,0,0,0
1756,3,reward-greedy-6,reward-greedy,162,1756,3,356,128,0,4,0,2,4,8,4,0,128,32,128,4,16,16,8,2,3,2,4,2,2,1,0,2,0,0,0,0
1788,3,reward-greedy-6,reward-greedy,163,1788,3,358,128,0,0,4,2,0,4,8,4,128,32,128,4,2,32,8,2,3,3,4,2,0,2,0,2,0,0,0,0
1860,4,reward-greedy-6,reward-greedy,164,1860,4,360,128,0,2,4,0,0,0,8,2,128,4,128,8,2,64,8,2,4,4,2,3,0,0,1,2,0,0,0,0
1860,3,reward-greedy-6,reward-greedy,165,1860,3,362,128,0,0,2,4,0,2,8,2,128,4,128,8,2,64,8,2,3,5,2,3,0,0,1,2,0,0,0,0
1860,2,reward-greedy-6,reward-greedy,166,1860,2,364,128,0,0,2,4,2,2,8,2,128,4,128,8,2,64,8,2,2,6,2,3,0,0,1,2,0,0,0,0
1864,2,reward-greedy-6,reward-greedy,167,1864,2,366,128,0,0,2,4,2,4,8,2,128,4,128,8,2,64,8,2,2,5,3,3,0,0,1,2,0,0,0,0
1872,2,reward-greedy-6,reward-greedy,168,1872,2,368,128,0,2,2,4,2,0,8,2,128,8,128,8,2,64,8,2,2,6,1,4,0,0,1,2,0,0,0,0
1876,2,reward-greedy-6,reward-greedy,169,1876,2,370,128,4,4,0,2,2,8,2,0,128,8,128,8,2,64,8,2,2,5,2,4,0,0,1,2,0,0,0,0
1892,2,reward-greedy-6,reward-greedy,170,1892,2,372,128,4,2,0,0,2,4,2,2,128,16,128,8,2,64,8,2,2,6,2,2,1,0,1,2,0,0,0,0
1896,2,reward-greedy-6,reward-greedy,171,1896,2,374,128,4,2,0,2,2,4,4,0,128,16,128,8,2,64,8,2,2,5,3,2,1,0,1,2,0,0,0,0
1908,3,reward-greedy-6,reward-greedy,172,1908,3,376,128,2,0,4,4,0,0,2,8,128,16,128,8,2,64,8,2,3,4,2,3,1,0,1,2,0,0,0,0
1924,3,reward-greedy-6,reward-greedy,173,1924,3,378,128,2,16,4,4,128,64,2,16,2,0,128,2,2,0,8,0,3,5,2,1,2,0,1,2,0,0,0,0
1932,3,reward-greedy-6,reward-greedy,174,1932,3,380,128,0,2,16,8,128,64,2,16,2,2,128,2,0,0,2,8,3,6,0,2,2,0,1,2,0,0,0,0
1936,3,reward-greedy-6,reward-greedy,175,1936,3,382,128,2,16,8,2,128,64,2,16,4,128,2,0,2,8,0,0,3,5,1,2,2,0,1,2,0,0,0,0
1940,3,reward-greedy-6,reward-greedy,176,1940,3,384,128,2,16,0,0,128,64,2,0,4,128,8,2,2,8,4,16,3,4,2,2,2,0,1,2,0,0,0,0
1940,2,reward-greedy-6,reward-greedy,177,1940,2,386,128,2,16,2,0,128,64,2,0,4,128,8,2,2,8,4,16,2,5,2,2,2,0,1,2,0,0,0,0
1944,2,reward-greedy-6,reward-greedy,178,1944,2,388,128,2,16,2,0,128,64,4,0,4,128,8,2,2,8,4,16,2,4,3,2,2,0,1,2,0,0,0,0
1944,1,reward-greedy-6,reward-greedy,179,1944,1,390,128,2,2,16,2,0,128,64,4,4,128,8,2,2,8,4,16,1,5,3,2,2,0,1,2,0,0,0,0
2200,1,reward-greedy-6,reward-greedy,180,2200,1,392,256,2,0,16,2,2,2,64,4,4,256,8,2,2,8,4,16,1,6,3,2,2,0,1,0,1,0,0,0
2204,1,reward-greedy-6,reward-greedy,181,2204,1,394,256,2,16,2,2,4,64,4,0,4,256,8,2,2,8,4,16,1,5,4,2,2,0,1,0,1,0,0,0
2216,2,reward-greedy-6,reward-greedy,182,2216,2,396,256,0,16,2,2,2,64,4,0,8,256,8,4,2,8,4,16,2,4,3,3,2,0,1,0,1,0,0,0
2220,2,reward-greedy-6,reward-greedy,183,2220,2,398,256,16,4,0,0,2,64,4,2,8,256,8,4,2,8,4,16,2,3,4,3,2,0,1,0,1,0,0,0
2220,1,reward-greedy-6,reward-greedy,184,2220,1,402,256,16,4,4,0,2,64,4,2,8,256,8,4,2,8,4,16,1,3,5,3,2,0,1,0,1,0,0,0
2228,1,reward-greedy-6,reward-greedy,185,2228,1,404,256,0,2,16,8,2,64,4,2,8,256,8,4,2,8,4,16,1,4,3,4,2,0,1,0,1,0,0,0
2228,0,reward-greedy-6,reward-greedy,186,2228,0,408,256,4,2,16,8,2,64,4,2,8,256,8,4,2,8,4,16,0,4,4,4,2,0,1,0,1,0,0,0
0,13,reward-greedy-7,reward-greedy,0,0,13,6,2,0,0,0,2,0,0,0,0,2,0,0,0,0,0,0,2,13,3,0,0,0,0,0,0,0,0,0,0
4,13,reward-greedy-7,reward-greedy,1,4,13,8,4,0,0,0,0,0,0,0,0,0,0,0,0,2,2,0,4,13,2,1,0,0,0,0,0,0,0,0,0
8,13,reward-greedy-7,reward-greedy,2,8,13,10,4,0,0,0,0,0,0,0,0,0,2,0,0,4,4,0,0,13,1,2,0,0,0,0,0,0,0,0,0
16,13,reward-greedy-7,reward-greedy,3,16,13,12,8,0,0,0,0,2,0,0,0,2,0,0,0,8,0,0,0,13,2,0,1,0,0,0,0,0,0,0,0
20,13,reward-greedy-7,reward-greedy,4,20,13,14,8,0,2,0,0,0,0,0,0,4,0,0,0,8,0,0,0,13,1,1,1,0,0,0,0,0,0,0,0
20,12,reward-greedy-7,reward-greedy,5,20,12,16,8,2,0,0,0,0,0,0,0,4,0,0,0,8,0,2,0,12,2,1,1,0,0,0,0,0,0,0,0
20,11,reward-greedy-7,reward-greedy,6,20,11,18,8,0,0,0,2,2,0,0,0,4,0,0,0,8,0,2,0,11,3,1,1,0,0,0,0,0,0,0,0
20,10,reward-greedy-7,reward-greedy,7,20,10,20,8,0,2,0,0,2,0,0,0,4,0,0,0,8,0,2,2,10,4,1,1,0,0,0,0,0,0,0,0
24,10,reward-greedy-7,reward-greedy,8,24,10,22,8,2,0,0,2,0,0,0,2,0,0,0,4,0,0,8,4,10,3,2,1,0,0,0,0,0,0,0,0
36,11,reward-greedy-7,reward-greedy,9,36,11,24,8,0,0,0,2,0,0,0,0,0,0,0,4,2,0,8,8,11,2,1,2,0,0,0,0,0,0,0,0
52,11,reward-greedy-7,reward-greedy,10,52,11,26,16,0,0,0,2,0,2,0,0,0,0,0,4,0,0,2,16,11,3,1,0,1,0,0,0,0,0,0,0
52,10,reward-greedy-7,reward-greedy,11,52,10,28,16,0,2,2,2,0,2,0,4,0,0,0,16,0,0,0,0,10,4,1,0,1,0,0,0,0,0,0,0
56,10,reward-greedy-7,reward-greedy,12,56,10,30,16,0,4,2,2,2,0,0,4,0,0,0,16,0,0,0,0,10,3,2,0,1,0,0,0,0,0,0,0
60,10,reward-greedy-7,reward-greedy,13,60,10,34,16,0,0,4,4,0,0,2,4,0,0,0,16,0,0,4,0,10,1,4,0,1,0,0,0,0,0,0,0
68,10,reward-greedy-7,reward-greedy,14,68,10,36,16,0,0,0,8,0,0,2,4,2,0,0,16,0,0,0,4,10,2,2,1,1,0,0,0,0,0,0,0
68,9,reward-greedy-7,reward-greedy,15,68,9,40,16,0,0,0,8,0,0,0,4,0,0,4,16,2,0,2,4,9,2,3,1,1,0,0,0,0,0,0,0
72,9,reward-greedy-7,reward-greedy,16,72,9,42,16,8,0,0,0,4,2,0,0,4,16,0,0,4,4,0,0,9,1,4,1,1,0,0,0,0,0,0,0
80,9,reward-greedy-7,reward-greedy,17,80,9,44,16,8,2,0,0,4,2,0,0,4,16,0,0,8,0,0,0,9,2,2,2,1,0,0,0,0,0,0,0
92,10,reward-greedy-7,reward-greedy,18,92,10,46,16,8,4,0,0,8,16,0,0,8,0,2,0,0,0,0,0,10,1,1,3,1,0,0,0,0,0,0,0
108,10,reward-greedy-7,reward-greedy,19,108,10,48,16,16,4,2,0,8,16,0,0,0,0,0,0,0,0,0,2,10,2,1,1,2,0,0,0,0,0,0,0
108,9,reward-greedy-7,reward-greedy,20,108,9,50,16,16,4,2,0,8,16,0,0,0,0,0,2,2,0,0,0,9,3,1,1,2,0,0,0,0,0,0,0
108,8,reward-greedy-7,reward-greedy,21,108,8,52,16,0,16,4,2,0,2,8,16,0,0,0,2,0,0,0,2,8,4,1,1,2,0,0,0,0,0,0,0
112,8,reward-greedy-7,reward-greedy,22,112,8,54,16,0,16,4,2,0,2,8,16,0,0,2,4,0,0,0,0,8,3,2,1,2,0,0,0,0,0,0,0
112,7,reward-greedy-7,reward-greedy,23,112,7,56,16,2,0,0,0,0,0,4,2,0,16,8,16,0,2,2,4,7,4,2,1,2,0,0,0,0,0,0,0
116,7,reward-greedy-7,reward-greedy,24,116,7,58,16,2,0,0,2,4,2,0,0,16,8,16,0,4,4,0,0,7,3,3,1,2,0,0,0,0,0,0,0
128,8,reward-greedy-7,reward-greedy,25,128,8,60,16,2,0,0,4,0,0,4,2,0,16,8,16,0,0,0,8,8,2,2,2,2,0,0,0,0,0,0,0
128,7,reward-greedy-7,reward-greedy,26,128,7,62,16,0,0,2,4,0,0,4,2,2,16,8,16,0,0,0,8,7,3,2,2,2,0,0,0,0,0,0,0
128,6,reward-greedy-7,reward-greedy,27,128,6,64,16,0,0,0,4,0,0,2,2,2,0,4,16,2,16,8,8,6,4,2,2,2,0,0,0,0,0,0,0
148,7,reward-greedy-7,reward-greedy,28,148,7,66,16,4,0,0,0,4,0,0,0,2,4,16,2,2,16,16,0,7,3,3,0,3,0,0,0,0,0,0,0
192,9,reward-greedy-7,reward-greedy,29,192,9,68,32,8,4,32,2,4,16,0,0,0,0,0,2,0,0,0,0,9,2,2,1,1,1,0,0,0,0,0,0
196,9,reward-greedy-7,reward-greedy,30,196,9,70,32,8,4,32,4,4,16,2,0,0,0,0,0,0,0,0,0,9,1,3,1,1,1,0,0,0,0,0,0
196,8,reward-greedy-7,reward-greedy,31,196,8,72,32,8,4,32,4,0,4,16,2,2,0,0,0,0,0,0,0,8,2,3,1,1,1,0,0,0,0,0,0
204,8,reward-greedy-7,reward-greedy,32,204,8,74,32,8,8,32,4,2,0,16,2,0,0,0,0,0,0,0,2,8,3,1,2,1,1,0,0,0,0,0,0
220,8,reward-greedy-7,reward-greedy,33,220,8,76,32,16,32,4,0,2,16,2,0,0,2,0,0,2,0,0,0,8,4,1,0,2,1,0,0,0,0,0,0
224,8,reward-greedy-7,reward-greedy,34,224,8,78,32,16,32,4,0,4,16,2,0,0,2,0,2,0,0,0,0,8,3,2,0,2,1,0,0,0,0,0,0
228,8,reward-greedy-7,reward-greedy,35,228,8,80,32,16,32,4,0,4,16,2,0,4,2,0,0,0,0,0,0,8,2,3,0,2,1,0,0,0,0,0,0
236,8,reward-greedy-7,reward-greedy,36,236,8,84,32,0,0,0,0,0,32,4,0,16,16,4,0,8,2,2,0,8,2,2,1,2,1,0,0,0,0,0,0
272,9,reward-greedy-7,reward-greedy,37,272,9,86,32,0,0,0,0,32,4,0,0,32,4,0,0,8,4,2,0,9,1,3,1,0,2,0,0,0,0,0,0
344,10,reward-greedy-7,reward-greedy,38,344,10,88,64,0,0,0,0,0,0,2,0,64,4,0,0,8,8,2,0,10,2,1,2,0,0,1,0,0,0,0,0
360,10,reward-greedy-7,reward-greedy,39,360,10,90,64,0,0,0,0,0,0,0,2,2,0,64,4,0,0,16,2,10,3,1,0,1,0,1,0,0,0,0,0
360,9,reward-greedy-7,reward-greedy,40,360,9,92,64,0,2,0,0,0,0,0,2,0,0,64,4,2,0,16,2,9,4,1,0,1,0,1,0,0,0,0,0
360,8,reward-greedy-7,reward-greedy,41,360,8,94,64,2,2,64,2,2,0,16,4,0,0,0,2,0,0,0,0,8,5,1,0,1,0,1,0,0,0,0,0
364,8,reward-greedy-7,reward-greedy,42,364,8,98,64,0,4,64,2,0,2,16,4,0,0,0,2,4,0,0,0,8,3,3,0,1,0,1,0,0,0,0,0
364,7,reward-greedy-7,reward-greedy,43,364,7,100,64,4,4,64,2,0,2,16,4,2,0,0,2,0,0,0,0,7,4,3,0,1,0,1,0,0,0,0,0
376,8,reward-greedy-7,reward-greedy,44,376,8,102,64,0,8,64,2,0,2,16,4,2,0,0,4,0,0,0,0,8,3,2,1,1,0,1,0,0,0,0,0
384,8,reward-greedy-7,reward-greedy,45,384,8,104,64,0,0,2,0,0,0,0,0,0,8,64,2,2,2,16,8,8,4,0,2,1,0,1,0,0,0,0,0
388,8,reward-greedy-7,reward-greedy,46,388,8,106,64,2,0,0,0,0,0,0,0,8,64,2,0,4,16,8,2,8,3,1,2,1,0,1,0,0,0,0,0
388,7,reward-greedy-7,reward-greedy,47,388,7,108,64,0,0,0,0,2,0,0,2,8,64,2,0,4,16,8,2,7,4,1,2,1,0,1,0,0,0,0,0
392,7,reward-greedy-7,reward-greedy,48,392,7,110,64,0,0,0,2,4,0,0,0,8,64,2,0,4,16,8,2,7,3,2,2,1,0,1,0,0,0,0,0
396,7,reward-greedy-7,reward-greedy,49,396,7,112,64,4,64,2,4,8,16,8,0,4,2,0,0,0,0,0,0,7,2,3,2,1,0,1,0,0,0,0,0
396,6,reward-greedy-7,reward-greedy,50,396,6,114,64,4,64,2,4,0,8,16,8,0,2,4,2,0,0,0,0,6,3,3,2,1,0,1,0,0,0,0,0
396,5,reward-greedy-7,reward-greedy,51,396,5,116,64,4,64,2,4,8,16,8,0,2,4,2,0,0,0,0,2,5,4,3,2,1,0,1,0,0,0,0,0
396,4,reward-greedy-7,reward-greedy,52,396,4,118,64,4,64,2,4,0,8,16,8,0,2,4,2,0,2,0,2,4,5,3,2,1,0,1,0,0,0,0,0
404,5,reward-greedy-7,reward-greedy,53,404,5,120,64,2,0,0,0,0,64,2,4,0,8,16,8,4,4,4,4,5,2,5,2,1,0,1,0,0,0,0,0
420,6,reward-greedy-7,reward-greedy,54,420,6,122,64,2,0,0,0,64,2,4,0,8,16,8,0,8,8,2,0,6,3,1,4,1,0,1,0,0,0,0,0
436,6,reward-greedy-7,reward-greedy,55,436,6,124,64,0,0,0,2,0,64,2,4,2,8,16,8,0,0,16,2,6,4,1,2,2,0,1,0,0,0,0,0
468,6,reward-greedy-7,reward-greedy,56,468,6,126,64,2,64,2,2,0,8,32,4,0,0,0,8,0,2,0,2,6,5,1,2,0,1,1,0,0,0,0,0
476,7,reward-greedy-7,reward-greedy,57,476,7,128,64,2,64,4,0,8,32,4,0,8,0,2,0,4,0,0,0,7,2,3,2,0,1,1,0,0,0,0,0
500,8,reward-greedy-7,reward-greedy,58,500,8,130,64,0,0,0,0,2,2,0,0,16,64,8,0,4,32,2,0,8,3,1,1,1,1,1,0,0,0,0,0
504,8,reward-greedy-7,reward-greedy,59,504,8,132,64,0,0,0,0,0,0,0,4,0,16,64,8,2,4,32,2,8,2,2,1,1,1,1,0,0,0,0,0
504,7,reward-greedy-7,reward-greedy,60,504,7,134,64,0,0,0,2,0,0,0,4,0,16,64,8,2,4,32,2,7,3,2,1,1,1,1,0,0,0,0,0
504,6,reward-greedy-7,reward-greedy,61,504,6,136,64,2,0,0,2,4,0,0,0,16,64,8,0,2,4,32,2,6,4,2,1,1,1,1,0,0,0,0,0
508,6,reward-greedy-7,reward-greedy,62,508,6,138,64,4,0,0,0,4,0,2,0,16,64,8,0,2,4,32,2,6,3,3,1,1,1,1,0,0,0,0,0
516,6,reward-greedy-7,reward-greedy,63,516,6,140,64,0,0,0,0,8,0,2,0,16,64,8,2,2,4,32,2,6,4,1,2,1,1,1,0,0,0,0,0
520,6,reward-greedy-7,reward-greedy,64,520,6,142,64,8,64,2,4,16,4,8,0,2,0,32,0,0,0,2,0,6,3,2,2,1,1,1,0,0,0,0,0
520,5,reward-greedy-7,reward-greedy,65,520,5,144,64,8,64,2,4,16,4,8,0,2,32,0,2,2,0,0,0,5,4,2,2,1,1,1,0,0,0,0,0
524,5,reward-greedy-7,reward-greedy,66,524,5,146,64,0,0,0,0,8,64,0,2,16,4,2,4,4,32,8,2,5,3,3,2,1,1,1,0,0,0,0,0
524,4,reward-greedy-7,reward-greedy,67,524,4,148,64,0,0,0,0,8,64,2,2,16,4,2,4,4,32,8,2,4,4,3,2,1,1,1,0,0,0,0,0
528,4,reward-greedy-7,reward-greedy,68,528,4,150,64,0,0,2,0,0,8,64,4,16,4,2,4,4,32,8,2,4,3,4,2,1,1,1,0,0,0,0,0
536,4,reward-greedy-7,reward-greedy,69,536,4,152,64,16,8,2,8,4,4,64,2,0,32,2,0,2,0,8,0,4,4,2,3,1,1,1,0,0,0,0,0
544,4,reward-greedy-7,reward-greedy,70,544,4,154,64,16,8,2,8,8,64,2,0,32,2,0,0,2,8,2,0,4,5,0,4,1,1,1,0,0,0,0,0
548,4,reward-greedy-7,reward-greedy,71,548,4,158,64,16,8,0,0,8,64,0,4,32,2,2,0,2,8,4,8,4,3,2,4,1,1,1,0,0,0,0,0
552,4,reward-greedy-7,reward-greedy,72,552,4,160,64,0,0,16,8,2,8,64,4,0,0,32,4,2,8,4,8,4,2,3,4,1,1,1,0,0,0,0,0
580,6,reward-greedy-7,reward-greedy,73,580,6,162,64,0,2,16,0,0,0,64,8,0,0,32,8,4,16,4,8,6,1,2,3,2,1,1,0,0,0,0,0
596,6,reward-greedy-7,reward-greedy,74,596,6,164,64,0,0,16,0,0,0,64,0,2,2,32,8,4,16,4,16,6,2,2,1,3,1,1,0,0,0,0,0
600,6,reward-greedy-7,reward-greedy,75,600,6,166,64,0,2,0,16,0,0,0,64,0,4,32,8,4,16,4,16,6,1,3,1,3,1,1,0,0,0,0,0
600,5,reward-greedy-7,reward-greedy,76,600,5,168,64,4,2,32,16,0,4,4,64,0,16,0,8,0,0,2,16,5,2,3,1,3,1,1,0,0,0,0,0
608,5,reward-greedy-7,reward-greedy,77,608,5,170,64,4,2,32,16,8,64,0,0,16,8,0,0,2,16,2,0,5,3,1,2,3,1,1,0,0,0,0,0
608,4,reward-greedy-7,reward-greedy,78,608,4,172,64,4,2,32,16,8,64,0,0,16,8,0,0,2,16,2,2,4,4,1,2,3,1,1,0,0,0,0,0
612,4,reward-greedy-7,reward-greedy,79,612,4,174,64,4,2,32,16,0,2,8,64,0,0,16,8,0,2,16,4,4,3,2,2,3,1,1,0,0,0,0,0
648,5,reward-greedy-7,reward-greedy,80,648,5,176,64,0,0,0,16,0,2,32,64,0,2,8,8,4,4,32,4,5,2,3,2,1,2,1,0,0,0,0,0
672,6,reward-greedy-7,reward-greedy,81,672,6,178,64,16,0,0,0,2,32,64,0,2,16,2,0,8,32,4,0,6,3,1,1,2,2,1,0,0,0,0,0
676,6,reward-greedy-7,reward-greedy,82,676,6,180,64,16,32,64,0,4,16,2,2,8,32,4,0,0,0,0,0,6,2,2,1,2,2,1,0,0,0,0,0
680,6,reward-greedy-7,reward-greedy,83,680,6,182,64,16,32,64,0,4,16,4,0,8,32,4,0,0,0,0,2,6,1,3,1,2,2,1,0,0,0,0,0
688,6,reward-greedy-7,reward-greedy,84,688,6,184,64,0,0,2,0,16,32,0,0,4,16,64,0,8,32,8,2,6,2,1,2,2,2,1,0,0,0,0,0
688,5,reward-greedy-7,reward-greedy,85,688,5,186,64,0,0,0,2,0,2,16,32,0,4,16,64,8,32,8,2,5,3,1,2,2,2,1,0,0,0,0,0
720,5,reward-greedy-7,reward-greedy,86,720,5,188,64,8,2,32,2,0,4,8,32,0,32,0,64,0,2,0,2,5,4,1,2,0,3,1,0,0,0,0,0
724,5,reward-greedy-7,reward-greedy,87,724,5,192,64,8,2,32,2,0,4,8,32,0,4,32,64,0,0,0,4,5,2,3,2,0,3,1,0,0,0,0,0
732,5,reward-greedy-7,reward-greedy,88,732,5,194,64,0,0,0,2,0,0,32,32,2,2,8,64,8,8,32,4,5,3,1,3,0,3,1,0,0,0,0,0
816,7,reward-greedy-7,reward-greedy,89,816,7,196,64,0,2,0,2,0,0,0,64,0,4,8,64,0,16,32,4,7,2,2,1,1,1,2,0,0,0,0,0
944,7,reward-greedy-7,reward-greedy,90,944,7,198,128,0,2,8,2,0,4,32,128,0,16,0,4,0,0,2,0,7,3,2,1,1,1,0,1,0,0,0,0
944,6,reward-greedy-7,reward-greedy,91,944,6,200,128,0,0,0,0,0,2,8,2,2,4,32,128,0,16,2,4,6,4,2,1,1,1,0,1,0,0,0,0
944,5,reward-greedy-7,reward-greedy,92,944,5,204,128,2,2,8,2,0,4,32,128,0,16,2,4,4,0,0,0,5,4,3,1,1,1,0,1,0,0,0,0
948,5,reward-greedy-7,reward-greedy,93,948,5,208,128,0,4,8,2,0,4,32,128,4,16,2,4,0,0,0,4,5,2,5,1,1,1,0,1,0,0,0,0
964,6,reward-greedy-7,reward-greedy,94,964,6,210,128,4,8,8,2,0,16,32,128,0,0,2,8,0,0,2,0,6,3,1,3,1,1,0,1,0,0,0,0
980,6,reward-greedy-7,reward-greedy,95,980,6,212,128,0,4,16,2,0,16,32,128,0,0,2,8,0,0,2,2,6,4,1,1,2,1,0,1,0,0,0,0
984,6,reward-greedy-7,reward-greedy,96,984,6,214,128,0,4,16,2,0,16,32,128,0,2,2,8,0,0,0,4,6,3,2,1,2,1,0,1,0,0,0,0
988,6,reward-greedy-7,reward-greedy,97,988,6,216,128,2,4,16,2,0,16,32,128,0,0,4,8,0,0,0,4,6,2,3,1,2,1,0,1,0,0,0,0
988,5,reward-greedy-7,reward-greedy,98,988,5,218,128,0,0,0,2,0,0,16,128,2,4,32,8,2,16,4,4,5,3,3,1,2,1,0,1,0,0,0,0
996,5,reward-greedy-7,reward-greedy,99,996,5,220,128,0,0,0,2,2,0,16,128,2,4,32,8,0,2,16,8,5,4,1,2,2,1,0,1,0,0,0,0
1016,6,reward-greedy-7,reward-greedy,100,1016,6,222,128,0,0,0,2,0,0,16,2,0,4,32,128,4,2,16,16,6,3,2,0,3,1,0,1,0,0,0,0
1048,6,reward-greedy-7,reward-greedy,101,1048,6,224,128,2,0,0,2,0,0,16,2,0,4,32,128,0,4,2,32,6,4,2,0,1,2,0,1,0,0,0,0
1060,7,reward-greedy-7,reward-greedy,102,1060,7,226,128,2,8,16,4,0,0,32,128,0,0,2,32,0,0,0,2,7,3,1,1,1,2,0,1,0,0,0,0
1060,6,reward-greedy-7,reward-greedy,103,1060,6,228,128,2,8,16,4,0,0,32,128,0,0,2,32,0,0,2,2,6,4,1,1,1,2,0,1,0,0,0,0
1064,6,reward-greedy-7,reward-greedy,104,1064,6,230,128,2,8,16,4,0,0,32,128,0,2,4,32,0,0,0,2,6,3,2,1,1,2,0,1,0,0,0,0
1064,5,reward-greedy-7,reward-greedy,105,1064,5,232,128,2,8,16,4,32,128,2,0,2,4,32,0,2,0,0,0,5,4,2,1,1,2,0,1,0,0,0,0
1068,5,reward-greedy-7,reward-greedy,106,1068,5,234,128,2,8,16,4,32,128,2,0,4,4,32,0,0,0,0,2,5,3,3,1,1,2,0,1,0,0,0,0
1076,5,reward-greedy-7,reward-greedy,107,1076,5,236,128,2,8,16,4,0,32,128,2,0,0,8,32,0,2,0,2,5,4,1,2,1,2,0,1,0,0,0,0
1080,5,reward-greedy-7,reward-greedy,108,1080,5,240,128,2,8,16,4,0,32,128,2,0,0,8,32,0,4,0,4,5,2,3,2,1,2,0,1,0,0,0,0
1088,5,reward-greedy-7,reward-greedy,109,1088,5,242,128,2,8,16,4,32,128,2,2,8,32,0,0,8,0,0,0,5,3,1,3,1,2,0,1,0,0,0,0
1104,5,reward-greedy-7,reward-greedy,110,1104,5,244,128,0,0,0,0,2,8,2,0,32,128,16,4,16,32,2,2,5,4,1,1,2,2,0,1,0,0,0,0
1108,5,reward-greedy-7,reward-greedy,111,1108,5,246,128,0,0,0,2,0,2,8,2,32,128,16,4,0,16,32,4,5,3,2,1,2,2,0,1,0,0,0,0
1120,6,reward-greedy-7,reward-greedy,112,1120,6,248,128,0,0,0,2,0,2,8,0,0,128,16,4,32,16,32,8,6,2,1,2,2,2,0,1,0,0,0,0
1120,5,reward-greedy-7,reward-greedy,113,1120,5,250,128,0,0,0,2,0,2,2,8,0,128,16,4,32,16,32,8,5,3,1,2,2,2,0,1,0,0,0,0
1124,5,reward-greedy-7,reward-greedy,114,1124,5,252,128,2,2,0,0,4,8,0,0,128,16,4,0,32,16,32,8,5,2,2,2,2,2,0,1,0,0,0,0
1156,5,reward-greedy-7,reward-greedy,115,1156,5,254,128,2,2,4,8,4,8,32,0,128,32,0,0,32,0,2,0,5,3,2,2,0,3,0,1,0,0,0,0
1160,5,reward-greedy-7,reward-greedy,116,1160,5,256,128,4,4,8,2,4,8,32,0,128,32,0,0,32,2,0,0,5,2,3,2,0,3,0,1,0,0,0,0
1168,5,reward-greedy-7,reward-greedy,117,1168,5,258,128,8,8,2,2,4,8,32,0,128,32,0,0,32,2,0,0,5,3,1,3,0,3,0,1,0,0,0,0
1188,6,reward-greedy-7,reward-greedy,118,1188,6,262,128,0,4,16,4,0,4,8,32,0,0,128,32,0,0,32,2,6,1,3,1,1,3,0,1,0,0,0,0
1260,7,reward-greedy-7,reward-greedy,119,1260,7,264,128,0,8,16,4,0,0,8,64,2,0,128,2,0,0,32,0,7,2,1,2,1,1,1,1,0,0,0,0
1260,6,reward-greedy-7,reward-greedy,120,1260,6,266,128,8,16,4,0,8,64,0,0,2,128,2,0,32,0,2,0,6,3,1,2,1,1,1,1,0,0,0,0
1280,7,reward-greedy-7,reward-greedy,121,1280,7,268,128,16,16,4,0,2,64,4,0,32,128,0,0,0,2,0,0,7,2,2,0,2,1,1,1,0,0,0,0
1312,7,reward-greedy-7,reward-greedy,122,1312,7,270,128,32,4,0,0,2,64,4,0,32,128,0,2,2,0,0,0,7,3,2,0,0,2,1,1,0,0,0,0
1312,6,reward-greedy-7,reward-greedy,123,1312,6,272,128,32,4,0,0,2,64,4,0,32,128,2,0,2,2,0,0,6,4,2,0,0,2,1,1,0,0,0,0
1316,6,reward-greedy-7,reward-greedy,124,1316,6,274,128,32,4,2,0,2,64,4,0,32,128,2,0,4,0,0,0,6,3,3,0,0,2,1,1,0,0,0,0
1316,5,reward-greedy-7,reward-greedy,125,1316,5,276,128,32,4,2,0,2,64,4,0,32,128,2,2,4,0,0,0,5,4,3,0,0,2,1,1,0,0,0,0
1320,5,reward-greedy-7,reward-greedy,126,1320,5,278,128,32,4,2,2,2,64,4,0,32,128,4,0,4,0,0,0,5,3,4,0,0,2,1,1,0,0,0,0
1328,5,reward-greedy-7,reward-greedy,127,1328,5,280,128,32,2,0,0,2,4,0,0,32,64,2,0,4,128,8,2,5,4,2,1,0,2,1,1,0,0,0,0
1328,4,reward-greedy-7,reward-greedy,128,1328,4,282,128,0,0,32,2,0,0,2,4,2,32,64,2,4,128,8,2,4,5,2,1,0,2,1,1,0,0,0,0
1332,4,reward-greedy-7,reward-greedy,129,1332,4,284,128,2,32,32,2,4,128,2,4,0,0,64,4,2,0,8,0,4,4,3,1,0,2,1,1,0,0,0,0
1396,4,reward-greedy-7,reward-greedy,130,1396,4,286,128,2,64,2,0,4,128,2,4,64,4,2,0,2,8,0,0,4,5,3,1,0,0,2,1,0,0,0,0
1400,4,reward-greedy-7,reward-greedy,131,1400,4,290,128,2,64,4,0,4,128,0,0,64,4,2,0,2,8,4,4,4,3,5,1,0,0,2,1,0,0,0,0
1408,4,reward-greedy-7,reward-greedy,132,1408,4,292,128,0,2,64,4,0,0,4,128,0,64,4,2,2,2,8,8,4,4,3,2,0,0,2,1,0,0,0,0
1428,5,reward-greedy-7,reward-greedy,133,1428,5,294,128,2,2,64,4,0,0,4,128,0,64,4,2,0,0,4,16,5,3,4,0,1,0,2,1,0,0,0,0
1436,5,reward-greedy-7,reward-greedy,134,1436,5,296,128,0,0,2,4,0,0,64,128,0,2,4,2,2,64,8,16,5,4,2,1,1,0,2,1,0,0,0,0
1436,4,reward-greedy-7,reward-greedy,135,1436,4,298,128,2,4,0,0,64,128,0,2,2,4,2,0,2,64,8,16,4,5,2,1,1,0,2,1,0,0,0,0
1440,4,reward-greedy-7,reward-greedy,136,1440,4,300,128,2,4,2,2,64,128,8,16,4,4,0,0,2,64,0,0,4,4,3,1,1,0,2,1,0,0,0,0
1452,5,reward-greedy-7,reward-greedy,137,1452,5,302,128,2,4,4,0,64,128,8,16,8,0,0,0,2,64,2,0,5,3,2,2,1,0,2,1,0,0,0,0
1460,5,reward-greedy-7,reward-greedy,138,1460,5,304,128,2,8,0,0,64,128,8,16,8,2,0,0,2,64,2,0,5,4,0,3,1,0,2,1,0,0,0,0
1460,4,reward-greedy-7,reward-greedy,139,1460,4,306,128,2,8,0,2,64,128,0,0,8,2,8,0,2,64,2,16,4,5,0,3,1,0,2,1,0,0,0,0
1460,3,reward-greedy-7,reward-greedy,140,1460,3,308,128,0,2,8,2,0,0,64,128,2,8,2,8,2,64,2,16,3,6,0,3,1,0,2,1,0,0,0,0
1468,4,reward-greedy-7,reward-greedy,141,1468,4,310,128,4,2,8,2,0,8,64,128,0,64,4,8,0,2,0,16,4,3,2,3,1,0,2,1,0,0,0,0
1468,3,reward-greedy-7,reward-greedy,142,1468,3,312,128,4,2,8,2,0,8,64,128,0,64,4,8,0,2,2,16,3,4,2,3,1,0,2,1,0,0,0,0
1472,3,reward-greedy-7,reward-greedy,143,1472,3,314,128,4,2,8,2,8,64,128,0,64,4,8,0,4,16,0,2,3,3,3,3,1,0,2,1,0,0,0,0
1476,3,reward-greedy-7,reward-greedy,144,1476,3,316,128,4,2,8,4,8,64,128,0,64,4,8,0,4,16,2,0,3,2,4,3,1,0,2,1,0,0,0,0
1476,2,reward-greedy-7,reward-greedy,145,1476,2,318,128,4,2,8,2,8,64,128,0,64,4,8,0,4,16,2,4,2,3,4,3,1,0,2,1,0,0,0,0
1476,1,reward-greedy-7,reward-greedy,146,1476,1,322,128,4,2,8,2,8,64,128,4,64,4,8,4,4,16,2,0,1,3,5,3,1,0,2,1,0,0,0,0
1484,1,reward-greedy-7,reward-greedy,147,1484,1,324,128,4,2,8,0,8,64,128,2,64,4,8,2,4,16,2,8,1,4,3,4,1,0,2,1,0,0,0,0
1488,1,reward-greedy-7,reward-greedy,148,1488,1,326,128,4,2,8,0,8,64,128,2,64,4,8,4,4,16,2,8,1,3,4,4,1,0,2,1,0,0,0,0
1488,0,reward-greedy-7,reward-greedy,149,1488,0,328,128,4,2,8,2,8,64,128,2,64,4,8,4,4,16,2,8,0,4,4,4,1,0,2,1,0,0,0,0
1492,0,reward-greedy-7,reward-greedy,150,1492,0,330,128,4,2,8,2,8,64,128,4,64,4,8,4,4,16,2,8,0,3,5,4,1,0,2,1,0,0,0,0
1500,0,reward-greedy-7,reward-greedy,151,1500,0,332,128,4,2,8,2,8,64,128,8,64,4,8,8,4,16,2,2,0,4,3,5,1,0,2,1,0,0,0,0
1520,1,reward-greedy-7,reward-greedy,152,1520,1,336,128,4,2,8,2,8,64,128,8,64,4,16,0,4,16,4,4,1,2,5,3,2,0,2,1,0,0,0,0
1528,1,reward-greedy-7,reward-greedy,153,1528,1,338,128,4,2,8,2,8,64,128,8,0,64,4,16,2,4,16,8,1,3,3,4,2,0,2,1,0,0,0,0
1656,1,reward-greedy-7,reward-greedy,154,1656,1,340,128,2,0,8,2,4,2,128,8,8,128,4,16,2,4,16,8,1,4,3,4,2,0,0,2,0,0,0,0
1656,0,reward-greedy-7,reward-greedy,155,1656,0,342,128,2,2,8,2,4,2,128,8,8,128,4,16,2,4,16,8,0,5,3,4,2,0,0,2,0,0,0,0
1660,0,reward-greedy-7,reward-greedy,156,1660,0,344,128,4,8,2,2,4,2,128,8,8,128,4,16,2,4,16,8,0,4,4,4,2,0,0,2,0,0,0,0
1668,0,reward-greedy-7,reward-greedy,157,1668,0,346,128,2,8,2,2,8,2,128,8,8,128,4,16,2,4,16,8,0,5,2,5,2,0,0,2,0,0,0,0
1684,0,reward-greedy-7,reward-greedy,158,1684,0,348,128,2,8,2,2,16,2,128,8,2,128,4,16,2,4,16,8,0,6,2,3,3,0,0,2,0,0,0,0
1688,0,reward-greedy-7,reward-greedy,159,1688,0,350,128,2,8,2,2,16,2,128,8,4,128,4,16,2,4,16,8,0,5,3,3,3,0,0,2,0,0,0,0
1692,0,reward-greedy-7,reward-greedy,160,1692,0,352,128,2,2,8,4,16,2,128,8,4,128,4,16,2,4,16,8,0,4,4,3,3,0,0,2,0,0,0,0
1696,0,reward-greedy-7,reward-greedy,161,1696,0,356,128,4,4,8,4,16,2,128,8,4,128,4,16,2,4,16,8,0,2,6,3,3,0,0,2,0,0,0,0
1704,0,reward-greedy-7,reward-greedy,162,1704,0,358,128,2,8,8,4,16,2,128,8,4,128,4,16,2,4,16,8,0,3,4,4,3,0,0,2,0,0,0,0
1720,0,reward-greedy-7,reward-greedy,163,1720,0,360,128,2,2,16,4,16,2,128,8,4,128,4,16,2,4,16,8,0,4,4,2,4,0,0,2,0,0,0,0
1724,0,reward-greedy-7,reward-greedy,164,1724,0,362,128,2,2,16,4,16,4,128,8,4,128,4,16,2,4,16,8,0,3,5,2,4,0,0,2,0,0,0,0
1728,0,reward-greedy-7,reward-greedy,165,1728,0,364,128,4,16,4,2,16,4,128,8,4,128,4,16,2,4,16,8,0,2,6,2,4,0,0,2,0,0,0,0
0,13,reward-greedy-8,reward-greedy,0,0,13,6,2,0,0,0,2,0,0,0,0,0,0,0,0,0,2,2,0,13,3,0,0,0,0,0,0,0,0,0,0
4,13,reward-greedy-8,reward-greedy,1,4,13,8,4,0,2,0,2,0,0,0,0,0,0,0,0,0,0,0,4,13,2,1,0,0,0,0,0,0,0,0,0
8,13,reward-greedy-8,reward-greedy,2,8,13,12,4,0,0,0,4,0,0,4,0,0,0,0,0,0,0,0,4,13,0,3,0,0,0,0,0,0,0,0,0
16,13,reward-greedy-8,reward-greedy,3,16,13,14,8,0,0,0,0,2,0,0,0,0,0,0,0,0,0,4,8,13,1,1,1,0,0,0,0,0,0,0,0
16,12,reward-greedy-8,reward-greedy,4,16,12,16,8,0,0,0,0,0,0,0,0,0,0,0,2,2,0,4,8,12,2,1,1,0,0,0,0,0,0,0,0
16,11,reward-greedy-8,reward-greedy,5,16,11,18,8,2,0,4,2,0,0,2,8,0,0,0,0,0,0,0,0,11,3,1,1,0,0,0,0,0,0,0,0
16,10,reward-greedy-8,reward-greedy,6,16,10,20,8,2,2,4,2,0,0,2,8,0,0,0,0,0,0,0,0,10,4,1,1,0,0,0,0,0,0,0,0
20,10,reward-greedy-8,reward-greedy,7,20,10,22,8,2,4,4,2,0,0,2,8,0,0,0,0,0,0,0,0,10,3,2,1,0,0,0,0,0,0,0,0
28,10,reward-greedy-8,reward-greedy,8,28,10,24,8,2,8,2,0,2,8,0,0,0,2,0,0,0,0,0,0,10,4,0,2,0,0,0,0,0,0,0,0
48,11,reward-greedy-8,reward-greedy,9,48,11,26,16,2,0,0,0,0,0,0,0,0,16,0,0,4,2,2,0,11,3,1,0,1,0,0,0,0,0,0,0
52,11,reward-greedy-8,reward-greedy,10,52,11,28,16,2,0,0,0,0,0,0,0,16,0,2,0,4,4,0,0,11,2,2,0,1,0,0,0,0,0,0,0
60,11,reward-greedy-8,reward-greedy,11,60,11,30,16,2,0,0,0,0,0,0,2,16,2,0,0,8,0,0,0,11,3,0,1,1,0,0,0,0,0,0,0
60,10,reward-greedy-8,reward-greedy,12,60,10,32,16,2,0,0,0,2,0,2,0,16,2,0,0,8,0,0,0,10,4,0,1,1,0,0,0,0,0,0,0
64,10,reward-greedy-8,reward-greedy,13,64,10,34,16,0,0,2,2,0,0,0,4,0,0,16,2,0,0,0,8,10,3,1,1,1,0,0,0,0,0,0,0
68,10,reward-greedy-8,reward-greedy,14,68,10,36,16,4,0,0,0,4,0,0,0,16,2,2,0,8,0,0,0,10,2,2,1,1,0,0,0,0,0,0,0
76,10,reward-greedy-8,reward-greedy,15,76,10,38,16,8,2,2,0,16,0,0,0,8,2,0,0,0,0,0,0,10,3,0,2,1,0,0,0,0,0,0,0
80,10,reward-greedy-8,reward-greedy,16,80,10,40,16,0,0,8,4,0,0,0,16,0,2,8,2,0,0,0,0,10,2,1,2,1,0,0,0,0,0,0,0
96,10,reward-greedy-8,reward-greedy,17,96,10,42,16,0,0,0,0,0,0,2,4,0,0,0,16,0,2,16,2,10,3,1,0,2,0,0,0,0,0,0,0
96,9,reward-greedy-8,reward-greedy,18,96,9,44,16,0,0,0,0,2,4,0,0,16,0,0,0,2,16,2,2,9,4,1,0,2,0,0,0,0,0,0,0
100,9,reward-greedy-8,reward-greedy,19,100,9,46,16,2,0,0,0,0,0,2,4,0,0,0,16,0,2,16,4,9,3,2,0,2,0,0,0,0,0,0,0
100,8,reward-greedy-8,reward-greedy,20,100,8,48,16,0,0,2,2,0,0,2,4,0,0,0,16,0,2,16,4,8,4,2,0,2,0,0,0,0,0,0,0
104,8,reward-greedy-8,reward-greedy,21,104,8,50,16,0,0,2,2,0,0,0,4,0,0,4,16,0,2,16,4,8,3,3,0,2,0,0,0,0,0,0,0
108,8,reward-greedy-8,reward-greedy,22,108,8,52,16,4,0,0,0,4,2,0,0,4,16,0,0,2,16,4,0,8,2,4,0,2,0,0,0,0,0,0,0
148,9,reward-greedy-8,reward-greedy,23,148,9,56,32,8,2,4,0,4,32,0,0,2,0,0,0,4,0,0,0,9,2,3,1,0,1,0,0,0,0,0,0
148,8,reward-greedy-8,reward-greedy,24,148,8,58,32,8,2,4,0,4,32,0,0,2,0,0,0,4,0,2,0,8,3,3,1,0,1,0,0,0,0,0,0
148,7,reward-greedy-8,reward-greedy,25,148,7,60,32,0,8,2,4,0,2,4,32,0,0,0,2,0,0,4,2,7,4,3,1,0,1,0,0,0,0,0,0
160,8,reward-greedy-8,reward-greedy,26,160,8,62,32,0,8,2,4,0,2,8,32,0,0,0,4,0,0,2,0,8,3,2,2,0,1,0,0,0,0,0,0
160,7,reward-greedy-8,reward-greedy,27,160,7,64,32,0,8,2,4,2,2,8,32,0,0,0,4,0,0,0,2,7,4,2,2,0,1,0,0,0,0,0,0
164,7,reward-greedy-8,reward-greedy,28,164,7,66,32,8,2,4,0,4,8,32,0,4,0,2,0,2,0,0,0,7,3,3,2,0,1,0,0,0,0,0,0
172,7,reward-greedy-8,reward-greedy,29,172,7,70,32,8,2,4,0,8,8,32,0,2,4,2,0,0,0,0,0,7,3,2,3,0,1,0,0,0,0,0,0
188,7,reward-greedy-8,reward-greedy,30,188,7,72,32,16,2,4,0,2,8,32,0,0,4,2,2,0,0,0,0,7,4,2,1,1,1,0,0,0,0,0,0
192,7,reward-greedy-8,reward-greedy,31,192,7,76,32,16,2,4,0,2,8,32,0,4,4,4,0,0,0,0,0,7,2,4,1,1,1,0,0,0,0,0,0
200,7,reward-greedy-8,reward-greedy,32,200,7,78,32,2,16,2,4,0,2,8,32,0,0,4,8,0,0,0,0,7,3,2,2,1,1,0,0,0,0,0,0
200,6,reward-greedy-8,reward-greedy,33,200,6,80,32,2,16,2,4,0,2,8,32,0,0,4,8,0,0,0,2,6,4,2,2,1,1,0,0,0,0,0,0
200,5,reward-greedy-8,reward-greedy,34,200,5,82,32,0,0,2,4,0,0,2,32,0,16,8,8,2,2,4,2,5,5,2,2,1,1,0,0,0,0,0,0
220,6,reward-greedy-8,reward-greedy,35,220,6,84,32,0,2,2,4,0,0,2,32,0,0,16,16,0,4,4,2,6,4,3,0,2,1,0,0,0,0,0,0
264,8,reward-greedy-8,reward-greedy,36,264,8,86,32,4,4,0,0,2,32,0,2,32,0,0,0,8,2,0,0,8,3,2,1,0,2,0,0,0,0,0,0
272,8,reward-greedy-8,reward-greedy,37,272,8,88,32,0,2,0,8,0,2,32,2,0,0,0,32,0,0,8,2,8,4,0,2,0,2,0,0,0,0,0,0
276,8,reward-greedy-8,reward-greedy,38,276,8,90,32,0,0,0,8,0,0,0,2,0,2,32,32,0,4,8,2,8,3,1,2,0,2,0,0,0,0,0,0
340,8,reward-greedy-8,reward-greedy,39,340,8,92,64,0,0,0,8,0,0,0,2,0,2,2,64,0,4,8,2,8,4,1,2,0,0,1,0,0,0,0,0
344,8,reward-greedy-8,reward-greedy,40,344,8,94,64,8,2,0,0,2,0,0,0,4,64,0,0,4,8,2,0,8,3,2,2,0,0,1,0,0,0,0,0
352,8,reward-greedy-8,reward-greedy,41,352,8,96,64,0,0,0,0,8,2,2,0,2,64,0,0,8,8,2,0,8,4,0,3,0,0,1,0,0,0,0,0
372,9,reward-greedy-8,reward-greedy,42,372,9,98,64,0,0,0,0,8,4,2,0,2,64,0,0,16,2,0,0,9,3,1,1,1,0,1,0,0,0,0,0
372,8,reward-greedy-8,reward-greedy,43,372,8,100,64,0,0,0,2,8,4,2,0,2,64,0,0,16,2,0,0,8,4,1,1,1,0,1,0,0,0,0,0
372,7,reward-greedy-8,reward-greedy,44,372,7,102,64,0,0,2,2,0,8,4,2,0,0,2,64,0,0,16,2,7,5,1,1,1,0,1,0,0,0,0,0
376,7,reward-greedy-8,reward-greedy,45,376,7,104,64,4,0,0,0,8,4,2,0,2,64,2,0,16,2,0,0,7,4,2,1,1,0,1,0,0,0,0,0
380,7,reward-greedy-8,reward-greedy,46,380,7,106,64,4,4,4,0,8,64,0,0,2,2,0,0,16,0,0,2,7,3,3,1,1,0,1,0,0,0,0,0
392,8,reward-greedy-8,reward-greedy,47,392,8,108,64,0,0,4,8,0,2,8,64,0,0,0,4,0,0,16,2,8,2,2,2,1,0,1,0,0,0,0,0
392,7,reward-greedy-8,reward-greedy,48,392,7,110,64,4,8,0,2,2,8,64,0,4,0,0,0,16,2,0,0,7,3,2,2,1,0,1,0,0,0,0,0
408,7,reward-greedy-8,reward-greedy,49,408,7,112,64,4,16,64,2,2,2,0,0,4,0,0,0,16,2,0,0,7,4,2,0,2,0,1,0,0,0,0,0
412,7,reward-greedy-8,reward-greedy,50,412,7,114,64,4,16,64,2,0,0,0,4,0,0,0,4,0,2,16,2,7,3,3,0,2,0,1,0,0,0,0,0
420,7,reward-greedy-8,reward-greedy,51,420,7,116,64,4,16,64,2,0,2,16,8,0,0,0,2,2,0,0,0,7,4,1,1,2,0,1,0,0,0,0,0
420,6,reward-greedy-8,reward-greedy,52,420,6,118,64,4,16,64,2,2,2,16,8,2,0,0,2,0,0,0,0,6,5,1,1,2,0,1,0,0,0,0,0
428,7,reward-greedy-8,reward-greedy,53,428,7,120,64,4,16,64,2,0,4,16,8,0,0,0,4,0,0,0,2,7,2,3,1,2,0,1,0,0,0,0,0
428,6,reward-greedy-8,reward-greedy,54,428,6,122,64,0,0,0,2,0,2,0,8,0,16,64,4,4,4,16,2,6,3,3,1,2,0,1,0,0,0,0,0
436,6,reward-greedy-8,reward-greedy,55,436,6,124,64,2,0,0,0,2,8,0,2,16,64,4,0,8,16,2,0,6,4,1,2,2,0,1,0,0,0,0,0
440,6,reward-greedy-8,reward-greedy,56,440,6,126,64,4,8,4,2,16,64,2,0,8,16,0,0,2,0,0,0,6,3,2,2,2,0,1,0,0,0,0,0
440,5,reward-greedy-8,reward-greedy,57,440,5,128,64,4,8,4,2,16,64,2,0,8,16,0,0,2,0,2,0,5,4,2,2,2,0,1,0,0,0,0,0
444,5,reward-greedy-8,reward-greedy,58,444,5,130,64,4,8,4,2,0,16,64,2,0,2,8,16,0,0,0,4,5,3,3,2,2,0,1,0,0,0,0,0
448,5,reward-greedy-8,reward-greedy,59,448,5,132,64,4,8,4,4,0,16,64,16,0,2,8,4,2,0,0,0,5,2,4,2,2,0,1,0,0,0,0,0
456,5,reward-greedy-8,reward-greedy,60,456,5,134,64,0,4,8,8,0,16,64,16,0,2,8,4,0,0,2,2,5,3,2,3,2,0,1,0,0,0,0,0
476,6,reward-greedy-8,reward-greedy,61,476,6,136,64,0,0,4,16,0,16,64,16,0,2,8,4,2,0,0,4,6,2,3,1,3,0,1,0,0,0,0,0
516,7,reward-greedy-8,reward-greedy,62,516,7,138,64,2,16,4,32,0,2,64,8,0,0,8,2,0,0,0,0,7,3,1,2,1,1,1,0,0,0,0,0
516,6,reward-greedy-8,reward-greedy,63,516,6,140,64,2,16,4,32,0,2,64,8,2,0,8,2,0,0,0,0,6,4,1,2,1,1,1,0,0,0,0,0
520,6,reward-greedy-8,reward-greedy,64,520,6,142,64,4,16,4,32,0,2,64,8,0,0,8,2,0,2,0,0,6,3,2,2,1,1,1,0,0,0,0,0
524,6,reward-greedy-8,reward-greedy,65,524,6,144,64,0,0,0,0,0,2,4,32,0,16,64,8,4,4,8,2,6,2,3,2,1,1,1,0,0,0,0,0
532,6,reward-greedy-8,reward-greedy,66,532,6,146,64,0,0,0,0,0,2,4,32,0,16,64,8,2,8,8,2,6,3,1,3,1,1,1,0,0,0,0,0
548,6,reward-greedy-8,reward-greedy,67,548,6,148,64,0,0,2,0,0,2,4,32,0,16,64,8,0,2,16,2,6,4,1,1,2,1,1,0,0,0,0,0
548,5,reward-greedy-8,reward-greedy,68,548,5,150,64,0,0,2,2,0,2,4,32,0,16,64,8,0,2,16,2,5,5,1,1,2,1,1,0,0,0,0,0
552,5,reward-greedy-8,reward-greedy,69,552,5,152,64,0,0,0,4,0,2,4,32,2,16,64,8,0,2,16,2,5,4,2,1,2,1,1,0,0,0,0,0
552,4,reward-greedy-8,reward-greedy,70,552,4,154,64,2,2,4,4,0,16,64,32,0,2,16,8,0,2,0,2,4,5,2,1,2,1,1,0,0,0,0,0
568,6,reward-greedy-8,reward-greedy,71,568,6,156,64,4,8,0,0,16,64,32,0,2,16,8,0,4,0,0,2,6,2,2,2,2,1,1,0,0,0,0,0
568,5,reward-greedy-8,reward-greedy,72,568,5,158,64,4,8,0,0,16,64,32,0,2,16,8,2,4,2,0,0,5,3,2,2,2,1,1,0,0,0,0,0
568,4,reward-greedy-8,reward-greedy,73,568,4,160,64,4,8,0,0,16,64,0,0,2,16,32,2,4,2,8,2,4,4,2,2,2,1,1,0,0,0,0,0
572,4,reward-greedy-8,reward-greedy,74,572,4,162,64,4,8,0,0,16,64,2,0,2,16,32,0,4,2,8,4,4,3,3,2,2,1,1,0,0,0,0,0
572,3,reward-greedy-8,reward-greedy,75,572,3,164,64,0,2,4,8,0,16,64,2,0,2,16,32,4,2,8,4,3,4,3,2,2,1,1,0,0,0,0,0
576,3,reward-greedy-8,reward-greedy,76,576,3,166,64,4,2,4,8,0,16,64,2,0,4,16,32,2,0,8,4,3,3,4,2,2,1,1,0,0,0,0,0
576,2,reward-greedy-8,reward-greedy,77,576,2,168,64,4,2,4,8,16,64,2,0,4,16,32,0,2,8,4,2,2,4,4,2,2,1,1,0,0,0,0,0
576,1,reward-greedy-8,reward-greedy,78,576,1,170,64,4,2,4,8,16,64,2,2,4,16,32,0,2,8,4,2,1,5,4,2,2,1,1,0,0,0,0,0
580,1,reward-greedy-8,reward-greedy,79,580,1,172,64,4,2,4,8,0,16,64,4,2,4,16,32,2,8,4,2,1,4,5,2,2,1,1,0,0,0,0,0
584,1,reward-greedy-8,reward-greedy,80,584,1,174,64,4,2,4,8,4,16,64,4,0,4,16,32,2,8,4,2,1,3,6,2,2,1,1,0,0,0,0,0
592,1,reward-greedy-8,reward-greedy,81,592,1,178,64,0,2,4,8,4,16,64,4,8,4,16,32,2,8,4,2,1,3,5,3,2,1,1,0,0,0,0,0
592,0,reward-greedy-8,reward-greedy,82,592,0,180,64,2,2,4,8,4,16,64,4,8,4,16,32,2,8,4,2,0,4,5,3,2,1,1,0,0,0,0,0
596,0,reward-greedy-8,reward-greedy,83,596,0,182,64,2,4,4,8,4,16,64,4,8,4,16,32,2,8,4,2,0,3,6,3,2,1,1,0,0,0,0,0
604,0,reward-greedy-8,reward-greedy,84,604,0,184,64,2,8,8,2,4,16,64,4,8,4,16,32,2,8,4,2,0,4,4,4,2,1,1,0,0,0,0,0
620,0,reward-greedy-8,reward-greedy,85,620,0,186,64,2,2,16,2,4,16,64,4,8,4,16,32,2,8,4,2,0,5,4,2,3,1,1,0,0,0,0,0
624,0,reward-greedy-8,reward-greedy,86,624,0,188,64,2,4,16,2,4,16,64,4,8,4,16,32,2,8,4,2,0,4,5,2,3,1,1,0,0,0,0,0
4,14,reward-greedy-9,reward-greedy,0,4,14,6,4,0,0,4,2,0,0,0,0,0,0,0,0,0,0,0,0,14,1,1,0,0,0,0,0,0,0,0,0
4,13,reward-greedy-9,reward-greedy,1,4,13,8,4,4,2,2,0,0,0,0,0,0,0,0,0,0,0,0,0,13,2,1,0,0,0,0,0,0,0,0,0
8,13,reward-greedy-9,reward-greedy,2,8,13,12,4,0,0,4,4,4,0,0,0,0,0,0,0,0,0,0,0,13,0,3,0,0,0,0,0,0,0,0,0
16,13,reward-greedy-9,reward-greedy,3,16,13,14,8,8,0,0,0,4,0,2,0,0,0,0,0,0,0,0,0,13,1,1,1,0,0,0,0,0,0,0,0
16,12,reward-greedy-9,reward-greedy,4,16,12,16,8,0,0,0,0,0,0,0,2,8,0,0,0,4,0,2,0,12,2,1,1,0,0,0,0,0,0,0,0
16,11,reward-greedy-9,reward-greedy,5,16,11,18,8,2,0,0,0,0,0,0,0,8,0,0,0,4,0,2,2,11,3,1,1,0,0,0,0,0,0,0,0
20,11,reward-greedy-9,reward-greedy,6,20,11,20,8,2,0,0,2,0,0,0,0,0,0,0,8,0,0,4,4,11,2,2,1,0,0,0,0,0,0,0,0
32,12,reward-greedy-9,reward-greedy,7,32,12,22,8,0,0,0,4,0,0,0,0,0,0,0,8,0,0,2,8,12,1,1,2,0,0,0,0,0,0,0,0
48,12,reward-greedy-9,reward-greedy,8,48,12,24,16,0,0,0,2,0,0,0,0,0,0,0,4,0,0,2,16,12,2,1,0,1,0,0,0,0,0,0,0
48,11,reward-greedy-9,reward-greedy,9,48,11,26,16,0,0,2,2,0,0,2,4,0,0,0,16,0,0,0,0,11,3,1,0,1,0,0,0,0,0,0,0
52,11,reward-greedy-9,reward-greedy,10,52,11,28,16,0,0,4,2,0,0,0,4,0,2,0,16,0,0,0,0,11,2,2,0,1,0,0,0,0,0,0,0
52,10,reward-greedy-9,reward-greedy,11,52,10,30,16,0,0,0,0,0,0,0,2,0,0,2,4,0,2,4,16,10,3,2,0,1,0,0,0,0,0,0,0
52,9,reward-greedy-9,reward-greedy,12,52,9,32,16,0,0,0,0,2,0,0,2,0,0,2,4,0,2,4,16,9,4,2,0,1,0,0,0,0,0,0,0
56,9,reward-greedy-9,reward-greedy,13,56,9,34,16,0,0,2,0,0,0,0,4,0,0,2,4,0,2,4,16,9,3,3,0,1,0,0,0,0,0,0,0
68,10,reward-greedy-9,reward-greedy,14,68,10,38,16,0,2,4,8,4,0,4,16,0,0,0,0,0,0,0,0,10,1,3,1,1,0,0,0,0,0,0,0
76,10,reward-greedy-9,reward-greedy,15,76,10,40,16,2,4,8,0,8,16,0,0,0,0,0,0,0,2,0,0,10,2,1,2,1,0,0,0,0,0,0,0
76,9,reward-greedy-9,reward-greedy,16,76,9,42,16,2,4,8,0,8,16,0,0,0,0,0,0,2,2,0,0,9,3,1,2,1,0,0,0,0,0,0,0
80,9,reward-greedy-9,reward-greedy,17,80,9,44,16,2,4,8,0,8,16,0,0,0,0,0,0,4,0,0,2,9,2,2,2,1,0,0,0,0,0,0,0
80,8,reward-greedy-9,reward-greedy,18,80,8,46,16,2,4,8,0,8,16,0,0,0,0,0,2,4,2,0,0,8,3,2,2,1,0,0,0,0,0,0,0
80,7,reward-greedy-9,reward-greedy,19,80,7,48,16,0,2,4,8,2,0,8,16,0,0,0,2,0,0,4,2,7,4,2,2,1,0,0,0,0,0,0,0
84,7,reward-greedy-9,reward-greedy,20,84,7,50,16,2,2,4,8,0,0,8,16,0,2,4,4,0,0,0,0,7,3,3,2,1,0,0,0,0,0,0,0
96,8,reward-greedy-9,reward-greedy,21,96,8,52,16,0,4,4,8,0,0,8,16,0,0,2,8,2,0,0,0,8,2,2,3,1,0,0,0,0,0,0,0
104,8,reward-greedy-9,reward-greedy,22,104,8,54,16,8,8,0,0,8,16,0,0,2,8,0,0,2,2,0,0,8,3,0,4,1,0,0,0,0,0,0,0
124,9,reward-greedy-9,reward-greedy,23,124,9,56,16,16,8,0,2,4,16,0,0,0,8,0,0,0,2,0,0,9,2,1,2,2,0,0,0,0,0,0,0
124,8,reward-greedy-9,reward-greedy,24,124,8,58,16,0,16,8,2,0,0,4,16,0,0,0,8,0,0,2,2,8,3,1,2,2,0,0,0,0,0,0,0
128,8,reward-greedy-9,reward-greedy,25,128,8,62,16,0,16,8,2,0,0,4,16,0,0,0,8,0,4,0,4,8,1,3,2,2,0,0,0,0,0,0,0
136,8,reward-greedy-9,reward-greedy,26,136,8,64,16,16,8,2,0,4,16,0,0,8,0,0,0,8,0,2,0,8,2,1,3,2,0,0,0,0,0,0,0
156,9,reward-greedy-9,reward-greedy,27,156,9,66,16,16,8,4,0,4,16,0,0,16,0,2,0,0,0,0,0,9,1,2,1,3,0,0,0,0,0,0,0
156,8,reward-greedy-9,reward-greedy,28,156,8,70,16,16,8,4,0,4,16,0,4,16,2,0,0,0,0,0,0,8,1,3,1,3,0,0,0,0,0,0,0
156,7,reward-greedy-9,reward-greedy,29,156,7,72,16,0,16,8,4,0,4,16,4,0,0,16,2,2,0,0,0,7,2,3,1,3,0,0,0,0,0,0,0
196,8,reward-greedy-9,reward-greedy,30,196,8,74,32,2,16,8,8,0,4,32,2,0,0,0,0,0,0,0,2,8,3,1,2,1,1,0,0,0,0,0,0
212,8,reward-greedy-9,reward-greedy,31,212,8,76,32,2,16,16,0,4,32,2,0,0,0,0,2,2,0,0,0,8,4,1,0,2,1,0,0,0,0,0,0
244,8,reward-greedy-9,reward-greedy,32,244,8,78,32,2,32,0,0,4,32,2,0,2,0,0,0,2,0,0,2,8,5,1,0,0,2,0,0,0,0,0,0
312,9,reward-greedy-9,reward-greedy,33,312,9,80,64,2,64,2,2,4,0,0,0,4,2,0,0,0,0,0,0,9,4,2,0,0,0,1,0,0,0,0,0
320,9,reward-greedy-9,reward-greedy,34,320,9,82,64,0,0,0,0,0,0,0,2,2,64,0,0,8,2,2,2,9,5,0,1,0,0,1,0,0,0,0,0
324,9,reward-greedy-9,reward-greedy,35,324,9,84,64,0,0,0,0,2,0,0,0,2,64,2,0,8,4,2,0,9,4,1,1,0,0,1,0,0,0,0,0
332,10,reward-greedy-9,reward-greedy,36,332,10,86,64,0,0,0,2,0,0,0,0,4,64,0,0,8,4,4,0,10,1,3,1,0,0,1,0,0,0,0,0
340,10,reward-greedy-9,reward-greedy,37,340,10,88,64,0,0,0,2,0,0,0,0,0,0,4,64,0,2,8,8,10,2,1,2,0,0,1,0,0,0,0,0
356,10,reward-greedy-9,reward-greedy,38,356,10,90,64,0,0,2,2,0,0,0,0,0,0,4,64,0,0,2,16,10,3,1,0,1,0,1,0,0,0,0,0
360,10,reward-greedy-9,reward-greedy,39,360,10,92,64,2,0,0,4,0,0,0,0,0,0,4,64,0,0,2,16,10,2,2,0,1,0,1,0,0,0,0,0
360,9,reward-greedy-9,reward-greedy,40,360,9,94,64,0,2,2,4,0,0,0,0,0,0,4,64,0,0,2,16,9,3,2,0,1,0,1,0,0,0,0,0
364,9,reward-greedy-9,reward-greedy,41,364,9,96,64,0,0,4,4,0,0,0,0,2,0,4,64,0,0,2,16,9,2,3,0,1,0,1,0,0,0,0,0
372,9,reward-greedy-9,reward-greedy,42,372,9,98,64,2,0,8,4,0,0,2,64,0,0,0,16,0,0,2,0,9,3,1,1,1,0,1,0,0,0,0,0
376,9,reward-greedy-9,reward-greedy,43,376,9,100,64,0,0,0,0,0,0,0,4,0,2,8,64,2,0,4,16,9,2,2,1,1,0,1,0,0,0,0,0
376,8,reward-greedy-9,reward-greedy,44,376,8,102,64,0,0,0,0,4,2,0,0,2,8,64,0,2,4,16,0,8,3,2,1,1,0,1,0,0,0,0,0
380,8,reward-greedy-9,reward-greedy,45,380,8,104,64,0,0,0,2,0,2,0,0,4,8,64,0,4,4,16,0,8,2,3,1,1,0,1,0,0,0,0,0
388,8,reward-greedy-9,reward-greedy,46,388,8,106,64,2,0,0,2,2,0,0,0,4,8,64,0,8,16,0,0,8,3,1,2,1,0,1,0,0,0,0,0
392,8,reward-greedy-9,reward-greedy,47,392,8,108,64,4,0,0,0,2,0,2,0,4,8,64,0,8,16,0,0,8,2,2,2,1,0,1,0,0,0,0,0
396,8,reward-greedy-9,reward-greedy,48,396,8,110,64,4,0,0,0,4,2,0,0,4,8,64,0,8,16,0,0,8,1,3,2,1,0,1,0,0,0,0,0
404,8,reward-greedy-9,reward-greedy,49,404,8,112,64,8,2,64,0,4,8,0,0,8,16,0,0,0,0,2,0,8,2,1,3,1,0,1,0,0,0,0,0
404,7,reward-greedy-9,reward-greedy,50,404,7,114,64,0,8,2,64,0,0,4,8,2,0,8,16,0,0,0,2,7,3,1,3,1,0,1,0,0,0,0,0
404,6,reward-greedy-9,reward-greedy,51,404,6,116,64,2,8,2,64,0,0,4,8,0,2,8,16,0,0,0,2,6,4,1,3,1,0,1,0,0,0,0,0
404,5,reward-greedy-9,reward-greedy,52,404,5,118,64,2,8,2,64,4,8,2,0,2,8,16,0,2,0,0,0,5,5,1,3,1,0,1,0,0,0,0,0
428,7,reward-greedy-9,reward-greedy,53,428,7,120,64,2,16,4,64,4,8,16,0,4,0,0,0,0,2,0,0,7,2,3,1,2,0,1,0,0,0,0,0
436,7,reward-greedy-9,reward-greedy,54,436,7,122,64,2,16,4,64,8,8,16,2,0,2,0,0,0,0,0,0,7,3,1,2,2,0,1,0,0,0,0,0
452,7,reward-greedy-9,reward-greedy,55,452,7,126,64,2,16,4,64,16,16,2,0,2,0,0,0,0,0,4,0,7,3,2,0,3,0,1,0,0,0,0,0
484,7,reward-greedy-9,reward-greedy,56,484,7,128,64,2,32,4,64,16,0,2,0,2,0,4,0,2,0,0,0,7,4,2,0,1,1,1,0,0,0,0,0
488,7,reward-greedy-9,reward-greedy,57,488,7,130,64,0,0,0,0,2,0,4,2,16,0,2,0,4,32,4,64,7,3,3,0,1,1,1,0,0,0,0,0
488,6,reward-greedy-9,reward-greedy,58,488,6,134,64,0,0,0,0,2,0,4,0,16,4,2,2,4,32,4,64,6,3,4,0,1,1,1,0,0,0,0,0
492,6,reward-greedy-9,reward-greedy,59,492,6,136,64,0,0,0,0,2,4,2,0,16,4,4,0,4,32,4,64,6,2,5,0,1,1,1,0,0,0,0,0
508,7,reward-greedy-9,reward-greedy,60,508,7,138,64,2,8,2,64,16,32,8,0,4,2,0,0,0,0,0,0,7,3,1,2,1,1,1,0,0,0,0,0
508,6,reward-greedy-9,reward-greedy,61,508,6,140,64,2,8,2,64,16,32,8,0,4,2,0,0,0,2,0,0,6,4,1,2,1,1,1,0,0,0,0,0
512,6,reward-greedy-9,reward-greedy,62,512,6,142,64,2,8,2,64,16,32,8,0,4,4,0,0,0,0,2,0,6,3,2,2,1,1,1,0,0,0,0,0
520,6,reward-greedy-9,reward-greedy,63,520,6,144,64,2,8,2,64,16,32,8,2,8,0,0,0,2,0,0,0,6,4,0,3,1,1,1,0,0,0,0,0
520,5,reward-greedy-9,reward-greedy,64,520,5,146,64,2,8,2,64,16,32,8,2,8,0,2,0,2,0,0,0,5,5,0,3,1,1,1,0,0,0,0,0
520,4,reward-greedy-9,reward-greedy,65,520,4,150,64,2,4,0,0,16,0,2,0,8,8,8,64,2,32,2,2,4,5,1,3,1,1,1,0,0,0,0,0
540,5,reward-greedy-9,reward-greedy,66,540,5,152,64,2,4,2,0,16,2,0,0,16,8,64,0,2,32,4,0,5,4,2,1,2,1,1,0,0,0,0,0
572,5,reward-greedy-9,reward-greedy,67,572,5,154,64,2,4,2,0,32,2,64,0,2,8,4,0,2,32,0,0,5,5,2,1,0,2,1,0,0,0,0,0
576,5,reward-greedy-9,reward-greedy,68,576,5,156,64,2,4,2,0,32,2,64,0,4,8,4,0,0,32,2,0,5,4,3,1,0,2,1,0,0,0,0,0
576,4,reward-greedy-9,reward-greedy,69,576,4,158,64,0,4,2,0,2,2,64,0,32,8,4,0,4,32,2,2,4,5,3,1,0,2,1,0,0,0,0,0
584,5,reward-greedy-9,reward-greedy,70,584,5,160,64,2,0,4,2,0,0,4,64,0,32,8,4,0,4,32,4,5,2,5,1,0,2,1,0,0,0,0,0
600,6,reward-greedy-9,reward-greedy,71,600,6,162,64,0,0,0,0,0,2,8,2,0,32,8,64,2,4,32,8,6,3,1,3,0,2,1,0,0,0,0,0
616,6,reward-greedy-9,reward-greedy,72,616,6,164,64,0,0,0,0,2,2,0,2,0,32,16,64,2,4,32,8,6,4,1,1,1,2,1,0,0,0,0,0
620,6,reward-greedy-9,reward-greedy,73,620,6,166,64,4,2,16,2,0,32,32,64,2,4,0,8,0,0,0,0,6,3,2,1,1,2,1,0,0,0,0,0
684,6,reward-greedy-9,reward-greedy,74,684,6,168,64,4,2,16,2,0,0,64,64,0,2,4,8,0,0,2,0,6,4,2,1,1,0,2,0,0,0,0,0
812,6,reward-greedy-9,reward-greedy,75,812,6,170,128,4,2,16,2,128,2,0,0,2,4,8,0,2,0,0,0,6,5,2,1,1,0,0,1,0,0,0,0
820,7,reward-greedy-9,reward-greedy,76,820,7,172,128,4,4,16,2,128,4,8,0,4,0,0,0,0,0,2,0,7,2,4,1,1,0,0,1,0,0,0,0
828,7,reward-greedy-9,reward-greedy,77,828,7,174,128,0,0,2,0,4,0,16,0,128,0,8,0,4,8,2,2,7,3,2,2,1,0,0,1,0,0,0,0
832,7,reward-greedy-9,reward-greedy,78,832,7,176,128,0,0,2,2,0,0,4,16,0,0,128,8,0,4,8,4,7,2,3,2,1,0,0,1,0,0,0,0
836,7,reward-greedy-9,reward-greedy,79,836,7,178,128,4,0,0,0,4,16,0,0,128,8,0,2,4,8,4,0,7,1,4,2,1,0,0,1,0,0,0,0
860,8,reward-greedy-9,reward-greedy,80,860,8,180,128,8,16,4,2,128,16,0,2,4,0,0,0,0,0,0,0,8,2,2,1,2,0,0,1,0,0,0,0
896,9,reward-greedy-9,reward-greedy,81,896,9,182,128,8,32,4,4,128,0,0,0,4,0,2,0,0,0,0,0,9,1,3,1,0,1,0,1,0,0,0,0
904,9,reward-greedy-9,reward-greedy,82,904,9,184,128,0,8,32,8,0,0,0,128,0,0,4,2,0,0,0,2,9,2,1,2,0,1,0,1,0,0,0,0
908,9,reward-greedy-9,reward-greedy,83,908,9,186,128,0,8,32,8,0,0,4,128,0,0,0,4,0,0,0,2,9,1,2,2,0,1,0,1,0,0,0,0
908,8,reward-greedy-9,reward-greedy,84,908,8,188,128,2,8,32,8,0,0,4,128,0,0,0,4,0,0,0,2,8,2,2,2,0,1,0,1,0,0,0,0
908,7,reward-greedy-9,reward-greedy,85,908,7,190,128,2,8,32,8,0,0,4,128,0,0,0,4,2,0,0,2,7,3,2,2,0,1,0,1,0,0,0,0
912,7,reward-greedy-9,reward-greedy,86,912,7,192,128,0,0,0,8,0,0,0,128,2,0,32,4,4,8,4,2,7,2,3,2,0,1,0,1,0,0,0,0
912,6,reward-greedy-9,reward-greedy,87,912,6,194,128,0,0,0,8,2,0,0,128,2,0,32,4,4,8,4,2,6,3,3,2,0,1,0,1,0,0,0,0
916,6,reward-greedy-9,reward-greedy,88,916,6,196,128,4,8,32,8,4,0,4,128,2,0,0,4,0,0,0,2,6,2,4,2,0,1,0,1,0,0,0,0
924,6,reward-greedy-9,reward-greedy,89,924,6,198,128,0,2,0,8,0,0,0,128,8,0,32,4,2,8,4,2,6,3,2,3,0,1,0,1,0,0,0,0
924,5,reward-greedy-9,reward-greedy,90,924,5,200,128,8,2,32,8,2,8,4,128,0,0,0,4,2,0,0,2,5,4,2,3,0,1,0,1,0,0,0,0
928,5,reward-greedy-9,reward-greedy,91,928,5,202,128,0,0,0,8,2,0,0,128,8,2,32,4,4,8,4,2,5,3,3,3,0,1,0,1,0,0,0,0
928,4,reward-greedy-9,reward-greedy,92,928,4,204,128,0,0,0,8,0,2,2,128,8,2,32,4,4,8,4,2,4,4,3,3,0,1,0,1,0,0,0,0
932,4,reward-greedy-9,reward-greedy,93,932,4,206,128,8,4,2,8,4,8,32,128,0,2,4,4,0,0,0,2,4,3,4,3,0,1,0,1,0,0,0,0
940,4,reward-greedy-9,reward-greedy,94,940,4,208,128,8,4,2,8,4,8,32,128,2,8,0,0,2,0,2,0,4,4,2,4,0,1,0,1,0,0,0,0
960,5,reward-greedy-9,reward-greedy,95,960,5,210,128,0,0,0,0,8,0,2,2,4,4,32,8,4,16,2,128,5,3,3,2,1,1,0,1,0,0,0,0
972,6,reward-greedy-9,reward-greedy,96,972,6,214,128,0,0,0,0,0,4,8,4,0,8,32,8,4,16,2,128,6,1,3,3,1,1,0,1,0,0,0,0
972,5,reward-greedy-9,reward-greedy,97,972,5,216,128,0,0,0,2,0,4,8,4,0,8,32,8,4,16,2,128,5,2,3,3,1,1,0,1,0,0,0,0
972,4,reward-greedy-9,reward-greedy,98,972,4,218,128,4,4,8,2,0,8,32,4,0,16,2,8,0,0,2,128,4,3,3,3,1,1,0,1,0,0,0,0
980,4,reward-greedy-9,reward-greedy,99,980,4,220,128,2,8,8,2,0,8,32,4,0,16,2,8,0,0,2,128,4,4,1,4,1,1,0,1,0,0,0,0
1000,5,reward-greedy-9,reward-greedy,100,1000,5,222,128,2,16,8,2,0,16,32,4,0,0,4,8,0,2,0,128,5,3,2,2,2,1,0,1,0,0,0,0
1032,5,reward-greedy-9,reward-greedy,101,1032,5,224,128,2,32,8,2,0,2,32,4,0,2,4,8,0,0,0,128,5,4,2,2,0,2,0,1,0,0,0,0
1036,5,reward-greedy-9,reward-greedy,102,1036,5,226,128,2,0,0,2,0,0,8,4,0,32,32,8,2,4,4,128,5,3,3,2,0,2,0,1,0,0,0,0
1112,7,reward-greedy-9,reward-greedy,103,1112,7,228,128,4,0,0,0,8,4,0,2,64,8,0,0,2,8,128,0,7,2,2,3,0,0,1,1,0,0,0,0
1128,7,reward-greedy-9,reward-greedy,104,1128,7,230,128,4,4,128,2,8,16,0,0,64,0,0,0,2,0,0,2,7,3,2,1,1,0,1,1,0,0,0,0
1140,8,reward-greedy-9,reward-greedy,105,1140,8,232,128,0,8,128,2,0,0,8,16,0,2,0,64,0,0,0,4,8,2,1,2,1,0,1,1,0,0,0,0
1140,7,reward-greedy-9,reward-greedy,106,1140,7,234,128,0,0,0,2,0,0,0,16,0,8,128,64,2,2,8,4,7,3,1,2,1,0,1,1,0,0,0,0
1144,7,reward-greedy-9,reward-greedy,107,1144,7,236,128,2,0,0,0,16,0,0,0,8,128,64,2,4,8,4,0,7,2,2,2,1,0,1,1,0,0,0,0
1144,6,reward-greedy-9,reward-greedy,108,1144,6,238,128,2,2,0,0,16,0,0,0,8,128,64,0,4,8,4,2,6,3,2,2,1,0,1,1,0,0,0,0
1148,6,reward-greedy-9,reward-greedy,109,1148,6,240,128,0,0,0,4,0,0,2,16,0,8,128,64,4,8,4,2,6,2,3,2,1,0,1,1,0,0,0,0
1164,6,reward-greedy-9,reward-greedy,110,1164,6,242,128,0,0,0,4,2,0,2,16,0,0,128,64,4,16,4,2,6,3,3,0,2,0,1,1,0,0,0,0
1168,6,reward-greedy-9,reward-greedy,111,1168,6,244,128,4,0,0,0,4,16,0,0,128,64,2,0,4,16,4,2,6,2,4,0,2,0,1,1,0,0,0,0
1176,6,reward-greedy-9,reward-greedy,112,1176,6,246,128,8,16,2,2,128,64,4,0,4,16,2,0,0,0,0,0,6,3,2,1,2,0,1,1,0,0,0,0
1180,6,reward-greedy-9,reward-greedy,113,1180,6,248,128,8,16,4,0,128,64,4,0,4,16,2,2,0,0,0,0,6,2,3,1,2,0,1,1,0,0,0,0
1188,6,reward-greedy-9,reward-greedy,114,1188,6,250,128,8,16,8,2,128,64,2,0,4,16,2,0,0,0,0,0,6,3,1,2,2,0,1,1,0,0,0,0
1192,6,reward-greedy-9,reward-greedy,115,1192,6,252,128,8,16,8,2,128,64,4,2,4,16,0,0,0,0,0,0,6,2,2,2,2,0,1,1,0,0,0,0
1196,6,reward-greedy-9,reward-greedy,116,1196,6,254,128,2,0,0,0,8,16,0,0,128,64,8,0,4,16,4,4,6,1,3,2,2,0,1,1,0,0,0,0
1204,6,reward-greedy-9,reward-greedy,117,1204,6,256,128,2,0,0,0,8,16,2,0,128,64,8,0,4,16,8,0,6,2,1,3,2,0,1,1,0,0,0,0
1220,6,reward-greedy-9,reward-greedy,118,1220,6,258,128,2,16,2,2,8,64,16,0,128,16,0,0,4,0,0,0,6,3,1,1,3,0,1,1,0,0,0,0
1224,6,reward-greedy-9,reward-greedy,119,1224,6,260,128,2,16,4,2,8,64,16,0,128,16,0,0,4,0,0,0,6,2,2,1,3,0,1,1,0,0,0,0
1224,5,reward-greedy-9,reward-greedy,120,1224,5,262,128,2,16,4,2,8,64,16,0,128,16,2,0,4,0,0,0,5,3,2,1,3,0,1,1,0,0,0,0
1224,4,reward-greedy-9,reward-greedy,121,1224,4,264,128,2,16,4,2,8,64,16,0,128,16,2,0,4,0,0,2,4,4,2,1,3,0,1,1,0,0,0,0
1228,4,reward-greedy-9,reward-greedy,122,1228,4,268,128,2,16,4,4,8,64,16,0,128,16,2,0,4,0,0,4,4,2,4,1,3,0,1,1,0,0,0,0
1244,5,reward-greedy-9,reward-greedy,123,1244,5,270,128,0,2,16,8,2,8,64,16,0,128,16,2,0,0,0,8,5,3,0,3,3,0,1,1,0,0,0,0
1244,4,reward-greedy-9,reward-greedy,124,1244,4,272,128,2,2,16,8,2,8,64,16,0,128,16,2,0,0,0,8,4,4,0,3,3,0,1,1,0,0,0,0
1248,4,reward-greedy-9,reward-greedy,125,1248,4,274,128,4,2,16,8,2,8,64,16,0,128,16,2,0,0,0,8,4,3,1,3,3,0,1,1,0,0,0,0
1248,3,reward-greedy-9,reward-greedy,126,1248,3,276,128,4,2,16,8,2,8,64,16,0,128,16,2,0,2,0,8,3,4,1,3,3,0,1,1,0,0,0,0
1248,2,reward-greedy-9,reward-greedy,127,1248,2,278,128,4,2,16,8,2,8,64,16,128,16,2,2,2,8,0,0,2,5,1,3,3,0,1,1,0,0,0,0
1252,2,reward-greedy-9,reward-greedy,128,1252,2,280,128,4,2,16,8,2,8,64,16,128,16,4,2,2,8,0,0,2,4,2,3,3,0,1,1,0,0,0,0
1252,1,reward-greedy-9,reward-greedy,129,1252,1,282,128,4,2,0,2,2,8,16,8,128,16,64,16,2,8,4,2,1,5,2,3,3,0,1,1,0,0,0,0
1256,1,reward-greedy-9,reward-greedy,130,1256,1,284,128,0,2,4,4,2,8,16,8,128,16,64,16,2,8,4,2,1,4,3,3,3,0,1,1,0,0,0,0
1264,1,reward-greedy-9,reward-greedy,131,1264,1,286,128,0,2,2,8,2,8,16,8,128,16,64,16,2,8,4,2,1,5,1,4,3,0,1,1,0,0,0,0
1280,1,reward-greedy-9,reward-greedy,132,1280,1,288,128,0,2,2,2,2,8,16,16,128,16,64,16,2,8,4,2,1,6,1,2,4,0,1,1,0,0,0,0
1316,2,reward-greedy-9,reward-greedy,133,1316,2,290,128,4,2,0,2,2,8,32,0,128,16,64,16,2,8,4,2,2,5,2,2,2,1,1,1,0,0,0,0
1320,2,reward-greedy-9,reward-greedy,134,1320,2,292,128,4,4,0,2,2,8,32,0,128,16,64,16,2,8,4,2,2,4,3,2,2,1,1,1,0,0,0,0
1328,2,reward-greedy-9,reward-greedy,135,1328,2,294,128,8,2,2,0,2,8,32,0,128,16,64,16,2,8,4,2,2,5,1,3,2,1,1,1,0,0,0,0
1332,2,reward-greedy-9,reward-greedy,136,1332,2,296,128,8,4,0,0,2,8,32,2,128,16,64,16,2,8,4,2,2,4,2,3,2,1,1,1,0,0,0,0
1332,1,reward-greedy-9,reward-greedy,137,1332,1,298,128,8,4,0,2,2,8,32,2,128,16,64,16,2,8,4,2,1,5,2,3,2,1,1,1,0,0,0,0
1336,1,reward-greedy-9,reward-greedy,138,1336,1,300,128,8,4,32,4,2,8,64,16,128,16,4,2,2,8,2,0,1,4,3,3,2,1,1,1,0,0,0,0
1336,0,reward-greedy-9,reward-greedy,139,1336,0,302,128,8,4,32,4,2,8,64,16,128,16,4,2,2,2,8,2,0,5,3,3,2,1,1,1,0,0,0,0
1340,0,reward-greedy-9,reward-greedy,140,1340,0,304,128,8,4,32,4,2,8,64,16,128,16,4,4,2,2,8,2,0,4,4,3,2,1,1,1,0,0,0,0
1352,1,reward-greedy-9,reward-greedy,141,1352,1,306,128,8,4,32,4,2,8,64,16,128,16,8,0,4,8,2,2,1,3,3,4,2,1,1,1,0,0,0,0
1356,1,reward-greedy-9,reward-greedy,142,1356,1,308,128,8,4,32,4,2,8,64,16,128,16,8,2,4,8,4,0,1,2,4,4,2,1,1,1,0,0,0,0
1356,0,reward-greedy-9,reward-greedy,143,1356,0,310,128,8,4,32,2,2,8,64,4,128,16,8,16,4,8,4,2,0,3,4,4,2,1,1,1,0,0,0,0
0,13,zeros-la-1-0,zeros-la-1,0,0,13,6,2,2,0,2,0,0,0,0,0,0,0,2,0,0,0,0,0,13,3,0,0,0,0,0,0,0,0,0,0
4,13,zeros-la-1-0,zeros-la-1,1,4,13,8,4,0,0,0,0,0,0,0,0,0,0,0,0,2,2,4,0,13,2,1,0,0,0,0,0,0,0,0,0
8,13,zeros-la-1-0,zeros-la-1,2,8,13,10,4,0,0,0,0,0,0,0,0,0,2,0,0,0,0,4,4,13,1,2,0,0,0,0,0,0,0,0,0
16,13,zeros-la-1-0,zeros-la-1,3,16,13,14,8,0,0,0,4,0,0,0,0,0,0,0,2,0,0,0,8,13,1,1,1,0,0,0,0,0,0,0,0
16,12,zeros-la-1-0,zeros-la-1,4,16,12,16,8,2,0,0,0,0,0,0,4,0,0,0,2,0,0,0,8,12,2,1,1,0,0,0,0,0,0,0,0
16,11,zeros-la-1-0,zeros-la-1,5,16,11,18,8,2,0,0,4,0,0,0,2,0,0,0,8,0,0,2,0,11,3,1,1,0,0,0,0,0,0,0,0
16,10,zeros-la-1-0,zeros-la-1,6,16,10,20,8,2,0,2,4,0,0,0,2,0,0,0,8,0,2,0,0,10,4,1,1,0,0,0,0,0,0,0,0
20,10,zeros-la-1-0,zeros-la-1,7,20,10,22,8,0,0,4,4,0,0,0,2,2,0,0,8,0,0,0,2,10,3,2,1,0,0,0,0,0,0,0,0
28,10,zeros-la-1-0,zeros-la-1,8,28,10,24,8,0,0,0,8,0,0,2,2,0,0,2,8,0,0,0,2,10,4,0,2,0,0,0,0,0,0,0,0
32,10,zeros-la-1-0,zeros-la-1,9,32,10,26,8,8,0,0,0,4,0,2,0,2,8,0,0,2,0,0,0,10,3,1,2,0,0,0,0,0,0,0,0
36,10,zeros-la-1-0,zeros-la-1,10,36,10,28,8,2,0,0,0,8,0,0,0,4,0,0,0,4,8,2,0,10,2,2,2,0,0,0,0,0,0,0,0
44,10,zeros-la-1-0,zeros-la-1,11,44,10,30,8,0,0,0,0,2,0,2,0,8,0,0,0,8,8,2,0,10,3,0,3,0,0,0,0,0,0,0,0
64,11,zeros-la-1-0,zeros-la-1,12,64,11,34,16,0,4,0,0,0,0,0,0,2,0,0,0,16,8,4,0,11,1,2,1,1,0,0,0,0,0,0,0
64,10,zeros-la-1-0,zeros-la-1,13,64,10,38,16,0,0,0,0,4,0,0,0,2,4,0,0,16,8,4,0,10,1,3,1,1,0,0,0,0,0,0,0
64,9,zeros-la-1-0,zeros-la-1,14,64,9,40,16,4,4,4,0,2,8,0,0,16,0,0,0,0,2,0,0,9,2,3,1,1,0,0,0,0,0,0,0
72,9,zeros-la-1-0,zeros-la-1,15,72,9,42,16,0,0,4,8,0,0,2,8,0,0,0,16,0,0,2,2,9,3,1,2,1,0,0,0,0,0,0,0
92,10,zeros-la-1-0,zeros-la-1,16,92,10,44,16,0,0,4,16,2,0,4,16,0,0,0,2,0,0,0,0,10,2,2,0,2,0,0,0,0,0,0,0
132,11,zeros-la-1-0,zeros-la-1,17,132,11,46,32,2,2,8,32,0,0,0,2,0,0,0,0,0,0,0,0,11,3,0,1,0,1,0,0,0,0,0,0
136,11,zeros-la-1-0,zeros-la-1,18,136,11,48,32,4,8,32,0,2,0,0,0,2,0,0,0,0,0,0,0,11,2,1,1,0,1,0,0,0,0,0,0
140,11,zeros-la-1-0,zeros-la-1,19,140,11,50,32,4,8,32,0,4,0,0,0,2,0,0,0,0,0,0,0,11,1,2,1,0,1,0,0,0,0,0,0
148,11,zeros-la-1-0,zeros-la-1,20,148,11,52,32,8,8,32,0,2,0,0,2,0,0,0,0,0,0,0,0,11,2,0,2,0,1,0,0,0,0,0,0
168,12,zeros-la-1-0,zeros-la-1,21,168,12,54,32,16,32,2,0,4,0,0,0,0,0,0,0,0,0,0,0,12,1,1,0,1,1,0,0,0,0,0,0
168,11,zeros-la-1-0,zeros-la-1,22,168,11,58,32,4,16,32,2,0,0,0,4,0,0,0,0,0,0,0,0,11,1,2,0,1,1,0,0,0,0,0,0
168,10,zeros-la-1-0,zeros-la-1,23,168,10,60,32,4,16,32,2,4,0,0,0,0,0,2,0,0,0,0,0,10,2,2,0,1,1,0,0,0,0,0,0
176,10,zeros-la-1-0,zeros-la-1,24,176,10,64,32,8,16,32,2,0,0,2,0,0,0,0,0,0,0,4,0,10,2,1,1,1,1,0,0,0,0,0,0
176,9,zeros-la-1-0,zeros-la-1,25,176,9,66,32,8,16,32,2,2,0,0,0,0,0,0,0,4,0,2,0,9,3,1,1,1,1,0,0,0,0,0,0
176,8,zeros-la-1-0,zeros-la-1,26,176,8,70,32,8,16,32,2,0,0,4,2,0,0,0,0,0,0,4,2,8,3,2,1,1,1,0,0,0,0,0,0
188,9,zeros-la-1-0,zeros-la-1,27,188,9,72,32,2,0,0,0,0,0,0,0,0,0,32,2,8,16,8,4,9,2,1,2,1,1,0,0,0,0,0,0
188,8,zeros-la-1-0,zeros-la-1,28,188,8,74,32,2,0,2,0,0,0,0,0,32,2,0,0,8,16,8,4,8,3,1,2,1,1,0,0,0,0,0,0
192,8,zeros-la-1-0,zeros-la-1,29,192,8,76,32,4,0,2,0,0,0,0,0,32,2,0,0,8,16,8,4,8,2,2,2,1,1,0,0,0,0,0,0
192,7,zeros-la-1-0,zeros-la-1,30,192,7,78,32,4,2,0,0,0,2,0,0,32,2,0,0,8,16,8,4,7,3,2,2,1,1,0,0,0,0,0,0
196,7,zeros-la-1-0,zeros-la-1,31,196,7,80,32,4,4,8,4,32,2,0,0,8,16,0,0,0,0,2,0,7,2,3,2,1,1,0,0,0,0,0,0
204,7,zeros-la-1-0,zeros-la-1,32,204,7,82,32,8,8,4,2,32,2,0,0,8,16,0,0,2,0,0,0,7,3,1,3,1,1,0,0,0,0,0,0
220,7,zeros-la-1-0,zeros-la-1,33,220,7,84,32,16,4,2,0,32,2,0,0,8,16,0,0,2,2,0,0,7,4,1,1,2,1,0,0,0,0,0,0
224,7,zeros-la-1-0,zeros-la-1,34,224,7,86,32,0,16,4,2,0,0,32,2,0,0,8,16,0,0,2,4,7,3,2,1,2,1,0,0,0,0,0,0
228,7,zeros-la-1-0,zeros-la-1,35,228,7,88,32,0,16,4,4,2,0,32,16,0,0,8,4,0,0,2,0,7,2,3,1,2,1,0,0,0,0,0,0
236,7,zeros-la-1-0,zeros-la-1,36,236,7,90,32,2,0,16,8,0,2,32,16,0,0,8,4,0,0,0,2,7,3,1,2,2,1,0,0,0,0,0,0
236,6,zeros-la-1-0,zeros-la-1,37,236,6,92,32,2,2,16,8,0,0,32,16,0,2,8,4,0,0,0,2,6,4,1,2,2,1,0,0,0,0,0,0
240,6,zeros-la-1-0,zeros-la-1,38,240,6,94,32,4,16,8,0,32,16,2,0,2,8,4,0,2,0,0,0,6,3,2,2,2,1,0,0,0,0,0,0
276,7,zeros-la-1-0,zeros-la-1,39,276,7,98,32,4,32,8,0,32,8,2,0,4,0,4,4,0,0,0,0,7,1,4,2,0,2,0,0,0,0,0,0
284,7,zeros-la-1-0,zeros-la-1,40,284,7,100,32,4,32,8,0,32,8,2,0,8,4,0,2,0,0,0,0,7,2,2,3,0,2,0,0,0,0,0,0
284,6,zeros-la-1-0,zeros-la-1,41,284,6,102,32,2,0,0,0,4,32,0,0,32,8,8,0,8,4,2,2,6,3,2,3,0,2,0,0,0,0,0,0
304,7,zeros-la-1-0,zeros-la-1,42,304,7,104,32,2,0,0,2,0,0,4,32,0,0,32,16,0,8,4,4,7,2,3,1,1,2,0,0,0,0,0,0
316,8,zeros-la-1-0,zeros-la-1,43,316,8,106,32,4,0,2,0,4,32,0,0,32,16,0,0,8,8,0,0,8,1,2,2,1,2,0,0,0,0,0,0
324,8,zeros-la-1-0,zeros-la-1,44,324,8,108,32,2,0,0,0,8,32,0,0,32,16,0,0,8,8,2,0,8,2,0,3,1,2,0,0,0,0,0,0
340,8,zeros-la-1-0,zeros-la-1,45,340,8,110,32,2,0,0,0,8,32,0,0,32,16,2,0,16,2,0,0,8,3,0,1,2,2,0,0,0,0,0,0
340,7,zeros-la-1-0,zeros-la-1,46,340,7,112,32,0,2,0,2,0,0,8,32,0,32,16,2,0,0,16,2,7,4,0,1,2,2,0,0,0,0,0,0
376,8,zeros-la-1-0,zeros-la-1,47,376,8,114,32,0,2,8,2,0,32,32,32,0,0,2,4,0,0,0,0,8,3,1,1,0,3,0,0,0,0,0,0
440,8,zeros-la-1-0,zeros-la-1,48,440,8,116,64,0,2,8,2,0,0,32,64,0,0,2,4,0,2,0,0,8,4,1,1,0,1,1,0,0,0,0,0
444,8,zeros-la-1-0,zeros-la-1,49,444,8,118,64,0,0,0,0,0,0,8,2,0,0,32,64,2,4,2,4,8,3,2,1,0,1,1,0,0,0,0,0
444,7,zeros-la-1-0,zeros-la-1,50,444,7,120,64,0,0,0,0,0,0,8,2,2,0,32,64,2,4,2,4,7,4,2,1,0,1,1,0,0,0,0,0
448,7,zeros-la-1-0,zeros-la-1,51,448,7,122,64,4,4,8,2,0,2,32,64,0,0,2,4,0,0,0,0,7,3,3,1,0,1,1,0,0,0,0,0
456,7,zeros-la-1-0,zeros-la-1,52,456,7,124,64,0,8,8,2,2,2,32,64,0,0,2,4,0,0,0,0,7,4,1,2,0,1,1,0,0,0,0,0
476,8,zeros-la-1-0,zeros-la-1,53,476,8,126,64,0,0,16,2,0,4,32,64,0,0,2,4,2,0,0,0,8,3,2,0,1,1,1,0,0,0,0,0
476,7,zeros-la-1-0,zeros-la-1,54,476,7,128,64,16,2,0,0,4,32,64,0,2,4,0,0,2,2,0,0,7,4,2,0,1,1,1,0,0,0,0,0
480,7,zeros-la-1-0,zeros-la-1,55,480,7,130,64,0,2,0,0,16,32,0,0,4,4,2,0,4,2,64,0,7,3,3,0,1,1,1,0,0,0,0,0
488,7,zeros-la-1-0,zeros-la-1,56,488,7,132,64,16,2,2,0,8,32,64,0,2,4,0,0,0,2,0,0,7,4,1,1,1,1,1,0,0,0,0,0
492,7,zeros-la-1-0,zeros-la-1,57,492,7,136,64,16,4,4,0,8,32,64,0,2,4,0,0,2,0,0,0,7,2,3,1,1,1,1,0,0,0,0,0
500,7,zeros-la-1-0,zeros-la-1,58,500,7,138,64,16,8,0,2,8,32,64,0,2,4,0,0,2,0,0,0,7,3,1,2,1,1,1,0,0,0,0,0
504,7,zeros-la-1-0,zeros-la-1,59,504,7,140,64,2,0,0,0,16,8,0,0,8,32,0,0,4,4,64,2,7,2,2,2,1,1,1,0,0,0,0,0
512,7,zeros-la-1-0,zeros-la-1,60,512,7,142,64,2,0,0,0,16,8,0,2,8,32,0,0,8,64,2,0,7,3,0,3,1,1,1,0,0,0,0,0
528,7,zeros-la-1-0,zeros-la-1,61,528,7,144,64,2,8,2,2,16,32,0,0,16,64,0,0,2,0,0,0,7,4,0,1,2,1,1,0,0,0,0,0
560,7,zeros-la-1-0,zeros-la-1,62,560,7,146,64,0,0,0,2,2,8,0,0,32,32,0,0,2,64,2,2,7,5,0,1,0,2,1,0,0,0,0,0
628,8,zeros-la-1-0,zeros-la-1,63,628,8,148,64,0,0,0,2,0,0,2,8,0,2,0,64,0,2,64,4,8,4,1,1,0,0,2,0,0,0,0,0
632,8,zeros-la-1-0,zeros-la-1,64,632,8,150,64,2,4,2,2,0,0,64,8,0,0,0,64,0,0,0,4,8,3,2,1,0,0,2,0,0,0,0,0
636,8,zeros-la-1-0,zeros-la-1,65,636,8,152,64,2,4,4,0,64,8,2,0,64,0,0,0,4,0,0,0,8,2,3,1,0,0,2,0,0,0,0,0
644,8,zeros-la-1-0,zeros-la-1,66,644,8,154,64,2,8,0,2,64,8,2,0,64,0,0,0,4,0,0,0,8,3,1,2,0,0,2,0,0,0,0,0
788,9,zeros-la-1-0,zeros-la-1,67,788,9,156,128,0,0,0,0,2,0,0,0,128,0,0,2,4,16,2,2,9,4,1,0,1,0,0,1,0,0,0,0
792,9,zeros-la-1-0,zeros-la-1,68,792,9,160,128,0,0,0,0,0,0,0,2,4,0,128,2,0,4,16,4,9,2,3,0,1,0,0,1,0,0,0,0
796,9,zeros-la-1-0,zeros-la-1,69,796,9,164,128,4,4,128,4,0,0,16,4,0,0,0,0,0,0,4,0,9,0,5,0,1,0,0,1,0,0,0,0
804,9,zeros-la-1-0,zeros-la-1,70,804,9,166,128,8,128,4,0,16,4,0,2,0,0,0,0,4,0,0,0,9,1,3,1,1,0,0,1,0,0,0,0
804,8,zeros-la-1-0,zeros-la-1,71,804,8,168,128,0,0,0,0,8,0,0,0,16,128,0,2,4,4,4,2,8,2,3,1,1,0,0,1,0,0,0,0
808,8,zeros-la-1-0,zeros-la-1,72,808,8,170,128,2,0,0,0,8,0,0,0,16,128,0,0,4,4,4,4,8,1,4,1,1,0,0,1,0,0,0,0
824,9,zeros-la-1-0,zeros-la-1,73,824,9,172,128,0,0,0,2,2,0,0,8,0,0,16,128,0,0,8,8,9,2,0,3,1,0,0,1,0,0,0,0
840,9,zeros-la-1-0,zeros-la-1,74,840,9,174,128,2,0,0,0,2,8,0,0,16,128,0,0,16,0,2,0,9,3,0,1,2,0,0,1,0,0,0,0
876,10,zeros-la-1-0,zeros-la-1,75,876,10,176,128,0,0,2,0,0,0,0,0,4,8,0,0,32,128,2,0,10,2,1,1,0,1,0,1,0,0,0,0
880,10,zeros-la-1-0,zeros-la-1,76,880,10,178,128,0,0,0,0,0,0,0,0,4,8,0,0,32,128,4,2,10,1,2,1,0,1,0,1,0,0,0,0
880,9,zeros-la-1-0,zeros-la-1,77,880,9,180,128,0,0,0,0,0,2,0,0,0,0,4,8,32,128,4,2,9,2,2,1,0,1,0,1,0,0,0,0
888,9,zeros-la-1-0,zeros-la-1,78,888,9,182,128,32,2,8,8,0,128,0,2,0,0,0,0,0,0,2,0,9,3,0,2,0,1,0,1,0,0,0,0
904,9,zeros-la-1-0,zeros-la-1,79,904,9,184,128,32,2,16,0,128,2,0,0,0,0,2,0,2,0,0,0,9,4,0,0,1,1,0,1,0,0,0,0
908,9,zeros-la-1-0,zeros-la-1,80,908,9,186,128,0,0,0,2,32,0,0,0,128,0,16,0,2,4,2,0,9,3,1,0,1,1,0,1,0,0,0,0
908,8,zeros-la-1-0,zeros-la-1,81,908,8,188,128,0,0,0,0,32,0,0,0,128,2,16,0,2,4,2,2,8,4,1,0,1,1,0,1,0,0,0,0
912,8,zeros-la-1-0,zeros-la-1,82,912,8,190,128,0,0,0,2,32,0,0,0,128,2,16,0,2,4,4,0,8,3,2,0,1,1,0,1,0,0,0,0
920,8,zeros-la-1-0,zeros-la-1,83,920,8,192,128,0,0,0,2,2,0,0,32,0,128,2,16,0,0,2,8,8,4,0,1,1,1,0,1,0,0,0,0
924,8,zeros-la-1-0,zeros-la-1,84,924,8,194,128,2,128,4,2,0,0,0,32,0,0,0,16,0,2,0,8,8,3,1,1,1,1,0,1,0,0,0,0
924,7,zeros-la-1-0,zeros-la-1,85,924,7,196,128,2,128,4,2,0,0,0,32,2,0,0,16,0,0,2,8,7,4,1,1,1,1,0,1,0,0,0,0
928,7,zeros-la-1-0,zeros-la-1,86,928,7,198,128,0,0,2,2,0,0,0,32,0,0,4,16,4,128,2,8,7,3,2,1,1,1,0,1,0,0,0,0
932,7,zeros-la-1-0,zeros-la-1,87,932,7,200,128,4,0,0,2,32,0,0,0,4,16,0,0,4,128,2,8,7,2,3,1,1,1,0,1,0,0,0,0
940,7,zeros-la-1-0,zeros-la-1,88,940,7,202,128,0,0,0,0,4,0,0,2,32,16,0,2,8,128,2,8,7,3,1,2,1,1,0,1,0,0,0,0
944,7,zeros-la-1-0,zeros-la-1,89,944,7,204,128,4,16,2,4,32,128,0,8,8,0,0,0,0,0,0,2,7,2,2,2,1,1,0,1,0,0,0,0
944,6,zeros-la-1-0,zeros-la-1,90,944,6,206,128,0,0,0,0,4,0,2,4,32,16,0,8,8,128,2,2,6,3,2,2,1,1,0,1,0,0,0,0
948,6,zeros-la-1-0,zeros-la-1,91,948,6,208,128,0,0,2,0,4,2,4,0,32,16,8,0,8,128,4,0,6,2,3,2,1,1,0,1,0,0,0,0
948,5,zeros-la-1-0,zeros-la-1,92,948,5,210,128,4,2,2,0,32,16,4,0,8,128,8,0,0,0,4,2,5,3,3,2,1,1,0,1,0,0,0,0
952,5,zeros-la-1-0,zeros-la-1,93,952,5,212,128,4,4,0,0,32,16,4,0,8,128,8,2,4,2,0,0,5,2,4,2,1,1,0,1,0,0,0,0
960,5,zeros-la-1-0,zeros-la-1,94,960,5,214,128,0,2,0,8,0,32,16,4,8,128,8,2,0,0,4,2,5,3,2,3,1,1,0,1,0,0,0,0
964,5,zeros-la-1-0,zeros-la-1,95,964,5,216,128,8,2,16,8,0,32,8,4,0,128,4,4,2,0,0,0,5,2,3,3,1,1,0,1,0,0,0,0
972,5,zeros-la-1-0,zeros-la-1,96,972,5,218,128,0,0,0,2,0,2,16,0,8,32,8,8,2,128,4,8,5,3,1,4,1,1,0,1,0,0,0,0
988,5,zeros-la-1-0,zeros-la-1,97,988,5,220,128,2,0,0,2,0,0,2,16,0,8,32,16,2,128,4,8,5,4,1,2,2,1,0,1,0,0,0,0
1024,6,zeros-la-1-0,zeros-la-1,98,1024,6,222,128,4,8,2,2,0,128,32,32,0,0,4,8,2,0,0,0,6,3,2,2,0,2,0,1,0,0,0,0
1092,7,zeros-la-1-0,zeros-la-1,99,1092,7,224,128,4,8,4,0,128,64,0,0,4,8,0,0,2,2,0,0,7,2,3,2,0,0,1,1,0,0,0,0
1096,7,zeros-la-1-0,zeros-la-1,100,1096,7,226,128,4,8,4,0,128,64,0,0,4,8,0,0,4,0,2,0,7,1,4,2,0,0,1,1,0,0,0,0
1104,7,zeros-la-1-0,zeros-la-1,101,1104,7,228,128,4,8,4,0,128,64,2,0,8,8,0,2,0,0,0,0,7,2,2,3,0,0,1,1,0,0,0,0
1120,7,zeros-la-1-0,zeros-la-1,102,1120,7,230,128,0,4,8,4,2,128,64,2,0,0,16,2,0,0,0,0,7,3,2,1,1,0,1,1,0,0,0,0
1124,7,zeros-la-1-0,zeros-la-1,103,1124,7,232,128,2,4,8,4,2,128,64,4,0,0,16,0,0,0,0,0,7,2,3,1,1,0,1,1,0,0,0,0
1136,8,zeros-la-1-0,zeros-la-1,104,1136,8,234,128,4,4,8,8,2,128,64,0,0,0,16,0,0,0,0,0,8,1,2,2,1,0,1,1,0,0,0,0
1160,9,zeros-la-1-0,zeros-la-1,105,1160,9,236,128,0,2,8,16,0,2,128,64,0,0,0,16,0,0,0,0,9,2,0,1,2,0,1,1,0,0,0,0
1164,9,zeros-la-1-0,zeros-la-1,106,1164,9,238,128,2,0,0,0,0,0,0,16,0,0,8,64,0,4,128,16,9,1,1,1,2,0,1,1,0,0,0,0
1164,8,zeros-la-1-0,zeros-la-1,107,1164,8,240,128,0,0,2,0,0,0,0,16,0,0,8,64,2,4,128,16,8,2,1,1,2,0,1,1,0,0,0,0
1164,7,zeros-la-1-0,zeros-la-1,108,1164,7,242,128,0,0,0,2,0,2,0,16,0,0,8,64,2,4,128,16,7,3,1,1,2,0,1,1,0,0,0,0
1164,6,zeros-la-1-0,zeros-la-1,109,1164,6,246,128,0,0,0,2,4,0,0,16,0,2,8,64,2,4,128,16,6,3,2,1,2,0,1,1,0,0,0,0
1164,5,zeros-la-1-0,zeros-la-1,110,1164,5,250,128,2,0,0,0,4,16,4,0,2,8,64,0,2,4,128,16,5,3,3,1,2,0,1,1,0,0,0,0
1168,5,zeros-la-1-0,zeros-la-1,111,1168,5,252,128,2,16,4,16,4,8,64,0,4,4,128,2,0,0,0,0,5,2,4,1,2,0,1,1,0,0,0,0
1176,5,zeros-la-1-0,zeros-la-1,112,1176,5,254,128,2,16,4,16,8,8,64,2,0,4,128,0,0,0,0,2,5,3,2,2,2,0,1,1,0,0,0,0
1192,5,zeros-la-1-0,zeros-la-1,113,1192,5,256,128,2,16,4,16,0,16,64,2,0,0,4,128,2,0,0,2,5,4,2,0,3,0,1,1,0,0,0,0
1228,6,zeros-la-1-0,zeros-la-1,114,1228,6,260,128,4,32,4,16,0,0,64,2,0,0,4,128,0,4,0,2,6,2,4,0,1,1,1,1,0,0,0,0
1228,5,zeros-la-1-0,zeros-la-1,115,1228,5,262,128,0,0,0,16,0,0,4,2,2,32,64,128,4,4,4,2,5,3,4,0,1,1,1,1,0,0,0,0
1236,5,zeros-la-1-0,zeros-la-1,116,1236,5,266,128,16,4,0,0,4,2,0,0,2,32,64,128,8,4,2,0,5,3,3,1,1,1,1,1,0,0,0,0
1236,4,zeros-la-1-0,zeros-la-1,117,1236,4,268,128,16,4,64,128,4,2,2,0,2,32,0,0,8,4,0,2,4,4,3,1,1,1,1,1,0,0,0,0
1240,4,zeros-la-1-0,zeros-la-1,118,1240,4,270,128,16,4,64,128,2,0,4,4,0,0,2,32,0,8,4,2,4,3,4,1,1,1,1,1,0,0,0,0
1248,4,zeros-la-1-0,zeros-la-1,119,1248,4,272,128,16,4,64,128,2,0,2,8,0,0,2,32,0,8,4,2,4,4,2,2,1,1,1,1,0,0,0,0
1252,4,zeros-la-1-0,zeros-la-1,120,1252,4,274,128,16,4,64,128,2,8,4,8,0,2,4,32,0,0,0,2,4,3,3,2,1,1,1,1,0,0,0,0
1260,4,zeros-la-1-0,zeros-la-1,121,1260,4,276,128,16,4,64,128,2,8,8,8,0,2,0,32,0,2,0,2,4,4,1,3,1,1,1,1,0,0,0,0
1280,5,zeros-la-1-0,zeros-la-1,122,1280,5,280,128,16,4,64,128,4,2,8,16,0,0,2,32,0,0,0,4,5,2,3,1,2,1,1,1,0,0,0,0
1280,4,zeros-la-1-0,zeros-la-1,123,1280,4,282,128,16,4,64,128,4,2,8,16,0,0,2,32,0,0,2,4,4,3,3,1,2,1,1,1,0,0,0,0
1284,4,zeros-la-1-0,zeros-la-1,124,1284,4,284,128,2,0,0,128,0,0,64,16,16,4,8,32,4,2,4,4,4,2,4,1,2,1,1,1,0,0,0,0
1292,4,zeros-la-1-0,zeros-la-1,125,1292,4,288,128,2,128,0,0,64,16,0,0,16,4,8,32,4,2,8,4,4,2,3,2,2,1,1,1,0,0,0,0
1308,4,zeros-la-1-0,zeros-la-1,126,1308,4,290,128,2,128,16,32,64,16,0,4,16,4,2,0,4,2,0,0,4,3,3,0,3,1,1,1,0,0,0,0
1308,3,zeros-la-1-0,zeros-la-1,127,1308,3,294,128,2,128,16,32,0,64,16,4,0,16,4,2,4,0,4,2,3,3,4,0,3,1,1,1,0,0,0,0
1352,5,zeros-la-1-0,zeros-la-1,128,1352,5,296,128,2,128,32,32,4,64,8,4,0,16,2,4,0,0,0,0,5,2,3,1,1,2,1,1,0,0,0,0
1360,5,zeros-la-1-0,zeros-la-1,129,1360,5,298,128,2,128,32,32,4,64,8,8,0,16,2,0,2,0,0,0,5,3,1,2,1,2,1,1,0,0,0,0
1440,6,zeros-la-1-0,zeros-la-1,130,1440,6,300,128,0,2,128,64,0,4,64,16,0,0,16,2,2,0,0,2,6,4,1,0,2,0,2,1,0,0,0,0
1444,6,zeros-la-1-0,zeros-la-1,131,1444,6,302,128,2,2,128,64,0,4,64,16,0,2,16,4,0,0,0,0,6,3,2,0,2,0,2,1,0,0,0,0
1448,6,zeros-la-1-0,zeros-la-1,132,1448,6,304,128,0,4,128,64,0,4,64,16,0,2,16,4,0,0,0,2,6,2,3,0,2,0,2,1,0,0,0,0
1456,6,zeros-la-1-0,zeros-la-1,133,1456,6,306,128,2,8,128,64,0,2,64,16,0,0,16,4,0,0,0,2,6,3,1,1,2,0,2,1,0,0,0,0
1456,5,zeros-la-1-0,zeros-la-1,134,1456,5,308,128,2,8,128,64,0,2,64,16,2,0,16,4,0,0,0,2,5,4,1,1,2,0,2,1,0,0,0,0
1460,5,zeros-la-1-0,zeros-la-1,135,1460,5,310,128,4,8,128,64,0,2,64,16,0,2,16,4,0,0,0,2,5,3,2,1,2,0,2,1,0,0,0,0
1464,5,zeros-la-1-0,zeros-la-1,136,1464,5,312,128,0,0,2,64,0,0,128,16,0,8,64,4,4,4,16,2,5,2,3,1,2,0,2,1,0,0,0,0
1472,5,zeros-la-1-0,zeros-la-1,137,1472,5,314,128,0,0,2,64,2,0,128,16,0,8,64,4,0,8,16,2,5,3,1,2,2,0,2,1,0,0,0,0
1488,5,zeros-la-1-0,zeros-la-1,138,1488,5,316,128,2,0,2,64,0,0,128,16,0,0,64,4,2,16,16,2,5,4,1,0,3,0,2,1,0,0,0,0
1524,6,zeros-la-1-0,zeros-la-1,139,1524,6,320,128,4,64,4,0,128,16,0,0,64,4,0,0,2,32,2,0,6,2,3,0,1,1,2,1,0,0,0,0
1524,5,zeros-la-1-0,zeros-la-1,140,1524,5,322,128,4,64,4,2,128,16,0,0,64,4,0,0,2,32,2,0,5,3,3,0,1,1,2,1,0,0,0,0
1524,4,zeros-la-1-0,zeros-la-1,141,1524,4,324,128,4,64,0,2,128,16,0,0,64,4,4,0,2,32,2,2,4,4,3,0,1,1,2,1,0,0,0,0
1536,5,zeros-la-1-0,zeros-la-1,142,1536,5,326,128,4,64,2,0,128,16,2,0,64,8,0,0,2,32,4,0,5,3,2,1,1,1,2,1,0,0,0,0
1540,5,zeros-la-1-0,zeros-la-1,143,1540,5,328,128,4,64,0,0,128,16,0,0,64,8,4,2,2,32,4,0,5,2,3,1,1,1,2,1,0,0,0,0
1548,5,zeros-la-1-0,zeros-la-1,144,1548,5,330,128,4,64,8,2,128,16,0,2,64,8,0,0,2,32,0,0,5,3,1,2,1,1,2,1,0,0,0,0
1552,5,zeros-la-1-0,zeros-la-1,145,1552,5,332,128,4,64,2,0,128,16,0,0,64,8,0,0,2,32,8,4,5,2,2,2,1,1,2,1,0,0,0,0
1552,4,zeros-la-1-0,zeros-la-1,146,1552,4,334,128,4,64,2,0,128,16,0,0,64,8,0,2,2,32,8,4,4,3,2,2,1,1,2,1,0,0,0,0
1552,3,zeros-la-1-0,zeros-la-1,147,1552,3,336,128,4,64,2,0,128,16,0,0,64,8,2,2,2,32,8,4,3,4,2,2,1,1,2,1,0,0,0,0
1556,3,zeros-la-1-0,zeros-la-1,148,1556,3,338,128,0,4,64,2,2,0,128,16,0,64,8,4,2,32,8,4,3,3,3,2,1,1,2,1,0,0,0,0
1584,5,zeros-la-1-0,zeros-la-1,149,1584,5,340,128,4,4,64,2,0,64,128,16,0,32,16,8,2,0,0,0,5,2,2,1,2,1,2,1,0,0,0,0
1592,5,zeros-la-1-0,zeros-la-1,150,1592,5,342,128,8,64,2,2,64,128,16,0,32,16,8,0,2,0,0,0,5,3,0,2,2,1,2,1,0,0,0,0
1596,5,zeros-la-1-0,zeros-la-1,151,1596,5,344,128,8,64,4,0,64,128,16,0,32,16,8,0,2,2,0,0,5,2,1,2,2,1,2,1,0,0,0,0
1600,5,zeros-la-1-0,zeros-la-1,152,1600,5,346,128,0,8,64,4,0,64,128,16,2,32,16,8,0,0,0,4,5,1,2,2,2,1,2,1,0,0,0,0
1600,4,zeros-la-1-0,zeros-la-1,153,1600,4,348,128,0,8,64,4,0,64,128,16,2,32,16,8,2,0,0,4,4,2,2,2,2,1,2,1,0,0,0,0
1604,4,zeros-la-1-0,zeros-la-1,154,1604,4,350,128,4,8,64,4,2,64,128,16,0,32,16,8,0,0,0,4,4,1,3,2,2,1,2,1,0,0,0,0
1604,3,zeros-la-1-0,zeros-la-1,155,1604,3,352,128,0,2,0,4,0,8,64,16,4,64,128,8,2,32,16,4,3,2,3,2,2,1,2,1,0,0,0,0
1604,2,zeros-la-1-0,zeros-la-1,156,1604,2,354,128,2,2,0,4,0,8,64,16,4,64,128,8,2,32,16,4,2,3,3,2,2,1,2,1,0,0,0,0
1608,2,zeros-la-1-0,zeros-la-1,157,1608,2,356,128,4,4,0,2,8,64,16,0,4,64,128,8,2,32,16,4,2,2,4,2,2,1,2,1,0,0,0,0
1736,2,zeros-la-1-0,zeros-la-1,158,1736,2,358,128,4,4,16,2,8,128,128,8,4,32,16,4,2,0,2,0,2,3,4,2,2,1,0,2,0,0,0,0
2004,4,zeros-la-1-0,zeros-la-1,159,2004,4,362,256,0,8,16,2,0,8,256,8,4,32,16,4,4,0,0,4,4,1,4,3,2,1,0,0,1,0,0,0
2036,6,zeros-la-1-0,zeros-la-1,160,2036,6,364,256,8,16,16,2,0,32,256,8,0,2,16,8,0,0,0,0,6,2,0,3,3,1,0,0,1,0,0,0
2052,6,zeros-la-1-0,zeros-la-1,161,2052,6,366,256,8,16,16,2,0,32,256,16,0,2,16,2,0,0,0,0,6,3,0,1,4,1,0,0,1,0,0,0
2084,6,zeros-la-1-0,zeros-la-1,162,2084,6,370,256,0,8,32,2,0,32,256,16,0,2,16,2,0,0,0,4,6,3,1,1,2,2,0,0,1,0,0,0
2084,5,zeros-la-1-0,zeros-la-1,163,2084,5,372,256,0,8,32,2,0,32,256,16,2,2,16,2,0,0,0,4,5,4,1,1,2,2,0,0,1,0,0,0
2088,5,zeros-la-1-0,zeros-la-1,164,2088,5,374,256,8,32,2,0,32,256,16,0,4,16,2,0,4,0,2,0,5,3,2,1,2,2,0,0,1,0,0,0
2100,6,zeros-la-1-0,zeros-la-1,165,2100,6,376,256,0,0,2,0,8,32,2,0,32,256,16,0,8,16,4,0,6,2,1,2,2,2,0,0,1,0,0,0
2104,6,zeros-la-1-0,zeros-la-1,166,2104,6,378,256,0,0,0,2,8,32,4,0,32,256,16,0,8,16,4,0,6,1,2,2,2,2,0,0,1,0,0,0
2104,5,zeros-la-1-0,zeros-la-1,167,2104,5,380,256,8,32,4,2,32,256,16,2,8,16,4,0,0,0,0,0,5,2,2,2,2,2,0,0,1,0,0,0
2108,5,zeros-la-1-0,zeros-la-1,168,2108,5,382,256,0,0,0,0,8,32,4,0,32,256,16,2,8,16,4,4,5,1,3,2,2,2,0,0,1,0,0,0
2116,5,zeros-la-1-0,zeros-la-1,169,2116,5,386,256,0,0,4,0,8,32,4,0,32,256,16,2,8,16,8,0,5,1,2,3,2,2,0,0,1,0,0,0
2124,5,zeros-la-1-0,zeros-la-1,170,2124,5,388,256,0,0,0,0,8,32,8,2,32,256,16,0,8,16,8,2,5,2,0,4,2,2,0,0,1,0,0,0
2128,5,zeros-la-1-0,zeros-la-1,171,2128,5,390,256,8,32,8,4,32,256,16,0,8,16,8,0,0,2,0,0,5,1,1,4,2,2,0,0,1,0,0,0
2128,4,zeros-la-1-0,zeros-la-1,172,2128,4,392,256,8,32,8,4,0,32,256,16,0,8,16,8,0,2,0,2,4,2,1,4,2,2,0,0,1,0,0,0
2192,4,zeros-la-1-0,zeros-la-1,173,2192,4,394,256,8,64,8,4,2,8,256,16,0,2,16,8,0,0,0,2,4,3,1,4,2,0,1,0,1,0,0,0
2192,3,zeros-la-1-0,zeros-la-1,174,2192,3,398,256,8,64,8,4,2,8,256,16,0,2,16,8,0,0,4,2,3,3,2,4,2,0,1,0,1,0,0,0
2192,2,zeros-la-1-0,zeros-la-1,175,2192,2,400,256,0,0,8,4,2,64,256,16,8,8,16,8,2,2,4,2,2,4,2,4,2,0,1,0,1,0,0,0
2212,3,zeros-la-1-0,zeros-la-1,176,2212,3,402,256,0,0,8,4,2,64,256,16,2,16,16,8,0,4,4,2,3,3,3,2,3,0,1,0,1,0,0,0
2252,4,zeros-la-1-0,zeros-la-1,177,2252,4,404,256,0,0,8,4,2,64,256,16,0,2,32,8,2,0,8,2,4,4,1,3,1,1,1,0,1,0,0,0
2256,4,zeros-la-1-0,zeros-la-1,178,2256,4,406,256,0,0,8,4,0,2,256,16,0,64,32,8,4,2,8,2,4,3,2,3,1,1,1,0,1,0,0,0
2256,3,zeros-la-1-0,zeros-la-1,179,2256,3,408,256,8,4,0,0,2,256,16,2,64,32,8,0,4,2,8,2,3,4,2,3,1,1,1,0,1,0,0,0
2276,4,zeros-la-1-0,zeros-la-1,180,2276,4,410,256,8,4,16,4,2,256,16,0,64,32,0,0,4,2,0,2,4,3,3,1,2,1,1,0,1,0,0,0
2280,4,zeros-la-1-0,zeros-la-1,181,2280,4,412,256,8,4,16,4,0,2,256,16,0,0,64,32,0,2,4,4,4,2,4,1,2,1,1,0,1,0,0,0
2284,4,zeros-la-1-0,zeros-la-1,182,2284,4,414,256,8,4,16,4,0,4,256,16,2,0,64,32,0,0,4,4,4,1,5,1,2,1,1,0,1,0,0,0
2292,4,zeros-la-1-0,zeros-la-1,183,2292,4,416,256,8,8,16,4,2,0,256,16,0,2,64,32,0,0,4,4,4,2,3,2,2,1,1,0,1,0,0,0
2316,5,zeros-la-1-0,zeros-la-1,184,2316,5,418,256,16,16,4,0,2,256,16,0,2,64,32,0,8,0,0,2,5,3,1,1,3,1,1,0,1,0,0,0
2348,5,zeros-la-1-0,zeros-la-1,185,2348,5,420,256,0,0,32,4,2,2,256,16,0,2,64,32,0,0,8,2,5,4,1,1,1,2,1,0,1,0,0,0
2352,5,zeros-la-1-0,zeros-la-1,186,2352,5,422,256,32,4,0,0,4,256,16,0,2,64,32,0,8,2,0,2,5,3,2,1,1,2,1,0,1,0,0,0
2356,5,zeros-la-1-0,zeros-la-1,187,2356,5,424,256,0,0,32,4,0,4,256,16,0,2,64,32,0,2,8,4,5,2,3,1,1,2,1,0,1,0,0,0
2360,5,zeros-la-1-0,zeros-la-1,188,2360,5,426,256,0,4,32,4,0,4,256,16,0,2,64,32,0,0,8,4,5,1,4,1,1,2,1,0,1,0,0,0
2368,5,zeros-la-1-0,zeros-la-1,189,2368,5,428,256,0,8,32,4,2,2,256,16,0,0,64,32,0,0,8,4,5,2,2,2,1,2,1,0,1,0,0,0
2372,5,zeros-la-1-0,zeros-la-1,190,2372,5,430,256,8,32,4,0,4,256,16,0,64,32,2,0,8,4,0,0,5,1,3,2,1,2,1,0,1,0,0,0
2372,4,zeros-la-1-0,zeros-la-1,191,2372,4,432,256,8,32,0,0,4,256,4,0,64,32,16,2,8,4,2,0,4,2,3,2,1,2,1,0,1,0,0,0
2372,3,zeros-la-1-0,zeros-la-1,192,2372,3,434,256,8,32,4,2,4,256,16,0,64,32,2,2,8,4,0,0,3,3,3,2,1,2,1,0,1,0,0,0
2376,3,zeros-la-1-0,zeros-la-1,193,2376,3,436,256,8,32,4,4,4,256,16,0,64,32,2,2,8,4,0,0,3,2,4,2,1,2,1,0,1,0,0,0
2388,4,zeros-la-1-0,zeros-la-1,194,2388,4,438,256,0,8,32,8,2,4,256,16,0,64,32,4,0,0,8,4,4,1,3,3,1,2,1,0,1,0,0,0
2396,4,zeros-la-1-0,zeros-la-1,195,2396,4,440,256,0,2,32,0,0,8,256,8,0,4,32,16,2,64,8,8,4,2,1,4,1,2,1,0,1,0,0,0
2412,4,zeros-la-1-0,zeros-la-1,196,2412,4,442,256,2,0,2,32,0,8,256,8,0,4,32,16,0,2,64,16,4,3,1,2,2,2,1,0,1,0,0,0
2444,4,zeros-la-1-0,zeros-la-1,197,2444,4,444,256,0,0,2,0,0,8,256,32,2,4,32,8,2,2,64,32,4,4,1,2,0,3,1,0,1,0,0,0
2448,4,zeros-la-1-0,zeros-la-1,198,2448,4,446,256,4,8,2,32,0,4,256,8,2,2,32,32,0,0,64,0,4,3,2,2,0,3,1,0,1,0,0,0
2516,5,zeros-la-1-0,zeros-la-1,199,2516,5,448,256,4,8,2,32,4,256,8,0,4,64,0,2,64,0,0,0,5,2,3,2,0,1,2,0,1,0,0,0
2524,5,zeros-la-1-0,zeros-la-1,200,2524,5,450,256,8,8,2,32,4,256,8,2,64,64,0,2,0,0,0,0,5,3,1,3,0,1,2,0,1,0,0,0
2668,6,zeros-la-1-0,zeros-la-1,201,2668,6,452,256,0,16,2,32,4,256,8,2,0,0,128,2,2,0,0,0,6,4,1,1,1,1,0,1,1,0,0,0
2672,6,zeros-la-1-0,zeros-la-1,202,2672,6,454,256,4,16,2,32,2,256,8,4,0,2,128,0,0,0,0,0,6,3,2,1,1,1,0,1,1,0,0,0
2672,5,zeros-la-1-0,zeros-la-1,203,2672,5,456,256,4,16,2,32,2,256,8,4,0,2,128,0,0,2,0,0,5,4,2,1,1,1,0,1,1,0,0,0
2676,5,zeros-la-1-0,zeros-la-1,204,2676,5,460,256,4,16,2,32,2,256,8,4,0,4,128,0,0,0,0,4,5,2,4,1,1,1,0,1,1,0,0,0
2684,5,zeros-la-1-0,zeros-la-1,205,2684,5,462,256,4,16,2,32,2,256,8,8,0,4,128,0,0,0,0,2,5,3,2,2,1,1,0,1,1,0,0,0
2700,5,zeros-la-1-0,zeros-la-1,206,2700,5,464,256,4,16,2,32,0,2,256,16,0,0,4,128,2,0,0,2,5,4,2,0,2,1,0,1,1,0,0,0
2704,5,zeros-la-1-0,zeros-la-1,207,2704,5,466,256,4,16,2,32,2,256,16,0,4,128,2,0,4,0,0,0,5,3,3,0,2,1,0,1,1,0,0,0
2712,5,zeros-la-1-0,zeros-la-1,208,2712,5,468,256,4,16,2,32,2,256,16,0,8,128,2,0,2,0,0,0,5,4,1,1,2,1,0,1,1,0,0,0
2712,4,zeros-la-1-0,zeros-la-1,209,2712,4,470,256,4,0,2,0,2,16,2,0,8,256,16,0,2,128,2,32,4,5,1,1,2,1,0,1,1,0,0,0
2716,4,zeros-la-1-0,zeros-la-1,210,2716,4,472,256,4,16,4,32,2,256,16,2,8,128,2,0,2,0,0,0,4,4,2,1,2,1,0,1,1,0,0,0
2716,3,zeros-la-1-0,zeros-la-1,211,2716,3,474,256,4,16,4,32,2,256,16,2,0,8,128,2,0,0,2,2,3,5,2,1,2,1,0,1,1,0,0,0
2720,3,zeros-la-1-0,zeros-la-1,212,2720,3,478,256,4,16,4,32,2,256,16,4,0,8,128,2,4,0,2,0,3,3,4,1,2,1,0,1,1,0,0,0
2720,2,zeros-la-1-0,zeros-la-1,213,2720,2,480,256,4,16,4,32,2,256,16,4,0,8,128,2,0,2,4,2,2,4,4,1,2,1,0,1,1,0,0,0
2724,2,zeros-la-1-0,zeros-la-1,214,2724,2,482,256,2,16,4,0,0,256,16,32,4,8,128,4,2,2,4,4,2,3,5,1,2,1,0,1,1,0,0,0
2736,3,zeros-la-1-0,zeros-la-1,215,2736,3,484,256,2,16,4,0,256,16,32,0,4,8,128,4,4,8,0,2,3,2,4,2,2,1,0,1,1,0,0,0
2792,5,zeros-la-1-0,zeros-la-1,216,2792,5,486,256,2,32,4,4,256,16,32,2,8,0,128,0,0,2,0,0,5,3,2,1,1,2,0,1,1,0,0,0
2800,5,zeros-la-1-0,zeros-la-1,217,2800,5,488,256,0,2,32,8,256,16,32,2,0,0,8,128,0,0,2,2,5,4,0,2,1,2,0,1,1,0,0,0
2804,5,zeros-la-1-0,zeros-la-1,218,2804,5,490,256,2,32,8,2,256,16,32,2,8,128,0,0,4,0,0,0,5,3,1,2,1,2,0,1,1,0,0,0
2808,5,zeros-la-1-0,zeros-la-1,219,2808,5,494,256,2,0,0,0,256,32,4,0,8,16,8,0,4,128,32,4,5,1,3,2,1,2,0,1,1,0,0,0
2808,4,zeros-la-1-0,zeros-la-1,220,2808,4,496,256,2,32,4,4,256,16,8,2,8,128,32,0,4,0,0,0,4,2,3,2,1,2,0,1,1,0,0,0
2816,4,zeros-la-1-0,zeros-la-1,221,2816,4,498,256,2,32,8,0,256,16,8,2,8,128,32,0,4,0,0,2,4,3,1,3,1,2,0,1,1,0,0,0
2836,5,zeros-la-1-0,zeros-la-1,222,2836,5,500,256,2,0,2,0,256,32,0,0,8,16,16,0,4,128,32,4,5,2,2,1,2,2,0,1,1,0,0,0
2872,6,zeros-la-1-0,zeros-la-1,223,2872,6,502,256,4,0,0,0,256,32,2,0,8,32,0,0,4,128,32,4,6,1,3,1,0,3,0,1,1,0,0,0
2936,6,zeros-la-1-0,zeros-la-1,224,2936,6,504,256,4,0,0,0,256,0,2,0,8,64,2,0,4,128,32,4,6,2,3,1,0,1,1,1,1,0,0,0
2940,6,zeros-la-1-0,zeros-la-1,225,2940,6,506,256,4,64,4,4,256,128,32,0,8,2,0,0,4,0,0,0,6,1,4,1,0,1,1,1,1,0,0,0
2948,6,zeros-la-1-0,zeros-la-1,226,2948,6,508,256,4,64,8,0,256,128,32,0,8,2,0,0,4,0,2,0,6,2,2,2,0,1,1,1,1,0,0,0
2948,5,zeros-la-1-0,zeros-la-1,227,2948,5,510,256,4,64,8,2,256,128,32,0,8,2,2,0,4,0,0,0,5,3,2,2,0,1,1,1,1,0,0,0
2952,5,zeros-la-1-0,zeros-la-1,228,2952,5,512,256,4,64,8,2,2,256,128,32,0,0,8,4,0,0,0,4,5,2,3,2,0,1,1,1,1,0,0,0
2960,5,zeros-la-1-0,zeros-la-1,229,2960,5,514,256,4,64,8,2,2,256,128,32,0,0,8,8,2,0,0,0,5,3,1,3,0,1,1,1,1,0,0,0
2964,5,zeros-la-1-0,zeros-la-1,230,2964,5,516,256,4,64,8,2,4,256,128,32,0,0,8,8,0,0,0,2,5,2,2,3,0,1,1,1,1,0,0,0
2972,5,zeros-la-1-0,zeros-la-1,231,2972,5,518,256,8,64,8,2,0,256,128,32,2,0,8,8,0,0,0,2,5,3,0,4,0,1,1,1,1,0,0,0
2988,5,zeros-la-1-0,zeros-la-1,232,2988,5,520,256,8,64,8,2,256,128,32,0,2,16,0,0,2,0,2,0,5,4,0,2,1,1,1,1,1,0,0,0
2992,5,zeros-la-1-0,zeros-la-1,233,2992,5,522,256,0,0,0,2,8,64,8,0,256,128,32,0,4,16,2,2,5,3,1,2,1,1,1,1,1,0,0,0
2996,5,zeros-la-1-0,zeros-la-1,234,2996,5,524,256,0,0,2,0,8,64,8,0,256,128,32,0,4,16,2,4,5,2,2,2,1,1,1,1,1,0,0,0
2996,4,zeros-la-1-0,zeros-la-1,235,2996,4,526,256,8,64,2,4,256,128,8,0,4,16,32,0,0,2,2,0,4,3,2,2,1,1,1,1,1,0,0,0
3000,4,zeros-la-1-0,zeros-la-1,236,3000,4,530,256,8,64,2,4,256,128,8,4,4,16,32,0,4,0,0,0,4,1,4,2,1,1,1,1,1,0,0,0
3016,5,zeros-la-1-0,zeros-la-1,237,3016,5,532,256,0,0,0,0,8,64,2,2,256,128,8,0,8,16,32,8,5,2,0,4,1,1,1,1,1,0,0,0
3020,5,zeros-la-1-0,zeros-la-1,238,3020,5,534,256,0,0,0,2,0,8,64,4,0,256,128,8,8,16,32,8,5,1,1,4,1,1,1,1,1,0,0,0
3036,5,zeros-la-1-0,zeros-la-1,239,3036,5,536,256,8,8,64,2,2,256,128,4,0,16,32,16,0,0,0,0,5,2,1,2,2,1,1,1,1,0,0,0
3052,5,zeros-la-1-0,zeros-la-1,240,3052,5,538,256,0,16,64,2,2,256,128,4,0,16,32,16,0,0,0,2,5,3,1,0,3,1,1,1,1,0,0,0
3052,4,zeros-la-1-0,zeros-la-1,241,3052,4,540,256,0,16,64,2,2,256,128,4,0,16,32,16,0,2,0,2,4,4,1,0,3,1,1,1,1,0,0,0
3056,4,zeros-la-1-0,zeros-la-1,242,3056,4,544,256,0,16,64,2,2,256,128,4,0,16,32,16,0,0,4,4,4,2,3,0,3,1,1,1,1,0,0,0
3064,4,zeros-la-1-0,zeros-la-1,243,3064,4,546,256,0,16,64,2,2,256,128,4,2,16,32,16,0,0,0,8,4,3,1,1,3,1,1,1,1,0,0,0
3068,4,zeros-la-1-0,zeros-la-1,244,3068,4,548,256,4,16,64,2,2,256,128,4,0,16,32,16,0,0,0,8,4,2,2,1,3,1,1,1,1,0,0,0
3068,3,zeros-la-1-0,zeros-la-1,245,3068,3,550,256,4,16,64,2,2,256,128,4,0,16,32,16,0,2,0,8,3,3,2,1,3,1,1,1,1,0,0,0
3068,2,zeros-la-1-0,zeros-la-1,246,3068,2,552,256,4,16,64,2,2,256,128,4,0,16,32,16,2,2,0,8,2,4,2,1,3,1,1,1,1,0,0,0
3072,2,zeros-la-1-0,zeros-la-1,247,3072,2,554,256,4,16,64,2,4,256,128,4,0,16,32,16,0,2,2,8,2,3,3,1,3,1,1,1,1,0,0,0
3076,2,zeros-la-1-0,zeros-la-1,248,3076,2,556,256,4,16,64,2,4,256,128,4,0,16,32,16,2,0,4,8,2,2,4,1,3,1,1,1,1,0,0,0
3084,2,zeros-la-1-0,zeros-la-1,249,3084,2,558,256,8,16,64,2,2,256,128,4,0,16,32,16,2,0,4,8,2,3,2,2,3,1,1,1,1,0,0,0
3088,2,zeros-la-1-0,zeros-la-1,250,3088,2,560,256,0,2,64,2,0,16,128,4,8,256,32,16,4,16,4,8,2,2,3,2,3,1,1,1,1,0,0,0
3088,1,zeros-la-1-0,zeros-la-1,251,3088,1,562,256,0,2,64,2,2,16,128,4,8,256,32,16,4,16,4,8,1,3,3,2,3,1,1,1,1,0,0,0
3088,0,zeros-la-1-0,zeros-la-1,252,3088,0,564,256,2,2,64,2,2,16,128,4,8,256,32,16,4,16,4,8,0,4,3,2,3,1,1,1,1,0,0,0
3092,0,zeros-la-1-0,zeros-la-1,253,3092,0,566,256,2,4,64,2,2,16,128,4,8,256,32,16,4,16,4,8,0,3,4,2,3,1,1,1,1,0,0,0
3096,0,zeros-la-1-0,zeros-la-1,254,3096,0,568,256,2,4,64,2,4,16,128,4,8,256,32,16,4,16,4,8,0,2,5,2,3,1,1,1,1,0,0,0
0,13,zeros-la-1-1,zeros-la-1,0,0,13,6,2,2,0,0,2,2,0,0,0,0,0,0,0,0,0,0,0,13,3,0,0,0,0,0,0,0,0,0,0
4,13,zeros-la-1-1,zeros-la-1,1,4,13,8,4,0,0,0,4,0,0,0,2,2,0,0,0,0,0,0,0,13,2,1,0,0,0,0,0,0,0,0,0
4,12,zeros-la-1-1,zeros-la-1,2,4,12,10,4,0,0,0,4,0,0,0,2,0,0,0,2,0,0,0,2,12,3,1,0,0,0,0,0,0,0,0,0
8,12,zeros-la-1-1,zeros-la-1,3,8,12,14,4,0,0,0,4,0,0,4,4,0,0,0,2,0,0,0,0,12,1,3,0,0,0,0,0,0,0,0,0
16,12,zeros-la-1-1,zeros-la-1,4,16,12,16,8,4,0,0,0,8,0,0,0,2,0,0,0,0,0,2,0,12,2,1,1,0,0,0,0,0,0,0,0
16,11,zeros-la-1-1,zeros-la-1,5,16,11,18,8,4,0,0,0,8,0,0,0,2,2,0,0,2,0,0,0,11,3,1,1,0,0,0,0,0,0,0,0
20,11,zeros-la-1-1,zeros-la-1,6,20,11,20,8,0,0,0,0,4,0,0,0,8,0,2,0,4,2,0,0,11,2,2,1,0,0,0,0,0,0,0,0
20,10,zeros-la-1-1,zeros-la-1,7,20,10,22,8,0,0,0,0,4,0,0,2,8,2,0,0,4,2,0,0,10,3,2,1,0,0,0,0,0,0,0,0
24,10,zeros-la-1-1,zeros-la-1,8,24,10,24,8,0,2,0,0,4,0,0,0,8,0,0,0,4,4,0,2,10,2,3,1,0,0,0,0,0,0,0,0
32,10,zeros-la-1-1,zeros-la-1,9,32,10,26,8,2,0,0,0,4,0,0,0,8,0,2,0,8,2,0,0,10,3,1,2,0,0,0,0,0,0,0,0
48,10,zeros-la-1-1,zeros-la-1,10,48,10,28,16,2,2,2,2,4,0,0,0,16,0,0,0,0,0,0,0,10,4,1,0,1,0,0,0,0,0,0,0
56,11,zeros-la-1-1,zeros-la-1,11,56,11,30,16,0,0,4,4,0,0,0,4,0,0,2,16,0,0,0,0,11,1,3,0,1,0,0,0,0,0,0,0
64,11,zeros-la-1-1,zeros-la-1,12,64,11,32,16,0,0,0,8,0,0,2,4,0,0,2,16,0,0,0,0,11,2,1,1,1,0,0,0,0,0,0,0
68,11,zeros-la-1-1,zeros-la-1,13,68,11,34,16,0,2,0,0,0,0,0,8,0,0,0,4,0,0,4,16,11,1,2,1,1,0,0,0,0,0,0,0
68,10,zeros-la-1-1,zeros-la-1,14,68,10,36,16,2,0,0,0,8,0,0,0,4,2,0,0,4,16,0,0,10,2,2,1,1,0,0,0,0,0,0,0
76,10,zeros-la-1-1,zeros-la-1,15,76,10,38,16,2,2,0,0,8,16,2,0,8,0,0,0,0,0,0,0,10,3,0,2,1,0,0,0,0,0,0,0
92,10,zeros-la-1-1,zeros-la-1,16,92,10,40,16,0,0,0,0,0,0,0,0,2,2,2,0,16,16,2,0,10,4,0,0,2,0,0,0,0,0,0,0
128,11,zeros-la-1-1,zeros-la-1,17,128,11,42,32,0,0,2,0,0,0,0,0,4,2,0,0,32,2,0,0,11,3,1,0,0,1,0,0,0,0,0,0
132,11,zeros-la-1-1,zeros-la-1,18,132,11,44,32,4,4,2,0,32,0,0,0,0,0,0,0,0,2,0,0,11,2,2,0,0,1,0,0,0,0,0,0
140,11,zeros-la-1-1,zeros-la-1,19,140,11,46,32,8,2,0,0,32,2,0,0,0,0,0,0,2,0,0,0,11,3,0,1,0,1,0,0,0,0,0,0
144,11,zeros-la-1-1,zeros-la-1,20,144,11,48,32,8,4,0,0,32,0,0,0,2,0,2,0,0,0,0,0,11,2,1,1,0,1,0,0,0,0,0,0
148,11,zeros-la-1-1,zeros-la-1,21,148,11,52,32,4,0,8,4,0,0,0,32,0,0,0,4,0,0,0,0,11,0,3,1,0,1,0,0,0,0,0,0
148,10,zeros-la-1-1,zeros-la-1,22,148,10,54,32,0,4,8,4,0,0,0,32,0,0,2,4,0,0,0,0,10,1,3,1,0,1,0,0,0,0,0,0
148,9,zeros-la-1-1,zeros-la-1,23,148,9,56,32,0,4,8,4,0,0,2,32,0,0,0,4,2,0,0,0,9,2,3,1,0,1,0,0,0,0,0,0
148,8,zeros-la-1-1,zeros-la-1,24,148,8,58,32,2,4,8,4,0,0,2,32,2,0,0,4,0,0,0,0,8,3,3,1,0,1,0,0,0,0,0,0
152,8,zeros-la-1-1,zeros-la-1,25,152,8,60,32,0,0,2,0,0,0,0,4,0,0,8,32,4,4,2,4,8,2,4,1,0,1,0,0,0,0,0,0
160,8,zeros-la-1-1,zeros-la-1,26,160,8,62,32,2,0,0,0,4,0,0,0,8,32,2,0,8,2,4,0,8,3,2,2,0,1,0,0,0,0,0,0
176,8,zeros-la-1-1,zeros-la-1,27,176,8,64,32,0,0,0,0,2,2,0,0,4,32,2,0,16,2,4,0,8,4,2,0,1,1,0,0,0,0,0,0
180,8,zeros-la-1-1,zeros-la-1,28,180,8,66,32,0,0,0,0,4,0,2,0,4,32,2,0,16,2,4,0,8,3,3,0,1,1,0,0,0,0,0,0
192,9,zeros-la-1-1,zeros-la-1,29,192,9,68,32,0,0,0,0,0,0,2,0,8,32,4,0,16,2,4,0,9,2,2,1,1,1,0,0,0,0,0,0
200,9,zeros-la-1-1,zeros-la-1,30,200,9,70,32,8,32,2,0,16,2,8,0,0,0,0,2,0,0,0,0,9,3,0,2,1,1,0,0,0,0,0,0
200,8,zeros-la-1-1,zeros-la-1,31,200,8,72,32,8,32,2,0,16,2,8,0,2,0,0,2,0,0,0,0,8,4,0,2,1,1,0,0,0,0,0,0
204,8,zeros-la-1-1,zeros-la-1,32,204,8,74,32,0,8,32,2,0,16,2,8,0,0,0,4,0,0,0,2,8,3,1,2,1,1,0,0,0,0,0,0
204,7,zeros-la-1-1,zeros-la-1,33,204,7,76,32,0,8,32,2,0,16,2,8,0,0,0,4,2,0,0,2,7,4,1,2,1,1,0,0,0,0,0,0
208,7,zeros-la-1-1,zeros-la-1,34,208,7,78,32,8,32,2,2,16,2,8,0,4,0,0,0,4,0,0,0,7,3,2,2,1,1,0,0,0,0,0,0
212,7,zeros-la-1-1,zeros-la-1,35,212,7,80,32,8,32,4,0,16,2,8,2,4,0,0,0,4,0,0,0,7,2,3,2,1,1,0,0,0,0,0,0
220,7,zeros-la-1-1,zeros-la-1,36,220,7,84,32,8,32,4,2,16,2,8,0,8,0,0,0,0,0,0,4,7,2,2,3,1,1,0,0,0,0,0,0
220,6,zeros-la-1-1,zeros-la-1,37,220,6,86,32,8,32,4,2,2,16,2,8,0,0,0,8,0,0,0,4,6,3,2,3,1,1,0,0,0,0,0,0
236,6,zeros-la-1-1,zeros-la-1,38,236,6,88,32,0,0,0,0,2,0,0,2,8,32,4,16,2,16,2,4,6,4,2,1,2,1,0,0,0,0,0,0
240,6,zeros-la-1-1,zeros-la-1,39,240,6,92,32,0,0,0,0,4,4,0,0,8,32,4,16,2,16,2,4,6,2,4,1,2,1,0,0,0,0,0,0
248,6,zeros-la-1-1,zeros-la-1,40,248,6,94,32,0,0,0,0,8,0,2,0,8,32,4,16,2,16,2,4,6,3,2,2,2,1,0,0,0,0,0,0
264,6,zeros-la-1-1,zeros-la-1,41,264,6,96,32,16,32,2,16,2,16,4,4,0,0,2,0,2,0,0,0,6,4,2,0,3,1,0,0,0,0,0,0
272,6,zeros-la-1-1,zeros-la-1,42,272,6,100,32,16,32,2,16,0,2,16,8,0,4,0,2,0,0,0,2,6,4,1,1,3,1,0,0,0,0,0,0
276,6,zeros-la-1-1,zeros-la-1,43,276,6,102,32,16,32,2,16,0,2,16,8,0,4,2,4,0,0,0,0,6,3,2,1,3,1,0,0,0,0,0,0
276,5,zeros-la-1-1,zeros-la-1,44,276,5,104,32,16,32,2,16,0,2,16,8,0,4,2,4,2,0,0,0,5,4,2,1,3,1,0,0,0,0,0,0
276,4,zeros-la-1-1,zeros-la-1,45,276,4,106,32,16,32,2,16,0,2,16,8,0,4,2,4,0,0,2,2,4,5,2,1,3,1,0,0,0,0,0,0
280,4,zeros-la-1-1,zeros-la-1,46,280,4,108,32,16,32,2,16,0,2,16,8,0,4,4,4,2,0,0,2,4,4,3,1,3,1,0,0,0,0,0,0
292,5,zeros-la-1-1,zeros-la-1,47,292,5,110,32,16,32,2,16,2,2,16,8,0,0,4,8,0,0,0,4,5,3,2,2,3,1,0,0,0,0,0,0
308,5,zeros-la-1-1,zeros-la-1,48,308,5,114,32,0,0,0,0,0,4,2,16,16,32,16,16,2,2,4,4,5,3,3,0,4,1,0,0,0,0,0,0
352,7,zeros-la-1-1,zeros-la-1,49,352,7,116,32,0,0,0,0,0,4,2,16,0,16,32,32,0,2,4,8,7,2,2,1,2,2,0,0,0,0,0,0
416,7,zeros-la-1-1,zeros-la-1,50,416,7,118,64,0,0,0,0,2,4,2,16,0,0,16,64,0,2,4,8,7,3,2,1,2,0,1,0,0,0,0,0
416,6,zeros-la-1-1,zeros-la-1,51,416,6,120,64,0,0,2,0,0,0,2,16,0,4,16,64,2,2,4,8,6,4,2,1,2,0,1,0,0,0,0,0
420,6,zeros-la-1-1,zeros-la-1,52,420,6,122,64,2,0,0,2,2,16,0,0,4,16,64,0,4,4,8,0,6,3,3,1,2,0,1,0,0,0,0,0
464,8,zeros-la-1-1,zeros-la-1,53,464,8,124,64,0,0,0,0,0,0,0,2,4,32,64,0,8,4,8,2,8,2,2,2,0,1,1,0,0,0,0,0
468,8,zeros-la-1-1,zeros-la-1,54,468,8,126,64,4,32,64,4,8,4,8,0,0,0,0,0,0,2,0,0,8,1,3,2,0,1,1,0,0,0,0,0
468,7,zeros-la-1-1,zeros-la-1,55,468,7,128,64,0,0,0,2,0,32,0,0,4,4,64,0,8,2,8,4,7,2,3,2,0,1,1,0,0,0,0,0
476,7,zeros-la-1-1,zeros-la-1,56,476,7,130,64,0,0,0,2,0,0,0,32,2,0,8,64,8,2,8,4,7,3,1,3,0,1,1,0,0,0,0,0
492,7,zeros-la-1-1,zeros-la-1,57,492,7,132,64,2,2,16,2,8,0,0,32,0,2,0,64,0,0,0,4,7,4,1,1,1,1,1,0,0,0,0,0
496,7,zeros-la-1-1,zeros-la-1,58,496,7,136,64,0,4,0,2,0,0,0,32,2,0,0,64,8,4,16,4,7,2,3,1,1,1,1,0,0,0,0,0
504,7,zeros-la-1-1,zeros-la-1,59,504,7,138,64,2,0,0,2,0,0,0,32,2,0,0,64,8,8,16,4,7,3,1,2,1,1,1,0,0,0,0,0
524,8,zeros-la-1-1,zeros-la-1,60,524,8,140,64,0,2,0,4,0,0,0,32,0,0,2,64,0,16,16,4,8,2,2,0,2,1,1,0,0,0,0,0
556,8,zeros-la-1-1,zeros-la-1,61,556,8,142,64,0,0,2,4,0,0,0,32,0,2,2,64,0,0,32,4,8,3,2,0,0,2,1,0,0,0,0,0
560,8,zeros-la-1-1,zeros-la-1,62,560,8,146,64,4,2,4,4,0,0,32,32,0,0,0,64,0,0,0,4,8,1,4,0,0,2,1,0,0,0,0,0
632,9,zeros-la-1-1,zeros-la-1,63,632,9,150,64,0,4,2,8,4,0,0,64,0,0,0,64,0,0,0,4,9,1,3,1,0,0,2,0,0,0,0,0
760,9,zeros-la-1-1,zeros-la-1,64,760,9,154,128,4,4,2,8,0,0,0,128,0,4,0,4,0,0,0,0,9,1,4,1,0,0,0,1,0,0,0,0
776,10,zeros-la-1-1,zeros-la-1,65,776,10,156,128,8,2,8,2,128,0,0,0,8,0,0,0,0,0,0,0,10,2,0,3,0,0,0,1,0,0,0,0
776,9,zeros-la-1-1,zeros-la-1,66,776,9,158,128,8,2,8,2,128,0,0,0,8,0,0,0,0,2,0,0,9,3,0,3,0,0,0,1,0,0,0,0
780,9,zeros-la-1-1,zeros-la-1,67,780,9,160,128,8,4,8,2,128,0,0,0,8,0,0,0,0,0,2,0,9,2,1,3,0,0,0,1,0,0,0,0
780,8,zeros-la-1-1,zeros-la-1,68,780,8,162,128,8,4,8,2,128,2,2,0,8,0,0,0,0,0,0,0,8,3,1,3,0,0,0,1,0,0,0,0
784,8,zeros-la-1-1,zeros-la-1,69,784,8,164,128,8,4,8,2,128,4,0,0,8,0,0,0,0,0,0,2,8,2,2,3,0,0,0,1,0,0,0,0
796,9,zeros-la-1-1,zeros-la-1,70,796,9,166,128,0,0,0,0,8,2,0,0,128,0,0,0,8,8,8,4,9,1,1,4,0,0,0,1,0,0,0,0
812,9,zeros-la-1-1,zeros-la-1,71,812,9,168,128,0,0,0,0,8,2,0,0,128,0,0,0,16,8,4,2,9,2,1,2,1,0,0,1,0,0,0,0
812,8,zeros-la-1-1,zeros-la-1,72,812,8,170,128,0,0,0,0,8,2,0,0,128,0,0,2,16,8,4,2,8,3,1,2,1,0,0,1,0,0,0,0
816,8,zeros-la-1-1,zeros-la-1,73,816,8,172,128,0,0,0,2,8,0,0,0,128,2,0,0,16,8,4,4,8,2,2,2,1,0,0,1,0,0,0,0
824,8,zeros-la-1-1,zeros-la-1,74,824,8,174,128,0,0,0,2,0,0,0,8,2,0,128,2,0,16,8,8,8,3,0,3,1,0,0,1,0,0,0,0
840,8,zeros-la-1-1,zeros-la-1,75,840,8,178,128,2,4,0,0,8,0,0,0,2,128,2,0,16,16,0,0,8,3,1,1,2,0,0,1,0,0,0,0
872,8,zeros-la-1-1,zeros-la-1,76,872,8,180,128,0,0,2,4,0,0,0,8,2,2,128,2,0,0,0,32,8,4,1,1,0,1,0,1,0,0,0,0
876,8,zeros-la-1-1,zeros-la-1,77,876,8,182,128,2,4,2,0,8,0,0,0,4,128,2,0,32,0,0,0,8,3,2,1,0,1,0,1,0,0,0,0
880,8,zeros-la-1-1,zeros-la-1,78,880,8,184,128,2,0,0,0,8,0,0,0,4,4,0,2,32,128,4,0,8,2,3,1,0,1,0,1,0,0,0,0
888,8,zeros-la-1-1,zeros-la-1,79,888,8,186,128,2,0,0,0,8,0,0,0,8,2,2,0,32,128,4,0,8,3,1,2,0,1,0,1,0,0,0,0
904,8,zeros-la-1-1,zeros-la-1,80,904,8,188,128,2,0,0,0,2,0,0,0,16,2,2,0,32,128,4,0,8,4,1,0,1,1,0,1,0,0,0,0
908,8,zeros-la-1-1,zeros-la-1,81,908,8,190,128,0,0,0,2,0,2,0,2,0,0,16,4,0,32,128,4,8,3,2,0,1,1,0,1,0,0,0,0
920,9,zeros-la-1-1,zeros-la-1,82,920,9,192,128,2,0,0,0,0,0,0,0,0,2,16,4,0,32,128,8,9,2,1,1,1,1,0,1,0,0,0,0
920,8,zeros-la-1-1,zeros-la-1,83,920,8,194,128,0,2,0,2,0,0,0,0,0,2,16,4,0,32,128,8,8,3,1,1,1,1,0,1,0,0,0,0
924,8,zeros-la-1-1,zeros-la-1,84,924,8,196,128,2,0,0,0,0,0,0,2,0,4,16,4,0,32,128,8,8,2,2,1,1,1,0,1,0,0,0,0
924,7,zeros-la-1-1,zeros-la-1,85,924,7,198,128,2,0,0,0,2,0,0,0,4,16,4,0,32,128,8,2,7,3,2,1,1,1,0,1,0,0,0,0
928,7,zeros-la-1-1,zeros-la-1,86,928,7,200,128,4,16,4,2,4,128,8,0,32,0,0,0,2,0,0,0,7,2,3,1,1,1,0,1,0,0,0,0
936,7,zeros-la-1-1,zeros-la-1,87,936,7,202,128,0,0,2,0,8,0,0,0,32,16,4,0,2,128,8,2,7,3,1,2,1,1,0,1,0,0,0,0
936,6,zeros-la-1-1,zeros-la-1,88,936,6,204,128,0,0,0,2,2,0,0,8,0,32,16,4,2,128,8,2,6,4,1,2,1,1,0,1,0,0,0,0
940,6,zeros-la-1-1,zeros-la-1,89,940,6,206,128,0,0,0,2,2,0,0,8,0,32,16,4,4,128,8,2,6,3,2,2,1,1,0,1,0,0,0,0
940,5,zeros-la-1-1,zeros-la-1,90,940,5,208,128,0,2,0,2,0,0,2,8,0,32,16,4,4,128,8,2,5,4,2,2,1,1,0,1,0,0,0,0
944,5,zeros-la-1-1,zeros-la-1,91,944,5,210,128,4,0,0,2,2,8,0,0,32,16,4,0,4,128,8,2,5,3,3,2,1,1,0,1,0,0,0,0
948,5,zeros-la-1-1,zeros-la-1,92,948,5,212,128,4,8,4,4,2,16,8,0,32,128,0,2,4,0,0,0,5,2,4,2,1,1,0,1,0,0,0,0
956,5,zeros-la-1-1,zeros-la-1,93,956,5,214,128,4,8,8,0,2,16,8,0,32,128,2,0,4,0,0,2,5,3,2,3,1,1,0,1,0,0,0,0
972,5,zeros-la-1-1,zeros-la-1,94,972,5,216,128,4,8,16,2,2,16,2,0,32,128,0,0,4,2,0,0,5,4,2,1,2,1,0,1,0,0,0,0
972,4,zeros-la-1-1,zeros-la-1,95,972,4,218,128,4,8,16,2,2,2,16,2,0,0,32,128,0,0,4,2,4,5,2,1,2,1,0,1,0,0,0,0
1008,5,zeros-la-1-1,zeros-la-1,96,1008,5,220,128,4,8,32,4,2,2,32,128,0,0,4,2,0,2,0,0,5,4,3,1,0,2,0,1,0,0,0,0
1076,6,zeros-la-1-1,zeros-la-1,97,1076,6,222,128,4,8,64,4,2,4,4,128,0,0,0,2,2,0,0,0,6,3,4,1,0,0,1,1,0,0,0,0
1080,6,zeros-la-1-1,zeros-la-1,98,1080,6,224,128,4,8,64,4,4,4,4,128,0,0,2,2,0,0,0,0,6,2,5,1,0,0,1,1,0,0,0,0
1092,7,zeros-la-1-1,zeros-la-1,99,1092,7,226,128,4,8,64,4,8,4,128,0,4,0,0,0,0,0,0,2,7,1,4,2,0,0,1,1,0,0,0,0
1092,6,zeros-la-1-1,zeros-la-1,100,1092,6,228,128,0,2,0,0,4,0,0,0,8,8,64,4,4,4,128,2,6,2,4,2,0,0,1,1,0,0,0,0
1116,7,zeros-la-1-1,zeros-la-1,101,1116,7,230,128,0,0,0,2,2,0,0,4,0,16,64,4,0,8,128,2,7,3,2,1,1,0,1,1,0,0,0,0
1124,7,zeros-la-1-1,zeros-la-1,102,1124,7,232,128,2,16,64,2,0,8,128,8,2,0,0,2,0,0,0,0,7,4,0,2,1,0,1,1,0,0,0,0
1128,7,zeros-la-1-1,zeros-la-1,103,1128,7,234,128,0,0,2,0,0,0,0,2,0,16,64,8,4,8,128,2,7,3,1,2,1,0,1,1,0,0,0,0
1128,6,zeros-la-1-1,zeros-la-1,104,1128,6,236,128,0,0,0,2,0,0,0,2,2,16,64,8,4,8,128,2,6,4,1,2,1,0,1,1,0,0,0,0
1132,6,zeros-la-1-1,zeros-la-1,105,1132,6,238,128,2,16,64,4,4,8,128,8,0,0,0,2,0,2,0,0,6,3,2,2,1,0,1,1,0,0,0,0
1132,5,zeros-la-1-1,zeros-la-1,106,1132,5,240,128,2,16,64,4,4,8,128,8,0,0,0,2,0,0,2,2,5,4,2,2,1,0,1,1,0,0,0,0
1136,5,zeros-la-1-1,zeros-la-1,107,1136,5,242,128,0,0,0,2,0,0,64,4,2,16,128,8,4,8,2,4,5,3,3,2,1,0,1,1,0,0,0,0
1136,4,zeros-la-1-1,zeros-la-1,108,1136,4,244,128,0,2,0,2,0,0,64,4,2,16,128,8,4,8,2,4,4,4,3,2,1,0,1,1,0,0,0,0
1140,4,zeros-la-1-1,zeros-la-1,109,1140,4,246,128,0,2,0,4,0,0,64,4,2,16,128,8,4,8,2,4,4,3,4,2,1,0,1,1,0,0,0,0
1148,4,zeros-la-1-1,zeros-la-1,110,1148,4,250,128,2,2,64,8,4,16,128,8,0,8,2,4,0,4,0,0,4,3,3,3,1,0,1,1,0,0,0,0
1164,4,zeros-la-1-1,zeros-la-1,111,1164,4,252,128,0,2,0,0,2,16,64,0,2,8,128,16,4,4,2,4,4,4,3,1,2,0,1,1,0,0,0,0
1168,4,zeros-la-1-1,zeros-la-1,112,1168,4,256,128,4,2,0,0,0,16,64,0,4,8,128,16,4,4,2,4,4,2,5,1,2,0,1,1,0,0,0,0
1176,4,zeros-la-1-1,zeros-la-1,113,1176,4,258,128,8,2,64,16,4,16,128,4,0,8,2,0,2,4,0,0,4,3,3,2,2,0,1,1,0,0,0,0
1176,3,zeros-la-1-1,zeros-la-1,114,1176,3,262,128,0,2,0,4,8,16,64,0,4,8,128,16,2,4,2,4,3,3,4,2,2,0,1,1,0,0,0,0
1176,2,zeros-la-1-1,zeros-la-1,115,1176,2,264,128,0,2,2,4,0,8,16,64,4,8,128,16,2,4,2,4,2,4,4,2,2,0,1,1,0,0,0,0
1192,2,zeros-la-1-1,zeros-la-1,116,1192,2,266,128,4,2,2,4,2,16,16,64,0,4,128,16,2,0,2,4,2,5,4,0,3,0,1,1,0,0,0,0
1232,4,zeros-la-1-1,zeros-la-1,117,1232,4,268,128,4,4,4,2,2,32,64,0,4,128,16,0,4,4,0,0,4,2,6,0,1,1,1,1,0,0,0,0
1248,5,zeros-la-1-1,zeros-la-1,118,1248,5,270,128,0,4,8,2,0,2,32,64,0,4,128,16,0,0,2,8,5,3,2,2,1,1,1,1,0,0,0,0
1248,4,zeros-la-1-1,zeros-la-1,119,1248,4,272,128,2,4,8,2,0,2,32,64,0,4,128,16,0,0,2,8,4,4,2,2,1,1,1,1,0,0,0,0
1248,3,zeros-la-1-1,zeros-la-1,120,1248,3,274,128,0,0,8,2,0,4,32,64,2,2,128,16,2,4,2,8,3,5,2,2,1,1,1,1,0,0,0,0
1252,3,zeros-la-1-1,zeros-la-1,121,1252,3,276,128,0,2,8,2,0,4,32,64,0,4,128,16,2,4,2,8,3,4,3,2,1,1,1,1,0,0,0,0
1260,3,zeros-la-1-1,zeros-la-1,122,1260,3,278,128,2,2,8,2,0,8,32,64,0,4,128,16,0,2,2,8,3,5,1,3,1,1,1,1,0,0,0,0
1268,4,zeros-la-1-1,zeros-la-1,123,1268,4,280,128,4,8,2,0,8,32,64,0,4,128,16,0,4,8,0,2,4,2,3,3,1,1,1,1,0,0,0,0
1276,4,zeros-la-1-1,zeros-la-1,124,1276,4,282,128,0,8,0,2,4,32,2,0,8,128,64,0,8,8,16,2,4,3,1,4,1,1,1,1,0,0,0,0
1296,5,zeros-la-1-1,zeros-la-1,125,1296,5,284,128,0,8,0,0,2,32,2,0,4,128,64,0,16,8,16,4,5,2,2,2,2,1,1,1,0,0,0,0
1296,4,zeros-la-1-1,zeros-la-1,126,1296,4,286,128,0,0,2,8,0,2,32,2,0,4,128,64,16,8,16,4,4,3,2,2,2,1,1,1,0,0,0,0
1296,3,zeros-la-1-1,zeros-la-1,127,1296,3,290,128,2,8,0,0,2,32,2,4,4,128,64,0,16,8,16,4,3,3,3,2,2,1,1,1,0,0,0,0
1308,4,zeros-la-1-1,zeros-la-1,128,1308,4,292,128,4,8,2,8,4,32,64,2,16,128,16,0,0,8,0,0,4,2,2,3,2,1,1,1,0,0,0,0
1316,4,zeros-la-1-1,zeros-la-1,129,1316,4,294,128,0,8,0,0,2,32,2,0,8,128,64,8,16,8,16,2,4,3,0,4,2,1,1,1,0,0,0,0
1316,3,zeros-la-1-1,zeros-la-1,130,1316,3,296,128,2,0,0,8,0,2,32,2,8,128,64,8,16,8,16,2,3,4,0,4,2,1,1,1,0,0,0,0
1316,2,zeros-la-1-1,zeros-la-1,131,1316,2,298,128,2,2,32,8,8,128,64,2,16,8,16,8,0,0,2,2,2,5,0,4,2,1,1,1,0,0,0,0
1324,3,zeros-la-1-1,zeros-la-1,132,1324,3,300,128,2,4,32,8,8,128,64,2,16,8,16,8,0,0,0,4,3,2,2,4,2,1,1,1,0,0,0,0
1324,2,zeros-la-1-1,zeros-la-1,133,1324,2,302,128,0,0,2,8,2,4,32,2,8,128,64,8,16,8,16,4,2,3,2,4,2,1,1,1,0,0,0,0
1324,1,zeros-la-1-1,zeros-la-1,134,1324,1,304,128,2,0,2,8,2,4,32,2,8,128,64,8,16,8,16,4,1,4,2,4,2,1,1,1,0,0,0,0
1328,1,zeros-la-1-1,zeros-la-1,135,1328,1,306,128,2,0,2,8,4,4,32,2,8,128,64,8,16,8,16,4,1,3,3,4,2,1,1,1,0,0,0,0
1340,2,zeros-la-1-1,zeros-la-1,136,1340,2,308,128,4,8,0,0,8,32,2,2,8,128,64,8,16,8,16,4,2,2,2,5,2,1,1,1,0,0,0,0
1356,2,zeros-la-1-1,zeros-la-1,137,1356,2,310,128,4,8,2,2,16,32,64,8,16,128,16,4,0,8,2,0,2,3,2,3,3,1,1,1,0,0,0,0
1388,2,zeros-la-1-1,zeros-la-1,138,1388,2,312,128,2,8,2,0,0,32,64,2,4,128,16,8,32,8,2,4,2,4,2,3,1,2,1,1,0,0,0,0
1388,1,zeros-la-1-1,zeros-la-1,139,1388,1,314,128,2,2,8,2,0,32,64,2,4,128,16,8,32,8,2,4,1,5,2,3,1,2,1,1,0,0,0,0
1392,1,zeros-la-1-1,zeros-la-1,140,1392,1,316,128,4,8,2,0,32,64,2,2,4,128,16,8,32,8,2,4,1,4,3,3,1,2,1,1,0,0,0,0
1396,1,zeros-la-1-1,zeros-la-1,141,1396,1,318,128,4,8,2,2,32,64,4,0,4,128,16,8,32,8,2,4,1,3,4,3,1,2,1,1,0,0,0,0
1400,1,zeros-la-1-1,zeros-la-1,142,1400,1,320,128,4,8,4,0,32,64,4,2,4,128,16,8,32,8,2,4,1,2,5,3,1,2,1,1,0,0,0,0
1408,1,zeros-la-1-1,zeros-la-1,143,1408,1,324,128,4,8,8,2,32,64,16,8,4,128,2,4,32,8,0,4,1,2,4,4,1,2,1,1,0,0,0,0
1424,1,zeros-la-1-1,zeros-la-1,144,1424,1,326,128,0,4,16,2,32,64,16,8,4,128,2,4,2,32,8,4,1,3,4,2,2,2,1,1,0,0,0,0
1464,2,zeros-la-1-1,zeros-la-1,145,1464,2,328,128,0,4,0,2,32,64,32,2,4,128,2,8,2,32,8,8,2,4,2,3,0,3,1,1,0,0,0,0
1484,3,zeros-la-1-1,zeros-la-1,146,1484,3,330,128,2,4,0,0,32,64,32,0,4,128,2,4,2,32,8,16,3,3,3,1,1,3,1,1,0,0,0,0
1484,2,zeros-la-1-1,zeros-la-1,147,1484,2,332,128,2,0,2,4,0,32,64,32,4,128,2,4,2,32,8,16,2,4,3,1,1,3,1,1,0,0,0,0
1488,2,zeros-la-1-1,zeros-la-1,148,1488,2,334,128,0,2,4,4,0,32,64,32,4,128,2,4,2,32,8,16,2,3,4,1,1,3,1,1,0,0,0,0
1496,2,zeros-la-1-1,zeros-la-1,149,1496,2,336,128,0,0,2,8,2,32,64,32,4,128,2,4,2,32,8,16,2,4,2,2,1,3,1,1,0,0,0,0
1496,1,zeros-la-1-1,zeros-la-1,150,1496,1,338,128,0,2,2,8,2,32,64,32,4,128,2,4,2,32,8,16,1,5,2,2,1,3,1,1,0,0,0,0
1500,1,zeros-la-1-1,zeros-la-1,151,1500,1,340,128,0,2,4,8,2,32,64,32,4,128,2,4,2,32,8,16,1,4,3,2,1,3,1,1,0,0,0,0
1500,0,zeros-la-1-1,zeros-la-1,152,1500,0,342,128,2,2,4,8,2,32,64,32,4,128,2,4,2,32,8,16,0,5,3,2,1,3,1,1,0,0,0,0
1504,0,zeros-la-1-1,zeros-la-1,153,1504,0,344,128,4,2,4,8,4,32,64,32,2,128,2,4,2,32,8,16,0,4,4,2,1,3,1,1,0,0,0,0
1516,1,zeros-la-1-1,zeros-la-1,154,1516,1,346,128,0,2,4,8,2,32,64,32,8,128,2,4,4,32,8,16,1,3,3,3,1,3,1,1,0,0,0,0
1516,0,zeros-la-1-1,zeros-la-1,155,1516,0,348,128,2,2,4,8,2,32,64,32,8,128,2,4,4,32,8,16,0,4,3,3,1,3,1,1,0,0,0,0
1520,0,zeros-la-1-1,zeros-la-1,156,1520,0,350,128,2,2,4,8,4,32,64,32,8,128,2,4,4,32,8,16,0,3,4,3,1,3,1,1,0,0,0,0
1524,0,zeros-la-1-1,zeros-la-1,157,1524,0,352,128,2,4,4,8,4,32,64,32,8,128,2,4,4,32,8,16,0,2,5,3,1,3,1,1,0,0,0,0
1532,0,zeros-la-1-1,zeros-la-1,158,1532,0,354,128,2,2,8,8,4,32,64,32,8,128,2,4,4,32,8,16,0,3,3,4,1,3,1,1,0,0,0,0
1552,1,zeros-la-1-1,zeros-la-1,159,1552,1,356,128,4,16,0,2,4,32,64,32,8,128,2,4,4,32,8,16,1,2,4,2,2,3,1,1,0,0,0,0
1560,1,zeros-la-1-1,zeros-la-1,160,1560,1,358,128,0,16,2,2,8,32,64,32,8,128,2,4,4,32,8,16,1,3,2,3,2,3,1,1,0,0,0,0
1576,1,zeros-la-1-1,zeros-la-1,161,1576,1,360,128,16,16,2,2,4,32,64,32,0,128,2,4,2,32,8,16,1,4,2,1,3,3,1,1,0,0,0,0
1612,2,zeros-la-1-1,zeros-la-1,162,1612,2,362,128,32,4,0,0,4,32,64,32,128,2,4,2,2,32,8,16,2,3,3,1,1,4,1,1,0,0,0,0
1612,1,zeros-la-1-1,zeros-la-1,163,1612,1,364,128,0,2,32,4,4,32,64,32,128,2,4,2,2,32,8,16,1,4,3,1,1,4,1,1,0,0,0,0
1612,0,zeros-la-1-1,zeros-la-1,164,1612,0,368,128,4,2,32,4,4,32,64,32,128,2,4,2,2,32,8,16,0,4,4,1,1,4,1,1,0,0,0,0
1620,0,zeros-la-1-1,zeros-la-1,165,1620,0,372,128,8,2,32,4,128,32,64,32,2,2,4,2,4,32,8,16,0,4,3,2,1,4,1,1,0,0,0,0
1624,0,zeros-la-1-1,zeros-la-1,166,1624,0,374,128,8,2,32,4,128,32,64,32,4,4,2,2,4,32,8,16,0,3,4,2,1,4,1,1,0,0,0,0
1636,1,zeros-la-1-1,zeros-la-1,167,1636,1,376,128,8,2,32,4,128,32,64,32,2,0,8,4,4,32,8,16,1,2,3,3,1,4,1,1,0,0,0,0
1716,2,zeros-la-1-1,zeros-la-1,168,1716,2,378,128,8,2,0,4,128,0,32,32,2,2,64,4,4,64,16,16,2,3,3,1,2,2,2,1,0,0,0,0
1816,4,zeros-la-1-1,zeros-la-1,169,1816,4,380,128,8,2,4,2,128,64,0,0,4,64,4,0,4,64,32,0,4,2,4,1,0,1,3,1,0,0,0,0
1960,6,zeros-la-1-1,zeros-la-1,170,1960,6,382,128,8,2,8,2,128,128,32,0,8,64,0,0,0,0,0,2,6,3,0,3,0,1,1,2,0,0,0,0
2216,6,zeros-la-1-1,zeros-la-1,171,2216,6,386,256,8,2,8,2,256,32,4,0,8,64,0,0,2,0,0,0,6,3,1,3,0,1,1,0,1,0,0,0
2216,5,zeros-la-1-1,zeros-la-1,172,2216,5,390,256,8,2,8,2,256,32,4,0,8,64,0,0,2,0,0,4,5,3,2,3,0,1,1,0,1,0,0,0
2216,4,zeros-la-1-1,zeros-la-1,173,2216,4,394,256,8,2,8,2,256,32,4,4,8,64,0,0,2,4,0,0,4,3,3,3,0,1,1,0,1,0,0,0
2224,4,zeros-la-1-1,zeros-la-1,174,2224,4,396,256,8,2,8,2,256,32,8,0,8,64,0,0,2,4,2,0,4,4,1,4,0,1,1,0,1,0,0,0
2240,4,zeros-la-1-1,zeros-la-1,175,2240,4,398,256,8,2,0,0,256,32,0,2,8,64,16,0,2,4,2,2,4,5,1,2,1,1,1,0,1,0,0,0
2244,4,zeros-la-1-1,zeros-la-1,176,2244,4,400,256,8,2,2,0,256,32,2,0,8,64,16,0,2,4,4,0,4,4,2,2,1,1,1,0,1,0,0,0
2256,5,zeros-la-1-1,zeros-la-1,177,2256,5,402,256,0,2,8,4,0,256,32,2,0,8,64,16,0,0,2,8,5,3,1,3,1,1,1,0,1,0,0,0
2256,4,zeros-la-1-1,zeros-la-1,178,2256,4,404,256,2,2,8,4,0,256,32,2,0,8,64,16,0,0,2,8,4,4,1,3,1,1,1,0,1,0,0,0
2260,4,zeros-la-1-1,zeros-la-1,179,2260,4,406,256,4,8,4,0,256,32,2,2,8,64,16,0,2,8,0,0,4,3,2,3,1,1,1,0,1,0,0,0
2264,4,zeros-la-1-1,zeros-la-1,180,2264,4,408,256,0,4,8,4,2,256,32,4,0,8,64,16,0,0,2,8,4,2,3,3,1,1,1,0,1,0,0,0
2272,4,zeros-la-1-1,zeros-la-1,181,2272,4,410,256,2,4,8,8,0,256,32,16,0,8,64,8,0,2,2,0,4,3,1,4,1,1,1,0,1,0,0,0
2292,5,zeros-la-1-1,zeros-la-1,182,2292,5,412,256,2,4,16,0,256,32,16,0,8,64,8,0,4,0,2,0,5,2,2,2,2,1,1,0,1,0,0,0
2324,5,zeros-la-1-1,zeros-la-1,183,2324,5,414,256,2,0,2,0,256,4,32,0,8,32,8,0,4,64,2,0,5,3,2,2,0,2,1,0,1,0,0,0
2328,5,zeros-la-1-1,zeros-la-1,184,2328,5,416,256,4,2,0,0,256,4,32,0,8,32,8,0,4,64,2,0,5,2,3,2,0,2,1,0,1,0,0,0
2328,4,zeros-la-1-1,zeros-la-1,185,2328,4,420,256,0,0,4,2,4,256,4,32,0,8,32,8,0,4,64,2,4,2,4,2,0,2,1,0,1,0,0,0
2336,4,zeros-la-1-1,zeros-la-1,186,2336,4,422,256,4,256,8,2,0,8,32,32,0,4,64,8,0,0,2,2,4,3,2,3,0,2,1,0,1,0,0,0
2404,5,zeros-la-1-1,zeros-la-1,187,2404,5,424,256,4,256,8,2,8,64,0,2,4,64,8,0,4,0,0,0,5,2,3,3,0,0,2,0,1,0,0,0
2560,8,zeros-la-1-1,zeros-la-1,188,2560,8,426,256,4,256,16,4,8,128,0,0,8,0,0,0,0,0,2,0,8,1,2,2,1,0,0,1,1,0,0,0
2576,8,zeros-la-1-1,zeros-la-1,189,2576,8,430,256,4,256,16,4,16,128,2,0,0,0,0,0,0,0,4,0,8,1,3,0,2,0,0,1,1,0,0,0
2576,7,zeros-la-1-1,zeros-la-1,190,2576,7,432,256,0,2,0,0,0,0,16,0,4,256,2,0,16,128,4,4,7,2,3,0,2,0,0,1,1,0,0,0
2584,7,zeros-la-1-1,zeros-la-1,191,2584,7,434,256,0,0,0,2,0,0,2,16,0,4,256,2,0,16,128,8,7,3,1,1,2,0,0,1,1,0,0,0
2584,6,zeros-la-1-1,zeros-la-1,192,2584,6,436,256,2,0,2,0,2,16,0,0,4,256,2,0,16,128,8,0,6,4,1,1,2,0,0,1,1,0,0,0
2592,7,zeros-la-1-1,zeros-la-1,193,2592,7,438,256,4,16,4,2,4,256,8,0,16,128,0,0,0,0,0,0,7,1,3,1,2,0,0,1,1,0,0,0
2600,7,zeros-la-1-1,zeros-la-1,194,2600,7,440,256,8,16,4,2,16,256,8,0,0,128,0,2,0,0,0,0,7,2,1,2,2,0,0,1,1,0,0,0
2604,7,zeros-la-1-1,zeros-la-1,195,2604,7,444,256,8,16,4,4,16,256,8,0,0,128,0,0,0,4,0,0,7,0,3,2,2,0,0,1,1,0,0,0
2612,7,zeros-la-1-1,zeros-la-1,196,2612,7,446,256,0,8,16,8,0,16,256,8,0,2,0,128,0,0,0,4,7,1,1,3,2,0,0,1,1,0,0,0
2628,7,zeros-la-1-1,zeros-la-1,197,2628,7,448,256,0,8,16,16,0,16,256,128,0,2,2,4,0,0,0,0,7,2,1,1,3,0,0,1,1,0,0,0
2664,8,zeros-la-1-1,zeros-la-1,198,2664,8,450,256,8,32,0,0,16,256,128,2,4,4,0,0,0,0,0,0,8,1,2,1,1,1,0,1,1,0,0,0
2672,8,zeros-la-1-1,zeros-la-1,199,2672,8,452,256,8,32,0,0,16,256,128,2,8,2,0,0,0,0,0,0,8,2,0,2,1,1,0,1,1,0,0,0
2672,7,zeros-la-1-1,zeros-la-1,200,2672,7,454,256,8,32,0,0,16,256,128,2,8,2,2,0,0,0,0,0,7,3,0,2,1,1,0,1,1,0,0,0
2676,7,zeros-la-1-1,zeros-la-1,201,2676,7,456,256,8,32,0,0,16,256,128,2,8,4,0,0,0,0,2,0,7,2,1,2,1,1,0,1,1,0,0,0
2676,6,zeros-la-1-1,zeros-la-1,202,2676,6,458,256,2,0,0,0,8,32,0,0,16,256,128,0,8,4,2,2,6,3,1,2,1,1,0,1,1,0,0,0
2680,6,zeros-la-1-1,zeros-la-1,203,2680,6,460,256,0,0,0,2,0,0,8,32,2,16,256,128,0,8,4,4,6,2,2,2,1,1,0,1,1,0,0,0
2688,6,zeros-la-1-1,zeros-la-1,204,2688,6,462,256,0,2,0,2,0,0,8,32,2,16,256,128,0,0,8,8,6,3,0,3,1,1,0,1,1,0,0,0
2708,7,zeros-la-1-1,zeros-la-1,205,2708,7,464,256,0,0,2,4,0,0,8,32,2,16,256,128,0,0,0,16,7,2,1,1,2,1,0,1,1,0,0,0
2708,6,zeros-la-1-1,zeros-la-1,206,2708,6,466,256,2,16,2,4,2,0,8,32,0,0,256,128,0,0,0,16,6,3,1,1,2,1,0,1,1,0,0,0
2712,6,zeros-la-1-1,zeros-la-1,207,2712,6,470,256,0,0,0,4,0,0,2,32,0,4,8,128,4,16,256,16,6,1,3,1,2,1,0,1,1,0,0,0
2712,5,zeros-la-1-1,zeros-la-1,208,2712,5,472,256,0,2,0,4,0,0,2,32,0,4,8,128,4,16,256,16,5,2,3,1,2,1,0,1,1,0,0,0
2712,4,zeros-la-1-1,zeros-la-1,209,2712,4,474,256,2,4,0,2,2,32,0,0,4,8,128,0,4,16,256,16,4,3,3,1,2,1,0,1,1,0,0,0
2724,5,zeros-la-1-1,zeros-la-1,210,2724,5,476,256,4,4,128,2,8,32,256,16,0,8,0,0,0,16,2,0,5,2,2,2,2,1,0,1,1,0,0,0
2732,5,zeros-la-1-1,zeros-la-1,211,2732,5,478,256,8,128,2,2,8,32,256,16,8,0,0,0,16,2,0,0,5,3,0,3,2,1,0,1,1,0,0,0
2748,5,zeros-la-1-1,zeros-la-1,212,2748,5,480,256,0,0,0,0,8,128,0,2,16,32,2,2,16,2,256,16,5,4,0,1,3,1,0,1,1,0,0,0
2784,6,zeros-la-1-1,zeros-la-1,213,2784,6,482,256,8,128,2,4,32,32,256,16,0,2,0,2,0,0,0,0,6,3,1,1,1,2,0,1,1,0,0,0
2852,7,zeros-la-1-1,zeros-la-1,214,2852,7,484,256,8,128,2,4,64,256,16,2,4,0,0,0,0,0,0,0,7,2,2,1,1,0,1,1,1,0,0,0
2852,6,zeros-la-1-1,zeros-la-1,215,2852,6,486,256,8,128,2,4,64,256,16,2,4,0,0,0,0,0,0,2,6,3,2,1,1,0,1,1,1,0,0,0
2856,6,zeros-la-1-1,zeros-la-1,216,2856,6,488,256,0,0,0,0,8,2,0,0,64,128,2,4,4,256,16,4,6,2,3,1,1,0,1,1,1,0,0,0
2864,6,zeros-la-1-1,zeros-la-1,217,2864,6,490,256,8,2,2,8,64,128,16,2,4,256,0,0,0,0,0,0,6,3,1,2,1,0,1,1,1,0,0,0
2868,6,zeros-la-1-1,zeros-la-1,218,2868,6,492,256,8,4,8,0,64,128,16,2,4,256,0,2,0,0,0,0,6,2,2,2,1,0,1,1,1,0,0,0
2872,6,zeros-la-1-1,zeros-la-1,219,2872,6,496,256,0,0,4,0,8,4,0,0,64,128,8,0,4,256,16,4,6,0,4,2,1,0,1,1,1,0,0,0
2872,5,zeros-la-1-1,zeros-la-1,220,2872,5,498,256,8,4,4,4,64,128,8,0,4,256,16,0,0,0,0,2,5,1,4,2,1,0,1,1,1,0,0,0
2880,5,zeros-la-1-1,zeros-la-1,221,2880,5,500,256,8,8,4,0,64,128,8,0,4,256,16,0,2,2,0,0,5,2,2,3,1,0,1,1,1,0,0,0
2900,6,zeros-la-1-1,zeros-la-1,222,2900,6,502,256,16,4,0,2,64,128,8,0,4,256,16,0,4,0,0,0,6,1,3,1,2,0,1,1,1,0,0,0
2908,6,zeros-la-1-1,zeros-la-1,223,2908,6,504,256,16,4,8,2,64,128,16,2,8,256,0,0,0,0,0,0,6,2,1,2,2,0,1,1,1,0,0,0
2912,6,zeros-la-1-1,zeros-la-1,224,2912,6,506,256,0,0,0,2,16,4,0,0,64,128,8,0,8,256,16,4,6,1,2,2,2,0,1,1,1,0,0,0
2912,5,zeros-la-1-1,zeros-la-1,225,2912,5,508,256,0,0,0,0,16,4,0,2,64,128,8,2,8,256,16,4,5,2,2,2,2,0,1,1,1,0,0,0
2916,5,zeros-la-1-1,zeros-la-1,226,2916,5,510,256,0,0,2,0,16,4,0,0,64,128,8,4,8,256,16,4,5,1,3,2,2,0,1,1,1,0,0,0
2924,5,zeros-la-1-1,zeros-la-1,227,2924,5,512,256,2,0,0,0,16,4,2,0,64,128,8,0,8,256,16,8,5,2,1,3,2,0,1,1,1,0,0,0
2924,4,zeros-la-1-1,zeros-la-1,228,2924,4,514,256,0,0,0,2,0,16,4,2,2,64,128,8,8,256,16,8,4,3,1,3,2,0,1,1,1,0,0,0
2944,5,zeros-la-1-1,zeros-la-1,229,2944,5,516,256,0,2,0,0,0,16,4,0,2,64,128,4,8,256,16,16,5,2,2,1,3,0,1,1,1,0,0,0
2976,5,zeros-la-1-1,zeros-la-1,230,2976,5,518,256,2,0,0,2,0,0,16,4,2,64,128,4,0,8,256,32,5,3,2,1,1,1,1,1,1,0,0,0
2988,6,zeros-la-1-1,zeros-la-1,231,2988,6,520,256,0,0,2,0,0,0,16,2,0,64,128,8,4,8,256,32,6,2,1,2,1,1,1,1,1,0,0,0
2988,5,zeros-la-1-1,zeros-la-1,232,2988,5,522,256,0,0,0,2,0,0,16,2,2,64,128,8,4,8,256,32,5,3,1,2,1,1,1,1,1,0,0,0
2992,5,zeros-la-1-1,zeros-la-1,233,2992,5,524,256,0,0,0,0,0,2,16,4,2,64,128,8,4,8,256,32,5,2,2,2,1,1,1,1,1,0,0,0
2992,4,zeros-la-1-1,zeros-la-1,234,2992,4,526,256,2,2,16,4,4,64,128,8,0,8,256,32,0,0,2,0,4,3,2,2,1,1,1,1,1,0,0,0
2996,4,zeros-la-1-1,zeros-la-1,235,2996,4,528,256,4,16,4,0,4,64,128,8,8,256,32,0,2,2,0,0,4,2,3,2,1,1,1,1,1,0,0,0
3004,4,zeros-la-1-1,zeros-la-1,236,3004,4,532,256,8,16,4,8,8,64,128,0,2,256,32,0,4,2,0,0,4,2,2,3,1,1,1,1,1,0,0,0
3020,4,zeros-la-1-1,zeros-la-1,237,3020,4,534,256,16,16,4,8,2,64,128,0,4,256,32,0,0,2,0,2,4,3,2,1,2,1,1,1,1,0,0,0
3056,5,zeros-la-1-1,zeros-la-1,238,3056,5,536,256,32,4,8,0,2,64,128,0,4,256,32,2,4,0,0,0,5,2,3,1,0,2,1,1,1,0,0,0
3064,5,zeros-la-1-1,zeros-la-1,239,3064,5,538,256,32,4,8,2,2,64,128,2,8,256,32,0,0,0,0,0,5,3,1,2,0,2,1,1,1,0,0,0
3068,5,zeros-la-1-1,zeros-la-1,240,3068,5,540,256,0,2,0,0,32,4,8,0,2,64,128,0,8,256,32,4,5,2,2,2,0,2,1,1,1,0,0,0
3068,4,zeros-la-1-1,zeros-la-1,241,3068,4,542,256,0,0,2,2,0,32,4,8,0,2,64,128,8,256,32,4,4,3,2,2,0,2,1,1,1,0,0,0
3072,4,zeros-la-1-1,zeros-la-1,242,3072,4,544,256,2,0,0,4,0,32,4,8,0,2,64,128,8,256,32,4,4,2,3,2,0,2,1,1,1,0,0,0
3072,3,zeros-la-1-1,zeros-la-1,243,3072,3,546,256,0,2,0,4,0,32,4,8,2,2,64,128,8,256,32,4,3,3,3,2,0,2,1,1,1,0,0,0
3076,3,zeros-la-1-1,zeros-la-1,244,3076,3,548,256,0,0,2,4,0,32,4,8,2,4,64,128,8,256,32,4,3,2,4,2,0,2,1,1,1,0,0,0
3076,2,zeros-la-1-1,zeros-la-1,245,3076,2,550,256,0,2,2,4,0,32,4,8,2,4,64,128,8,256,32,4,2,3,4,2,0,2,1,1,1,0,0,0
3080,2,zeros-la-1-1,zeros-la-1,246,3080,2,552,256,4,4,0,0,32,4,8,2,2,4,64,128,8,256,32,4,2,2,5,2,0,2,1,1,1,0,0,0
3088,2,zeros-la-1-1,zeros-la-1,247,3088,2,554,256,8,0,0,2,32,4,8,2,2,4,64,128,8,256,32,4,2,3,3,3,0,2,1,1,1,0,0,0
3100,3,zeros-la-1-1,zeros-la-1,248,3100,3,556,256,8,8,8,4,32,256,64,128,2,2,32,4,8,0,0,0,3,2,2,4,0,2,1,1,1,0,0,0
3120,4,zeros-la-1-1,zeros-la-1,249,3120,4,558,256,0,8,16,4,32,256,64,128,0,4,32,4,2,0,0,8,4,1,3,2,1,2,1,1,1,0,0,0
3120,3,zeros-la-1-1,zeros-la-1,250,3120,3,560,256,0,8,16,4,32,256,64,128,0,4,32,4,0,2,2,8,3,2,3,2,1,2,1,1,1,0,0,0
3124,3,zeros-la-1-1,zeros-la-1,251,3124,3,562,256,8,16,4,0,32,256,64,128,4,32,4,2,4,8,0,0,3,1,4,2,1,2,1,1,1,0,0,0
3132,3,zeros-la-1-1,zeros-la-1,252,3132,3,564,256,0,16,0,2,8,256,4,0,32,32,64,128,8,8,4,2,3,2,2,3,1,2,1,1,1,0,0,0
3212,4,zeros-la-1-1,zeros-la-1,253,3212,4,566,256,16,2,2,0,8,256,4,0,64,64,128,0,16,4,2,0,4,3,2,1,2,0,2,1,1,0,0,0
3344,5,zeros-la-1-1,zeros-la-1,254,3344,5,568,256,0,0,16,4,2,8,256,4,0,0,128,128,0,16,4,2,5,2,3,1,2,0,0,2,1,0,0,0
3352,5,zeros-la-1-1,zeros-la-1,255,3352,5,570,256,2,0,16,0,0,0,256,8,0,8,128,128,2,16,4,2,5,3,1,2,2,0,0,2,1,0,0,0
3356,5,zeros-la-1-1,zeros-la-1,256,3356,5,572,256,0,2,16,0,0,0,256,8,0,8,128,128,4,16,4,2,5,2,2,2,2,0,0,2,1,0,0,0
3612,5,zeros-la-1-1,zeros-la-1,257,3612,5,574,256,0,0,2,16,0,0,256,8,2,0,8,256,4,16,4,2,5,3,2,2,2,0,0,0,2,0,0,0
3612,4,zeros-la-1-1,zeros-la-1,258,3612,4,576,256,0,2,2,16,0,0,256,8,2,0,8,256,4,16,4,2,4,4,2,2,2,0,0,0,2,0,0,0
3616,4,zeros-la-1-1,zeros-la-1,259,3616,4,578,256,4,16,0,0,256,8,0,0,2,8,256,2,4,16,4,2,4,3,3,2,2,0,0,0,2,0,0,0
3636,5,zeros-la-1-1,zeros-la-1,260,3636,5,580,256,4,0,0,0,256,16,2,0,2,16,256,0,4,16,4,4,5,2,4,0,3,0,0,0,2,0,0,0
3668,5,zeros-la-1-1,zeros-la-1,261,3668,5,582,256,4,2,0,0,256,0,2,0,2,16,256,0,4,32,4,4,5,3,4,0,1,1,0,0,2,0,0,0
3676,5,zeros-la-1-1,zeros-la-1,262,3676,5,584,256,4,2,0,0,256,2,0,0,2,16,256,0,4,32,8,2,5,4,2,1,1,1,0,0,2,0,0,0
3680,5,zeros-la-1-1,zeros-la-1,263,3680,5,586,256,4,4,256,2,256,16,8,0,2,32,0,0,4,0,2,0,5,3,3,1,1,1,0,0,2,0,0,0
3688,5,zeros-la-1-1,zeros-la-1,264,3688,5,588,256,8,256,2,0,256,16,8,0,2,32,0,0,4,2,2,0,5,4,1,2,1,1,0,0,2,0,0,0
3692,5,zeros-la-1-1,zeros-la-1,265,3692,5,590,256,0,8,256,2,0,256,16,8,0,0,2,32,2,0,4,4,5,3,2,2,1,1,0,0,2,0,0,0
3700,5,zeros-la-1-1,zeros-la-1,266,3700,5,592,256,0,8,256,2,0,256,16,8,0,0,2,32,0,2,2,8,5,4,0,3,1,1,0,0,2,0,0,0
3704,5,zeros-la-1-1,zeros-la-1,267,3704,5,594,256,0,8,256,2,0,256,16,8,0,2,2,32,0,0,4,8,5,3,1,3,1,1,0,0,2,0,0,0
3708,5,zeros-la-1-1,zeros-la-1,268,3708,5,596,256,0,8,256,2,0,256,16,8,0,2,4,32,0,0,4,8,5,2,2,3,1,1,0,0,2,0,0,0
3716,5,zeros-la-1-1,zeros-la-1,269,3716,5,598,256,0,0,0,2,2,8,256,8,0,256,16,32,0,2,8,8,5,3,0,4,1,1,0,0,2,0,0,0
3732,5,zeros-la-1-1,zeros-la-1,270,3732,5,602,256,2,0,0,0,2,8,256,8,256,16,32,4,2,16,0,0,5,3,1,2,2,1,0,0,2,0,0,0
3768,6,zeros-la-1-1,zeros-la-1,271,3768,6,604,256,2,0,0,0,4,0,0,0,256,8,256,8,2,32,32,4,6,2,2,2,0,2,0,0,2,0,0,0
3832,6,zeros-la-1-1,zeros-la-1,272,3832,6,606,256,0,0,0,2,0,2,0,4,256,8,256,8,0,2,64,4,6,3,2,2,0,0,1,0,2,0,0,0
3832,5,zeros-la-1-1,zeros-la-1,273,3832,5,608,256,0,0,0,2,0,2,2,4,256,8,256,8,0,2,64,4,5,4,2,2,0,0,1,0,2,0,0,0
3836,5,zeros-la-1-1,zeros-la-1,274,3836,5,610,256,2,0,0,0,4,4,0,0,256,8,256,8,2,64,4,2,5,3,3,2,0,0,1,0,2,0,0,0
3844,5,zeros-la-1-1,zeros-la-1,275,3844,5,612,256,0,0,0,2,0,2,0,8,256,8,256,8,2,64,4,2,5,4,1,3,0,0,1,0,2,0,0,0
3860,5,zeros-la-1-1,zeros-la-1,276,3860,5,616,256,0,4,0,0,0,2,0,2,256,8,256,16,2,64,4,2,5,4,2,1,1,0,1,0,2,0,0,0
3864,5,zeros-la-1-1,zeros-la-1,277,3864,5,618,256,0,0,2,4,0,0,0,4,256,8,256,16,2,64,4,2,5,3,3,1,1,0,1,0,2,0,0,0
3872,5,zeros-la-1-1,zeros-la-1,278,3872,5,620,256,256,8,2,8,2,64,256,16,0,0,4,2,0,2,0,0,5,4,1,2,1,0,1,0,2,0,0,0
3872,4,zeros-la-1-1,zeros-la-1,279,3872,4,622,256,2,0,0,0,0,8,2,8,256,64,256,16,2,2,4,2,4,5,1,2,1,0,1,0,2,0,0,0
3876,4,zeros-la-1-1,zeros-la-1,280,3876,4,624,256,0,2,0,2,0,8,2,8,256,64,256,16,0,4,4,2,4,4,2,2,1,0,1,0,2,0,0,0
3888,5,zeros-la-1-1,zeros-la-1,281,3888,5,626,256,2,0,0,4,0,8,2,8,256,64,256,16,0,0,8,2,5,3,1,3,1,0,1,0,2,0,0,0
3888,4,zeros-la-1-1,zeros-la-1,282,3888,4,628,256,0,0,2,4,0,0,2,8,2,8,256,16,256,64,8,2,4,4,1,3,1,0,1,0,2,0,0,0
3892,4,zeros-la-1-1,zeros-la-1,283,3892,4,630,256,2,8,4,4,256,64,256,8,0,0,8,16,2,0,0,2,4,3,2,3,1,0,1,0,2,0,0,0
3904,5,zeros-la-1-1,zeros-la-1,284,3904,5,632,256,0,2,8,8,256,64,256,8,2,0,8,16,0,0,0,4,5,2,1,4,1,0,1,0,2,0,0,0
3920,5,zeros-la-1-1,zeros-la-1,285,3920,5,634,256,256,2,8,16,2,64,256,16,0,0,8,4,0,0,0,2,5,3,1,2,2,0,1,0,2,0,0,0
3952,5,zeros-la-1-1,zeros-la-1,286,3952,5,636,256,256,2,8,32,2,64,256,4,0,0,8,2,0,2,0,0,5,4,1,2,0,1,1,0,2,0,0,0
3952,4,zeros-la-1-1,zeros-la-1,287,3952,4,638,256,0,2,0,0,0,2,8,32,256,64,256,4,2,2,8,2,4,5,1,2,0,1,1,0,2,0,0,0
3956,4,zeros-la-1-1,zeros-la-1,288,3956,4,640,256,2,0,0,2,2,8,32,0,256,64,256,4,4,8,2,0,4,4,2,2,0,1,1,0,2,0,0,0
3960,4,zeros-la-1-1,zeros-la-1,289,3960,4,642,256,4,8,32,2,256,64,256,4,4,8,2,2,0,0,0,0,4,3,3,2,0,1,1,0,2,0,0,0
3964,4,zeros-la-1-1,zeros-la-1,290,3964,4,644,256,4,8,32,2,256,64,256,4,0,4,8,4,2,0,0,0,4,2,4,2,0,1,1,0,2,0,0,0
3972,4,zeros-la-1-1,zeros-la-1,291,3972,4,646,256,0,0,0,2,4,8,32,0,256,64,256,2,2,4,8,8,4,3,2,3,0,1,1,0,2,0,0,0
3976,4,zeros-la-1-1,zeros-la-1,292,3976,4,650,256,0,0,0,4,4,8,32,0,256,64,256,4,2,4,8,8,4,1,4,3,0,1,1,0,2,0,0,0
3984,4,zeros-la-1-1,zeros-la-1,293,3984,4,652,256,0,2,0,0,4,8,32,0,256,64,256,8,2,4,8,8,4,2,2,4,0,1,1,0,2,0,0,0
4000,4,zeros-la-1-1,zeros-la-1,294,4000,4,654,256,2,0,0,0,4,8,32,0,256,64,256,8,2,4,16,2,4,3,2,2,1,1,1,0,2,0,0,0
4000,3,zeros-la-1-1,zeros-la-1,295,4000,3,656,256,0,2,0,2,0,4,8,32,256,64,256,8,2,4,16,2,3,4,2,2,1,1,1,0,2,0,0,0
4004,3,zeros-la-1-1,zeros-la-1,296,4004,3,658,256,4,0,0,0,4,8,32,2,256,64,256,8,2,4,16,2,3,3,3,2,1,1,1,0,2,0,0,0
4012,3,zeros-la-1-1,zeros-la-1,297,4012,3,660,256,8,8,32,2,256,64,256,8,2,4,16,2,0,2,0,0,3,4,1,3,1,1,1,0,2,0,0,0
4028,3,zeros-la-1-1,zeros-la-1,298,4028,3,662,256,0,16,32,2,256,64,256,8,2,4,16,2,2,0,0,2,3,5,1,1,2,1,1,0,2,0,0,0
4036,4,zeros-la-1-1,zeros-la-1,299,4036,4,664,256,2,0,0,0,0,16,32,2,256,64,256,8,4,4,16,4,4,2,3,1,2,1,1,0,2,0,0,0
4044,4,zeros-la-1-1,zeros-la-1,300,4044,4,666,256,0,2,0,2,0,16,32,2,256,64,256,8,0,8,16,4,4,3,1,2,2,1,1,0,2,0,0,0
4048,4,zeros-la-1-1,zeros-la-1,301,4048,4,668,256,4,0,0,0,16,32,2,0,256,64,256,8,8,16,4,2,4,2,2,2,2,1,1,0,2,0,0,0
4048,3,zeros-la-1-1,zeros-la-1,302,4048,3,670,256,4,32,2,8,16,64,256,2,256,16,4,0,8,0,2,0,3,3,2,2,2,1,1,0,2,0,0,0
4048,2,zeros-la-1-1,zeros-la-1,303,4048,2,672,256,4,0,2,2,16,32,256,0,256,64,4,8,8,16,2,2,2,4,2,2,2,1,1,0,2,0,0,0
4056,3,zeros-la-1-1,zeros-la-1,304,4056,3,674,256,4,4,0,0,16,32,256,0,256,64,4,8,8,16,4,2,3,1,4,2,2,1,1,0,2,0,0,0
4064,3,zeros-la-1-1,zeros-la-1,305,4064,3,676,256,0,2,0,8,0,16,32,256,256,64,4,8,8,16,4,2,3,2,2,3,2,1,1,0,2,0,0,0
4072,3,zeros-la-1-1,zeros-la-1,306,4072,3,678,256,256,2,32,8,8,16,8,256,0,64,2,8,0,16,0,2,3,3,0,4,2,1,1,0,2,0,0,0
4072,2,zeros-la-1-1,zeros-la-1,307,4072,2,680,256,0,2,0,8,2,16,32,256,256,64,8,8,8,16,2,2,2,4,0,4,2,1,1,0,2,0,0,0
4092,3,zeros-la-1-1,zeros-la-1,308,4092,3,682,256,2,8,2,0,2,16,32,256,256,64,16,0,8,16,4,0,3,3,1,2,3,1,1,0,2,0,0,0
4096,3,zeros-la-1-1,zeros-la-1,309,4096,3,684,256,0,8,2,0,4,16,32,0,256,64,16,2,8,16,4,256,3,2,2,2,3,1,1,0,2,0,0,0
4096,2,zeros-la-1-1,zeros-la-1,310,4096,2,686,256,4,8,2,2,256,16,32,256,8,64,16,0,2,16,4,0,2,3,2,2,3,1,1,0,2,0,0,0
4100,2,zeros-la-1-1,zeros-la-1,311,4100,2,688,256,2,4,8,4,256,16,32,256,0,8,64,16,0,2,16,4,2,2,3,2,3,1,1,0,2,0,0,0
4100,1,zeros-la-1-1,zeros-la-1,312,4100,1,690,256,2,4,8,4,0,16,32,256,2,8,64,16,256,2,16,4,1,3,3,2,3,1,1,0,2,0,0,0
4104,1,zeros-la-1-1,zeros-la-1,313,4104,1,692,256,4,4,8,4,256,16,32,256,0,8,64,16,2,2,16,4,1,2,4,2,3,1,1,0,2,0,0,0
4116,2,zeros-la-1-1,zeros-la-1,314,4116,2,694,256,8,8,4,2,256,16,32,256,8,64,16,0,4,16,4,0,2,1,3,3,3,1,1,0,2,0,0,0
4132,2,zeros-la-1-1,zeros-la-1,315,4132,2,696,256,16,4,2,0,256,16,32,256,8,64,16,0,4,16,4,2,2,2,3,1,4,1,1,0,2,0,0,0
4132,1,zeros-la-1-1,zeros-la-1,316,4132,1,698,256,16,4,2,256,256,16,32,2,8,64,16,2,4,16,4,0,1,3,3,1,4,1,1,0,2,0,0,0
4136,1,zeros-la-1-1,zeros-la-1,317,4136,1,700,256,16,4,2,2,256,16,32,0,8,64,16,256,4,16,4,4,1,2,4,1,4,1,1,0,2,0,0,0
4148,2,zeros-la-1-1,zeros-la-1,318,4148,2,702,256,0,16,4,4,0,256,16,32,8,64,16,256,2,4,16,8,2,1,3,2,4,1,1,0,2,0,0,0
4180,2,zeros-la-1-1,zeros-la-1,319,4180,2,704,256,8,16,4,4,2,256,32,32,2,64,16,256,0,4,0,8,2,2,3,2,2,2,1,0,2,0,0,0
4252,3,zeros-la-1-1,zeros-la-1,320,4252,3,708,256,4,8,16,8,0,2,256,64,2,64,16,256,0,0,4,8,3,2,2,3,2,0,2,0,2,0,0,0
4252,2,zeros-la-1-1,zeros-la-1,321,4252,2,710,256,4,8,16,8,2,2,256,64,2,64,16,256,0,0,4,8,2,3,2,3,2,0,2,0,2,0,0,0
4256,2,zeros-la-1-1,zeros-la-1,322,4256,2,712,256,4,8,16,8,2,4,256,64,2,64,16,256,0,0,4,8,2,2,3,3,2,0,2,0,2,0,0,0
4260,2,zeros-la-1-1,zeros-la-1,323,4260,2,714,256,2,0,16,8,0,8,256,64,4,4,16,256,4,64,4,8,2,1,4,3,2,0,2,0,2,0,0,0
4268,2,zeros-la-1-1,zeros-la-1,324,4268,2,718,256,0,2,16,8,0,8,256,64,4,8,16,256,4,64,4,8,2,1,3,4,2,0,2,0,2,0,0,0
4292,3,zeros-la-1-1,zeros-la-1,325,4292,3,720,256,0,2,16,8,0,2,256,64,0,16,16,256,8,64,4,8,3,2,1,3,3,0,2,0,2,0,0,0
4324,3,zeros-la-1-1,zeros-la-1,326,4324,3,722,256,2,16,8,0,2,256,64,0,32,256,2,0,8,64,4,8,3,3,1,3,1,1,2,0,2,0,0,0
4840,4,zeros-la-1-1,zeros-la-1,327,4840,4,724,512,4,16,8,8,32,512,64,0,8,64,2,2,0,0,4,0,4,2,2,3,1,1,2,0,0,1,0,0
4860,5,zeros-la-1-1,zeros-la-1,328,4860,5,726,512,0,4,16,16,0,32,512,64,0,8,64,4,0,0,2,4,5,1,3,1,2,1,2,0,0,1,0,0
4868,5,zeros-la-1-1,zeros-la-1,329,4868,5,728,512,0,2,16,0,0,4,512,16,0,32,64,64,0,8,2,8,5,2,1,2,2,1,2,0,0,1,0,0
4996,5,zeros-la-1-1,zeros-la-1,330,4996,5,730,512,0,0,2,16,0,4,512,16,0,2,32,128,0,8,2,8,5,3,1,2,2,1,0,1,0,1,0,0
5028,5,zeros-la-1-1,zeros-la-1,331,5028,5,732,512,0,0,2,0,2,4,512,32,0,2,32,128,0,8,2,8,5,4,1,2,0,2,0,1,0,1,0,0
5028,4,zeros-la-1-1,zeros-la-1,332,5028,4,734,512,2,0,0,2,2,4,512,32,2,32,128,0,8,2,8,0,4,5,1,2,0,2,0,1,0,1,0,0
5032,4,zeros-la-1-1,zeros-la-1,333,5032,4,736,512,0,0,0,2,2,4,512,0,4,32,128,2,8,2,8,32,4,4,2,2,0,2,0,1,0,1,0,0
5036,4,zeros-la-1-1,zeros-la-1,334,5036,4,738,512,0,0,2,0,2,4,512,0,4,32,128,4,8,2,8,32,4,3,3,2,0,2,0,1,0,1,0,0
5036,3,zeros-la-1-1,zeros-la-1,335,5036,3,740,512,0,0,2,0,2,4,512,2,4,32,128,4,8,2,8,32,3,4,3,2,0,2,0,1,0,1,0,0
5036,2,zeros-la-1-1,zeros-la-1,336,5036,2,742,512,2,2,0,0,2,4,512,2,4,32,128,4,8,2,8,32,2,5,3,2,0,2,0,1,0,1,0,0
5040,2,zeros-la-1-1,zeros-la-1,337,5040,2,746,512,4,2,512,2,4,4,128,4,8,32,8,32,0,2,4,0,2,3,5,2,0,2,0,1,0,1,0,0
5048,2,zeros-la-1-1,zeros-la-1,338,5048,2,748,512,4,2,512,2,8,128,4,0,8,32,8,32,2,4,0,2,2,4,3,3,0,2,0,1,0,1,0,0
5064,2,zeros-la-1-1,zeros-la-1,339,5064,2,750,512,0,2,0,2,4,128,512,2,16,32,4,32,2,4,8,2,2,5,3,1,1,2,0,1,0,1,0,0
5068,2,zeros-la-1-1,zeros-la-1,340,5068,2,752,512,4,0,2,0,4,128,512,2,16,32,4,32,2,4,8,2,2,4,4,1,1,2,0,1,0,1,0,0
5076,2,zeros-la-1-1,zeros-la-1,341,5076,2,754,512,8,128,2,2,16,32,512,32,2,4,4,2,0,2,8,0,2,5,2,2,1,2,0,1,0,1,0,0
5088,3,zeros-la-1-1,zeros-la-1,342,5088,3,756,512,8,128,4,0,16,32,512,32,2,8,2,0,2,8,2,0,3,4,1,3,1,2,0,1,0,1,0,0
5112,5,zeros-la-1-1,zeros-la-1,343,5112,5,758,512,0,0,2,0,8,128,4,0,16,32,512,0,4,16,4,32,5,1,3,1,2,2,0,1,0,1,0,0
5112,4,zeros-la-1-1,zeros-la-1,344,5112,4,760,512,0,2,0,2,0,8,128,4,0,16,32,512,4,16,4,32,4,2,3,1,2,2,0,1,0,1,0,0
5144,4,zeros-la-1-1,zeros-la-1,345,5144,4,762,512,0,0,2,2,0,2,128,4,0,8,32,512,4,32,4,32,4,3,3,1,0,3,0,1,0,1,0,0
5148,4,zeros-la-1-1,zeros-la-1,346,5148,4,764,512,0,0,0,4,0,2,128,4,2,8,32,512,4,32,4,32,4,2,4,1,0,3,0,1,0,1,0,0
5156,4,zeros-la-1-1,zeros-la-1,347,5156,4,768,512,4,0,0,0,0,2,128,8,2,8,32,512,4,32,4,32,4,2,3,2,0,3,0,1,0,1,0,0
5156,3,zeros-la-1-1,zeros-la-1,348,5156,3,770,512,2,0,0,4,0,2,128,8,2,8,32,512,4,32,4,32,3,3,3,2,0,3,0,1,0,1,0,0
5160,3,zeros-la-1-1,zeros-la-1,349,5160,3,772,512,0,2,0,4,0,2,128,8,4,8,32,512,4,32,4,32,3,2,4,2,0,3,0,1,0,1,0,0
5172,4,zeros-la-1-1,zeros-la-1,350,5172,4,774,512,2,0,0,4,0,4,128,8,0,8,32,512,8,32,4,32,4,1,3,3,0,3,0,1,0,1,0,0
5172,3,zeros-la-1-1,zeros-la-1,351,5172,3,776,512,2,4,0,2,4,128,8,0,8,32,512,0,8,32,4,32,3,2,3,3,0,3,0,1,0,1,0,0
5252,4,zeros-la-1-1,zeros-la-1,352,5252,4,778,512,0,0,0,0,2,4,8,2,4,128,512,2,16,64,4,32,4,3,3,1,1,1,1,1,0,1,0,0
5256,4,zeros-la-1-1,zeros-la-1,353,5256,4,780,512,2,4,8,4,4,128,512,32,16,64,4,0,2,0,0,0,4,2,4,1,1,1,1,1,0,1,0,0
5256,3,zeros-la-1-1,zeros-la-1,354,5256,3,782,512,2,0,0,2,4,4,8,0,16,128,512,4,2,64,4,32,3,3,4,1,1,1,1,1,0,1,0,0
5268,4,zeros-la-1-1,zeros-la-1,355,5268,4,786,512,4,4,0,0,8,8,0,0,16,128,512,4,2,64,4,32,4,1,4,2,1,1,1,1,0,1,0,0
5292,5,zeros-la-1-1,zeros-la-1,356,5292,5,788,512,8,0,0,0,16,2,0,0,16,128,512,4,2,64,4,32,5,2,2,1,2,1,1,1,0,1,0,0
5324,5,zeros-la-1-1,zeros-la-1,357,5324,5,790,512,0,0,0,2,8,2,0,0,32,128,512,4,2,64,4,32,5,3,2,1,0,2,1,1,0,1,0,0
5324,4,zeros-la-1-1,zeros-la-1,358,5324,4,792,512,2,0,0,0,8,2,0,2,32,128,512,4,2,64,4,32,4,4,2,1,0,2,1,1,0,1,0,0
5328,4,zeros-la-1-1,zeros-la-1,359,5328,4,794,512,2,0,0,2,8,4,0,0,32,128,512,4,2,64,4,32,4,3,3,1,0,2,1,1,0,1,0,0
5332,4,zeros-la-1-1,zeros-la-1,360,5332,4,796,512,0,0,0,4,0,2,8,4,32,128,512,4,2,64,4,32,4,2,4,1,0,2,1,1,0,1,0,0
5340,4,zeros-la-1-1,zeros-la-1,361,5340,4,798,512,32,2,8,8,2,128,512,4,2,64,4,32,0,0,0,0,4,3,2,2,0,2,1,1,0,1,0,0
5356,4,zeros-la-1-1,zeros-la-1,362,5356,4,800,512,32,2,16,2,2,128,512,4,2,64,4,32,0,0,0,0,4,4,2,0,1,2,1,1,0,1,0,0
5360,4,zeros-la-1-1,zeros-la-1,363,5360,4,802,512,32,2,16,2,4,128,512,4,0,64,4,32,0,0,0,2,4,3,3,0,1,2,1,1,0,1,0,0
5360,3,zeros-la-1-1,zeros-la-1,364,5360,3,804,512,0,0,2,2,0,2,16,4,32,128,512,32,4,64,4,2,3,4,3,0,1,2,1,1,0,1,0,0
5364,3,zeros-la-1-1,zeros-la-1,365,5364,3,806,512,4,2,0,0,2,16,4,0,32,128,512,32,4,64,4,2,3,3,4,0,1,2,1,1,0,1,0,0
5364,2,zeros-la-1-1,zeros-la-1,366,5364,2,808,512,4,2,2,0,2,16,4,0,32,128,512,32,4,64,4,2,2,4,4,0,1,2,1,1,0,1,0,0
5368,2,zeros-la-1-1,zeros-la-1,367,5368,2,812,512,0,4,4,4,0,2,16,4,32,128,512,32,4,64,4,2,2,2,6,0,1,2,1,1,0,1,0,0
5376,2,zeros-la-1-1,zeros-la-1,368,5376,2,814,512,0,4,4,2,0,2,16,8,32,128,512,32,4,64,4,2,2,3,4,1,1,2,1,1,0,1,0,0
5384,2,zeros-la-1-1,zeros-la-1,369,5384,2,816,512,8,2,2,0,2,16,8,0,32,128,512,32,4,64,4,2,2,4,2,2,1,2,1,1,0,1,0,0
5388,2,zeros-la-1-1,zeros-la-1,370,5388,2,818,512,8,4,0,0,2,16,8,2,32,128,512,32,4,64,4,2,2,3,3,2,1,2,1,1,0,1,0,0
5388,1,zeros-la-1-1,zeros-la-1,371,5388,1,820,512,0,2,8,4,2,16,8,2,32,128,512,32,4,64,4,2,1,4,3,2,1,2,1,1,0,1,0,0
5404,1,zeros-la-1-1,zeros-la-1,372,5404,1,822,512,0,2,2,4,2,16,16,2,32,128,512,32,4,64,4,2,1,5,3,0,2,2,1,1,0,1,0,0
5440,2,zeros-la-1-1,zeros-la-1,373,5440,2,824,512,0,2,4,4,0,2,32,2,32,128,512,32,4,64,4,2,2,4,4,0,0,3,1,1,0,1,0,0
5444,2,zeros-la-1-1,zeros-la-1,374,5444,2,826,512,0,0,4,4,2,4,32,2,32,128,512,32,4,64,4,2,2,3,5,0,0,3,1,1,0,1,0,0
5452,2,zeros-la-1-1,zeros-la-1,375,5452,2,830,512,0,0,4,8,2,4,32,2,32,128,512,32,4,64,4,2,2,3,4,1,0,3,1,1,0,1,0,0
5452,1,zeros-la-1-1,zeros-la-1,376,5452,1,832,512,2,4,4,8,32,128,32,2,4,64,512,32,2,0,4,2,1,4,4,1,0,3,1,1,0,1,0,0
5460,1,zeros-la-1-1,zeros-la-1,377,5460,1,834,512,2,2,8,8,32,128,32,2,4,64,512,32,0,2,4,2,1,5,2,2,0,3,1,1,0,1,0,0
5480,2,zeros-la-1-1,zeros-la-1,378,5480,2,836,512,4,16,0,0,32,128,32,2,4,64,512,32,2,4,2,2,2,4,3,0,1,3,1,1,0,1,0,0
5484,2,zeros-la-1-1,zeros-la-1,379,5484,2,838,512,4,16,0,0,32,128,32,2,4,64,512,32,2,4,4,2,2,3,4,0,1,3,1,1,0,1,0,0
5492,2,zeros-la-1-1,zeros-la-1,380,5492,2,840,512,4,16,0,0,32,128,32,2,4,64,512,32,2,8,2,2,2,4,2,1,1,3,1,1,0,1,0,0
5496,2,zeros-la-1-1,zeros-la-1,381,5496,2,842,512,0,0,4,16,32,128,32,2,4,64,512,32,2,2,8,4,2,3,3,1,1,3,1,1,0,1,0,0
5500,2,zeros-la-1-1,zeros-la-1,382,5500,2,844,512,4,16,0,2,32,128,32,2,4,64,512,32,4,8,4,0,2,2,4,1,1,3,1,1,0,1,0,0
5512,3,zeros-la-1-1,zeros-la-1,383,5512,3,846,512,0,16,0,2,4,128,32,0,32,64,512,4,8,8,4,32,3,1,3,2,1,3,1,1,0,1,0,0
5528,3,zeros-la-1-1,zeros-la-1,384,5528,3,848,512,0,2,16,2,0,4,128,32,32,64,512,4,0,16,4,32,3,2,3,0,2,3,1,1,0,1,0,0
5528,2,zeros-la-1-1,zeros-la-1,385,5528,2,850,512,0,2,16,2,0,4,128,32,32,64,512,4,2,16,4,32,2,3,3,0,2,3,1,1,0,1,0,0
5528,1,zeros-la-1-1,zeros-la-1,386,5528,1,852,512,32,2,16,2,2,4,128,32,2,64,512,4,0,16,4,32,1,4,3,0,2,3,1,1,0,1,0,0
5532,1,zeros-la-1-1,zeros-la-1,387,5532,1,854,512,32,2,16,2,4,4,128,32,0,64,512,4,2,16,4,32,1,3,4,0,2,3,1,1,0,1,0,0
5540,1,zeros-la-1-1,zeros-la-1,388,5540,1,856,512,32,2,16,2,8,128,32,0,64,512,4,2,2,16,4,32,1,4,2,1,2,3,1,1,0,1,0,0
5552,2,zeros-la-1-1,zeros-la-1,389,5552,2,858,512,32,2,0,0,8,128,16,2,64,512,32,4,2,16,8,32,2,3,1,2,2,3,1,1,0,1,0,0
5552,1,zeros-la-1-1,zeros-la-1,390,5552,1,860,512,32,2,2,0,8,128,16,2,64,512,32,4,2,16,8,32,1,4,1,2,2,3,1,1,0,1,0,0
5556,1,zeros-la-1-1,zeros-la-1,391,5556,1,862,512,0,2,32,4,8,128,16,2,64,512,32,4,2,16,8,32,1,3,2,2,2,3,1,1,0,1,0,0
5556,0,zeros-la-1-1,zeros-la-1,392,5556,0,864,512,2,2,32,4,8,128,16,2,64,512,32,4,2,16,8,32,0,4,2,2,2,3,1,1,0,1,0,0
5560,0,zeros-la-1-1,zeros-la-1,393,5560,0,866,512,2,4,32,4,8,128,16,2,64,512,32,4,2,16,8,32,0,3,3,2,2,3,1,1,0,1,0,0
0,13,zeros-la-1-2,zeros-la-1,0,0,13,6,2,0,0,2,0,0,0,0,0,0,0,0,0,0,2,2,0,13,3,0,0,0,0,0,0,0,0,0,0
4,13,zeros-la-1-2,zeros-la-1,1,4,13,8,4,0,0,0,0,0,0,0,0,0,2,0,0,0,2,4,0,13,2,1,0,0,0,0,0,0,0,0,0
8,13,zeros-la-1-2,zeros-la-1,2,8,13,10,4,0,4,4,2,0,0,0,0,0,0,0,0,0,0,0,0,13,1,2,0,0,0,0,0,0,0,0,0
16,13,zeros-la-1-2,zeros-la-1,3,16,13,12,8,8,2,0,0,0,0,0,2,0,0,0,0,0,0,0,0,13,2,0,1,0,0,0,0,0,0,0,0
16,12,zeros-la-1-2,zeros-la-1,4,16,12,14,8,8,2,0,2,0,0,0,0,0,0,0,2,0,0,0,0,12,3,0,1,0,0,0,0,0,0,0,0
20,12,zeros-la-1-2,zeros-la-1,5,20,12,18,8,8,4,0,0,0,0,0,0,2,0,0,0,0,0,0,4,12,1,2,1,0,0,0,0,0,0,0,0
20,11,zeros-la-1-2,zeros-la-1,6,20,11,20,8,8,4,0,4,2,0,0,0,2,0,0,0,0,0,0,0,11,2,2,1,0,0,0,0,0,0,0,0
28,11,zeros-la-1-2,zeros-la-1,7,28,11,22,8,8,8,0,0,2,0,0,0,2,0,0,0,2,0,0,0,11,3,0,2,0,0,0,0,0,0,0,0
44,11,zeros-la-1-2,zeros-la-1,8,44,11,24,16,16,0,0,0,2,0,0,0,2,0,0,2,2,0,0,0,11,4,0,0,1,0,0,0,0,0,0,0
48,11,zeros-la-1-2,zeros-la-1,9,48,11,26,16,16,2,0,0,2,0,0,0,4,0,0,0,2,0,0,0,11,3,1,0,1,0,0,0,0,0,0,0
48,10,zeros-la-1-2,zeros-la-1,10,48,10,30,16,16,0,0,0,2,0,0,0,4,0,0,0,2,2,0,4,10,3,2,0,1,0,0,0,0,0,0,0
52,10,zeros-la-1-2,zeros-la-1,11,52,10,32,16,16,0,0,0,2,0,2,0,4,0,0,0,4,4,0,0,10,2,3,0,1,0,0,0,0,0,0,0
64,11,zeros-la-1-2,zeros-la-1,12,64,11,36,16,0,0,0,16,0,0,4,4,0,0,0,4,0,0,0,8,11,0,3,1,1,0,0,0,0,0,0,0
72,11,zeros-la-1-2,zeros-la-1,13,72,11,38,16,0,0,4,16,0,0,0,8,0,0,0,8,2,0,0,0,11,1,1,2,1,0,0,0,0,0,0,0
88,11,zeros-la-1-2,zeros-la-1,14,88,11,42,16,2,0,4,16,4,0,0,16,0,0,0,0,0,0,0,0,11,1,2,0,2,0,0,0,0,0,0,0
120,11,zeros-la-1-2,zeros-la-1,15,120,11,44,32,0,0,0,0,2,0,0,0,2,0,0,0,4,0,4,32,11,2,2,0,0,1,0,0,0,0,0,0
124,11,zeros-la-1-2,zeros-la-1,16,124,11,46,32,0,0,0,0,0,0,0,0,4,2,0,0,4,0,4,32,11,1,3,0,0,1,0,0,0,0,0,0
132,11,zeros-la-1-2,zeros-la-1,17,132,11,48,32,0,0,0,0,0,0,0,0,4,2,0,0,8,32,2,0,11,2,1,1,0,1,0,0,0,0,0,0
132,10,zeros-la-1-2,zeros-la-1,18,132,10,50,32,0,2,0,0,0,0,0,0,4,2,0,0,8,32,2,0,10,3,1,1,0,1,0,0,0,0,0,0
136,10,zeros-la-1-2,zeros-la-1,19,136,10,52,32,0,0,0,0,0,0,2,0,4,4,0,0,8,32,2,0,10,2,2,1,0,1,0,0,0,0,0,0
144,10,zeros-la-1-2,zeros-la-1,20,144,10,54,32,0,0,0,0,2,0,0,0,8,0,0,0,8,32,2,2,10,3,0,2,0,1,0,0,0,0,0,0
160,10,zeros-la-1-2,zeros-la-1,21,160,10,56,32,0,0,0,2,0,0,0,0,2,0,0,0,16,32,2,2,10,4,0,0,1,1,0,0,0,0,0,0
164,10,zeros-la-1-2,zeros-la-1,22,164,10,58,32,2,0,0,0,0,0,0,2,2,0,0,0,16,32,4,0,10,3,1,0,1,1,0,0,0,0,0,0
168,10,zeros-la-1-2,zeros-la-1,23,168,10,60,32,4,32,4,2,16,0,0,0,0,0,0,0,0,0,0,2,10,2,2,0,1,1,0,0,0,0,0,0
172,10,zeros-la-1-2,zeros-la-1,24,172,10,62,32,4,32,4,4,16,0,0,0,0,0,0,0,0,0,2,0,10,1,3,0,1,1,0,0,0,0,0,0
180,10,zeros-la-1-2,zeros-la-1,25,180,10,64,32,4,32,8,0,16,0,2,0,0,0,0,0,2,0,0,0,10,2,1,1,1,1,0,0,0,0,0,0
180,9,zeros-la-1-2,zeros-la-1,26,180,9,66,32,4,32,8,0,16,0,2,0,2,0,0,2,0,0,0,0,9,3,1,1,1,1,0,0,0,0,0,0
184,9,zeros-la-1-2,zeros-la-1,27,184,9,68,32,4,32,8,0,16,2,0,2,4,0,0,0,0,0,0,0,9,2,2,1,1,1,0,0,0,0,0,0
188,9,zeros-la-1-2,zeros-la-1,28,188,9,70,32,0,4,32,8,0,0,16,4,0,0,0,4,0,0,2,0,9,1,3,1,1,1,0,0,0,0,0,0
196,9,zeros-la-1-2,zeros-la-1,29,196,9,74,32,0,4,32,8,0,0,16,8,0,0,2,0,0,4,0,0,9,1,2,2,1,1,0,0,0,0,0,0
220,10,zeros-la-1-2,zeros-la-1,30,220,10,76,32,0,8,32,16,0,2,16,0,0,0,2,0,0,0,0,0,10,2,0,1,2,1,0,0,0,0,0,0
220,9,zeros-la-1-2,zeros-la-1,31,220,9,78,32,0,8,32,16,0,0,2,16,0,0,2,2,0,0,0,0,9,3,0,1,2,1,0,0,0,0,0,0
256,10,zeros-la-1-2,zeros-la-1,32,256,10,80,32,0,8,32,32,2,0,4,2,0,0,0,0,0,0,0,0,10,2,1,1,0,2,0,0,0,0,0,0
320,10,zeros-la-1-2,zeros-la-1,33,320,10,84,64,0,0,8,64,4,2,4,2,0,0,0,0,0,0,0,0,10,2,2,1,0,0,1,0,0,0,0,0
320,9,zeros-la-1-2,zeros-la-1,34,320,9,86,64,8,64,0,0,4,2,4,2,0,2,0,0,0,0,0,0,9,3,2,1,0,0,1,0,0,0,0,0
324,9,zeros-la-1-2,zeros-la-1,35,324,9,88,64,0,0,0,2,0,0,0,0,8,64,0,0,4,4,4,2,9,2,3,1,0,0,1,0,0,0,0,0
332,9,zeros-la-1-2,zeros-la-1,36,332,9,90,64,0,0,0,2,0,0,0,0,0,0,8,64,2,4,8,2,9,3,1,2,0,0,1,0,0,0,0,0
348,9,zeros-la-1-2,zeros-la-1,37,348,9,92,64,0,0,0,0,0,0,2,2,0,0,0,64,2,4,16,2,9,4,1,0,1,0,1,0,0,0,0,0
352,9,zeros-la-1-2,zeros-la-1,38,352,9,94,64,0,0,0,0,4,0,0,0,64,0,0,2,2,4,16,2,9,3,2,0,1,0,1,0,0,0,0,0
356,9,zeros-la-1-2,zeros-la-1,39,356,9,98,64,4,4,16,4,64,0,0,0,2,4,0,0,0,0,0,0,9,1,4,0,1,0,1,0,0,0,0,0
364,9,zeros-la-1-2,zeros-la-1,40,364,9,100,64,2,8,16,4,0,0,0,64,0,0,2,4,0,0,0,0,9,2,2,1,1,0,1,0,0,0,0,0
364,8,zeros-la-1-2,zeros-la-1,41,364,8,102,64,2,8,16,4,2,0,0,64,0,0,2,4,0,0,0,0,8,3,2,1,1,0,1,0,0,0,0,0
368,8,zeros-la-1-2,zeros-la-1,42,368,8,104,64,4,8,16,4,0,0,2,64,2,0,0,4,0,0,0,0,8,2,3,1,1,0,1,0,0,0,0,0
368,7,zeros-la-1-2,zeros-la-1,43,368,7,106,64,4,8,16,4,0,2,2,64,0,0,2,4,0,0,0,0,7,3,3,1,1,0,1,0,0,0,0,0
372,7,zeros-la-1-2,zeros-la-1,44,372,7,108,64,0,0,2,0,0,0,0,4,0,8,16,64,4,2,4,4,7,2,4,1,1,0,1,0,0,0,0,0
380,7,zeros-la-1-2,zeros-la-1,45,380,7,110,64,0,0,0,2,0,2,0,4,0,8,16,64,0,4,2,8,7,3,2,2,1,0,1,0,0,0,0,0
380,6,zeros-la-1-2,zeros-la-1,46,380,6,114,64,0,0,0,2,0,0,2,4,4,8,16,64,0,4,2,8,6,3,3,2,1,0,1,0,0,0,0,0
380,5,zeros-la-1-2,zeros-la-1,47,380,5,116,64,2,0,0,2,2,4,0,0,4,8,16,64,4,2,8,0,5,4,3,2,1,0,1,0,0,0,0,0
392,6,zeros-la-1-2,zeros-la-1,48,392,6,118,64,4,4,16,2,8,8,8,64,0,2,0,0,2,0,0,0,6,3,2,3,1,0,1,0,0,0,0,0
416,7,zeros-la-1-2,zeros-la-1,49,416,7,120,64,2,8,16,2,0,8,16,64,0,0,0,2,0,0,0,2,7,4,0,2,2,0,1,0,0,0,0,0
468,9,zeros-la-1-2,zeros-la-1,50,468,9,122,64,0,0,0,0,0,2,0,2,0,0,0,64,2,16,32,4,9,3,1,0,1,1,1,0,0,0,0,0
472,9,zeros-la-1-2,zeros-la-1,51,472,9,126,64,0,0,0,0,4,0,0,0,64,4,0,0,2,16,32,4,9,1,3,0,1,1,1,0,0,0,0,0
472,8,zeros-la-1-2,zeros-la-1,52,472,8,128,64,0,0,0,0,2,0,0,4,0,0,64,4,2,16,32,4,8,2,3,0,1,1,1,0,0,0,0,0
484,9,zeros-la-1-2,zeros-la-1,53,484,9,130,64,4,16,64,8,0,0,32,4,0,0,0,0,0,0,2,0,9,1,2,1,1,1,1,0,0,0,0,0
484,8,zeros-la-1-2,zeros-la-1,54,484,8,132,64,4,16,64,8,0,0,32,4,0,0,2,0,0,0,0,2,8,2,2,1,1,1,1,0,0,0,0,0
484,7,zeros-la-1-2,zeros-la-1,55,484,7,134,64,4,16,64,8,32,4,0,0,2,0,0,0,2,0,0,2,7,3,2,1,1,1,1,0,0,0,0,0
488,7,zeros-la-1-2,zeros-la-1,56,488,7,136,64,0,0,0,2,4,0,0,0,32,16,0,8,4,4,64,2,7,2,3,1,1,1,1,0,0,0,0,0
496,7,zeros-la-1-2,zeros-la-1,57,496,7,138,64,2,0,2,0,4,0,0,0,32,16,8,0,8,64,2,0,7,3,1,2,1,1,1,0,0,0,0,0
500,7,zeros-la-1-2,zeros-la-1,58,500,7,140,64,4,0,2,0,4,0,0,0,32,16,8,0,8,64,2,0,7,2,2,2,1,1,1,0,0,0,0,0
508,7,zeros-la-1-2,zeros-la-1,59,508,7,142,64,0,0,0,0,8,2,2,0,32,16,8,0,8,64,2,0,7,3,0,3,1,1,1,0,0,0,0,0
512,7,zeros-la-1-2,zeros-la-1,60,512,7,144,64,2,0,0,0,8,4,0,0,32,16,8,0,8,64,2,0,7,2,1,3,1,1,1,0,0,0,0,0
512,6,zeros-la-1-2,zeros-la-1,61,512,6,146,64,0,0,0,2,0,0,8,4,0,32,16,8,2,8,64,2,6,3,1,3,1,1,1,0,0,0,0,0
512,5,zeros-la-1-2,zeros-la-1,62,512,5,148,64,2,32,8,2,0,8,16,4,0,0,64,8,0,2,0,2,5,4,1,3,1,1,1,0,0,0,0,0
516,5,zeros-la-1-2,zeros-la-1,63,516,5,150,64,2,32,8,2,8,16,4,0,64,8,0,0,4,0,2,0,5,3,2,3,1,1,1,0,0,0,0,0
516,4,zeros-la-1-2,zeros-la-1,64,516,4,152,64,2,2,0,0,8,32,8,0,64,16,4,0,4,8,2,2,4,4,2,3,1,1,1,0,0,0,0,0
524,5,zeros-la-1-2,zeros-la-1,65,524,5,154,64,4,0,0,2,8,32,8,0,64,16,4,0,4,8,4,0,5,1,4,3,1,1,1,0,0,0,0,0
532,5,zeros-la-1-2,zeros-la-1,66,532,5,156,64,4,32,8,2,8,16,8,0,64,8,0,0,4,2,0,0,5,2,2,4,1,1,1,0,0,0,0,0
548,5,zeros-la-1-2,zeros-la-1,67,548,5,158,64,4,32,16,2,8,16,2,0,64,8,0,0,4,2,0,0,5,3,2,2,2,1,1,0,0,0,0,0
548,4,zeros-la-1-2,zeros-la-1,68,548,4,162,64,4,32,16,2,8,16,2,0,64,8,0,0,4,2,0,4,4,3,3,2,2,1,1,0,0,0,0,0
548,3,zeros-la-1-2,zeros-la-1,69,548,3,164,64,4,32,16,2,2,8,16,2,0,0,64,8,0,4,2,4,3,4,3,2,2,1,1,0,0,0,0,0
584,4,zeros-la-1-2,zeros-la-1,70,584,4,166,64,4,32,32,4,2,8,64,8,0,4,2,4,0,0,0,2,4,3,4,2,0,2,1,0,0,0,0,0
648,4,zeros-la-1-2,zeros-la-1,71,648,4,168,64,0,4,64,4,2,8,64,8,0,4,2,4,2,0,0,2,4,4,4,2,0,0,2,0,0,0,0,0
780,5,zeros-la-1-2,zeros-la-1,72,780,5,170,128,4,4,128,4,0,8,2,8,0,4,2,4,0,0,0,2,5,3,5,2,0,0,0,1,0,0,0,0
784,5,zeros-la-1-2,zeros-la-1,73,784,5,172,128,4,4,128,4,0,8,4,8,0,4,0,4,2,0,0,2,5,2,6,2,0,0,0,1,0,0,0,0
804,7,zeros-la-1-2,zeros-la-1,74,804,7,174,128,0,8,128,4,0,8,4,8,2,0,0,8,0,0,0,4,7,1,3,4,0,0,0,1,0,0,0,0
836,8,zeros-la-1-2,zeros-la-1,75,836,8,176,128,0,0,0,0,0,0,0,4,2,0,128,16,2,16,4,4,8,2,3,0,2,0,0,1,0,0,0,0
844,8,zeros-la-1-2,zeros-la-1,76,844,8,178,128,0,0,0,0,4,0,0,0,2,128,16,0,2,16,8,2,8,3,1,1,2,0,0,1,0,0,0,0
848,8,zeros-la-1-2,zeros-la-1,77,848,8,180,128,4,128,16,2,4,16,8,0,0,0,0,0,0,0,2,0,8,2,2,1,2,0,0,1,0,0,0,0
856,8,zeros-la-1-2,zeros-la-1,78,856,8,184,128,8,128,16,2,0,16,8,0,0,0,2,0,0,0,4,0,8,2,1,2,2,0,0,1,0,0,0,0
856,7,zeros-la-1-2,zeros-la-1,79,856,7,186,128,8,128,16,2,0,0,16,8,0,0,0,2,2,0,0,4,7,3,1,2,2,0,0,1,0,0,0,0
888,7,zeros-la-1-2,zeros-la-1,80,888,7,188,128,8,128,32,2,2,2,0,8,0,0,0,2,0,0,0,4,7,4,1,2,0,1,0,1,0,0,0,0
892,7,zeros-la-1-2,zeros-la-1,81,892,7,190,128,8,128,32,2,0,2,4,8,0,0,0,2,0,0,0,4,7,3,2,2,0,1,0,1,0,0,0,0
892,6,zeros-la-1-2,zeros-la-1,82,892,6,192,128,8,128,32,2,2,4,8,0,2,0,0,0,4,2,0,0,6,4,2,2,0,1,0,1,0,0,0,0
896,6,zeros-la-1-2,zeros-la-1,83,896,6,194,128,8,128,32,2,4,4,8,0,4,2,0,0,0,2,0,0,6,3,3,2,0,1,0,1,0,0,0,0
908,7,zeros-la-1-2,zeros-la-1,84,908,7,196,128,8,128,32,2,8,4,8,0,0,4,0,0,0,0,0,2,7,2,2,3,0,1,0,1,0,0,0,0
936,9,zeros-la-1-2,zeros-la-1,85,936,9,198,128,16,128,32,4,0,8,8,0,0,2,0,0,0,0,0,0,9,1,1,2,1,1,0,1,0,0,0,0
952,9,zeros-la-1-2,zeros-la-1,86,952,9,200,128,16,128,32,4,16,0,0,0,2,0,2,0,0,0,0,0,9,2,1,0,2,1,0,1,0,0,0,0
984,9,zeros-la-1-2,zeros-la-1,87,984,9,204,128,32,128,32,4,2,0,2,0,0,0,0,0,0,0,4,0,9,2,2,0,0,2,0,1,0,0,0,0
988,9,zeros-la-1-2,zeros-la-1,88,988,9,206,128,32,128,32,4,0,0,0,4,0,0,0,0,0,2,0,4,9,1,3,0,0,2,0,1,0,0,0,0
996,9,zeros-la-1-2,zeros-la-1,89,996,9,208,128,32,128,32,8,0,2,0,4,2,0,0,0,0,0,0,0,9,2,1,1,0,2,0,1,0,0,0,0
996,8,zeros-la-1-2,zeros-la-1,90,996,8,210,128,32,128,32,8,2,2,0,4,0,2,0,0,0,0,0,0,8,3,1,1,0,2,0,1,0,0,0,0
1000,8,zeros-la-1-2,zeros-la-1,91,1000,8,212,128,32,128,32,8,2,0,4,4,0,0,0,2,0,0,0,0,8,2,2,1,0,2,0,1,0,0,0,0
1008,8,zeros-la-1-2,zeros-la-1,92,1008,8,214,128,32,128,32,8,2,8,0,0,2,0,0,0,0,2,0,0,8,3,0,2,0,2,0,1,0,0,0,0
1008,7,zeros-la-1-2,zeros-la-1,93,1008,7,216,128,32,128,32,8,0,0,2,8,0,0,0,2,0,2,0,2,7,4,0,2,0,2,0,1,0,0,0,0
1028,8,zeros-la-1-2,zeros-la-1,94,1028,8,218,128,2,0,0,0,0,0,0,0,0,128,32,16,32,2,2,4,8,3,1,0,1,2,0,1,0,0,0,0
1032,8,zeros-la-1-2,zeros-la-1,95,1032,8,222,128,0,0,0,2,0,0,0,0,0,128,32,16,4,32,4,4,8,1,3,0,1,2,0,1,0,0,0,0
1040,8,zeros-la-1-2,zeros-la-1,96,1040,8,224,128,0,0,0,2,0,0,0,0,0,128,32,16,2,4,32,8,8,2,1,1,1,2,0,1,0,0,0,0
1104,8,zeros-la-1-2,zeros-la-1,97,1104,8,226,128,0,0,0,0,0,0,0,2,2,128,0,16,2,4,64,8,8,3,1,1,1,0,1,1,0,0,0,0
1108,8,zeros-la-1-2,zeros-la-1,98,1108,8,228,128,0,0,0,0,2,0,0,2,0,128,0,16,4,4,64,8,8,2,2,1,1,0,1,1,0,0,0,0
1120,9,zeros-la-1-2,zeros-la-1,99,1120,9,230,128,0,0,0,0,2,0,0,4,0,0,128,16,0,8,64,8,9,1,1,2,1,0,1,1,0,0,0,0
1120,8,zeros-la-1-2,zeros-la-1,100,1120,8,232,128,0,0,0,0,0,0,2,4,0,0,128,16,2,8,64,8,8,2,1,2,1,0,1,1,0,0,0,0
1120,7,zeros-la-1-2,zeros-la-1,101,1120,7,234,128,0,0,0,2,2,4,0,0,128,16,0,0,2,8,64,8,7,3,1,2,1,0,1,1,0,0,0,0
1120,6,zeros-la-1-2,zeros-la-1,102,1120,6,236,128,0,0,0,2,0,2,2,4,0,0,128,16,2,8,64,8,6,4,1,2,1,0,1,1,0,0,0,0
1124,6,zeros-la-1-2,zeros-la-1,103,1124,6,238,128,0,0,0,2,0,0,4,4,0,2,128,16,2,8,64,8,6,3,2,2,1,0,1,1,0,0,0,0
1132,6,zeros-la-1-2,zeros-la-1,104,1132,6,240,128,2,0,0,0,8,0,2,0,2,128,16,0,2,8,64,8,6,4,0,3,1,0,1,1,0,0,0,0
1136,6,zeros-la-1-2,zeros-la-1,105,1136,6,242,128,2,128,2,8,8,8,16,0,4,2,64,0,0,0,0,0,6,3,1,3,1,0,1,1,0,0,0,0
1152,6,zeros-la-1-2,zeros-la-1,106,1152,6,244,128,2,128,2,8,0,2,16,16,0,4,2,64,0,0,0,0,6,4,1,1,2,0,1,1,0,0,0,0
1184,6,zeros-la-1-2,zeros-la-1,107,1184,6,246,128,2,128,2,8,0,0,2,32,0,4,2,64,0,0,2,0,6,5,1,1,0,1,1,1,0,0,0,0
1192,7,zeros-la-1-2,zeros-la-1,108,1192,7,248,128,2,128,4,8,2,4,4,32,0,0,0,64,0,0,0,0,7,2,3,1,0,1,1,1,0,0,0,0
1204,8,zeros-la-1-2,zeros-la-1,109,1204,8,250,128,4,128,8,8,0,4,0,32,0,0,2,64,0,0,0,0,8,1,2,2,0,1,1,1,0,0,0,0
1220,8,zeros-la-1-2,zeros-la-1,110,1220,8,252,128,4,128,16,2,4,32,0,0,2,64,0,0,0,0,0,0,8,2,2,0,1,1,1,1,0,0,0,0
1228,8,zeros-la-1-2,zeros-la-1,111,1228,8,254,128,2,0,0,0,0,128,0,0,8,32,0,0,2,64,16,2,8,3,0,1,1,1,1,1,0,0,0,0
1228,7,zeros-la-1-2,zeros-la-1,112,1228,7,256,128,0,0,0,2,0,2,0,128,0,0,8,32,2,64,16,2,7,4,0,1,1,1,1,1,0,0,0,0
1228,6,zeros-la-1-2,zeros-la-1,113,1228,6,258,128,2,0,0,0,2,128,0,0,8,32,2,0,2,64,16,2,6,5,0,1,1,1,1,1,0,0,0,0
1232,6,zeros-la-1-2,zeros-la-1,114,1232,6,260,128,0,0,0,2,4,128,0,0,8,32,2,0,2,64,16,2,6,4,1,1,1,1,1,1,0,0,0,0
1236,6,zeros-la-1-2,zeros-la-1,115,1236,6,262,128,0,0,0,2,4,128,0,0,8,32,2,0,2,64,16,4,6,3,2,1,1,1,1,1,0,0,0,0
1236,5,zeros-la-1-2,zeros-la-1,116,1236,5,264,128,2,0,0,2,0,0,4,128,0,8,32,2,2,64,16,4,5,4,2,1,1,1,1,1,0,0,0,0
1240,5,zeros-la-1-2,zeros-la-1,117,1240,5,266,128,4,0,0,0,4,128,2,0,8,32,2,0,2,64,16,4,5,3,3,1,1,1,1,1,0,0,0,0
1252,6,zeros-la-1-2,zeros-la-1,118,1252,6,268,128,8,128,4,4,8,32,16,0,2,64,0,0,0,2,0,0,6,2,2,2,1,1,1,1,0,0,0,0
1260,6,zeros-la-1-2,zeros-la-1,119,1260,6,270,128,0,8,128,8,0,8,32,16,0,2,2,64,0,0,0,2,6,3,0,3,1,1,1,1,0,0,0,0
1276,6,zeros-la-1-2,zeros-la-1,120,1276,6,272,128,0,16,128,8,0,2,32,16,2,0,2,64,0,0,0,2,6,4,0,1,2,1,1,1,0,0,0,0
1280,6,zeros-la-1-2,zeros-la-1,121,1280,6,274,128,16,128,8,0,2,32,16,0,4,64,0,0,2,0,0,2,6,3,1,1,2,1,1,1,0,0,0,0
1284,6,zeros-la-1-2,zeros-la-1,122,1284,6,276,128,16,128,8,2,2,32,16,0,4,64,0,0,4,0,0,0,6,2,2,1,2,1,1,1,0,0,0,0
1292,6,zeros-la-1-2,zeros-la-1,123,1292,6,278,128,0,0,0,2,16,128,0,0,2,32,8,0,8,64,16,2,6,3,0,2,2,1,1,1,0,0,0,0
1296,6,zeros-la-1-2,zeros-la-1,124,1296,6,280,128,16,128,8,4,2,32,16,0,8,64,0,0,0,0,2,0,6,2,1,2,2,1,1,1,0,0,0,0
1296,5,zeros-la-1-2,zeros-la-1,125,1296,5,282,128,16,128,8,4,0,2,32,16,2,0,8,64,0,0,0,2,5,3,1,2,2,1,1,1,0,0,0,0
1296,4,zeros-la-1-2,zeros-la-1,126,1296,4,284,128,16,128,8,4,2,2,32,16,0,2,8,64,0,0,0,2,4,4,1,2,2,1,1,1,0,0,0,0
1300,4,zeros-la-1-2,zeros-la-1,127,1300,4,286,128,16,128,8,4,2,4,32,16,0,0,8,64,0,2,0,2,4,3,2,2,2,1,1,1,0,0,0,0
1304,4,zeros-la-1-2,zeros-la-1,128,1304,4,288,128,16,128,8,4,2,4,32,16,0,0,8,64,0,0,2,4,4,2,3,2,2,1,1,1,0,0,0,0
1304,3,zeros-la-1-2,zeros-la-1,129,1304,3,290,128,16,128,8,4,2,4,32,16,0,2,8,64,0,0,2,4,3,3,3,2,2,1,1,1,0,0,0,0
1304,2,zeros-la-1-2,zeros-la-1,130,1304,2,292,128,16,128,8,4,2,4,32,16,0,2,8,64,2,0,2,4,2,4,3,2,2,1,1,1,0,0,0,0
1308,2,zeros-la-1-2,zeros-la-1,131,1308,2,294,128,16,128,8,4,4,4,32,16,0,2,8,64,2,0,2,4,2,3,4,2,2,1,1,1,0,0,0,0
1320,3,zeros-la-1-2,zeros-la-1,132,1320,3,296,128,16,128,8,4,2,8,32,16,0,2,8,64,0,0,4,4,3,2,3,3,2,1,1,1,0,0,0,0
1328,3,zeros-la-1-2,zeros-la-1,133,1328,3,298,128,16,128,8,4,2,8,32,16,2,8,64,0,8,2,0,0,3,3,1,4,2,1,1,1,0,0,0,0
1348,4,zeros-la-1-2,zeros-la-1,134,1348,4,300,128,16,128,8,4,4,16,32,16,8,2,64,0,0,0,0,2,4,2,2,2,3,1,1,1,0,0,0,0
1348,3,zeros-la-1-2,zeros-la-1,135,1348,3,302,128,16,128,8,4,4,16,32,16,8,2,64,0,2,0,0,2,3,3,2,2,3,1,1,1,0,0,0,0
1352,3,zeros-la-1-2,zeros-la-1,136,1352,3,304,128,16,128,8,4,4,16,32,16,8,2,64,0,4,2,0,0,3,2,3,2,3,1,1,1,0,0,0,0
1356,3,zeros-la-1-2,zeros-la-1,137,1356,3,306,128,16,0,0,2,4,128,8,0,8,16,32,4,4,4,64,16,3,1,4,2,3,1,1,1,0,0,0,0
1364,3,zeros-la-1-2,zeros-la-1,138,1364,3,308,128,16,2,0,0,4,128,8,2,8,16,32,4,8,64,16,0,3,2,2,3,3,1,1,1,0,0,0,0
1380,3,zeros-la-1-2,zeros-la-1,139,1380,3,310,128,0,2,2,0,16,128,8,0,4,16,32,2,16,64,16,4,3,3,2,1,4,1,1,1,0,0,0,0
1384,3,zeros-la-1-2,zeros-la-1,140,1384,3,312,128,2,0,0,4,0,16,128,8,4,16,32,2,16,64,16,4,3,2,3,1,4,1,1,1,0,0,0,0
1416,3,zeros-la-1-2,zeros-la-1,141,1416,3,314,128,0,2,0,4,2,0,128,8,4,32,32,2,16,64,16,4,3,3,3,1,2,2,1,1,0,0,0,0
1480,3,zeros-la-1-2,zeros-la-1,142,1480,3,316,128,2,4,0,0,2,128,8,0,4,64,2,2,16,64,16,4,3,4,3,1,2,0,2,1,0,0,0,0
1612,4,zeros-la-1-2,zeros-la-1,143,1612,4,318,128,2,0,0,0,4,4,8,0,4,128,2,2,16,128,16,4,4,3,4,1,2,0,0,2,0,0,0,0
1624,5,zeros-la-1-2,zeros-la-1,144,1624,5,320,128,2,0,0,2,0,0,8,8,0,4,128,4,16,128,16,4,5,2,3,2,2,0,0,2,0,0,0,0
1644,6,zeros-la-1-2,zeros-la-1,145,1644,6,322,128,4,0,2,0,16,0,0,0,4,128,4,0,16,128,16,4,6,1,4,0,3,0,0,2,0,0,0,0
1900,6,zeros-la-1-2,zeros-la-1,146,1900,6,324,256,4,2,0,0,16,0,2,0,4,0,4,0,16,256,16,4,6,2,4,0,3,0,0,0,1,0,0,0
1908,6,zeros-la-1-2,zeros-la-1,147,1908,6,326,256,0,0,4,2,2,0,16,2,0,0,0,8,16,256,16,4,6,3,2,1,3,0,0,0,1,0,0,0
1944,7,zeros-la-1-2,zeros-la-1,148,1944,7,328,256,2,256,4,4,16,0,32,8,0,0,0,4,0,0,2,0,7,2,3,1,1,1,0,0,1,0,0,0
1952,7,zeros-la-1-2,zeros-la-1,149,1952,7,330,256,0,2,256,8,0,16,32,8,0,0,0,4,0,2,0,2,7,3,1,2,1,1,0,0,1,0,0,0
1968,7,zeros-la-1-2,zeros-la-1,150,1968,7,332,256,2,2,256,16,0,16,32,4,0,2,0,2,0,0,0,0,7,4,1,0,2,1,0,0,1,0,0,0
1976,8,zeros-la-1-2,zeros-la-1,151,1976,8,334,256,0,4,256,16,0,16,32,4,0,0,0,4,0,2,0,0,8,1,3,0,2,1,0,0,1,0,0,0
1984,8,zeros-la-1-2,zeros-la-1,152,1984,8,336,256,0,4,256,16,0,16,32,8,0,2,0,0,0,0,2,0,8,2,1,1,2,1,0,0,1,0,0,0
1984,7,zeros-la-1-2,zeros-la-1,153,1984,7,338,256,4,256,16,0,16,32,8,0,2,2,0,0,2,0,0,0,7,3,1,1,2,1,0,0,1,0,0,0
1988,7,zeros-la-1-2,zeros-la-1,154,1988,7,340,256,0,0,0,2,4,256,0,0,16,32,16,0,4,2,8,0,7,2,2,1,2,1,0,0,1,0,0,0
1988,6,zeros-la-1-2,zeros-la-1,155,1988,6,342,256,4,256,16,2,16,32,8,0,4,2,0,2,0,0,0,0,6,3,2,1,2,1,0,0,1,0,0,0
1992,6,zeros-la-1-2,zeros-la-1,156,1992,6,344,256,4,256,16,2,0,16,32,8,0,0,4,4,0,0,2,0,6,2,3,1,2,1,0,0,1,0,0,0
2000,6,zeros-la-1-2,zeros-la-1,157,2000,6,346,256,4,256,16,2,0,16,32,8,0,0,0,8,0,2,0,2,6,3,1,2,2,1,0,0,1,0,0,0
2016,6,zeros-la-1-2,zeros-la-1,158,2016,6,350,256,4,256,16,2,4,16,32,16,0,2,0,2,0,0,0,0,6,3,2,0,3,1,0,0,1,0,0,0
2024,6,zeros-la-1-2,zeros-la-1,159,2024,6,352,256,8,256,16,2,0,16,32,16,0,2,0,2,0,0,0,2,6,4,0,1,3,1,0,0,1,0,0,0
2028,6,zeros-la-1-2,zeros-la-1,160,2028,6,354,256,8,256,16,2,16,32,16,0,4,0,0,0,2,0,0,2,6,3,1,1,3,1,0,0,1,0,0,0
2064,7,zeros-la-1-2,zeros-la-1,161,2064,7,356,256,8,0,0,0,16,2,0,0,4,256,0,0,2,32,32,4,7,2,2,1,1,2,0,0,1,0,0,0
2128,7,zeros-la-1-2,zeros-la-1,162,2128,7,360,256,0,4,0,8,0,0,16,2,0,0,4,256,0,2,64,4,7,2,3,1,1,0,1,0,1,0,0,0
2128,6,zeros-la-1-2,zeros-la-1,163,2128,6,364,256,4,0,0,8,0,0,16,2,0,4,4,256,0,2,64,4,6,2,4,1,1,0,1,0,1,0,0,0
2136,6,zeros-la-1-2,zeros-la-1,164,2136,6,366,256,0,0,4,8,0,0,16,2,0,2,8,256,0,2,64,4,6,3,2,2,1,0,1,0,1,0,0,0
2140,6,zeros-la-1-2,zeros-la-1,165,2140,6,368,256,0,4,4,8,0,0,16,2,0,0,8,256,0,2,64,4,6,2,3,2,1,0,1,0,1,0,0,0
2148,6,zeros-la-1-2,zeros-la-1,166,2148,6,370,256,2,0,8,8,0,0,16,2,0,0,8,256,0,2,64,4,6,3,1,3,1,0,1,0,1,0,0,0
2164,6,zeros-la-1-2,zeros-la-1,167,2164,6,372,256,0,2,2,16,0,0,16,2,0,0,8,256,0,2,64,4,6,4,1,1,2,0,1,0,1,0,0,0
2168,6,zeros-la-1-2,zeros-la-1,168,2168,6,374,256,0,0,2,16,0,0,16,2,0,2,8,256,0,4,64,4,6,3,2,1,2,0,1,0,1,0,0,0
2168,5,zeros-la-1-2,zeros-la-1,169,2168,5,376,256,2,16,0,0,16,2,0,0,2,8,256,0,4,64,4,2,5,4,2,1,2,0,1,0,1,0,0,0
2168,4,zeros-la-1-2,zeros-la-1,170,2168,4,378,256,2,16,0,2,16,2,0,0,2,8,256,0,4,64,4,2,4,5,2,1,2,0,1,0,1,0,0,0
2172,4,zeros-la-1-2,zeros-la-1,171,2172,4,380,256,2,16,0,0,16,2,0,0,2,8,256,2,4,64,4,4,4,4,3,1,2,0,1,0,1,0,0,0
2180,4,zeros-la-1-2,zeros-la-1,172,2180,4,382,256,0,0,2,16,0,0,16,2,2,8,256,2,2,4,64,8,4,5,1,2,2,0,1,0,1,0,0,0
2188,5,zeros-la-1-2,zeros-la-1,173,2188,5,384,256,0,2,2,0,0,0,16,16,0,8,256,4,4,4,64,8,5,2,3,2,2,0,1,0,1,0,0,0
2232,7,zeros-la-1-2,zeros-la-1,174,2232,7,388,256,4,4,0,0,32,0,0,0,8,256,4,0,8,64,8,0,7,0,3,3,0,1,1,0,1,0,0,0
2248,7,zeros-la-1-2,zeros-la-1,175,2248,7,390,256,4,4,4,0,32,256,8,0,16,64,0,0,0,2,0,0,7,1,3,1,1,1,1,0,1,0,0,0
2256,7,zeros-la-1-2,zeros-la-1,176,2256,7,392,256,0,0,4,8,0,32,256,8,0,0,16,64,2,0,0,2,7,2,1,2,1,1,1,0,1,0,0,0
2272,7,zeros-la-1-2,zeros-la-1,177,2272,7,394,256,0,0,0,2,0,0,4,16,0,0,256,64,2,32,16,2,7,3,1,0,2,1,1,0,1,0,0,0
2272,6,zeros-la-1-2,zeros-la-1,178,2272,6,396,256,0,0,0,2,0,0,4,16,2,0,256,64,2,32,16,2,6,4,1,0,2,1,1,0,1,0,0,0
2276,6,zeros-la-1-2,zeros-la-1,179,2276,6,400,256,4,32,4,2,0,4,256,16,0,0,16,64,0,0,0,2,6,2,3,0,2,1,1,0,1,0,0,0
2276,5,zeros-la-1-2,zeros-la-1,180,2276,5,402,256,4,32,4,2,4,256,16,2,16,64,0,0,2,0,0,0,5,3,3,0,2,1,1,0,1,0,0,0
2288,6,zeros-la-1-2,zeros-la-1,181,2288,6,404,256,8,32,4,4,16,256,16,2,2,64,0,0,0,0,0,0,6,2,2,1,2,1,1,0,1,0,0,0
2296,6,zeros-la-1-2,zeros-la-1,182,2296,6,406,256,0,8,32,8,16,256,16,2,0,0,2,64,2,0,0,0,6,3,0,2,2,1,1,0,1,0,0,0
2296,5,zeros-la-1-2,zeros-la-1,183,2296,5,410,256,8,32,8,4,16,256,16,2,2,64,0,0,2,0,0,0,5,3,1,2,2,1,1,0,1,0,0,0
2300,5,zeros-la-1-2,zeros-la-1,184,2300,5,412,256,0,0,0,2,8,32,0,0,16,256,8,4,4,64,16,2,5,2,2,2,2,1,1,0,1,0,0,0
2300,4,zeros-la-1-2,zeros-la-1,185,2300,4,414,256,0,0,2,2,0,0,8,32,16,256,8,4,4,64,16,2,4,3,2,2,2,1,1,0,1,0,0,0
2316,4,zeros-la-1-2,zeros-la-1,186,2316,4,416,256,0,0,0,2,2,0,2,32,16,256,16,4,4,64,16,2,4,4,2,0,3,1,1,0,1,0,0,0
2348,4,zeros-la-1-2,zeros-la-1,187,2348,4,418,256,2,256,2,2,16,64,32,32,4,2,0,4,0,0,0,2,4,5,2,0,1,2,1,0,1,0,0,0
2416,5,zeros-la-1-2,zeros-la-1,188,2416,5,420,256,2,256,4,0,16,64,64,0,4,2,4,2,2,0,0,0,5,4,3,0,1,0,2,0,1,0,0,0
2544,5,zeros-la-1-2,zeros-la-1,189,2544,5,422,256,0,2,256,4,2,0,16,128,4,2,4,2,0,0,0,2,5,5,3,0,1,0,0,1,1,0,0,0
2552,6,zeros-la-1-2,zeros-la-1,190,2552,6,424,256,2,4,256,4,4,0,16,128,0,0,4,4,2,0,0,0,6,2,5,0,1,0,0,1,1,0,0,0
2560,6,zeros-la-1-2,zeros-la-1,191,2560,6,426,256,2,4,256,4,2,4,16,128,0,0,0,8,0,0,0,2,6,3,3,1,1,0,0,1,1,0,0,0
2572,7,zeros-la-1-2,zeros-la-1,192,2572,7,428,256,4,8,256,4,0,0,16,128,2,0,0,8,0,0,0,2,7,2,2,2,1,0,0,1,1,0,0,0
2572,6,zeros-la-1-2,zeros-la-1,193,2572,6,430,256,4,8,256,4,16,128,0,0,2,8,0,2,2,0,0,0,6,3,2,2,1,0,0,1,1,0,0,0
2576,6,zeros-la-1-2,zeros-la-1,194,2576,6,432,256,4,8,256,4,16,128,0,2,4,8,0,0,0,2,0,0,6,2,3,2,1,0,0,1,1,0,0,0
2576,5,zeros-la-1-2,zeros-la-1,195,2576,5,434,256,4,8,256,4,0,16,128,2,0,0,4,8,0,0,2,2,5,3,3,2,1,0,0,1,1,0,0,0
2580,5,zeros-la-1-2,zeros-la-1,196,2580,5,436,256,4,8,256,4,16,128,2,0,4,8,0,0,4,0,2,0,5,2,4,2,1,0,0,1,1,0,0,0
2592,6,zeros-la-1-2,zeros-la-1,197,2592,6,438,256,0,2,0,0,4,8,0,0,16,128,256,0,8,8,4,4,6,1,3,3,1,0,0,1,1,0,0,0
2616,7,zeros-la-1-2,zeros-la-1,198,2616,7,440,256,2,0,0,0,4,8,0,2,16,128,256,0,16,8,0,0,7,2,1,2,2,0,0,1,1,0,0,0
2648,7,zeros-la-1-2,zeros-la-1,199,2648,7,442,256,2,8,256,2,4,128,0,0,32,8,0,2,0,0,0,0,7,3,1,2,0,1,0,1,1,0,0,0
2652,7,zeros-la-1-2,zeros-la-1,200,2652,7,444,256,2,8,256,4,4,128,0,0,32,8,0,0,0,0,0,2,7,2,2,2,0,1,0,1,1,0,0,0
2652,6,zeros-la-1-2,zeros-la-1,201,2652,6,448,256,2,8,256,4,4,0,4,128,0,0,32,8,0,0,0,2,6,2,3,2,0,1,0,1,1,0,0,0
2660,6,zeros-la-1-2,zeros-la-1,202,2660,6,450,256,2,8,256,4,2,0,8,128,0,0,32,8,0,0,0,2,6,3,1,3,0,1,0,1,1,0,0,0
2664,6,zeros-la-1-2,zeros-la-1,203,2664,6,452,256,4,8,256,4,0,0,8,128,0,0,32,8,2,0,0,2,6,2,2,3,0,1,0,1,1,0,0,0
2668,6,zeros-la-1-2,zeros-la-1,204,2668,6,454,256,4,8,256,4,8,128,2,0,32,8,0,0,4,0,0,0,6,1,3,3,0,1,0,1,1,0,0,0
2668,5,zeros-la-1-2,zeros-la-1,205,2668,5,456,256,4,8,256,4,8,128,2,2,32,8,0,0,4,0,0,0,5,2,3,3,0,1,0,1,1,0,0,0
2672,5,zeros-la-1-2,zeros-la-1,206,2672,5,458,256,4,8,256,4,0,8,128,4,0,0,32,8,0,0,2,4,5,1,4,3,0,1,0,1,1,0,0,0
2696,6,zeros-la-1-2,zeros-la-1,207,2696,6,460,256,4,16,256,8,0,0,128,8,0,2,32,4,0,0,2,0,6,2,2,2,1,1,0,1,1,0,0,0
2712,6,zeros-la-1-2,zeros-la-1,208,2712,6,462,256,4,16,256,16,0,2,128,4,0,0,32,2,0,0,2,0,6,3,2,0,2,1,0,1,1,0,0,0
2712,5,zeros-la-1-2,zeros-la-1,209,2712,5,464,256,4,16,256,16,0,2,128,4,2,0,32,2,0,0,0,2,5,4,2,0,2,1,0,1,1,0,0,0
2716,5,zeros-la-1-2,zeros-la-1,210,2716,5,466,256,4,16,256,16,2,2,128,4,0,0,32,4,2,0,0,0,5,3,3,0,2,1,0,1,1,0,0,0
2728,6,zeros-la-1-2,zeros-la-1,211,2728,6,470,256,4,16,256,16,4,2,128,8,0,0,32,0,0,0,4,0,6,1,3,1,2,1,0,1,1,0,0,0
2736,6,zeros-la-1-2,zeros-la-1,212,2736,6,472,256,8,16,256,16,0,2,128,8,0,0,32,0,2,0,4,0,6,2,1,2,2,1,0,1,1,0,0,0
2736,5,zeros-la-1-2,zeros-la-1,213,2736,5,474,256,0,0,256,0,0,2,128,0,8,16,32,16,2,2,4,8,5,3,1,2,2,1,0,1,1,0,0,0
2740,5,zeros-la-1-2,zeros-la-1,214,2740,5,476,256,0,0,2,256,0,0,2,128,8,16,32,16,0,4,4,8,5,2,2,2,2,1,0,1,1,0,0,0
2748,5,zeros-la-1-2,zeros-la-1,215,2748,5,480,256,0,0,2,256,4,0,2,128,8,16,32,16,0,0,8,8,5,2,1,3,2,1,0,1,1,0,0,0
2764,5,zeros-la-1-2,zeros-la-1,216,2764,5,482,256,2,0,2,256,0,4,2,128,8,16,32,16,0,0,0,16,5,3,1,1,3,1,0,1,1,0,0,0
2800,6,zeros-la-1-2,zeros-la-1,217,2800,6,486,256,0,0,0,4,0,0,0,256,2,4,4,128,8,16,32,32,6,1,3,1,1,2,0,1,1,0,0,0
2872,7,zeros-la-1-2,zeros-la-1,218,2872,7,488,256,0,0,2,4,0,0,0,256,0,2,8,128,0,8,16,64,7,2,1,2,1,0,1,1,1,0,0,0
2872,6,zeros-la-1-2,zeros-la-1,219,2872,6,492,256,0,2,2,4,0,8,8,256,0,0,16,128,0,4,0,64,6,2,2,2,1,0,1,1,1,0,0,0
2892,7,zeros-la-1-2,zeros-la-1,220,2892,7,496,256,4,4,0,0,16,256,4,0,16,128,0,0,4,64,0,0,7,0,4,0,2,0,1,1,1,0,0,0
2924,7,zeros-la-1-2,zeros-la-1,221,2924,7,498,256,4,4,4,0,32,256,0,0,4,128,0,0,2,64,0,0,7,1,4,0,0,1,1,1,1,0,0,0
2932,7,zeros-la-1-2,zeros-la-1,222,2932,7,500,256,8,4,0,0,32,256,0,0,4,128,0,0,2,64,0,2,7,2,2,1,0,1,1,1,1,0,0,0
2932,6,zeros-la-1-2,zeros-la-1,223,2932,6,504,256,8,4,0,2,32,256,0,0,4,128,0,4,2,64,0,0,6,2,3,1,0,1,1,1,1,0,0,0
2932,5,zeros-la-1-2,zeros-la-1,224,2932,5,506,256,8,4,2,0,32,256,0,2,4,128,4,0,2,64,0,0,5,3,3,1,0,1,1,1,1,0,0,0
2932,4,zeros-la-1-2,zeros-la-1,225,2932,4,508,256,8,4,2,2,32,256,4,0,4,128,0,2,2,64,0,0,4,4,3,1,0,1,1,1,1,0,0,0
2936,4,zeros-la-1-2,zeros-la-1,226,2936,4,510,256,0,8,4,4,0,32,256,4,2,4,128,2,0,0,2,64,4,3,4,1,0,1,1,1,1,0,0,0
2944,4,zeros-la-1-2,zeros-la-1,227,2944,4,512,256,8,8,2,0,32,256,4,0,2,4,128,2,2,64,0,0,4,4,2,2,0,1,1,1,1,0,0,0
2948,4,zeros-la-1-2,zeros-la-1,228,2948,4,514,256,8,8,2,2,32,256,4,0,4,4,128,0,2,64,0,0,4,3,3,2,0,1,1,1,1,0,0,0
2976,6,zeros-la-1-2,zeros-la-1,229,2976,6,516,256,0,0,16,4,0,32,256,4,0,0,8,128,2,0,2,64,6,2,2,1,1,1,1,1,1,0,0,0
2984,6,zeros-la-1-2,zeros-la-1,230,2984,6,518,256,2,32,16,8,0,0,256,128,0,0,8,64,0,0,2,2,6,3,0,2,1,1,1,1,1,0,0,0
2988,6,zeros-la-1-2,zeros-la-1,231,2988,6,520,256,2,32,16,8,256,128,0,0,8,64,0,0,4,0,0,2,6,2,1,2,1,1,1,1,1,0,0,0
2988,5,zeros-la-1-2,zeros-la-1,232,2988,5,524,256,2,32,16,8,256,128,4,2,8,64,0,0,4,0,0,0,5,2,2,2,1,1,1,1,1,0,0,0
2988,4,zeros-la-1-2,zeros-la-1,233,2988,4,526,256,2,32,16,8,256,128,4,2,8,64,0,0,4,2,0,0,4,3,2,2,1,1,1,1,1,0,0,0
2988,3,zeros-la-1-2,zeros-la-1,234,2988,3,530,256,2,32,16,8,256,128,4,2,8,64,0,0,4,2,4,0,3,3,3,2,1,1,1,1,1,0,0,0
2996,3,zeros-la-1-2,zeros-la-1,235,2996,3,532,256,2,32,16,8,256,128,8,2,8,64,0,2,4,2,0,0,3,4,1,3,1,1,1,1,1,0,0,0
3000,3,zeros-la-1-2,zeros-la-1,236,3000,3,534,256,2,32,16,8,256,128,8,4,8,64,0,0,4,2,0,2,3,3,2,3,1,1,1,1,1,0,0,0
3004,3,zeros-la-1-2,zeros-la-1,237,3004,3,536,256,2,32,16,8,256,128,8,4,8,64,2,0,4,4,0,0,3,2,3,3,1,1,1,1,1,0,0,0
3012,3,zeros-la-1-2,zeros-la-1,238,3012,3,538,256,2,32,16,8,256,128,8,4,8,64,2,0,8,0,0,2,3,3,1,4,1,1,1,1,1,0,0,0
3028,3,zeros-la-1-2,zeros-la-1,239,3028,3,540,256,2,32,16,8,256,128,8,4,16,64,2,2,0,2,0,0,3,4,1,2,2,1,1,1,1,0,0,0
3032,3,zeros-la-1-2,zeros-la-1,240,3032,3,542,256,2,32,16,8,256,128,8,4,0,16,64,4,0,2,0,2,3,3,2,2,2,1,1,1,1,0,0,0
3040,3,zeros-la-1-2,zeros-la-1,241,3040,3,544,256,0,32,2,0,0,128,16,8,2,16,8,8,256,2,64,2,3,4,0,3,2,1,1,1,1,0,0,0
3056,3,zeros-la-1-2,zeros-la-1,242,3056,3,546,256,0,0,32,2,0,128,16,8,2,2,16,16,256,2,64,2,3,5,0,1,3,1,1,1,1,0,0,0
3092,4,zeros-la-1-2,zeros-la-1,243,3092,4,548,256,0,0,0,2,0,2,32,8,2,128,32,16,256,4,64,2,4,4,1,1,1,2,1,1,1,0,0,0
3156,4,zeros-la-1-2,zeros-la-1,244,3156,4,550,256,2,2,64,2,256,128,64,8,0,4,0,16,0,0,2,2,4,5,1,1,1,0,2,1,1,0,0,0
3164,5,zeros-la-1-2,zeros-la-1,245,3164,5,552,256,0,4,64,2,256,128,64,8,2,0,4,16,0,0,0,4,5,2,3,1,1,0,2,1,1,0,0,0
3292,5,zeros-la-1-2,zeros-la-1,246,3292,5,556,256,0,4,0,2,0,0,0,8,256,4,128,16,2,128,4,4,5,2,4,1,1,0,0,2,1,0,0,0
3300,5,zeros-la-1-2,zeros-la-1,247,3300,5,558,256,4,2,0,0,8,0,0,0,256,4,128,16,2,128,8,2,5,3,2,2,1,0,0,2,1,0,0,0
3300,4,zeros-la-1-2,zeros-la-1,248,3300,4,560,256,4,2,2,0,8,0,0,0,256,4,128,16,2,128,8,2,4,4,2,2,1,0,0,2,1,0,0,0
3304,4,zeros-la-1-2,zeros-la-1,249,3304,4,562,256,4,4,0,2,8,0,0,0,256,4,128,16,2,128,8,2,4,3,3,2,1,0,0,2,1,0,0,0
3312,4,zeros-la-1-2,zeros-la-1,250,3312,4,564,256,8,2,0,2,8,0,0,0,256,4,128,16,2,128,8,2,4,4,1,3,1,0,0,2,1,0,0,0
3328,4,zeros-la-1-2,zeros-la-1,251,3328,4,568,256,0,0,4,0,16,2,0,2,256,4,128,16,2,128,8,2,4,4,2,1,2,0,0,2,1,0,0,0
3332,4,zeros-la-1-2,zeros-la-1,252,3332,4,570,256,0,0,2,4,0,0,16,4,256,4,128,16,2,128,8,2,4,3,3,1,2,0,0,2,1,0,0,0
3340,4,zeros-la-1-2,zeros-la-1,253,3340,4,574,256,256,4,2,8,2,128,16,16,0,4,128,2,0,0,8,0,4,3,2,2,2,0,0,2,1,0,0,0
3372,4,zeros-la-1-2,zeros-la-1,254,3372,4,576,256,256,4,2,8,2,128,32,0,4,128,2,2,8,0,0,0,4,4,2,2,0,1,0,2,1,0,0,0
3628,4,zeros-la-1-2,zeros-la-1,255,3628,4,578,256,256,0,2,0,2,0,2,0,4,4,32,8,8,256,2,2,4,5,2,2,0,1,0,0,2,0,0,0
3644,6,zeros-la-1-2,zeros-la-1,256,3644,6,580,256,256,2,2,0,4,0,0,0,8,32,8,0,8,256,4,0,6,2,2,3,0,1,0,0,2,0,0,0
3648,6,zeros-la-1-2,zeros-la-1,257,3648,6,582,256,0,0,256,4,0,0,0,4,0,8,32,8,2,8,256,4,6,1,3,3,0,1,0,0,2,0,0,0
3672,7,zeros-la-1-2,zeros-la-1,258,3672,7,584,256,2,0,0,0,0,0,256,8,0,0,32,8,2,16,256,4,7,2,1,2,1,1,0,0,2,0,0,0
3692,8,zeros-la-1-2,zeros-la-1,259,3692,8,586,256,0,0,2,0,0,0,256,0,0,0,32,16,4,16,256,4,8,1,2,0,2,1,0,0,2,0,0,0
3692,7,zeros-la-1-2,zeros-la-1,260,3692,7,588,256,4,16,2,16,2,0,256,4,0,0,32,0,0,0,256,0,7,2,2,0,2,1,0,0,2,0,0,0
3692,6,zeros-la-1-2,zeros-la-1,261,3692,6,590,256,2,0,2,0,0,0,256,0,4,0,32,16,2,16,256,4,6,3,2,0,2,1,0,0,2,0,0,0
3696,6,zeros-la-1-2,zeros-la-1,262,3696,6,592,256,0,0,2,4,0,0,0,256,0,4,32,16,2,16,256,4,6,2,3,0,2,1,0,0,2,0,0,0
3696,5,zeros-la-1-2,zeros-la-1,263,3696,5,594,256,2,0,2,4,0,0,0,256,0,4,32,16,2,16,256,4,5,3,3,0,2,1,0,0,2,0,0,0
3700,5,zeros-la-1-2,zeros-la-1,264,3700,5,596,256,4,4,0,0,256,2,0,0,4,32,16,0,2,16,256,4,5,2,4,0,2,1,0,0,2,0,0,0
3708,5,zeros-la-1-2,zeros-la-1,265,3708,5,598,256,8,0,0,0,256,2,2,0,4,32,16,0,2,16,256,4,5,3,2,1,2,1,0,0,2,0,0,0
3712,5,zeros-la-1-2,zeros-la-1,266,3712,5,600,256,0,0,0,8,0,2,256,4,0,4,32,16,2,16,256,4,5,2,3,1,2,1,0,0,2,0,0,0
3712,4,zeros-la-1-2,zeros-la-1,267,3712,4,602,256,0,0,0,8,2,2,256,4,0,4,32,16,2,16,256,4,4,3,3,1,2,1,0,0,2,0,0,0
3716,4,zeros-la-1-2,zeros-la-1,268,3716,4,604,256,4,2,256,8,0,4,32,4,2,16,256,16,0,0,0,4,4,2,4,1,2,1,0,0,2,0,0,0
3716,3,zeros-la-1-2,zeros-la-1,269,3716,3,606,256,2,0,0,8,0,2,256,4,4,4,32,16,2,16,256,4,3,3,4,1,2,1,0,0,2,0,0,0
3724,3,zeros-la-1-2,zeros-la-1,270,3724,3,608,256,0,0,2,8,0,2,256,4,2,8,32,16,2,16,256,4,3,4,2,2,2,1,0,0,2,0,0,0
3728,3,zeros-la-1-2,zeros-la-1,271,3728,3,610,256,4,2,2,8,2,8,256,4,0,16,32,16,0,0,256,4,3,3,3,2,2,1,0,0,2,0,0,0
3732,3,zeros-la-1-2,zeros-la-1,272,3732,3,612,256,2,4,4,8,2,8,256,4,0,16,32,16,0,0,256,4,3,2,4,2,2,1,0,0,2,0,0,0
3740,3,zeros-la-1-2,zeros-la-1,273,3740,3,614,256,2,8,8,0,2,8,256,4,16,32,16,0,256,4,0,2,3,3,2,3,2,1,0,0,2,0,0,0
3760,4,zeros-la-1-2,zeros-la-1,274,3760,4,616,256,0,0,2,0,4,16,8,0,16,32,256,4,256,4,16,2,4,2,3,1,3,1,0,0,2,0,0,0
3760,3,zeros-la-1-2,zeros-la-1,275,3760,3,620,256,2,0,0,0,4,16,8,4,16,32,256,4,256,4,16,2,3,2,4,1,3,1,0,0,2,0,0,0
3768,3,zeros-la-1-2,zeros-la-1,276,3768,3,622,256,2,2,0,0,4,16,8,0,16,32,256,8,256,4,16,2,3,3,2,2,3,1,0,0,2,0,0,0
3772,3,zeros-la-1-2,zeros-la-1,277,3772,3,624,256,2,0,0,4,0,4,16,8,16,32,256,8,256,4,16,2,3,2,3,2,3,1,0,0,2,0,0,0
3788,3,zeros-la-1-2,zeros-la-1,278,3788,3,628,256,2,4,16,4,16,32,256,16,256,4,16,2,0,0,0,4,3,2,4,0,4,1,0,0,2,0,0,0
3788,2,zeros-la-1-2,zeros-la-1,279,3788,2,630,256,0,2,0,4,2,4,16,16,16,32,256,2,256,4,16,4,2,3,4,0,4,1,0,0,2,0,0,0
3820,2,zeros-la-1-2,zeros-la-1,280,3820,2,634,256,2,4,0,4,2,4,32,0,16,32,256,2,256,4,16,4,2,3,5,0,2,2,0,0,2,0,0,0
3832,3,zeros-la-1-2,zeros-la-1,281,3832,3,636,256,4,8,32,4,16,32,256,2,256,4,16,4,0,2,0,0,3,2,4,1,2,2,0,0,2,0,0,0
3832,2,zeros-la-1-2,zeros-la-1,282,3832,2,638,256,4,8,32,4,16,32,256,2,256,4,16,4,2,2,0,0,2,3,4,1,2,2,0,0,2,0,0,0
3836,2,zeros-la-1-2,zeros-la-1,283,3836,2,640,256,4,8,32,4,16,32,256,2,256,4,16,4,2,0,0,4,2,2,5,1,2,2,0,0,2,0,0,0
3844,2,zeros-la-1-2,zeros-la-1,284,3844,2,642,256,4,8,32,4,16,32,256,2,256,4,16,8,2,0,2,0,2,3,3,2,2,2,0,0,2,0,0,0
3848,2,zeros-la-1-2,zeros-la-1,285,3848,2,644,256,4,8,32,4,16,32,256,2,256,4,16,8,0,2,0,4,2,2,4,2,2,2,0,0,2,0,0,0
3848,1,zeros-la-1-2,zeros-la-1,286,3848,1,646,256,4,8,32,4,16,32,256,2,256,4,16,8,2,0,2,4,1,3,4,2,2,2,0,0,2,0,0,0
3852,1,zeros-la-1-2,zeros-la-1,287,3852,1,648,256,4,8,32,4,16,32,256,2,256,4,16,8,4,4,0,2,1,2,5,2,2,2,0,0,2,0,0,0
3860,1,zeros-la-1-2,zeros-la-1,288,3860,1,650,256,4,8,32,4,16,32,256,2,256,8,16,8,4,2,0,2,1,3,3,3,2,2,0,0,2,0,0,0
3864,1,zeros-la-1-2,zeros-la-1,289,3864,1,652,256,4,8,32,4,16,32,256,2,256,8,16,8,2,0,4,4,1,2,4,3,2,2,0,0,2,0,0,0
3872,1,zeros-la-1-2,zeros-la-1,290,3872,1,654,256,4,8,32,4,16,32,256,2,256,8,16,8,0,2,2,8,1,3,2,4,2,2,0,0,2,0,0,0
3888,1,zeros-la-1-2,zeros-la-1,291,3888,1,656,256,4,8,32,4,16,32,256,2,256,8,16,16,0,2,2,2,1,4,2,2,3,2,0,0,2,0,0,0
3924,2,zeros-la-1-2,zeros-la-1,292,3924,2,658,256,4,8,32,4,16,32,256,2,256,8,32,2,4,2,0,0,2,3,3,2,1,3,0,0,2,0,0,0
3928,2,zeros-la-1-2,zeros-la-1,293,3928,2,660,256,4,8,0,2,16,32,32,0,256,8,256,4,4,2,32,4,2,2,4,2,1,3,0,0,2,0,0,0
3992,2,zeros-la-1-2,zeros-la-1,294,3992,2,662,256,4,8,2,0,16,64,0,2,256,8,256,4,4,2,32,4,2,3,4,2,1,1,1,0,2,0,0,0
4000,2,zeros-la-1-2,zeros-la-1,295,4000,2,664,256,4,8,2,0,16,64,2,0,256,8,256,2,4,2,32,8,2,4,2,3,1,1,1,0,2,0,0,0
4004,2,zeros-la-1-2,zeros-la-1,296,4004,2,666,256,4,8,4,2,16,64,256,8,256,8,32,0,4,2,0,2,2,3,3,3,1,1,1,0,2,0,0,0
4008,2,zeros-la-1-2,zeros-la-1,297,4008,2,668,256,4,8,4,2,16,64,256,8,2,256,8,32,0,0,4,4,2,2,4,3,1,1,1,0,2,0,0,0
4016,2,zeros-la-1-2,zeros-la-1,298,4016,2,670,256,4,8,4,2,16,64,256,8,2,256,8,32,0,0,2,8,2,3,2,4,1,1,1,0,2,0,0,0
4016,1,zeros-la-1-2,zeros-la-1,299,4016,1,672,256,4,8,4,2,16,64,256,8,2,256,8,32,0,2,2,8,1,4,2,4,1,1,1,0,2,0,0,0
4020,1,zeros-la-1-2,zeros-la-1,300,4020,1,674,256,4,8,4,2,16,64,256,8,2,256,8,32,4,8,2,0,1,3,3,4,1,1,1,0,2,0,0,0
4020,0,zeros-la-1-2,zeros-la-1,301,4020,0,676,256,4,8,4,2,16,64,256,8,2,256,8,32,2,4,8,2,0,4,3,4,1,1,1,0,2,0,0,0
4040,1,zeros-la-1-2,zeros-la-1,302,4040,1,678,256,2,8,0,2,4,64,4,8,16,256,256,32,4,4,16,2,1,3,4,2,2,1,1,0,2,0,0,0
4560,2,zeros-la-1-2,zeros-la-1,303,4560,2,680,512,2,8,2,0,4,64,4,8,16,512,32,0,8,16,2,2,2,4,2,3,2,1,1,0,0,1,0,0
4564,2,zeros-la-1-2,zeros-la-1,304,4564,2,682,512,2,2,8,2,4,64,4,8,0,16,512,32,0,8,16,4,2,3,3,3,2,1,1,0,0,1,0,0
4568,2,zeros-la-1-2,zeros-la-1,305,4568,2,684,512,4,8,2,2,4,64,4,8,16,512,32,0,8,16,4,0,2,2,4,3,2,1,1,0,0,1,0,0
4576,2,zeros-la-1-2,zeros-la-1,306,4576,2,686,512,8,8,2,2,16,64,4,8,8,512,32,2,0,16,4,0,2,3,2,4,2,1,1,0,0,1,0,0
4596,3,zeros-la-1-2,zeros-la-1,307,4596,3,688,512,16,4,2,0,16,64,4,8,8,512,32,2,16,4,0,0,3,2,3,2,3,1,1,0,0,1,0,0
4628,3,zeros-la-1-2,zeros-la-1,308,4628,3,690,512,32,4,2,8,8,64,4,2,16,512,32,0,2,4,0,0,3,3,3,2,1,2,1,0,0,1,0,0
4628,2,zeros-la-1-2,zeros-la-1,309,4628,2,692,512,32,4,0,0,8,64,2,2,16,512,4,8,2,4,32,2,2,4,3,2,1,2,1,0,0,1,0,0
4632,2,zeros-la-1-2,zeros-la-1,310,4632,2,694,512,0,0,32,4,2,8,64,4,16,512,4,8,2,4,32,2,2,3,4,2,1,2,1,0,0,1,0,0
4640,2,zeros-la-1-2,zeros-la-1,311,4640,2,696,512,2,8,32,8,16,512,64,8,2,4,4,2,0,2,32,0,2,4,2,3,1,2,1,0,0,1,0,0
4656,2,zeros-la-1-2,zeros-la-1,312,4656,2,700,512,0,8,32,0,2,512,64,4,16,4,4,16,2,2,32,2,2,4,3,1,2,2,1,0,0,1,0,0
4668,3,zeros-la-1-2,zeros-la-1,313,4668,3,702,512,0,0,8,32,2,512,64,4,0,16,8,16,2,4,32,2,3,3,2,2,2,2,1,0,0,1,0,0
4672,3,zeros-la-1-2,zeros-la-1,314,4672,3,704,512,2,0,8,32,0,512,64,4,0,16,8,16,4,4,32,2,3,2,3,2,2,2,1,0,0,1,0,0
4680,3,zeros-la-1-2,zeros-la-1,315,4680,3,706,512,2,8,32,0,512,64,4,0,16,8,16,2,8,32,2,0,3,3,1,3,2,2,1,0,0,1,0,0
4680,2,zeros-la-1-2,zeros-la-1,316,4680,2,708,512,0,2,8,32,2,512,64,4,16,8,16,2,0,8,32,2,2,4,1,3,2,2,1,0,0,1,0,0
4700,3,zeros-la-1-2,zeros-la-1,317,4700,3,712,512,0,4,8,0,0,2,64,32,2,512,16,4,16,16,32,4,3,2,3,1,3,2,1,0,0,1,0,0
4732,3,zeros-la-1-2,zeros-la-1,318,4732,3,714,512,0,0,4,8,2,2,64,32,2,512,16,4,0,32,32,4,3,3,3,1,1,3,1,0,0,1,0,0
4744,4,zeros-la-1-2,zeros-la-1,319,4744,4,716,512,0,0,4,0,0,2,64,8,2,512,16,32,4,32,32,8,4,2,2,2,1,3,1,0,0,1,0,0
4808,4,zeros-la-1-2,zeros-la-1,320,4808,4,718,512,0,0,0,4,2,2,64,8,2,512,16,32,0,4,64,8,4,3,2,2,1,1,2,0,0,1,0,0
4812,4,zeros-la-1-2,zeros-la-1,321,4812,4,720,512,0,0,2,4,0,2,64,8,0,512,16,32,4,4,64,8,4,2,3,2,1,1,2,0,0,1,0,0
4820,4,zeros-la-1-2,zeros-la-1,322,4820,4,722,512,2,4,0,0,2,64,8,2,512,16,32,0,8,64,8,0,4,3,1,3,1,1,2,0,0,1,0,0
4824,4,zeros-la-1-2,zeros-la-1,323,4824,4,724,512,4,4,8,2,512,64,32,2,8,16,8,0,0,64,0,0,4,2,2,3,1,1,2,0,0,1,0,0
4828,4,zeros-la-1-2,zeros-la-1,324,4828,4,726,512,4,4,8,4,512,64,32,0,8,16,8,0,0,64,0,2,4,1,3,3,1,1,2,0,0,1,0,0
4836,4,zeros-la-1-2,zeros-la-1,325,4836,4,728,512,8,8,4,0,512,64,32,2,8,16,8,0,64,2,0,0,4,2,1,4,1,1,2,0,0,1,0,0
4852,4,zeros-la-1-2,zeros-la-1,326,4852,4,730,512,16,4,0,0,512,64,32,2,8,16,8,0,64,2,2,0,4,3,1,2,2,1,2,0,0,1,0,0
4856,4,zeros-la-1-2,zeros-la-1,327,4856,4,732,512,2,0,16,4,512,64,32,2,0,8,16,8,0,0,64,4,4,2,2,2,2,1,2,0,0,1,0,0
4856,3,zeros-la-1-2,zeros-la-1,328,4856,3,734,512,2,2,16,4,512,64,32,2,0,8,16,8,0,0,64,4,3,3,2,2,2,1,2,0,0,1,0,0
4860,3,zeros-la-1-2,zeros-la-1,329,4860,3,738,512,4,16,4,4,512,64,32,2,8,16,8,0,64,4,0,0,3,1,4,2,2,1,2,0,0,1,0,0
4868,3,zeros-la-1-2,zeros-la-1,330,4868,3,742,512,4,16,8,0,512,64,32,2,8,16,8,0,64,4,0,4,3,1,3,3,2,1,2,0,0,1,0,0
4876,3,zeros-la-1-2,zeros-la-1,331,4876,3,744,512,4,16,8,0,512,64,32,2,8,16,8,0,64,8,0,2,3,2,1,4,2,1,2,0,0,1,0,0
4880,3,zeros-la-1-2,zeros-la-1,332,4880,3,746,512,4,16,0,0,512,64,8,2,8,16,32,0,64,8,8,4,3,1,2,4,2,1,2,0,0,1,0,0
4896,3,zeros-la-1-2,zeros-la-1,333,4896,3,748,512,4,16,0,0,512,64,8,2,8,16,32,0,64,16,4,2,3,2,2,2,3,1,2,0,0,1,0,0
4932,4,zeros-la-1-2,zeros-la-1,334,4932,4,750,512,4,0,0,2,512,16,8,0,8,64,32,0,64,32,4,4,4,1,3,2,1,2,2,0,0,1,0,0
4940,4,zeros-la-1-2,zeros-la-1,335,4940,4,752,512,4,2,2,0,512,16,8,0,8,64,32,0,64,32,8,0,4,2,1,3,1,2,2,0,0,1,0,0
4944,4,zeros-la-1-2,zeros-la-1,336,4944,4,754,512,2,0,4,4,0,512,16,8,0,8,64,32,0,64,32,8,4,1,2,3,1,2,2,0,0,1,0,0
4952,4,zeros-la-1-2,zeros-la-1,337,4952,4,756,512,0,2,2,8,0,512,16,8,0,8,64,32,0,64,32,8,4,2,0,4,1,2,2,0,0,1,0,0
4968,4,zeros-la-1-2,zeros-la-1,338,4968,4,758,512,0,2,2,0,2,512,16,16,0,8,64,32,0,64,32,8,4,3,0,2,2,2,2,0,0,1,0,0
5004,5,zeros-la-1-2,zeros-la-1,339,5004,5,760,512,0,0,0,4,2,2,512,32,0,8,64,32,0,64,32,8,5,2,1,2,0,3,2,0,0,1,0,0
5008,5,zeros-la-1-2,zeros-la-1,340,5008,5,762,512,4,0,2,0,4,512,32,0,8,64,32,0,64,32,8,0,5,1,2,2,0,3,2,0,0,1,0,0
5080,6,zeros-la-1-2,zeros-la-1,341,5080,6,764,512,0,2,0,0,8,512,2,0,8,64,64,0,64,32,8,0,6,2,0,3,0,1,3,0,0,1,0,0
5096,6,zeros-la-1-2,zeros-la-1,342,5096,6,766,512,0,2,0,0,0,512,2,2,16,64,64,0,64,32,8,0,6,3,0,1,1,1,3,0,0,1,0,0
5228,7,zeros-la-1-2,zeros-la-1,343,5228,7,768,512,0,0,2,2,0,0,512,4,0,0,16,128,0,64,32,8,7,2,1,1,1,1,1,1,0,1,0,0
5232,7,zeros-la-1-2,zeros-la-1,344,5232,7,770,512,0,0,0,4,0,0,512,4,2,0,16,128,0,64,32,8,7,1,2,1,1,1,1,1,0,1,0,0
5240,7,zeros-la-1-2,zeros-la-1,345,5240,7,772,512,2,64,512,8,0,0,16,128,0,2,32,8,0,0,0,0,7,2,0,2,1,1,1,1,0,1,0,0
5240,6,zeros-la-1-2,zeros-la-1,346,5240,6,776,512,4,0,0,0,0,0,512,8,0,64,16,128,2,2,32,8,6,2,1,2,1,1,1,1,0,1,0,0
5244,6,zeros-la-1-2,zeros-la-1,347,5244,6,778,512,4,0,0,0,512,8,0,0,64,16,128,2,4,32,8,0,6,1,2,2,1,1,1,1,0,1,0,0
5244,5,zeros-la-1-2,zeros-la-1,348,5244,5,780,512,4,0,0,0,512,8,0,0,64,16,128,2,4,32,8,2,5,2,2,2,1,1,1,1,0,1,0,0
5248,5,zeros-la-1-2,zeros-la-1,349,5248,5,782,512,4,8,128,4,512,16,8,0,64,32,0,2,4,0,0,0,5,1,3,2,1,1,1,1,0,1,0,0
5248,4,zeros-la-1-2,zeros-la-1,350,5248,4,784,512,4,8,128,4,512,16,8,0,64,32,2,0,4,2,0,0,4,2,3,2,1,1,1,1,0,1,0,0
5248,3,zeros-la-1-2,zeros-la-1,351,5248,3,786,512,4,8,128,4,512,16,8,0,64,32,2,0,4,2,0,2,3,3,3,2,1,1,1,1,0,1,0,0
5252,3,zeros-la-1-2,zeros-la-1,352,5252,3,788,512,4,8,128,4,0,512,16,8,0,64,32,2,2,0,4,4,3,2,4,2,1,1,1,1,0,1,0,0
5260,3,zeros-la-1-2,zeros-la-1,353,5260,3,790,512,4,8,128,4,0,512,16,8,0,64,32,2,2,0,2,8,3,3,2,3,1,1,1,1,0,1,0,0
5264,3,zeros-la-1-2,zeros-la-1,354,5264,3,792,512,4,8,128,4,0,512,16,8,0,64,32,2,0,2,4,8,3,2,3,3,1,1,1,1,0,1,0,0
5264,2,zeros-la-1-2,zeros-la-1,355,5264,2,796,512,4,8,128,4,512,16,8,0,64,32,2,0,2,4,8,4,2,2,4,3,1,1,1,1,0,1,0,0
5272,2,zeros-la-1-2,zeros-la-1,356,5272,2,798,512,4,8,128,0,512,16,8,0,64,32,2,2,2,4,8,8,2,3,2,4,1,1,1,1,0,1,0,0
5292,3,zeros-la-1-2,zeros-la-1,357,5292,3,800,512,0,4,8,128,0,512,16,8,0,64,32,4,2,2,4,16,3,2,3,2,2,1,1,1,0,1,0,0
5296,3,zeros-la-1-2,zeros-la-1,358,5296,3,802,512,4,8,128,0,512,16,8,0,64,32,4,0,4,4,16,2,3,1,4,2,2,1,1,1,0,1,0,0
5304,3,zeros-la-1-2,zeros-la-1,359,5304,3,804,512,0,4,8,128,2,512,16,8,0,64,32,4,0,8,16,2,3,2,2,3,2,1,1,1,0,1,0,0
5304,2,zeros-la-1-2,zeros-la-1,360,5304,2,806,512,0,4,8,128,2,512,16,8,0,64,32,4,2,8,16,2,2,3,2,3,2,1,1,1,0,1,0,0
5308,2,zeros-la-1-2,zeros-la-1,361,5308,2,808,512,4,4,8,128,0,512,16,8,0,64,32,4,2,8,16,2,2,2,3,3,2,1,1,1,0,1,0,0
5316,2,zeros-la-1-2,zeros-la-1,362,5316,2,810,512,8,8,128,0,512,16,8,2,64,32,4,0,2,8,16,2,2,3,1,4,2,1,1,1,0,1,0,0
5332,2,zeros-la-1-2,zeros-la-1,363,5332,2,812,512,16,128,2,0,512,16,8,2,64,32,4,0,2,8,16,2,2,4,1,2,3,1,1,1,0,1,0,0
5336,2,zeros-la-1-2,zeros-la-1,364,5336,2,814,512,16,128,2,4,512,16,8,0,64,32,4,2,2,8,16,0,2,3,2,2,3,1,1,1,0,1,0,0
5336,1,zeros-la-1-2,zeros-la-1,365,5336,1,816,512,16,128,2,2,512,16,8,0,64,32,4,4,2,8,16,2,1,4,2,2,3,1,1,1,0,1,0,0
5348,2,zeros-la-1-2,zeros-la-1,366,5348,2,818,512,0,16,128,4,0,512,16,8,2,64,32,8,2,8,16,2,2,3,1,3,3,1,1,1,0,1,0,0
5368,3,zeros-la-1-2,zeros-la-1,367,5368,3,822,512,4,16,128,4,0,512,16,16,4,64,32,2,0,8,16,0,3,1,3,1,4,1,1,1,0,1,0,0
5376,3,zeros-la-1-2,zeros-la-1,368,5376,3,824,512,0,16,128,0,0,512,16,4,2,64,32,16,8,8,16,2,3,2,1,2,4,1,1,1,0,1,0,0
5392,3,zeros-la-1-2,zeros-la-1,369,5392,3,826,512,0,0,16,128,2,512,16,4,2,64,32,16,0,16,16,2,3,3,1,0,5,1,1,1,0,1,0,0
5428,4,zeros-la-1-2,zeros-la-1,370,5428,4,828,512,4,512,32,128,0,64,32,4,2,16,16,16,0,0,0,2,4,2,2,0,3,2,1,1,0,1,0,0
5492,4,zeros-la-1-2,zeros-la-1,371,5492,4,830,512,0,0,0,128,2,512,0,4,4,64,64,16,2,16,16,2,4,3,2,0,3,0,2,1,0,1,0,0
5652,5,zeros-la-1-2,zeros-la-1,372,5652,5,834,512,0,0,0,128,4,2,512,4,0,4,128,16,0,2,32,2,5,3,3,0,1,1,0,2,0,1,0,0
5652,4,zeros-la-1-2,zeros-la-1,373,5652,4,836,512,128,0,0,0,4,2,512,4,4,128,16,2,2,32,2,0,4,4,3,0,1,1,0,2,0,1,0,0
5660,4,zeros-la-1-2,zeros-la-1,374,5660,4,840,512,0,0,4,0,128,2,512,0,8,128,16,4,2,32,2,2,4,4,2,1,1,1,0,2,0,1,0,0
5664,4,zeros-la-1-2,zeros-la-1,375,5664,4,844,512,4,0,0,4,0,128,2,512,8,128,16,4,0,2,32,4,4,2,4,1,1,1,0,2,0,1,0,0
5928,5,zeros-la-1-2,zeros-la-1,376,5928,5,846,512,0,0,0,0,2,0,2,4,4,256,16,512,8,2,32,8,5,3,2,2,1,1,0,0,1,1,0,0
5932,5,zeros-la-1-2,zeros-la-1,377,5932,5,848,512,0,0,0,0,4,4,2,0,4,256,16,512,8,2,32,8,5,2,3,2,1,1,0,0,1,1,0,0
5940,5,zeros-la-1-2,zeros-la-1,378,5940,5,850,512,0,0,0,2,0,4,2,0,8,256,16,512,8,2,32,8,5,3,1,3,1,1,0,0,1,1,0,0
5956,5,zeros-la-1-2,zeros-la-1,379,5956,5,852,512,16,4,2,2,0,256,16,512,0,2,32,8,0,0,2,0,5,4,1,1,2,1,0,0,1,1,0,0
5960,5,zeros-la-1-2,zeros-la-1,380,5960,5,854,512,16,4,4,2,256,16,512,0,2,32,8,0,2,0,0,0,5,3,2,1,2,1,0,0,1,1,0,0
5968,5,zeros-la-1-2,zeros-la-1,381,5968,5,856,512,16,8,2,0,256,16,512,2,2,32,8,0,2,0,0,0,5,4,0,2,2,1,0,0,1,1,0,0
5972,5,zeros-la-1-2,zeros-la-1,382,5972,5,858,512,16,8,2,2,256,16,512,0,4,32,8,0,0,0,0,2,5,3,1,2,2,1,0,0,1,1,0,0
5976,5,zeros-la-1-2,zeros-la-1,383,5976,5,860,512,0,16,8,4,0,256,16,512,0,4,32,8,0,2,0,2,5,2,2,2,2,1,0,0,1,1,0,0
5980,5,zeros-la-1-2,zeros-la-1,384,5980,5,864,512,16,8,4,0,256,16,512,0,4,32,8,0,4,0,0,4,5,0,4,2,2,1,0,0,1,1,0,0
5988,5,zeros-la-1-2,zeros-la-1,385,5988,5,866,512,16,8,4,4,256,16,512,0,8,32,8,0,0,0,0,2,5,1,2,3,2,1,0,0,1,1,0,0
5996,5,zeros-la-1-2,zeros-la-1,386,5996,5,868,512,16,8,8,2,256,16,512,0,8,32,8,0,2,0,0,0,5,2,0,4,2,1,0,0,1,1,0,0
6012,5,zeros-la-1-2,zeros-la-1,387,6012,5,870,512,16,16,2,0,256,16,512,0,8,32,8,0,2,0,0,2,5,3,0,2,3,1,0,0,1,1,0,0
6048,6,zeros-la-1-2,zeros-la-1,388,6048,6,872,512,32,2,0,0,256,16,512,2,8,32,8,0,4,0,0,0,6,2,1,2,1,2,0,0,1,1,0,0
6048,5,zeros-la-1-2,zeros-la-1,389,6048,5,874,512,32,2,2,0,256,16,512,2,8,32,8,0,4,0,0,0,5,3,1,2,1,2,0,0,1,1,0,0
6052,5,zeros-la-1-2,zeros-la-1,390,6052,5,876,512,32,4,0,0,256,16,512,2,8,32,8,0,4,0,0,2,5,2,2,2,1,2,0,0,1,1,0,0
6056,5,zeros-la-1-2,zeros-la-1,391,6056,5,878,512,32,4,512,4,256,16,8,2,8,32,0,0,4,0,0,0,5,1,3,2,1,2,0,0,1,1,0,0
6056,4,zeros-la-1-2,zeros-la-1,392,6056,4,880,512,32,4,512,4,256,16,8,2,0,0,8,32,0,0,2,4,4,2,3,2,1,2,0,0,1,1,0,0
6072,4,zeros-la-1-2,zeros-la-1,393,6072,4,882,512,32,4,512,4,256,16,16,2,0,2,2,32,0,0,0,4,4,3,3,0,2,2,0,0,1,1,0,0
6108,5,zeros-la-1-2,zeros-la-1,394,6108,5,884,512,32,4,512,4,256,32,2,0,4,32,0,0,4,0,2,0,5,2,4,0,0,3,0,0,1,1,0,0
6184,7,zeros-la-1-2,zeros-la-1,395,6184,7,886,512,0,0,0,2,32,0,0,0,256,4,512,0,8,64,4,4,7,1,3,1,0,1,1,0,1,1,0,0
6192,7,zeros-la-1-2,zeros-la-1,396,6192,7,888,512,0,2,0,2,0,0,0,32,0,256,4,512,0,8,64,8,7,2,1,2,0,1,1,0,1,1,0,0
6196,7,zeros-la-1-2,zeros-la-1,397,6196,7,890,512,0,0,0,4,2,0,0,32,0,256,4,512,0,8,64,8,7,1,2,2,0,1,1,0,1,1,0,0
6196,6,zeros-la-1-2,zeros-la-1,398,6196,6,894,512,2,256,4,4,0,8,64,32,0,0,0,512,0,4,0,8,6,1,3,2,0,1,1,0,1,1,0,0
6204,6,zeros-la-1-2,zeros-la-1,399,6204,6,896,512,2,256,8,2,8,64,32,0,512,0,0,0,4,8,0,0,6,2,1,3,0,1,1,0,1,1,0,0
6204,5,zeros-la-1-2,zeros-la-1,400,6204,5,898,512,2,256,8,2,0,8,64,32,0,2,0,512,0,0,4,8,5,3,1,3,0,1,1,0,1,1,0,0
6204,4,zeros-la-1-2,zeros-la-1,401,6204,4,900,512,0,0,2,2,0,256,8,32,0,8,64,512,2,2,4,8,4,4,1,3,0,1,1,0,1,1,0,0
6212,5,zeros-la-1-2,zeros-la-1,402,6212,5,902,512,4,0,0,0,256,8,32,0,8,64,512,0,4,4,8,2,5,1,3,3,0,1,1,0,1,1,0,0
6220,5,zeros-la-1-2,zeros-la-1,403,6220,5,904,512,4,0,0,0,256,8,32,0,8,64,512,0,8,8,2,2,5,2,1,4,0,1,1,0,1,1,0,0
6240,6,zeros-la-1-2,zeros-la-1,404,6240,6,906,512,4,0,0,0,256,8,32,0,8,64,512,0,16,4,2,0,6,1,2,2,1,1,1,0,1,1,0,0
6240,5,zeros-la-1-2,zeros-la-1,405,6240,5,910,512,0,0,0,4,0,256,8,32,0,8,64,512,4,16,4,2,5,1,3,2,1,1,1,0,1,1,0,0
6240,4,zeros-la-1-2,zeros-la-1,406,6240,4,912,512,4,256,8,4,0,8,64,32,2,16,4,512,0,0,0,2,4,2,3,2,1,1,1,0,1,1,0,0
6240,3,zeros-la-1-2,zeros-la-1,407,6240,3,914,512,4,256,8,4,0,8,64,32,2,16,4,512,0,0,2,2,3,3,3,2,1,1,1,0,1,1,0,0
6244,3,zeros-la-1-2,zeros-la-1,408,6244,3,916,512,4,256,8,4,0,8,64,32,2,16,4,512,0,2,0,4,3,2,4,2,1,1,1,0,1,1,0,0
6244,2,zeros-la-1-2,zeros-la-1,409,6244,2,918,512,0,256,2,4,0,8,8,32,4,16,64,512,2,2,4,4,2,3,4,2,1,1,1,0,1,1,0,0
6272,4,zeros-la-1-2,zeros-la-1,410,6272,4,920,512,256,2,4,2,16,32,0,0,4,16,64,512,4,8,0,0,4,2,3,1,2,1,1,0,1,1,0,0
6280,4,zeros-la-1-2,zeros-la-1,411,6280,4,924,512,4,2,0,0,256,32,0,0,16,16,4,2,8,8,64,512,4,2,2,2,2,1,1,0,1,1,0,0
6328,5,zeros-la-1-2,zeros-la-1,412,6328,5,926,512,4,2,0,2,256,32,0,0,32,4,2,0,16,64,512,0,5,3,2,0,1,2,1,0,1,1,0,0
6332,5,zeros-la-1-2,zeros-la-1,413,6332,5,928,512,4,4,0,0,256,32,0,0,32,4,2,0,16,64,512,2,5,2,3,0,1,2,1,0,1,1,0,0
6340,5,zeros-la-1-2,zeros-la-1,414,6340,5,930,512,0,0,0,8,0,0,256,32,2,32,4,2,16,64,512,2,5,3,1,1,1,2,1,0,1,1,0,0
6344,5,zeros-la-1-2,zeros-la-1,415,6344,5,932,512,2,32,256,8,16,64,4,32,0,0,512,4,0,0,0,2,5,2,2,1,1,2,1,0,1,1,0,0
6344,4,zeros-la-1-2,zeros-la-1,416,6344,4,934,512,2,32,256,8,16,64,4,32,2,0,512,4,0,0,0,2,4,3,2,1,1,2,1,0,1,1,0,0
6344,3,zeros-la-1-2,zeros-la-1,417,6344,3,938,512,2,32,256,8,16,64,4,32,2,512,4,0,2,4,0,0,3,3,3,1,1,2,1,0,1,1,0,0
6356,4,zeros-la-1-2,zeros-la-1,418,6356,4,942,512,4,32,0,0,2,64,0,0,16,512,256,8,4,4,8,32,4,1,3,2,1,2,1,0,1,1,0,0
6364,4,zeros-la-1-2,zeros-la-1,419,6364,4,944,512,2,0,4,32,0,0,2,64,16,512,256,8,0,8,8,32,4,2,1,3,1,2,1,0,1,1,0,0
6380,4,zeros-la-1-2,zeros-la-1,420,6380,4,946,512,2,4,32,0,2,64,0,0,16,512,256,8,16,32,0,2,4,3,1,1,2,2,1,0,1,1,0,0
6416,5,zeros-la-1-2,zeros-la-1,421,6416,5,948,512,4,4,32,8,32,64,256,2,0,512,2,0,0,32,0,0,5,2,2,1,0,3,1,0,1,1,0,0
6424,5,zeros-la-1-2,zeros-la-1,422,6424,5,950,512,8,32,8,0,32,64,256,2,512,2,0,0,32,0,0,2,5,3,0,2,0,3,1,0,1,1,0,0
6428,5,zeros-la-1-2,zeros-la-1,423,6428,5,952,512,8,0,0,2,32,32,0,0,512,64,8,0,32,2,256,4,5,2,1,2,0,3,1,0,1,1,0,0
6492,5,zeros-la-1-2,zeros-la-1,424,6492,5,954,512,8,2,0,2,64,0,0,0,512,64,8,0,32,2,256,4,5,3,1,2,0,1,2,0,1,1,0,0
6496,5,zeros-la-1-2,zeros-la-1,425,6496,5,956,512,0,0,8,4,2,0,0,64,0,512,64,8,32,2,256,4,5,2,2,2,0,1,2,0,1,1,0,0
6496,4,zeros-la-1-2,zeros-la-1,426,6496,4,958,512,8,4,0,0,2,64,2,0,512,64,8,0,32,2,256,4,4,3,2,2,0,1,2,0,1,1,0,0
6624,4,zeros-la-1-2,zeros-la-1,427,6624,4,960,512,8,2,0,0,2,4,2,0,512,128,8,0,32,2,256,4,4,4,2,2,0,1,0,1,1,1,0,0
6624,3,zeros-la-1-2,zeros-la-1,428,6624,3,962,512,0,0,8,2,0,2,4,2,2,512,128,8,32,2,256,4,3,5,2,2,0,1,0,1,1,1,0,0
6628,3,zeros-la-1-2,zeros-la-1,429,6628,3,964,512,2,2,8,4,32,512,4,8,0,2,128,4,2,0,256,0,3,4,3,2,0,1,0,1,1,1,0,0
6632,3,zeros-la-1-2,zeros-la-1,430,6632,3,966,512,4,8,4,0,32,512,4,8,2,128,4,2,2,256,0,0,3,3,4,2,0,1,0,1,1,1,0,0
6644,4,zeros-la-1-2,zeros-la-1,431,6644,4,968,512,4,8,8,8,32,512,4,2,4,128,0,0,0,256,0,2,4,2,3,3,0,1,0,1,1,1,0,0
6648,4,zeros-la-1-2,zeros-la-1,432,6648,4,970,512,0,8,2,0,4,512,0,0,32,128,8,8,4,256,4,4,4,1,4,3,0,1,0,1,1,1,0,0
6672,5,zeros-la-1-2,zeros-la-1,433,6672,5,972,512,8,2,0,0,4,512,0,0,32,128,16,2,4,256,8,0,5,2,2,2,1,1,0,1,1,1,0,0
6672,4,zeros-la-1-2,zeros-la-1,434,6672,4,974,512,8,2,2,0,4,512,0,0,32,128,16,2,4,256,8,0,4,3,2,2,1,1,0,1,1,1,0,0
6676,4,zeros-la-1-2,zeros-la-1,435,6676,4,978,512,8,4,0,0,4,512,0,4,32,128,16,2,4,256,8,0,4,1,4,2,1,1,0,1,1,1,0,0
6676,3,zeros-la-1-2,zeros-la-1,436,6676,3,980,512,8,4,0,0,4,512,4,2,32,128,16,2,4,256,8,0,3,2,4,2,1,1,0,1,1,1,0,0
6680,3,zeros-la-1-2,zeros-la-1,437,6680,3,982,512,8,4,4,4,4,512,16,2,32,128,8,0,4,256,0,0,3,1,5,2,1,1,0,1,1,1,0,0
6688,3,zeros-la-1-2,zeros-la-1,438,6688,3,984,512,8,8,4,0,4,512,16,2,32,128,8,0,4,256,0,2,3,2,3,3,1,1,0,1,1,1,0,0
6692,3,zeros-la-1-2,zeros-la-1,439,6692,3,986,512,8,8,4,4,4,512,16,0,32,128,8,0,4,256,0,2,3,1,4,3,1,1,0,1,1,1,0,0
6716,4,zeros-la-1-2,zeros-la-1,440,6716,4,988,512,16,8,2,0,4,512,16,0,32,128,8,0,4,256,2,0,4,2,2,2,2,1,0,1,1,1,0,0
6716,3,zeros-la-1-2,zeros-la-1,441,6716,3,990,512,16,8,2,0,4,512,16,0,32,128,8,2,4,256,2,0,3,3,2,2,2,1,0,1,1,1,0,0
6716,2,zeros-la-1-2,zeros-la-1,442,6716,2,992,512,16,8,2,2,4,512,16,0,32,128,8,0,4,256,2,2,2,4,2,2,2,1,0,1,1,1,0,0
6724,3,zeros-la-1-2,zeros-la-1,443,6724,3,994,512,16,8,4,0,4,512,16,0,32,128,8,0,4,256,4,2,3,1,4,2,2,1,0,1,1,1,0,0
6724,2,zeros-la-1-2,zeros-la-1,444,6724,2,996,512,16,8,4,0,4,512,16,2,32,128,8,0,4,256,4,2,2,2,4,2,2,1,0,1,1,1,0,0
6728,2,zeros-la-1-2,zeros-la-1,445,6728,2,998,512,16,8,4,0,4,512,16,2,32,128,8,0,4,256,4,4,2,1,5,2,2,1,0,1,1,1,0,0
6736,2,zeros-la-1-2,zeros-la-1,446,6736,2,1000,512,16,8,4,0,4,512,16,2,32,128,8,2,4,256,8,0,2,2,3,3,2,1,0,1,1,1,0,0
6756,3,zeros-la-1-2,zeros-la-1,447,6756,3,1002,512,16,8,4,4,4,512,16,0,32,128,16,0,4,256,2,0,3,1,4,1,3,1,0,1,1,1,0,0
6764,3,zeros-la-1-2,zeros-la-1,448,6764,3,1004,512,16,8,8,0,4,512,16,0,32,128,16,2,4,256,2,0,3,2,2,2,3,1,0,1,1,1,0,0
6780,3,zeros-la-1-2,zeros-la-1,449,6780,3,1006,512,16,16,2,0,4,512,16,0,32,128,16,2,4,256,2,0,3,3,2,0,4,1,0,1,1,1,0,0
6812,3,zeros-la-1-2,zeros-la-1,450,6812,3,1008,512,16,16,2,2,4,512,32,0,32,128,2,2,4,256,0,0,3,4,2,0,2,2,0,1,1,1,0,0
6852,5,zeros-la-1-2,zeros-la-1,451,6852,5,1012,512,0,0,32,4,0,4,512,32,4,32,128,4,0,0,4,256,5,0,5,0,0,3,0,1,1,1,0,0
6852,4,zeros-la-1-2,zeros-la-1,452,6852,4,1014,512,4,4,32,4,0,32,512,32,0,2,128,4,0,0,4,256,4,1,5,0,0,3,0,1,1,1,0,0
6860,4,zeros-la-1-2,zeros-la-1,453,6860,4,1016,512,0,8,32,4,0,32,512,32,0,2,128,4,0,2,4,256,4,2,3,1,0,3,0,1,1,1,0,0
6864,4,zeros-la-1-2,zeros-la-1,454,6864,4,1020,512,0,0,32,4,4,8,512,32,0,32,128,4,0,4,4,256,4,0,5,1,0,3,0,1,1,1,0,0
6872,4,zeros-la-1-2,zeros-la-1,455,6872,4,1022,512,2,0,32,4,4,8,512,32,0,32,128,4,0,0,8,256,4,1,3,2,0,3,0,1,1,1,0,0
6872,3,zeros-la-1-2,zeros-la-1,456,6872,3,1024,512,0,2,32,4,4,8,512,32,2,32,128,4,0,0,8,256,3,2,3,2,0,3,0,1,1,1,0,0
6872,2,zeros-la-1-2,zeros-la-1,457,6872,2,1026,512,4,2,32,4,2,8,512,32,2,32,128,4,0,0,8,256,2,3,3,2,0,3,0,1,1,1,0,0
6876,2,zeros-la-1-2,zeros-la-1,458,6876,2,1028,512,0,2,32,4,0,2,512,32,4,8,128,4,4,32,8,256,2,2,4,2,0,3,0,1,1,1,0,0
6888,3,zeros-la-1-2,zeros-la-1,459,6888,3,1030,512,0,2,32,4,0,4,512,32,0,8,128,4,8,32,8,256,3,1,3,3,0,3,0,1,1,1,0,0
6888,2,zeros-la-1-2,zeros-la-1,460,6888,2,1034,512,2,32,4,0,4,512,32,0,8,128,4,4,8,32,8,256,2,1,4,3,0,3,0,1,1,1,0,0
6896,2,zeros-la-1-2,zeros-la-1,461,6896,2,1036,512,2,32,4,0,4,512,32,2,8,128,8,0,8,32,8,256,2,2,2,4,0,3,0,1,1,1,0,0
6928,3,zeros-la-1-2,zeros-la-1,462,6928,3,1038,512,0,32,0,2,2,512,4,0,4,128,32,2,16,32,16,256,3,3,2,0,2,3,0,1,1,1,0,0
6932,3,zeros-la-1-2,zeros-la-1,463,6932,3,1040,512,2,32,4,4,4,512,32,256,16,128,16,0,0,32,0,2,3,2,3,0,2,3,0,1,1,1,0,0
6940,3,zeros-la-1-2,zeros-la-1,464,6940,3,1042,512,0,2,32,8,4,512,32,256,2,16,128,16,0,0,32,2,3,3,1,1,2,3,0,1,1,1,0,0
7004,3,zeros-la-1-2,zeros-la-1,465,7004,3,1044,512,4,2,64,8,2,512,128,256,0,16,32,16,0,2,0,2,3,4,1,1,2,1,1,1,1,1,0,0
7008,3,zeros-la-1-2,zeros-la-1,466,7008,3,1046,512,4,2,64,8,2,512,128,256,2,16,32,16,0,0,0,4,3,3,2,1,2,1,1,1,1,1,0,0
7012,3,zeros-la-1-2,zeros-la-1,467,7012,3,1048,512,0,2,0,8,0,2,64,256,4,512,128,16,4,16,32,4,3,2,3,1,2,1,1,1,1,1,0,0
7024,4,zeros-la-1-2,zeros-la-1,468,7024,4,1050,512,0,0,0,8,2,4,64,256,0,512,128,16,8,16,32,4,4,1,2,2,2,1,1,1,1,1,0,0
7024,3,zeros-la-1-2,zeros-la-1,469,7024,3,1052,512,2,4,64,8,8,512,128,256,0,16,32,16,0,0,2,4,3,2,2,2,2,1,1,1,1,1,0,0
7024,2,zeros-la-1-2,zeros-la-1,470,7024,2,1056,512,2,4,64,8,8,512,128,256,0,16,32,16,0,4,2,4,2,2,3,2,2,1,1,1,1,1,0,0
7024,1,zeros-la-1-2,zeros-la-1,471,7024,1,1058,512,0,4,64,8,2,512,128,256,2,16,32,16,8,4,2,4,1,3,3,2,2,1,1,1,1,1,0,0
7028,1,zeros-la-1-2,zeros-la-1,472,7028,1,1060,512,4,4,64,8,8,512,128,256,2,16,32,16,0,4,2,4,1,2,4,2,2,1,1,1,1,1,0,0
7036,1,zeros-la-1-2,zeros-la-1,473,7036,1,1062,512,8,64,8,0,8,512,128,256,2,16,32,16,4,2,4,2,1,3,2,3,2,1,1,1,1,1,0,0
7052,1,zeros-la-1-2,zeros-la-1,474,7052,1,1066,512,16,64,8,256,2,512,128,16,4,16,32,2,0,2,4,4,1,3,3,1,3,1,1,1,1,1,0,0
7060,1,zeros-la-1-2,zeros-la-1,475,7060,1,1068,512,16,64,8,256,2,512,128,16,4,16,32,2,2,0,2,8,1,4,1,2,3,1,1,1,1,1,0,0
7064,1,zeros-la-1-2,zeros-la-1,476,7064,1,1070,512,16,64,8,256,2,512,128,16,4,16,32,2,4,8,2,0,1,3,2,2,3,1,1,1,1,1,0,0
7072,1,zeros-la-1-2,zeros-la-1,477,7072,1,1072,512,0,64,8,2,16,512,128,256,2,16,32,16,8,8,2,2,1,4,0,3,3,1,1,1,1,1,0,0
7092,2,zeros-la-1-2,zeros-la-1,478,7092,2,1074,512,64,8,2,2,16,512,128,256,2,16,32,16,16,4,0,0,2,3,1,1,4,1,1,1,1,1,0,0
7096,2,zeros-la-1-2,zeros-la-1,479,7096,2,1076,512,64,8,4,0,16,512,128,256,2,16,32,16,16,4,0,2,2,2,2,1,4,1,1,1,1,1,0,0
7096,1,zeros-la-1-2,zeros-la-1,480,7096,1,1078,512,2,64,8,4,16,512,128,256,2,16,32,16,0,16,4,2,1,3,2,1,4,1,1,1,1,1,0,0
7128,1,zeros-la-1-2,zeros-la-1,481,7128,1,1080,512,2,64,8,4,16,512,128,256,2,32,32,16,0,2,4,2,1,4,2,1,2,2,1,1,1,1,0,0
7192,1,zeros-la-1-2,zeros-la-1,482,7192,1,1082,512,2,64,8,4,16,512,128,256,0,2,64,16,2,2,4,2,1,5,2,1,2,0,2,1,1,1,0,0
7196,1,zeros-la-1-2,zeros-la-1,483,7196,1,1084,512,0,2,8,4,2,64,128,256,16,512,64,16,2,4,4,2,1,4,3,1,2,0,2,1,1,1,0,0
7204,1,zeros-la-1-2,zeros-la-1,484,7204,1,1086,512,2,8,4,0,2,64,128,256,16,512,64,16,2,8,2,2,1,5,1,2,2,0,2,1,1,1,0,0
7208,1,zeros-la-1-2,zeros-la-1,485,7208,1,1088,512,2,2,8,4,2,64,128,256,16,512,64,16,0,2,8,4,1,4,2,2,2,0,2,1,1,1,0,0
7212,1,zeros-la-1-2,zeros-la-1,486,7212,1,1090,512,0,4,8,4,2,64,128,256,16,512,64,16,2,2,8,4,1,3,3,2,2,0,2,1,1,1,0,0
7216,1,zeros-la-1-2,zeros-la-1,487,7216,1,1092,512,0,4,8,4,2,64,128,256,16,512,64,16,2,4,8,4,1,2,4,2,2,0,2,1,1,1,0,0
7216,0,zeros-la-1-2,zeros-la-1,488,7216,0,1094,512,2,4,8,4,16,64,128,256,2,512,64,16,2,4,8,4,0,3,4,2,2,0,2,1,1,1,0,0
7220,0,zeros-la-1-2,zeros-la-1,489,7220,0,1098,512,4,4,8,4,2,64,128,256,16,512,64,16,4,4,8,4,0,1,6,2,2,0,2,1,1,1,0,0
7236,1,zeros-la-1-2,zeros-la-1,490,7236,1,1100,512,8,8,4,0,2,64,128,256,16,512,64,16,8,8,4,2,1,2,2,4,2,0,2,1,1,1,0,0
7268,2,zeros-la-1-2,zeros-la-1,491,7268,2,1102,512,16,4,0,2,2,64,128,256,16,512,64,16,16,4,2,0,2,3,2,0,4,0,2,1,1,1,0,0
7300,2,zeros-la-1-2,zeros-la-1,492,7300,2,1104,512,16,4,128,2,2,64,64,256,32,512,2,16,0,4,2,0,2,4,2,0,2,1,2,1,1,1,0,0
7304,2,zeros-la-1-2,zeros-la-1,493,7304,2,1106,512,0,4,0,2,16,64,128,2,2,512,64,256,32,4,4,16,2,3,3,0,2,1,2,1,1,1,0,0
7312,2,zeros-la-1-2,zeros-la-1,494,7312,2,1108,512,4,2,2,0,16,64,128,2,2,512,64,256,32,8,16,0,2,4,1,1,2,1,2,1,1,1,0,0
7316,2,zeros-la-1-2,zeros-la-1,495,7316,2,1110,512,4,4,0,0,16,64,128,2,2,512,64,256,32,8,16,2,2,3,2,1,2,1,2,1,1,1,0,0
7324,2,zeros-la-1-2,zeros-la-1,496,7324,2,1112,512,8,0,2,0,16,64,128,2,2,512,64,256,32,8,16,2,2,4,0,2,2,1,2,1,1,1,0,0
7324,1,zeros-la-1-2,zeros-la-1,497,7324,1,1114,512,8,64,2,2,16,512,128,256,2,8,64,2,32,0,16,2,1,5,0,2,2,1,2,1,1,1,0,0
7328,1,zeros-la-1-2,zeros-la-1,498,7328,1,1116,512,0,8,64,4,16,512,128,256,2,8,64,2,2,32,16,2,1,4,1,2,2,1,2,1,1,1,0,0
7336,2,zeros-la-1-2,zeros-la-1,499,7336,2,1118,512,2,8,64,0,0,512,128,4,16,8,64,256,4,32,16,4,2,1,3,2,2,1,2,1,1,1,0,0
7336,1,zeros-la-1-2,zeros-la-1,500,7336,1,1120,512,2,8,64,0,2,512,128,4,16,8,64,256,4,32,16,4,1,2,3,2,2,1,2,1,1,1,0,0
7340,1,zeros-la-1-2,zeros-la-1,501,7340,1,1122,512,4,8,64,4,16,512,128,256,4,8,64,4,0,32,16,2,1,1,4,2,2,1,2,1,1,1,0,0
7340,0,zeros-la-1-2,zeros-la-1,502,7340,0,1124,512,4,8,64,4,16,512,128,256,4,8,64,4,32,16,2,2,0,2,4,2,2,1,2,1,1,1,0,0
7344,0,zeros-la-1-2,zeros-la-1,503,7344,0,1126,512,4,8,64,4,16,512,128,256,4,8,64,4,2,32,16,4,0,1,5,2,2,1,2,1,1,1,0,0
7352,0,zeros-la-1-2,zeros-la-1,504,7352,0,1128,512,4,8,64,2,16,512,128,4,4,8,64,256,2,32,16,8,0,2,3,3,2,1,2,1,1,1,0,0
0,13,zeros-la-1-3,zeros-la-1,0,0,13,8,4,0,4,2,0,0,0,0,0,0,0,0,0,0,2,0,0,13,2,1,0,0,0,0,0,0,0,0,0
0,12,zeros-la-1-3,zeros-la-1,1,0,12,10,4,4,2,0,0,0,0,0,0,0,2,0,0,2,0,0,0,12,3,1,0,0,0,0,0,0,0,0,0
4,12,zeros-la-1-3,zeros-la-1,2,4,12,14,4,4,4,0,0,2,0,0,0,0,0,0,4,0,0,0,0,12,1,3,0,0,0,0,0,0,0,0,0
12,12,zeros-la-1-3,zeros-la-1,3,12,12,16,8,8,0,0,0,2,0,2,0,4,0,0,0,0,0,0,0,12,2,1,1,0,0,0,0,0,0,0,0
16,12,zeros-la-1-3,zeros-la-1,4,16,12,18,8,8,0,0,0,4,0,0,2,4,0,0,0,0,0,0,0,12,1,2,1,0,0,0,0,0,0,0,0
24,12,zeros-la-1-3,zeros-la-1,5,24,12,20,8,8,2,0,2,8,0,0,0,0,0,0,0,0,0,0,0,12,2,0,2,0,0,0,0,0,0,0,0
40,12,zeros-la-1-3,zeros-la-1,6,40,12,22,16,0,0,0,0,0,0,0,2,0,0,0,0,16,2,0,2,12,3,0,0,1,0,0,0,0,0,0,0
44,12,zeros-la-1-3,zeros-la-1,7,44,12,24,16,16,2,0,4,0,0,0,2,0,0,0,0,0,0,0,0,12,2,1,0,1,0,0,0,0,0,0,0
44,11,zeros-la-1-3,zeros-la-1,8,44,11,26,16,0,0,0,0,2,0,0,0,0,0,0,4,16,2,0,2,11,3,1,0,1,0,0,0,0,0,0,0
48,11,zeros-la-1-3,zeros-la-1,9,48,11,28,16,0,0,0,0,0,0,0,2,0,0,2,4,0,0,16,4,11,2,2,0,1,0,0,0,0,0,0,0
56,11,zeros-la-1-3,zeros-la-1,10,56,11,30,16,0,0,0,2,0,0,0,0,0,0,2,2,0,0,16,8,11,3,0,1,1,0,0,0,0,0,0,0
60,11,zeros-la-1-3,zeros-la-1,11,60,11,32,16,0,0,2,4,0,0,16,8,0,0,0,2,0,0,0,0,11,2,1,1,1,0,0,0,0,0,0,0
60,10,zeros-la-1-3,zeros-la-1,12,60,10,34,16,2,4,0,0,16,8,0,0,2,0,0,0,0,0,0,2,10,3,1,1,1,0,0,0,0,0,0,0
60,9,zeros-la-1-3,zeros-la-1,13,60,9,36,16,2,4,0,2,16,8,0,0,2,0,0,0,2,0,0,0,9,4,1,1,1,0,0,0,0,0,0,0
64,9,zeros-la-1-3,zeros-la-1,14,64,9,40,16,2,4,0,2,16,8,0,0,4,0,4,0,0,0,0,0,9,2,3,1,1,0,0,0,0,0,0,0
72,9,zeros-la-1-3,zeros-la-1,15,72,9,42,16,2,4,2,0,16,8,0,0,8,2,0,0,0,0,0,0,9,3,1,2,1,0,0,0,0,0,0,0
72,8,zeros-la-1-3,zeros-la-1,16,72,8,44,16,0,2,4,2,0,0,16,8,0,0,8,2,0,0,0,2,8,4,1,2,1,0,0,0,0,0,0,0
76,8,zeros-la-1-3,zeros-la-1,17,76,8,46,16,0,2,0,0,0,0,4,2,0,0,16,8,0,2,8,4,8,3,2,2,1,0,0,0,0,0,0,0
80,8,zeros-la-1-3,zeros-la-1,18,80,8,50,16,4,0,0,0,0,0,4,2,0,0,16,8,0,4,8,4,8,1,4,2,1,0,0,0,0,0,0,0
80,7,zeros-la-1-3,zeros-la-1,19,80,7,52,16,4,0,0,2,4,2,0,0,16,8,0,0,4,8,4,0,7,2,4,2,1,0,0,0,0,0,0,0
104,8,zeros-la-1-3,zeros-la-1,20,104,8,54,16,0,0,0,0,8,0,0,2,16,2,0,0,4,16,4,2,8,3,2,1,2,0,0,0,0,0,0,0
108,8,zeros-la-1-3,zeros-la-1,21,108,8,56,16,8,2,4,4,16,16,0,0,4,0,0,0,2,0,0,0,8,2,3,1,2,0,0,0,0,0,0,0
148,9,zeros-la-1-3,zeros-la-1,22,148,9,58,32,8,2,8,2,32,0,0,0,4,0,0,0,2,0,0,0,9,3,1,2,0,1,0,0,0,0,0,0
148,8,zeros-la-1-3,zeros-la-1,23,148,8,60,32,8,2,8,2,32,2,0,0,4,0,0,0,2,0,0,0,8,4,1,2,0,1,0,0,0,0,0,0
152,8,zeros-la-1-3,zeros-la-1,24,152,8,62,32,8,4,8,2,32,0,0,0,4,2,0,0,2,0,0,0,8,3,2,2,0,1,0,0,0,0,0,0
152,7,zeros-la-1-3,zeros-la-1,25,152,7,64,32,8,0,0,0,32,0,0,0,4,4,2,0,2,2,8,2,7,4,2,2,0,1,0,0,0,0,0,0
164,8,zeros-la-1-3,zeros-la-1,26,164,8,68,32,0,4,0,8,0,0,0,32,0,0,8,2,0,4,8,2,8,2,2,3,0,1,0,0,0,0,0,0
192,10,zeros-la-1-3,zeros-la-1,27,192,10,70,32,0,0,0,0,0,0,0,8,2,0,0,32,0,8,16,4,10,1,1,2,1,1,0,0,0,0,0,0
192,9,zeros-la-1-3,zeros-la-1,28,192,9,72,32,0,0,0,0,0,0,0,8,0,0,2,32,2,8,16,4,9,2,1,2,1,1,0,0,0,0,0,0
192,8,zeros-la-1-3,zeros-la-1,29,192,8,74,32,0,0,0,0,8,0,0,2,2,32,0,0,2,8,16,4,8,3,1,2,1,1,0,0,0,0,0,0
196,8,zeros-la-1-3,zeros-la-1,30,196,8,76,32,0,0,0,2,0,0,0,0,8,32,0,2,4,8,16,4,8,2,2,2,1,1,0,0,0,0,0,0
200,8,zeros-la-1-3,zeros-la-1,31,200,8,78,32,0,0,0,2,0,0,0,0,8,32,0,4,4,8,16,4,8,1,3,2,1,1,0,0,0,0,0,0
208,8,zeros-la-1-3,zeros-la-1,32,208,8,82,32,8,32,16,2,4,8,0,8,0,0,0,4,0,0,0,0,8,1,2,3,1,1,0,0,0,0,0,0
224,8,zeros-la-1-3,zeros-la-1,33,224,8,84,32,8,32,16,2,4,16,0,0,4,0,0,0,2,0,0,0,8,2,2,1,2,1,0,0,0,0,0,0
232,8,zeros-la-1-3,zeros-la-1,34,232,8,86,32,0,0,0,0,8,0,2,0,8,32,0,0,2,16,16,2,8,3,0,2,2,1,0,0,0,0,0,0
264,8,zeros-la-1-3,zeros-la-1,35,264,8,88,32,0,0,0,0,8,2,0,2,8,32,0,0,2,32,2,0,8,4,0,2,0,2,0,0,0,0,0,0
344,9,zeros-la-1-3,zeros-la-1,36,344,9,90,64,0,0,0,0,2,0,0,0,16,2,0,0,2,64,2,2,9,5,0,0,1,0,1,0,0,0,0,0
348,9,zeros-la-1-3,zeros-la-1,37,348,9,92,64,0,0,0,0,0,0,0,2,0,0,16,2,2,2,64,4,9,4,1,0,1,0,1,0,0,0,0,0
352,9,zeros-la-1-3,zeros-la-1,38,352,9,94,64,2,0,0,0,0,0,0,0,0,0,16,4,2,2,64,4,9,3,2,0,1,0,1,0,0,0,0,0
364,10,zeros-la-1-3,zeros-la-1,39,364,10,96,64,0,0,0,0,0,0,0,2,0,0,16,0,4,2,64,8,10,2,1,1,1,0,1,0,0,0,0,0
364,9,zeros-la-1-3,zeros-la-1,40,364,9,98,64,4,2,16,2,0,0,64,8,0,0,0,0,0,0,0,2,9,3,1,1,1,0,1,0,0,0,0,0
364,8,zeros-la-1-3,zeros-la-1,41,364,8,100,64,4,2,16,2,0,0,64,8,0,2,0,0,0,0,0,2,8,4,1,1,1,0,1,0,0,0,0,0
368,8,zeros-la-1-3,zeros-la-1,42,368,8,102,64,0,2,0,0,0,0,0,2,0,0,16,8,4,4,64,2,8,3,2,1,1,0,1,0,0,0,0,0
376,8,zeros-la-1-3,zeros-la-1,43,376,8,104,64,2,2,0,0,2,0,0,0,16,8,0,0,8,64,2,0,8,4,0,2,1,0,1,0,0,0,0,0
380,8,zeros-la-1-3,zeros-la-1,44,380,8,108,64,0,0,4,4,0,0,0,2,0,0,16,8,0,8,64,2,8,2,2,2,1,0,1,0,0,0,0,0
388,8,zeros-la-1-3,zeros-la-1,45,388,8,110,64,0,0,0,8,0,0,0,2,2,0,16,8,0,8,64,2,8,3,0,3,1,0,1,0,0,0,0,0
388,7,zeros-la-1-3,zeros-la-1,46,388,7,112,64,8,0,0,0,2,0,0,0,2,16,8,0,8,64,2,2,7,4,0,3,1,0,1,0,0,0,0,0
392,7,zeros-la-1-3,zeros-la-1,47,392,7,116,64,0,4,0,0,8,0,0,0,4,16,8,0,8,64,2,2,7,2,2,3,1,0,1,0,0,0,0,0
396,7,zeros-la-1-3,zeros-la-1,48,396,7,118,64,0,0,0,4,0,2,0,8,0,4,16,8,0,8,64,4,7,1,3,3,1,0,1,0,0,0,0,0
412,7,zeros-la-1-3,zeros-la-1,49,412,7,120,64,0,0,0,0,0,2,0,4,0,4,16,16,2,8,64,4,7,2,3,1,2,0,1,0,0,0,0,0
444,7,zeros-la-1-3,zeros-la-1,50,444,7,122,64,0,0,0,0,2,4,0,2,4,32,0,0,2,8,64,4,7,3,3,1,0,1,1,0,0,0,0,0
444,6,zeros-la-1-3,zeros-la-1,51,444,6,124,64,0,0,0,0,0,2,4,2,2,0,4,32,2,8,64,4,6,4,3,1,0,1,1,0,0,0,0,0
456,7,zeros-la-1-3,zeros-la-1,52,456,7,126,64,0,0,0,0,0,0,0,2,2,2,8,32,4,8,64,4,7,3,2,2,0,1,1,0,0,0,0,0
460,7,zeros-la-1-3,zeros-la-1,53,460,7,128,64,0,0,0,0,2,2,0,0,4,8,32,0,4,8,64,4,7,2,3,2,0,1,1,0,0,0,0,0
484,8,zeros-la-1-3,zeros-la-1,54,484,8,130,64,2,2,32,4,8,16,64,0,0,0,0,0,0,0,2,0,8,3,1,1,1,1,1,0,0,0,0,0
488,8,zeros-la-1-3,zeros-la-1,55,488,8,132,64,0,4,32,4,0,8,16,64,2,0,0,0,0,0,0,2,8,2,2,1,1,1,1,0,0,0,0,0
488,7,zeros-la-1-3,zeros-la-1,56,488,7,134,64,2,4,32,4,0,8,16,64,0,0,0,2,0,0,0,2,7,3,2,1,1,1,1,0,0,0,0,0
492,7,zeros-la-1-3,zeros-la-1,57,492,7,138,64,0,0,0,0,0,4,0,4,0,4,32,64,2,8,16,4,7,1,4,1,1,1,1,0,0,0,0,0
500,7,zeros-la-1-3,zeros-la-1,58,500,7,140,64,0,2,0,0,0,0,0,4,0,8,32,64,2,8,16,4,7,2,2,2,1,1,1,0,0,0,0,0
516,7,zeros-la-1-3,zeros-la-1,59,516,7,142,64,2,2,32,4,0,16,16,64,2,0,0,4,0,0,0,0,7,3,2,0,2,1,1,0,0,0,0,0
552,8,zeros-la-1-3,zeros-la-1,60,552,8,144,64,0,4,32,4,0,0,32,64,0,0,2,4,0,2,0,0,8,2,3,0,0,2,1,0,0,0,0,0
616,8,zeros-la-1-3,zeros-la-1,61,616,8,146,64,0,0,0,0,0,2,0,4,0,4,64,64,0,2,2,4,8,3,3,0,0,0,2,0,0,0,0,0
748,9,zeros-la-1-3,zeros-la-1,62,748,9,148,128,0,0,0,0,2,4,0,0,4,128,0,0,4,4,0,2,9,2,4,0,0,0,0,1,0,0,0,0
756,9,zeros-la-1-3,zeros-la-1,63,756,9,150,128,0,0,0,0,0,0,2,4,2,0,4,128,0,0,8,2,9,3,2,1,0,0,0,1,0,0,0,0
756,8,zeros-la-1-3,zeros-la-1,64,756,8,152,128,0,0,0,2,0,0,2,4,0,0,4,128,2,0,8,2,8,4,2,1,0,0,0,1,0,0,0,0
756,7,zeros-la-1-3,zeros-la-1,65,756,7,154,128,2,0,2,2,2,0,4,4,0,0,8,128,0,0,0,2,7,5,2,1,0,0,0,1,0,0,0,0
768,8,zeros-la-1-3,zeros-la-1,66,768,8,156,128,0,0,2,4,0,0,2,8,0,2,8,128,0,0,0,2,8,4,1,2,0,0,0,1,0,0,0,0
772,8,zeros-la-1-3,zeros-la-1,67,772,8,158,128,0,2,4,4,0,0,8,8,0,2,0,128,0,0,0,2,8,3,2,2,0,0,0,1,0,0,0,0
796,9,zeros-la-1-3,zeros-la-1,68,796,9,162,128,0,0,2,8,0,0,0,16,0,0,2,128,0,4,0,2,9,3,1,1,1,0,0,1,0,0,0,0
800,9,zeros-la-1-3,zeros-la-1,69,800,9,164,128,0,4,4,8,2,0,0,16,0,0,0,128,0,0,0,2,9,2,2,1,1,0,0,1,0,0,0,0
808,9,zeros-la-1-3,zeros-la-1,70,808,9,166,128,2,0,8,8,0,0,2,16,0,0,0,128,0,0,0,2,9,3,0,2,1,0,0,1,0,0,0,0
824,9,zeros-la-1-3,zeros-la-1,71,824,9,168,128,0,0,2,16,0,0,2,16,0,0,2,128,0,0,0,2,9,4,0,0,2,0,0,1,0,0,0,0
860,10,zeros-la-1-3,zeros-la-1,72,860,10,170,128,0,0,4,32,0,0,2,128,0,0,0,2,0,0,0,2,10,3,1,0,0,1,0,1,0,0,0,0
864,10,zeros-la-1-3,zeros-la-1,73,864,10,172,128,0,0,4,32,0,2,2,128,0,0,0,4,0,0,0,0,10,2,2,0,0,1,0,1,0,0,0,0
868,10,zeros-la-1-3,zeros-la-1,74,868,10,174,128,4,32,0,0,4,128,0,0,4,0,0,0,0,0,2,0,10,1,3,0,0,1,0,1,0,0,0,0
876,10,zeros-la-1-3,zeros-la-1,75,876,10,176,128,8,32,2,0,4,128,0,0,0,0,0,0,0,0,2,0,10,2,1,1,0,1,0,1,0,0,0,0
880,10,zeros-la-1-3,zeros-la-1,76,880,10,178,128,8,32,4,0,4,128,0,2,0,0,0,0,0,0,0,0,10,1,2,1,0,1,0,1,0,0,0,0
880,9,zeros-la-1-3,zeros-la-1,77,880,9,180,128,0,0,0,0,0,0,0,0,8,32,2,0,4,128,4,2,9,2,2,1,0,1,0,1,0,0,0,0
880,8,zeros-la-1-3,zeros-la-1,78,880,8,182,128,8,32,2,2,4,128,4,0,0,0,0,0,0,2,0,0,8,3,2,1,0,1,0,1,0,0,0,0
884,8,zeros-la-1-3,zeros-la-1,79,884,8,186,128,8,32,4,0,4,128,4,4,0,0,0,0,2,0,0,0,8,1,4,1,0,1,0,1,0,0,0,0
892,8,zeros-la-1-3,zeros-la-1,80,892,8,188,128,8,32,4,0,4,128,8,0,0,0,0,0,2,0,2,0,8,2,2,2,0,1,0,1,0,0,0,0
896,8,zeros-la-1-3,zeros-la-1,81,896,8,190,128,8,32,4,0,4,128,8,0,0,0,2,0,4,0,0,0,8,1,3,2,0,1,0,1,0,0,0,0
904,8,zeros-la-1-3,zeros-la-1,82,904,8,192,128,8,32,4,2,8,128,8,0,0,0,2,0,0,0,0,0,8,2,1,3,0,1,0,1,0,0,0,0
920,8,zeros-la-1-3,zeros-la-1,83,920,8,194,128,16,32,4,2,0,128,8,0,0,0,2,0,0,2,0,0,8,3,1,1,1,1,0,1,0,0,0,0
920,7,zeros-la-1-3,zeros-la-1,84,920,7,196,128,16,32,4,2,0,128,8,2,0,2,2,0,0,0,0,0,7,4,1,1,1,1,0,1,0,0,0,0
924,7,zeros-la-1-3,zeros-la-1,85,924,7,198,128,16,32,4,4,0,128,8,0,0,2,2,0,0,0,0,2,7,3,2,1,1,1,0,1,0,0,0,0
936,8,zeros-la-1-3,zeros-la-1,86,936,8,202,128,0,16,32,8,4,0,128,8,0,0,0,4,0,0,0,2,8,1,2,2,1,1,0,1,0,0,0,0
952,8,zeros-la-1-3,zeros-la-1,87,952,8,204,128,4,16,32,16,0,0,128,4,0,2,0,2,0,0,0,0,8,2,2,0,2,1,0,1,0,0,0,0
956,8,zeros-la-1-3,zeros-la-1,88,956,8,208,128,4,16,32,16,0,0,128,4,0,0,0,4,0,0,0,4,8,0,4,0,2,1,0,1,0,0,0,0
964,8,zeros-la-1-3,zeros-la-1,89,964,8,210,128,0,0,0,0,0,0,0,16,0,2,32,4,4,16,128,8,8,1,2,1,2,1,0,1,0,0,0,0
964,7,zeros-la-1-3,zeros-la-1,90,964,7,212,128,0,0,0,0,0,0,2,16,0,2,32,4,4,16,128,8,7,2,2,1,2,1,0,1,0,0,0,0
964,6,zeros-la-1-3,zeros-la-1,91,964,6,214,128,0,0,0,0,2,16,0,2,2,32,4,0,4,16,128,8,6,3,2,1,2,1,0,1,0,0,0,0
968,6,zeros-la-1-3,zeros-la-1,92,968,6,216,128,2,0,0,0,0,16,0,0,4,32,4,2,4,16,128,8,6,2,3,1,2,1,0,1,0,0,0,0
976,6,zeros-la-1-3,zeros-la-1,93,976,6,218,128,0,2,0,0,0,16,0,0,2,32,4,2,8,16,128,8,6,3,1,2,2,1,0,1,0,0,0,0
976,5,zeros-la-1-3,zeros-la-1,94,976,5,220,128,0,2,0,0,2,16,0,0,2,32,4,2,8,16,128,8,5,4,1,2,2,1,0,1,0,0,0,0
980,5,zeros-la-1-3,zeros-la-1,95,980,5,222,128,2,2,0,0,0,16,0,0,4,32,4,2,8,16,128,8,5,3,2,2,2,1,0,1,0,0,0,0
984,5,zeros-la-1-3,zeros-la-1,96,984,5,224,128,0,0,0,4,2,0,0,16,4,32,4,2,8,16,128,8,5,2,3,2,2,1,0,1,0,0,0,0
984,4,zeros-la-1-3,zeros-la-1,97,984,4,226,128,2,32,4,4,4,16,128,16,8,0,0,2,0,0,2,8,4,3,3,2,2,1,0,1,0,0,0,0
992,4,zeros-la-1-3,zeros-la-1,98,992,4,230,128,2,32,8,0,4,16,128,16,8,2,0,0,2,8,4,0,4,3,2,3,2,1,0,1,0,0,0,0
992,3,zeros-la-1-3,zeros-la-1,99,992,3,232,128,0,2,32,8,4,16,128,16,0,0,8,2,2,2,8,4,3,4,2,3,2,1,0,1,0,0,0,0
1008,3,zeros-la-1-3,zeros-la-1,100,1008,3,234,128,4,2,32,8,2,16,128,16,0,2,16,2,0,2,0,4,3,5,2,1,3,1,0,1,0,0,0,0
1012,3,zeros-la-1-3,zeros-la-1,101,1012,3,236,128,4,2,32,8,2,16,128,16,0,4,16,2,0,0,2,4,3,4,3,1,3,1,0,1,0,0,0,0
1012,2,zeros-la-1-3,zeros-la-1,102,1012,2,238,128,4,2,32,8,2,16,128,16,0,4,16,2,0,2,2,4,2,5,3,1,3,1,0,1,0,0,0,0
1016,2,zeros-la-1-3,zeros-la-1,103,1016,2,240,128,4,2,32,8,2,16,128,16,4,16,2,0,4,4,0,2,2,4,4,1,3,1,0,1,0,0,0,0
1056,3,zeros-la-1-3,zeros-la-1,104,1056,3,242,128,4,2,32,8,2,32,128,16,8,4,2,2,2,0,0,0,3,5,2,2,1,2,0,1,0,0,0,0
1060,3,zeros-la-1-3,zeros-la-1,105,1060,3,244,128,4,2,32,8,2,32,128,16,0,8,4,4,2,0,0,2,3,4,3,2,1,2,0,1,0,0,0,0
1072,4,zeros-la-1-3,zeros-la-1,106,1072,4,248,128,4,2,32,8,2,32,128,16,0,0,8,8,4,0,0,4,4,2,3,3,1,2,0,1,0,0,0,0
1096,5,zeros-la-1-3,zeros-la-1,107,1096,5,252,128,4,2,32,8,2,32,128,16,0,0,0,16,0,4,0,8,5,2,2,2,2,2,0,1,0,0,0,0
1128,5,zeros-la-1-3,zeros-la-1,108,1128,5,254,128,0,2,0,0,0,2,0,8,4,32,32,32,2,4,128,8,5,3,2,2,0,3,0,1,0,0,0,0
1192,5,zeros-la-1-3,zeros-la-1,109,1192,5,258,128,0,0,0,2,0,4,2,8,0,4,32,64,2,4,128,8,5,3,3,2,0,1,1,1,0,0,0,0
1200,5,zeros-la-1-3,zeros-la-1,110,1200,5,260,128,0,0,0,2,2,0,2,8,0,4,32,64,2,8,128,8,5,4,1,3,0,1,1,1,0,0,0,0
1204,5,zeros-la-1-3,zeros-la-1,111,1204,5,262,128,4,4,2,2,0,8,32,8,0,2,128,64,0,0,0,8,5,3,2,3,0,1,1,1,0,0,0,0
1216,6,zeros-la-1-3,zeros-la-1,112,1216,6,266,128,8,4,0,4,8,32,8,0,2,128,64,0,8,0,0,0,6,1,2,4,0,1,1,1,0,0,0,0
1224,6,zeros-la-1-3,zeros-la-1,113,1224,6,268,128,0,2,8,8,0,8,32,8,0,2,128,64,0,0,0,8,6,2,0,5,0,1,1,1,0,0,0,0
1240,6,zeros-la-1-3,zeros-la-1,114,1240,6,272,128,0,2,8,16,0,8,32,64,0,2,128,8,4,0,0,0,6,2,1,3,1,1,1,1,0,0,0,0
1240,5,zeros-la-1-3,zeros-la-1,115,1240,5,274,128,0,2,0,0,0,2,8,16,0,8,32,64,4,2,128,8,5,3,1,3,1,1,1,1,0,0,0,0
1244,5,zeros-la-1-3,zeros-la-1,116,1244,5,276,128,4,4,8,16,0,8,32,64,0,2,128,8,2,0,0,0,5,2,2,3,1,1,1,1,0,0,0,0
1252,5,zeros-la-1-3,zeros-la-1,117,1252,5,278,128,8,8,16,0,8,32,64,0,2,128,8,2,2,0,0,0,5,3,0,4,1,1,1,1,0,0,0,0
1272,6,zeros-la-1-3,zeros-la-1,118,1272,6,280,128,0,2,0,0,0,8,16,0,16,32,64,0,4,128,8,2,6,2,1,2,2,1,1,1,0,0,0,0
1272,5,zeros-la-1-3,zeros-la-1,119,1272,5,282,128,2,2,0,0,8,16,0,0,16,32,64,0,4,128,8,2,5,3,1,2,2,1,1,1,0,0,0,0
1276,5,zeros-la-1-3,zeros-la-1,120,1276,5,286,128,4,0,4,0,8,16,0,0,16,32,64,0,4,128,8,2,5,1,3,2,2,1,1,1,0,0,0,0
1284,5,zeros-la-1-3,zeros-la-1,121,1284,5,288,128,8,0,0,0,8,16,0,2,16,32,64,0,4,128,8,2,5,2,1,3,2,1,1,1,0,0,0,0
1304,6,zeros-la-1-3,zeros-la-1,122,1304,6,290,128,16,16,64,4,16,32,8,0,4,128,0,0,0,2,0,0,6,1,2,1,3,1,1,1,0,0,0,0
1336,6,zeros-la-1-3,zeros-la-1,123,1336,6,292,128,32,16,64,4,4,32,8,0,0,128,0,0,2,2,0,0,6,2,2,1,1,2,1,1,0,0,0,0
1340,6,zeros-la-1-3,zeros-la-1,124,1340,6,294,128,32,16,64,4,4,32,8,0,128,0,0,0,4,0,0,2,6,1,3,1,1,2,1,1,0,0,0,0
1340,5,zeros-la-1-3,zeros-la-1,125,1340,5,296,128,32,16,64,4,4,32,8,0,128,2,0,0,4,2,0,0,5,2,3,1,1,2,1,1,0,0,0,0
1344,5,zeros-la-1-3,zeros-la-1,126,1344,5,298,128,32,0,0,0,4,16,0,2,128,32,64,0,4,4,8,4,5,1,4,1,1,2,1,1,0,0,0,0
1352,5,zeros-la-1-3,zeros-la-1,127,1352,5,300,128,32,0,0,0,4,16,2,0,128,32,64,2,8,8,4,0,5,2,2,2,1,2,1,1,0,0,0,0
1368,5,zeros-la-1-3,zeros-la-1,128,1368,5,302,128,0,0,0,32,0,4,16,2,128,32,64,2,2,0,16,4,5,3,2,0,2,2,1,1,0,0,0,0
1372,5,zeros-la-1-3,zeros-la-1,129,1372,5,304,128,128,4,16,32,2,32,64,4,0,0,16,4,0,0,2,0,5,2,3,0,2,2,1,1,0,0,0,0
1380,5,zeros-la-1-3,zeros-la-1,130,1380,5,306,128,128,4,16,32,2,32,64,8,0,0,16,0,0,0,2,2,5,3,1,1,2,2,1,1,0,0,0,0
1384,5,zeros-la-1-3,zeros-la-1,131,1384,5,310,128,128,4,16,32,2,32,64,8,0,0,0,16,0,4,0,4,5,1,3,1,2,2,1,1,0,0,0,0
1392,5,zeros-la-1-3,zeros-la-1,132,1392,5,312,128,128,4,16,32,2,32,64,8,16,0,2,0,8,0,0,0,5,2,1,2,2,2,1,1,0,0,0,0
1392,4,zeros-la-1-3,zeros-la-1,133,1392,4,314,128,128,2,0,0,2,0,16,0,16,4,64,32,8,32,2,8,4,3,1,2,2,2,1,1,0,0,0,0
1392,3,zeros-la-1-3,zeros-la-1,134,1392,3,316,128,128,0,2,0,2,2,16,0,16,4,64,32,8,32,2,8,3,4,1,2,2,2,1,1,0,0,0,0
1396,3,zeros-la-1-3,zeros-la-1,135,1396,3,318,128,0,0,128,2,0,2,4,16,16,4,64,32,8,32,2,8,3,3,2,2,2,2,1,1,0,0,0,0
1396,2,zeros-la-1-3,zeros-la-1,136,1396,2,322,128,128,2,0,0,2,4,16,4,16,4,64,32,8,32,2,8,2,3,3,2,2,2,1,1,0,0,0,0
1404,2,zeros-la-1-3,zeros-la-1,137,1404,2,324,128,128,2,0,0,2,2,16,4,16,8,64,32,8,32,2,8,2,4,1,3,2,2,1,1,0,0,0,0
1408,2,zeros-la-1-3,zeros-la-1,138,1408,2,326,128,128,2,2,0,4,16,4,0,16,8,64,32,8,32,2,8,2,3,2,3,2,2,1,1,0,0,0,0
1412,2,zeros-la-1-3,zeros-la-1,139,1412,2,330,128,4,0,128,4,0,4,16,4,16,8,64,32,8,32,2,8,2,1,4,3,2,2,1,1,0,0,0,0
1420,2,zeros-la-1-3,zeros-la-1,140,1420,2,332,128,4,4,128,8,16,8,16,32,8,32,64,8,2,0,2,0,2,2,2,4,2,2,1,1,0,0,0,0
1432,3,zeros-la-1-3,zeros-la-1,141,1432,3,336,128,0,8,128,8,16,8,16,32,8,32,64,8,0,0,4,4,3,0,2,5,2,2,1,1,0,0,0,0
1448,3,zeros-la-1-3,zeros-la-1,142,1448,3,338,128,0,0,128,8,2,0,16,32,16,16,64,8,8,32,4,4,3,1,2,3,3,2,1,1,0,0,0,0
1488,4,zeros-la-1-3,zeros-la-1,143,1488,4,340,128,128,8,0,0,2,16,32,0,32,64,8,0,8,32,8,2,4,2,0,4,1,3,1,1,0,0,0,0
1504,4,zeros-la-1-3,zeros-la-1,144,1504,4,342,128,128,8,32,2,2,16,16,0,32,64,0,0,8,32,0,2,4,3,0,2,2,3,1,1,0,0,0,0
1536,4,zeros-la-1-3,zeros-la-1,145,1536,4,344,128,128,8,32,2,2,32,2,0,32,64,0,0,8,32,2,0,4,4,0,2,0,4,1,1,0,0,0,0
1540,4,zeros-la-1-3,zeros-la-1,146,1540,4,346,128,128,8,32,2,2,32,4,0,32,64,0,0,8,32,2,0,4,3,1,2,0,4,1,1,0,0,0,0
1540,3,zeros-la-1-3,zeros-la-1,147,1540,3,348,128,128,8,2,0,2,32,32,0,32,64,4,0,8,32,2,2,3,4,1,2,0,4,1,1,0,0,0,0
1608,4,zeros-la-1-3,zeros-la-1,148,1608,4,350,128,128,8,2,2,2,64,0,0,32,64,4,0,8,32,4,0,4,3,2,2,0,2,2,1,0,0,0,0
1744,5,zeros-la-1-3,zeros-la-1,149,1744,5,352,128,128,8,2,2,2,128,8,0,32,32,2,0,8,0,0,0,5,4,0,3,0,2,0,2,0,0,0,0
1812,6,zeros-la-1-3,zeros-la-1,150,1812,6,354,128,0,128,8,4,0,2,128,8,0,2,64,2,0,0,0,8,6,3,1,3,0,0,1,2,0,0,0,0
1816,6,zeros-la-1-3,zeros-la-1,151,1816,6,358,128,0,0,0,4,0,0,8,8,0,128,128,2,4,4,64,8,6,1,3,3,0,0,1,2,0,0,0,0
2096,8,zeros-la-1-3,zeros-la-1,152,2096,8,360,256,4,0,2,0,16,0,0,0,256,2,0,0,8,64,8,0,8,2,1,2,1,0,1,0,1,0,0,0
2096,7,zeros-la-1-3,zeros-la-1,153,2096,7,362,256,4,0,2,0,16,0,0,0,256,2,2,0,8,64,8,0,7,3,1,2,1,0,1,0,1,0,0,0
2100,7,zeros-la-1-3,zeros-la-1,154,2100,7,366,256,4,2,0,0,16,0,4,0,256,4,0,0,8,64,8,0,7,1,3,2,1,0,1,0,1,0,0,0
2100,6,zeros-la-1-3,zeros-la-1,155,2100,6,368,256,4,2,0,2,16,4,0,0,256,4,0,0,8,64,8,0,6,2,3,2,1,0,1,0,1,0,0,0
2104,6,zeros-la-1-3,zeros-la-1,156,2104,6,370,256,4,4,0,0,16,4,2,0,256,4,0,0,8,64,8,0,6,1,4,2,1,0,1,0,1,0,0,0
2112,6,zeros-la-1-3,zeros-la-1,157,2112,6,372,256,8,0,0,0,16,4,2,0,256,4,2,0,8,64,8,0,6,2,2,3,1,0,1,0,1,0,0,0
2124,7,zeros-la-1-3,zeros-la-1,158,2124,7,376,256,8,8,4,0,16,64,8,0,256,0,0,0,8,4,0,0,7,0,2,4,1,0,1,0,1,0,0,0
2140,7,zeros-la-1-3,zeros-la-1,159,2140,7,378,256,16,4,0,0,16,64,8,0,256,0,0,0,8,4,0,2,7,1,2,2,2,0,1,0,1,0,0,0
2172,7,zeros-la-1-3,zeros-la-1,160,2172,7,380,256,32,4,8,2,256,64,0,0,8,4,0,0,0,0,0,2,7,2,2,2,0,1,1,0,1,0,0,0
2176,7,zeros-la-1-3,zeros-la-1,161,2176,7,382,256,32,4,8,4,256,64,0,2,8,4,0,0,0,0,0,0,7,1,3,2,0,1,1,0,1,0,0,0
2176,6,zeros-la-1-3,zeros-la-1,162,2176,6,384,256,32,4,8,4,256,64,2,2,8,4,0,0,0,0,0,0,6,2,3,2,0,1,1,0,1,0,0,0
2180,6,zeros-la-1-3,zeros-la-1,163,2180,6,386,256,32,4,8,4,0,256,64,4,0,0,8,4,0,0,0,2,6,1,4,2,0,1,1,0,1,0,0,0
2188,6,zeros-la-1-3,zeros-la-1,164,2188,6,388,256,32,4,8,8,0,256,64,4,0,2,8,2,0,0,0,0,6,2,2,3,0,1,1,0,1,0,0,0
2204,6,zeros-la-1-3,zeros-la-1,165,2204,6,390,256,0,32,4,16,0,256,64,4,0,2,8,2,0,0,2,0,6,3,2,1,1,1,1,0,1,0,0,0
2204,5,zeros-la-1-3,zeros-la-1,166,2204,5,392,256,0,32,4,16,0,256,64,4,2,2,8,2,0,0,0,2,5,4,2,1,1,1,1,0,1,0,0,0
2208,5,zeros-la-1-3,zeros-la-1,167,2208,5,396,256,4,0,0,0,0,32,4,16,0,256,64,4,2,2,8,4,5,2,4,1,1,1,1,0,1,0,0,0
2216,5,zeros-la-1-3,zeros-la-1,168,2216,5,398,256,0,0,0,2,0,32,4,0,4,256,64,16,2,2,8,8,5,3,2,2,1,1,1,0,1,0,0,0
2236,6,zeros-la-1-3,zeros-la-1,169,2236,6,400,256,2,0,0,0,32,4,2,0,4,256,64,16,4,16,0,0,6,2,3,0,2,1,1,0,1,0,0,0
2244,6,zeros-la-1-3,zeros-la-1,170,2244,6,404,256,0,0,0,0,2,4,0,4,32,256,2,0,8,16,64,16,6,2,2,1,2,1,1,0,1,0,0,0
2252,6,zeros-la-1-3,zeros-la-1,171,2252,6,406,256,0,2,0,0,2,8,0,0,32,256,2,0,8,16,64,16,6,3,0,2,2,1,1,0,1,0,0,0
2252,5,zeros-la-1-3,zeros-la-1,172,2252,5,408,256,2,0,2,0,2,8,0,0,32,256,2,0,8,16,64,16,5,4,0,2,2,1,1,0,1,0,0,0
2260,6,zeros-la-1-3,zeros-la-1,173,2260,6,410,256,4,8,4,16,32,256,64,2,8,16,0,0,0,0,0,0,6,1,2,2,2,1,1,0,1,0,0,0
2260,5,zeros-la-1-3,zeros-la-1,174,2260,5,414,256,4,8,4,16,32,256,64,2,8,16,0,0,0,0,4,0,5,1,3,2,2,1,1,0,1,0,0,0
2260,4,zeros-la-1-3,zeros-la-1,175,2260,4,416,256,4,8,4,16,32,256,64,2,8,16,0,0,4,0,0,2,4,2,3,2,2,1,1,0,1,0,0,0
2264,4,zeros-la-1-3,zeros-la-1,176,2264,4,418,256,4,0,0,0,32,8,2,0,8,256,4,16,4,16,64,4,4,1,4,2,2,1,1,0,1,0,0,0
2264,3,zeros-la-1-3,zeros-la-1,177,2264,3,420,256,4,8,2,16,32,256,4,4,8,16,64,0,4,2,0,0,3,2,4,2,2,1,1,0,1,0,0,0
2272,3,zeros-la-1-3,zeros-la-1,178,2272,3,422,256,4,8,2,16,32,256,8,0,8,16,64,2,4,2,0,0,3,3,2,3,2,1,1,0,1,0,0,0
2272,2,zeros-la-1-3,zeros-la-1,179,2272,2,424,256,4,8,2,16,32,256,8,2,8,16,64,2,4,2,0,0,2,4,2,3,2,1,1,0,1,0,0,0
2276,2,zeros-la-1-3,zeros-la-1,180,2276,2,426,256,4,8,0,2,32,256,2,0,8,16,8,16,4,2,64,4,2,3,3,3,2,1,1,0,1,0,0,0
2276,1,zeros-la-1-3,zeros-la-1,181,2276,1,428,256,4,8,2,2,32,256,2,0,8,16,8,16,4,2,64,4,1,4,3,3,2,1,1,0,1,0,0,0
2280,1,zeros-la-1-3,zeros-la-1,182,2280,1,430,256,4,8,4,0,32,256,2,2,8,16,8,16,4,2,64,4,1,3,4,3,2,1,1,0,1,0,0,0
2284,1,zeros-la-1-3,zeros-la-1,183,2284,1,432,256,4,8,4,0,32,256,4,2,8,16,8,16,4,2,64,4,1,2,5,3,2,1,1,0,1,0,0,0
2292,1,zeros-la-1-3,zeros-la-1,184,2292,1,434,256,4,8,8,2,32,256,8,16,8,16,64,4,4,2,2,0,1,3,3,4,2,1,1,0,1,0,0,0
2312,2,zeros-la-1-3,zeros-la-1,185,2312,2,436,256,4,16,2,2,32,256,8,16,8,16,64,4,4,4,0,0,2,2,4,2,3,1,1,0,1,0,0,0
2324,3,zeros-la-1-3,zeros-la-1,186,2324,3,438,256,4,16,4,0,32,256,8,16,8,16,64,4,8,2,0,0,3,1,3,3,3,1,1,0,1,0,0,0
2340,3,zeros-la-1-3,zeros-la-1,187,2340,3,440,256,4,16,4,16,32,256,8,4,16,16,64,0,0,2,2,0,3,2,3,1,4,1,1,0,1,0,0,0
2376,4,zeros-la-1-3,zeros-la-1,188,2376,4,442,256,4,16,4,16,32,256,8,4,32,64,0,0,4,2,0,0,4,1,4,1,2,2,1,0,1,0,0,0
2440,4,zeros-la-1-3,zeros-la-1,189,2440,4,444,256,2,16,0,0,4,256,0,0,64,64,4,16,4,2,8,4,4,2,4,1,2,0,2,0,1,0,0,0
2568,4,zeros-la-1-3,zeros-la-1,190,2568,4,446,256,0,0,2,16,2,0,4,256,0,128,4,16,4,2,8,4,4,3,4,1,2,0,0,1,1,0,0,0
2576,4,zeros-la-1-3,zeros-la-1,191,2576,4,448,256,0,0,0,16,2,0,2,256,2,128,8,16,4,2,8,4,4,4,2,2,2,0,0,1,1,0,0,0
2596,5,zeros-la-1-3,zeros-la-1,192,2596,5,450,256,4,128,2,16,4,2,16,256,0,0,0,16,2,0,0,4,5,3,3,0,3,0,0,1,1,0,0,0
2604,5,zeros-la-1-3,zeros-la-1,193,2604,5,452,256,0,2,0,16,0,0,0,256,8,128,2,16,2,2,16,4,5,4,1,1,3,0,0,1,1,0,0,0
2608,5,zeros-la-1-3,zeros-la-1,194,2608,5,456,256,2,16,0,0,256,0,4,0,8,128,2,16,4,16,4,0,5,2,3,1,3,0,0,1,1,0,0,0
2608,4,zeros-la-1-3,zeros-la-1,195,2608,4,458,256,2,0,2,16,0,0,256,4,8,128,2,16,0,4,16,4,4,3,3,1,3,0,0,1,1,0,0,0
2612,4,zeros-la-1-3,zeros-la-1,196,2612,4,460,256,0,0,4,16,0,0,256,4,8,128,2,16,2,4,16,4,4,2,4,1,3,0,0,1,1,0,0,0
2612,3,zeros-la-1-3,zeros-la-1,197,2612,3,462,256,8,128,4,16,2,4,256,4,0,2,2,16,0,0,16,4,3,3,4,1,3,0,0,1,1,0,0,0
2616,3,zeros-la-1-3,zeros-la-1,198,2616,3,464,256,8,128,4,16,2,4,256,4,0,2,4,16,0,0,16,4,3,2,5,1,3,0,0,1,1,0,0,0
2616,2,zeros-la-1-3,zeros-la-1,199,2616,2,466,256,8,128,4,16,2,4,256,4,2,4,16,2,16,4,0,0,2,3,5,1,3,0,0,1,1,0,0,0
2628,3,zeros-la-1-3,zeros-la-1,200,2628,3,468,256,0,0,2,0,8,128,4,16,4,4,256,4,16,8,16,2,3,2,4,2,3,0,0,1,1,0,0,0
2636,3,zeros-la-1-3,zeros-la-1,201,2636,3,470,256,2,0,0,0,8,128,4,16,8,256,4,2,16,8,16,2,3,3,2,3,3,0,0,1,1,0,0,0
2664,5,zeros-la-1-3,zeros-la-1,202,2664,5,472,256,0,0,0,0,2,128,0,2,16,256,8,16,16,8,16,4,5,2,1,2,4,0,0,1,1,0,0,0
2696,5,zeros-la-1-3,zeros-la-1,203,2696,5,474,256,2,128,8,2,32,256,16,16,0,8,0,4,0,0,2,0,5,3,1,2,2,1,0,1,1,0,0,0
2728,5,zeros-la-1-3,zeros-la-1,204,2728,5,476,256,2,128,8,2,32,256,32,0,8,4,0,0,2,0,2,0,5,4,1,2,0,2,0,1,1,0,0,0
2732,5,zeros-la-1-3,zeros-la-1,205,2732,5,480,256,2,128,8,2,0,32,256,32,0,0,8,4,4,0,0,4,5,2,3,2,0,2,0,1,1,0,0,0
2740,5,zeros-la-1-3,zeros-la-1,206,2740,5,482,256,2,128,8,2,4,32,256,32,0,0,8,8,2,0,0,0,5,3,1,3,0,2,0,1,1,0,0,0
2756,5,zeros-la-1-3,zeros-la-1,207,2756,5,484,256,2,128,8,2,4,32,256,32,0,0,0,16,2,0,0,2,5,4,1,1,1,2,0,1,1,0,0,0
2760,5,zeros-la-1-3,zeros-la-1,208,2760,5,486,256,2,128,8,2,4,32,256,32,16,0,0,2,4,0,0,0,5,3,2,1,1,2,0,1,1,0,0,0
2760,4,zeros-la-1-3,zeros-la-1,209,2760,4,488,256,2,2,0,0,4,0,0,2,16,128,8,32,4,32,256,2,4,4,2,1,1,2,0,1,1,0,0,0
2764,4,zeros-la-1-3,zeros-la-1,210,2764,4,490,256,4,2,0,0,4,2,0,0,16,128,8,32,4,32,256,2,4,3,3,1,1,2,0,1,1,0,0,0
2776,5,zeros-la-1-3,zeros-la-1,211,2776,5,492,256,0,0,0,0,8,4,0,2,16,128,8,32,4,32,256,2,5,2,2,2,1,2,0,1,1,0,0,0
2776,4,zeros-la-1-3,zeros-la-1,212,2776,4,494,256,8,4,8,2,16,128,256,32,4,32,2,2,0,0,0,0,4,3,2,2,1,2,0,1,1,0,0,0
2780,4,zeros-la-1-3,zeros-la-1,213,2780,4,496,256,8,4,8,2,16,128,256,32,4,32,4,0,0,0,0,2,4,2,3,2,1,2,0,1,1,0,0,0
2780,3,zeros-la-1-3,zeros-la-1,214,2780,3,498,256,8,4,8,2,16,128,256,32,4,32,4,0,2,0,2,0,3,3,3,2,1,2,0,1,1,0,0,0
2784,3,zeros-la-1-3,zeros-la-1,215,2784,3,502,256,8,4,8,2,16,128,256,32,0,4,32,4,4,0,0,4,3,1,5,2,1,2,0,1,1,0,0,0
2792,3,zeros-la-1-3,zeros-la-1,216,2792,3,504,256,2,0,0,0,8,4,8,2,16,128,256,32,4,4,32,8,3,2,3,3,1,2,0,1,1,0,0,0
2800,3,zeros-la-1-3,zeros-la-1,217,2800,3,506,256,2,0,0,2,8,4,8,2,16,128,256,32,0,8,32,8,3,3,1,4,1,2,0,1,1,0,0,0
2804,3,zeros-la-1-3,zeros-la-1,218,2804,3,508,256,2,4,8,4,8,128,256,32,16,8,32,8,0,0,2,0,3,2,2,4,1,2,0,1,1,0,0,0
2804,2,zeros-la-1-3,zeros-la-1,219,2804,2,510,256,2,0,8,0,2,4,256,4,8,128,32,32,16,8,2,8,2,3,2,4,1,2,0,1,1,0,0,0
2868,2,zeros-la-1-3,zeros-la-1,220,2868,2,512,256,0,2,2,8,2,4,256,4,0,8,128,64,16,8,2,8,2,4,2,4,1,0,1,1,1,0,0,0
2884,2,zeros-la-1-3,zeros-la-1,221,2884,2,514,256,0,0,2,8,2,2,256,4,2,4,128,64,16,16,2,8,2,5,2,2,2,0,1,1,1,0,0,0
2920,3,zeros-la-1-3,zeros-la-1,222,2920,3,516,256,2,0,2,8,0,4,256,4,2,4,128,64,0,32,2,8,3,4,3,2,0,1,1,1,1,0,0,0
2932,4,zeros-la-1-3,zeros-la-1,223,2932,4,518,256,0,0,2,8,0,0,256,4,2,8,128,64,4,32,2,8,4,3,2,3,0,1,1,1,1,0,0,0
2932,3,zeros-la-1-3,zeros-la-1,224,2932,3,520,256,2,8,2,0,256,4,0,0,2,8,128,64,4,32,2,8,3,4,2,3,0,1,1,1,1,0,0,0
2932,2,zeros-la-1-3,zeros-la-1,225,2932,2,522,256,2,8,2,0,256,4,0,2,2,8,128,64,4,32,2,8,2,5,2,3,0,1,1,1,1,0,0,0
2932,1,zeros-la-1-3,zeros-la-1,226,2932,1,524,256,2,2,8,2,0,256,4,2,2,8,128,64,4,32,2,8,1,6,2,3,0,1,1,1,1,0,0,0
2940,2,zeros-la-1-3,zeros-la-1,227,2940,2,526,256,0,2,8,0,2,256,4,4,4,8,128,64,4,32,2,8,2,3,4,3,0,1,1,1,1,0,0,0
2948,2,zeros-la-1-3,zeros-la-1,228,2948,2,528,256,2,2,8,0,0,256,4,4,2,8,128,64,8,32,2,8,2,4,2,4,0,1,1,1,1,0,0,0
2960,3,zeros-la-1-3,zeros-la-1,229,2960,3,530,256,0,0,4,8,0,2,256,8,2,8,128,64,8,32,2,8,3,3,1,5,0,1,1,1,1,0,0,0
2976,3,zeros-la-1-3,zeros-la-1,230,2976,3,532,256,2,2,4,16,8,8,256,64,0,32,128,8,0,0,2,2,3,4,1,3,1,1,1,1,1,0,0,0
3000,5,zeros-la-1-3,zeros-la-1,231,3000,5,534,256,4,4,16,0,16,256,64,0,32,128,8,0,4,0,2,0,5,1,3,1,2,1,1,1,1,0,0,0
3008,5,zeros-la-1-3,zeros-la-1,232,3008,5,536,256,0,2,8,16,0,16,256,64,0,32,128,8,0,0,4,2,5,2,1,2,2,1,1,1,1,0,0,0
3008,4,zeros-la-1-3,zeros-la-1,233,3008,4,538,256,0,0,8,16,2,2,256,64,0,16,128,8,0,32,4,2,4,3,1,2,2,1,1,1,1,0,0,0
3012,4,zeros-la-1-3,zeros-la-1,234,3012,4,540,256,8,16,0,0,4,256,64,2,16,128,8,0,32,4,2,0,4,2,2,2,2,1,1,1,1,0,0,0
3012,3,zeros-la-1-3,zeros-la-1,235,3012,3,542,256,8,16,2,0,4,256,64,2,16,128,8,0,32,4,2,0,3,3,2,2,2,1,1,1,1,0,0,0
3012,2,zeros-la-1-3,zeros-la-1,236,3012,2,544,256,8,16,2,2,4,256,64,0,16,128,8,2,32,4,2,0,2,4,2,2,2,1,1,1,1,0,0,0
3016,2,zeros-la-1-3,zeros-la-1,237,3016,2,546,256,8,16,4,0,4,256,64,0,16,128,8,2,32,4,2,2,2,3,3,2,2,1,1,1,1,0,0,0
3020,2,zeros-la-1-3,zeros-la-1,238,3020,2,550,256,8,16,4,0,4,256,64,0,16,128,8,2,32,4,4,4,2,1,5,2,2,1,1,1,1,0,0,0
3028,2,zeros-la-1-3,zeros-la-1,239,3028,2,552,256,8,16,4,0,4,256,64,2,16,128,8,2,32,8,4,0,2,2,3,3,2,1,1,1,1,0,0,0
3032,2,zeros-la-1-3,zeros-la-1,240,3032,2,554,256,8,16,4,0,4,256,64,0,16,128,8,2,32,8,4,4,2,1,4,3,2,1,1,1,1,0,0,0
3040,2,zeros-la-1-3,zeros-la-1,241,3040,2,556,256,8,16,4,2,4,256,64,0,16,128,8,2,32,8,8,0,2,2,2,4,2,1,1,1,1,0,0,0
3060,3,zeros-la-1-3,zeros-la-1,242,3060,3,558,256,8,16,4,4,4,256,64,0,16,128,16,2,32,8,0,0,3,1,3,2,3,1,1,1,1,0,0,0
3068,3,zeros-la-1-3,zeros-la-1,243,3068,3,560,256,8,16,8,2,4,256,64,0,16,128,16,2,32,8,0,0,3,2,1,3,3,1,1,1,1,0,0,0
3072,3,zeros-la-1-3,zeros-la-1,244,3072,3,562,256,8,16,0,0,4,256,8,2,16,128,64,0,32,8,16,4,3,1,2,3,3,1,1,1,1,0,0,0
3072,2,zeros-la-1-3,zeros-la-1,245,3072,2,566,256,0,4,8,16,4,256,8,2,0,16,128,64,32,8,16,4,2,1,3,3,3,1,1,1,1,0,0,0
3088,2,zeros-la-1-3,zeros-la-1,246,3088,2,568,256,4,4,16,16,32,256,128,2,0,16,16,64,2,8,0,4,2,2,3,1,4,1,1,1,1,0,0,0
3160,4,zeros-la-1-3,zeros-la-1,247,3160,4,570,256,8,32,0,2,32,256,128,2,32,64,0,0,2,8,4,0,4,3,1,2,0,3,1,1,1,0,0,0
3228,5,zeros-la-1-3,zeros-la-1,248,3228,5,572,256,0,32,0,0,8,256,0,0,64,64,128,2,2,8,4,4,5,2,2,2,0,1,2,1,1,0,0,0
3364,6,zeros-la-1-3,zeros-la-1,249,3364,6,574,256,0,2,0,32,0,0,8,256,0,128,128,2,0,2,8,8,6,3,0,3,0,1,0,2,1,0,0,0
3636,7,zeros-la-1-3,zeros-la-1,250,3636,7,576,256,0,2,2,32,0,0,8,256,0,0,256,2,0,0,2,16,7,4,0,1,1,1,0,0,2,0,0,0
3640,7,zeros-la-1-3,zeros-la-1,251,3640,7,580,256,4,0,4,32,0,0,8,256,0,0,256,2,0,0,2,16,7,2,2,1,1,1,0,0,2,0,0,0
3648,7,zeros-la-1-3,zeros-la-1,252,3648,7,582,256,0,0,8,32,0,0,8,256,0,0,256,2,0,2,2,16,7,3,0,2,1,1,0,0,2,0,0,0
3664,7,zeros-la-1-3,zeros-la-1,253,3664,7,584,256,0,2,16,32,0,0,256,256,0,0,2,2,0,2,0,16,7,4,0,0,2,1,0,0,2,0,0,0
4180,8,zeros-la-1-3,zeros-la-1,254,4180,8,586,512,2,16,32,0,512,0,0,0,4,0,0,0,2,16,2,0,8,3,1,0,2,1,0,0,0,1,0,0
4212,8,zeros-la-1-3,zeros-la-1,255,4212,8,588,512,2,32,32,0,512,0,2,0,4,0,0,0,2,0,0,2,8,4,1,0,0,2,0,0,0,1,0,0
4280,9,zeros-la-1-3,zeros-la-1,256,4280,9,590,512,2,64,0,0,512,2,0,0,4,0,0,0,4,0,2,0,9,3,2,0,0,0,1,0,0,1,0,0
4288,9,zeros-la-1-3,zeros-la-1,257,4288,9,592,512,0,0,0,0,2,2,0,0,512,64,0,0,8,2,2,0,9,4,0,1,0,0,1,0,0,1,0,0
4296,10,zeros-la-1-3,zeros-la-1,258,4296,10,594,512,0,0,0,0,0,2,0,4,0,0,512,64,0,0,8,4,10,1,2,1,0,0,1,0,0,1,0,0
4296,9,zeros-la-1-3,zeros-la-1,259,4296,9,598,512,0,0,0,0,0,4,0,4,0,0,512,64,0,2,8,4,9,1,3,1,0,0,1,0,0,1,0,0
4304,9,zeros-la-1-3,zeros-la-1,260,4304,9,600,512,0,0,2,0,8,0,0,0,512,64,0,0,2,8,4,0,9,2,1,2,0,0,1,0,0,1,0,0
4304,8,zeros-la-1-3,zeros-la-1,261,4304,8,604,512,0,0,0,0,8,4,0,0,512,64,2,0,2,8,4,0,8,2,2,2,0,0,1,0,0,1,0,0
4304,7,zeros-la-1-3,zeros-la-1,262,4304,7,606,512,0,0,2,0,0,0,8,4,0,512,64,2,0,2,8,4,7,3,2,2,0,0,1,0,0,1,0,0
4304,6,zeros-la-1-3,zeros-la-1,263,4304,6,608,512,0,512,2,4,0,2,8,2,0,0,64,4,2,0,8,0,6,4,2,2,0,0,1,0,0,1,0,0
4304,5,zeros-la-1-3,zeros-la-1,264,4304,5,610,512,0,2,2,0,0,0,8,4,0,512,64,2,2,2,8,4,5,5,2,2,0,0,1,0,0,1,0,0
4312,6,zeros-la-1-3,zeros-la-1,265,4312,6,612,512,0,0,0,4,0,0,8,4,0,512,64,2,2,4,8,4,6,2,4,2,0,0,1,0,0,1,0,0
4320,6,zeros-la-1-3,zeros-la-1,266,4320,6,614,512,2,512,8,8,0,4,64,2,0,2,8,4,0,0,0,0,6,3,2,3,0,0,1,0,0,1,0,0
4336,6,zeros-la-1-3,zeros-la-1,267,4336,6,616,512,0,2,512,16,0,4,64,2,0,2,8,4,0,2,0,0,6,4,2,1,1,0,1,0,0,1,0,0
4340,6,zeros-la-1-3,zeros-la-1,268,4340,6,618,512,0,0,0,2,0,2,512,16,0,4,64,2,0,4,8,4,6,3,3,1,1,0,1,0,0,1,0,0
4348,6,zeros-la-1-3,zeros-la-1,269,4348,6,620,512,0,0,0,2,0,0,512,16,0,2,64,2,2,8,8,4,6,4,1,2,1,0,1,0,0,1,0,0
4364,6,zeros-la-1-3,zeros-la-1,270,4364,6,624,512,2,0,0,0,512,16,0,0,2,64,2,0,2,16,4,4,6,4,2,0,2,0,1,0,0,1,0,0
4372,6,zeros-la-1-3,zeros-la-1,271,4372,6,626,512,0,0,0,2,0,2,512,16,0,2,64,2,0,2,16,8,6,5,0,1,2,0,1,0,0,1,0,0
4376,6,zeros-la-1-3,zeros-la-1,272,4376,6,628,512,0,0,0,2,2,0,512,16,0,2,64,2,0,4,16,8,6,4,1,1,2,0,1,0,0,1,0,0
4376,5,zeros-la-1-3,zeros-la-1,273,4376,5,630,512,2,0,0,2,0,2,512,16,0,2,64,2,0,4,16,8,5,5,1,1,2,0,1,0,0,1,0,0
4380,5,zeros-la-1-3,zeros-la-1,274,4380,5,632,512,0,2,0,4,0,2,512,16,0,2,64,2,0,4,16,8,5,4,2,1,2,0,1,0,0,1,0,0
4384,5,zeros-la-1-3,zeros-la-1,275,4384,5,634,512,0,0,0,4,0,2,512,16,2,4,64,2,0,4,16,8,5,3,3,1,2,0,1,0,0,1,0,0
4392,5,zeros-la-1-3,zeros-la-1,276,4392,5,636,512,2,2,512,4,0,8,64,16,0,2,16,2,0,0,0,8,5,4,1,2,2,0,1,0,0,1,0,0
4396,5,zeros-la-1-3,zeros-la-1,277,4396,5,640,512,0,4,512,4,0,8,64,16,0,2,16,2,4,0,0,8,5,2,3,2,2,0,1,0,0,1,0,0
4396,4,zeros-la-1-3,zeros-la-1,278,4396,4,642,512,4,4,512,4,0,8,64,16,2,2,16,2,0,0,0,8,4,3,3,2,2,0,1,0,0,1,0,0
4408,5,zeros-la-1-3,zeros-la-1,279,4408,5,644,512,8,512,4,0,8,64,16,0,4,16,2,2,8,0,0,0,5,2,2,3,2,0,1,0,0,1,0,0
4424,5,zeros-la-1-3,zeros-la-1,280,4424,5,646,512,0,0,2,0,16,512,4,0,4,64,16,0,8,16,2,2,5,3,2,1,3,0,1,0,0,1,0,0
4428,5,zeros-la-1-3,zeros-la-1,281,4428,5,648,512,2,0,0,0,16,512,4,0,4,64,16,0,8,16,4,2,5,2,3,1,3,0,1,0,0,1,0,0
4428,4,zeros-la-1-3,zeros-la-1,282,4428,4,650,512,0,0,2,2,0,16,512,4,0,4,64,16,8,16,4,2,4,3,3,1,3,0,1,0,0,1,0,0
4432,4,zeros-la-1-3,zeros-la-1,283,4432,4,652,512,0,0,2,4,0,16,512,4,0,4,64,16,8,16,4,2,4,2,4,1,3,0,1,0,0,1,0,0
4440,4,zeros-la-1-3,zeros-la-1,284,4440,4,654,512,8,16,2,8,2,4,512,16,0,16,64,2,0,0,4,0,4,3,2,2,3,0,1,0,0,1,0,0
4440,3,zeros-la-1-3,zeros-la-1,285,4440,3,656,512,8,16,2,8,2,4,512,16,0,16,64,2,2,0,4,0,3,4,2,2,3,0,1,0,0,1,0,0
4444,3,zeros-la-1-3,zeros-la-1,286,4444,3,658,512,8,16,2,8,4,4,512,16,0,16,64,2,0,0,4,2,3,3,3,2,3,0,1,0,0,1,0,0
4452,3,zeros-la-1-3,zeros-la-1,287,4452,3,660,512,8,16,2,8,0,8,512,16,0,16,64,2,0,2,4,2,3,4,1,3,3,0,1,0,0,1,0,0
4456,3,zeros-la-1-3,zeros-la-1,288,4456,3,662,512,0,16,2,0,0,8,512,8,2,16,64,16,8,2,4,4,3,3,2,3,3,0,1,0,0,1,0,0
4464,3,zeros-la-1-3,zeros-la-1,289,4464,3,664,512,16,2,2,0,8,512,8,0,2,16,64,16,8,2,8,0,3,4,0,4,3,0,1,0,0,1,0,0
4468,3,zeros-la-1-3,zeros-la-1,290,4468,3,666,512,0,0,16,4,0,8,512,8,2,16,64,16,2,8,2,8,3,3,1,4,3,0,1,0,0,1,0,0
4472,3,zeros-la-1-3,zeros-la-1,291,4472,3,668,512,4,8,16,4,0,16,512,8,0,8,64,16,2,0,2,8,3,2,2,4,3,0,1,0,0,1,0,0
4476,3,zeros-la-1-3,zeros-la-1,292,4476,3,670,512,4,8,16,4,0,16,512,8,0,8,64,16,0,2,4,8,3,1,3,4,3,0,1,0,0,1,0,0
4476,2,zeros-la-1-3,zeros-la-1,293,4476,2,672,512,4,8,16,4,16,512,8,0,8,64,16,2,2,4,8,0,2,2,3,4,3,0,1,0,0,1,0,0
4476,1,zeros-la-1-3,zeros-la-1,294,4476,1,674,512,4,8,16,4,16,512,8,2,8,64,16,2,2,4,8,0,1,3,3,4,3,0,1,0,0,1,0,0
4480,1,zeros-la-1-3,zeros-la-1,295,4480,1,678,512,4,8,16,4,16,512,8,4,8,64,16,4,2,4,8,0,1,1,5,4,3,0,1,0,0,1,0,0
4488,1,zeros-la-1-3,zeros-la-1,296,4488,1,682,512,4,8,16,8,16,512,8,4,8,64,16,0,2,4,8,4,1,1,4,5,3,0,1,0,0,1,0,0
4496,1,zeros-la-1-3,zeros-la-1,297,4496,1,684,512,4,8,16,8,16,512,8,8,8,64,16,0,2,4,8,2,1,2,2,6,3,0,1,0,0,1,0,0
4512,1,zeros-la-1-3,zeros-la-1,298,4512,1,686,512,4,8,16,8,2,16,512,16,0,8,64,16,2,4,8,2,1,3,2,4,4,0,1,0,0,1,0,0
4548,2,zeros-la-1-3,zeros-la-1,299,4548,2,688,512,2,8,16,0,0,16,512,8,4,8,64,32,4,4,8,2,2,2,3,4,2,1,1,0,0,1,0,0
4556,2,zeros-la-1-3,zeros-la-1,300,4556,2,690,512,0,2,8,16,0,16,512,8,4,8,64,32,2,8,8,2,2,3,1,5,2,1,1,0,0,1,0,0
4572,2,zeros-la-1-3,zeros-la-1,301,4572,2,692,512,4,2,8,16,2,16,512,8,2,16,64,32,0,0,8,2,2,4,1,3,3,1,1,0,0,1,0,0
4608,3,zeros-la-1-3,zeros-la-1,302,4608,3,694,512,0,0,8,16,0,2,512,8,4,2,64,32,4,32,8,2,3,3,2,3,1,2,1,0,0,1,0,0
4620,4,zeros-la-1-3,zeros-la-1,303,4620,4,698,512,8,4,8,16,0,32,512,8,0,0,64,32,0,4,8,2,4,1,2,4,1,2,1,0,0,1,0,0
4620,3,zeros-la-1-3,zeros-la-1,304,4620,3,700,512,8,4,8,16,32,512,8,0,64,32,0,0,4,8,2,2,3,2,2,4,1,2,1,0,0,1,0,0
4636,3,zeros-la-1-3,zeros-la-1,305,4636,3,702,512,8,4,16,16,32,512,2,2,64,32,0,0,4,8,2,0,3,3,2,2,2,2,1,0,0,1,0,0
4672,4,zeros-la-1-3,zeros-la-1,306,4672,4,704,512,0,8,4,32,0,32,512,4,0,2,64,32,0,4,8,2,4,2,3,2,0,3,1,0,0,1,0,0
4672,3,zeros-la-1-3,zeros-la-1,307,4672,3,706,512,0,8,4,32,0,32,512,4,2,2,64,32,0,4,8,2,3,3,3,2,0,3,1,0,0,1,0,0
4676,3,zeros-la-1-3,zeros-la-1,308,4676,3,708,512,0,8,4,32,2,32,512,4,0,4,64,32,0,4,8,2,3,2,4,2,0,3,1,0,0,1,0,0
4684,3,zeros-la-1-3,zeros-la-1,309,4684,3,710,512,2,0,4,32,0,8,512,4,0,32,64,32,2,8,8,2,3,3,2,3,0,3,1,0,0,1,0,0
4700,3,zeros-la-1-3,zeros-la-1,310,4700,3,712,512,0,2,4,32,0,8,512,4,2,32,64,32,0,2,16,2,3,4,2,1,1,3,1,0,0,1,0,0
4700,2,zeros-la-1-3,zeros-la-1,311,4700,2,714,512,2,2,4,32,0,8,512,4,0,32,64,32,2,2,16,2,2,5,2,1,1,3,1,0,0,1,0,0
4708,3,zeros-la-1-3,zeros-la-1,312,4708,3,716,512,4,4,32,2,8,512,4,0,32,64,32,0,4,16,2,0,3,2,4,1,1,3,1,0,0,1,0,0
4716,3,zeros-la-1-3,zeros-la-1,313,4716,3,718,512,8,32,2,0,8,512,4,0,32,64,32,0,4,16,2,2,3,3,2,2,1,3,1,0,0,1,0,0
4720,3,zeros-la-1-3,zeros-la-1,314,4720,3,720,512,8,32,2,2,8,512,4,0,32,64,32,0,4,16,4,0,3,2,3,2,1,3,1,0,0,1,0,0
4724,3,zeros-la-1-3,zeros-la-1,315,4724,3,722,512,2,8,32,4,0,8,512,4,0,32,64,32,0,4,16,4,3,1,4,2,1,3,1,0,0,1,0,0
4748,4,zeros-la-1-3,zeros-la-1,316,4748,4,724,512,0,0,32,0,2,16,512,8,0,32,64,32,2,4,16,4,4,2,2,1,2,3,1,0,0,1,0,0
4752,4,zeros-la-1-3,zeros-la-1,317,4752,4,726,512,0,0,32,0,0,16,512,8,2,32,64,32,4,4,16,4,4,1,3,1,2,3,1,0,0,1,0,0
4760,4,zeros-la-1-3,zeros-la-1,318,4760,4,728,512,0,0,0,32,0,16,512,8,2,32,64,32,2,8,16,4,4,2,1,2,2,3,1,0,0,1,0,0
4764,4,zeros-la-1-3,zeros-la-1,319,4764,4,732,512,4,16,512,32,0,32,64,8,0,8,16,32,4,0,0,4,4,0,3,2,2,3,1,0,0,1,0,0
4772,4,zeros-la-1-3,zeros-la-1,320,4772,4,734,512,0,2,0,32,0,16,512,8,0,32,64,32,8,8,16,4,4,1,1,3,2,3,1,0,0,1,0,0
4788,4,zeros-la-1-3,zeros-la-1,321,4788,4,736,512,2,32,2,0,16,512,8,0,32,64,32,0,16,16,4,0,4,2,1,1,3,3,1,0,0,1,0,0
4820,4,zeros-la-1-3,zeros-la-1,322,4820,4,738,512,2,32,2,0,16,512,8,0,32,64,32,2,32,4,0,0,4,3,1,1,1,4,1,0,0,1,0,0
4884,4,zeros-la-1-3,zeros-la-1,323,4884,4,740,512,2,32,2,2,16,512,8,0,64,64,32,0,0,4,2,0,4,4,1,1,1,2,2,0,0,1,0,0
5016,5,zeros-la-1-3,zeros-la-1,324,5016,5,742,512,2,32,4,0,16,512,8,0,128,32,0,0,4,2,0,2,5,3,2,1,1,2,0,1,0,1,0,0
5020,5,zeros-la-1-3,zeros-la-1,325,5020,5,744,512,2,32,4,0,16,512,8,0,128,32,2,0,4,4,0,0,5,2,3,1,1,2,0,1,0,1,0,0
5028,5,zeros-la-1-3,zeros-la-1,326,5028,5,746,512,2,32,4,0,16,512,8,0,128,32,2,2,8,0,0,0,5,3,1,2,1,2,0,1,0,1,0,0
5032,5,zeros-la-1-3,zeros-la-1,327,5032,5,748,512,2,2,32,4,0,16,512,8,0,128,32,4,0,0,0,8,5,2,2,2,1,2,0,1,0,1,0,0
5036,5,zeros-la-1-3,zeros-la-1,328,5036,5,750,512,4,32,4,0,16,512,8,0,128,32,4,0,8,2,0,0,5,1,3,2,1,2,0,1,0,1,0,0
5036,4,zeros-la-1-3,zeros-la-1,329,5036,4,752,512,4,32,0,2,16,512,4,0,128,32,8,0,8,2,4,0,4,2,3,2,1,2,0,1,0,1,0,0
5036,3,zeros-la-1-3,zeros-la-1,330,5036,3,754,512,4,32,4,2,16,512,8,2,128,32,4,0,8,2,0,0,3,3,3,2,1,2,0,1,0,1,0,0
5040,3,zeros-la-1-3,zeros-la-1,331,5040,3,756,512,4,32,4,4,16,512,8,0,128,32,4,0,8,2,2,0,3,2,4,2,1,2,0,1,0,1,0,0
5052,4,zeros-la-1-3,zeros-la-1,332,5052,4,758,512,0,4,32,8,0,16,512,8,2,128,32,4,0,0,8,4,4,1,3,3,1,2,0,1,0,1,0,0
5076,5,zeros-la-1-3,zeros-la-1,333,5076,5,760,512,0,0,32,0,2,4,512,0,0,16,32,16,2,128,8,8,5,2,1,2,2,2,0,1,0,1,0,0
5092,5,zeros-la-1-3,zeros-la-1,334,5092,5,762,512,32,0,0,0,2,4,512,0,16,32,16,2,2,128,16,0,5,3,1,0,3,2,0,1,0,1,0,0
5124,5,zeros-la-1-3,zeros-la-1,335,5124,5,764,512,32,4,512,2,2,32,32,0,16,128,2,0,2,0,0,0,5,4,1,0,1,3,0,1,0,1,0,0
5188,5,zeros-la-1-3,zeros-la-1,336,5188,5,768,512,32,4,512,2,0,0,2,64,4,16,128,2,0,0,0,2,5,4,2,0,1,1,1,1,0,1,0,0
5192,5,zeros-la-1-3,zeros-la-1,337,5192,5,772,512,4,0,0,0,0,0,512,2,32,4,2,64,4,16,128,4,5,2,4,0,1,1,1,1,0,1,0,0
5192,4,zeros-la-1-3,zeros-la-1,338,5192,4,774,512,4,0,0,2,512,2,0,0,32,4,2,64,4,16,128,4,4,3,4,0,1,1,1,1,0,1,0,0
5192,3,zeros-la-1-3,zeros-la-1,339,5192,3,776,512,4,2,0,0,512,2,0,2,32,4,2,64,4,16,128,4,3,4,4,0,1,1,1,1,0,1,0,0
5196,3,zeros-la-1-3,zeros-la-1,340,5196,3,778,512,4,0,0,0,512,4,2,2,32,4,2,64,4,16,128,4,3,3,5,0,1,1,1,1,0,1,0,0
5208,4,zeros-la-1-3,zeros-la-1,341,5208,4,780,512,4,0,0,0,512,2,0,2,32,8,4,64,4,16,128,4,4,2,4,1,1,1,1,1,0,1,0,0
5212,4,zeros-la-1-3,zeros-la-1,342,5212,4,782,512,2,0,0,4,0,0,512,4,32,8,4,64,4,16,128,4,4,1,5,1,1,1,1,1,0,1,0,0
5220,4,zeros-la-1-3,zeros-la-1,343,5220,4,784,512,0,2,0,0,2,0,512,8,32,8,4,64,4,16,128,4,4,2,3,2,1,1,1,1,0,1,0,0
5220,3,zeros-la-1-3,zeros-la-1,344,5220,3,786,512,2,0,0,2,2,512,8,0,32,8,4,64,4,16,128,4,3,3,3,2,1,1,1,1,0,1,0,0
5224,3,zeros-la-1-3,zeros-la-1,345,5224,3,788,512,4,0,0,0,2,512,8,2,32,8,4,64,4,16,128,4,3,2,4,2,1,1,1,1,0,1,0,0
5224,2,zeros-la-1-3,zeros-la-1,346,5224,2,790,512,4,512,8,2,2,8,4,64,32,16,128,4,4,0,2,0,2,3,4,2,1,1,1,1,0,1,0,0
5224,1,zeros-la-1-3,zeros-la-1,347,5224,1,792,512,4,512,8,2,2,8,4,64,32,16,128,4,4,2,2,0,1,4,4,2,1,1,1,1,0,1,0,0
5228,1,zeros-la-1-3,zeros-la-1,348,5228,1,794,512,4,512,8,2,2,8,4,64,32,16,128,4,2,0,4,4,1,3,5,2,1,1,1,1,0,1,0,0
5236,1,zeros-la-1-3,zeros-la-1,349,5236,1,796,512,4,512,8,2,2,8,4,64,32,16,128,4,0,2,2,8,1,4,3,3,1,1,1,1,0,1,0,0
5240,1,zeros-la-1-3,zeros-la-1,350,5240,1,800,512,4,512,8,2,2,8,4,64,32,16,128,4,4,8,0,4,1,2,5,3,1,1,1,1,0,1,0,0
5248,1,zeros-la-1-3,zeros-la-1,351,5248,1,802,512,4,512,0,2,2,8,8,2,32,16,4,64,4,8,128,8,1,3,3,4,1,1,1,1,0,1,0,0
5264,1,zeros-la-1-3,zeros-la-1,352,5264,1,804,512,4,512,2,0,2,16,2,2,32,16,4,64,4,8,128,8,1,4,3,2,2,1,1,1,0,1,0,0
5300,2,zeros-la-1-3,zeros-la-1,353,5300,2,806,512,4,2,0,0,2,512,4,2,32,32,4,64,4,8,128,8,2,3,4,2,0,2,1,1,0,1,0,0
5364,2,zeros-la-1-3,zeros-la-1,354,5364,2,808,512,2,0,4,2,2,512,4,2,0,64,4,64,4,8,128,8,2,4,4,2,0,0,2,1,0,1,0,0
5380,4,zeros-la-1-3,zeros-la-1,355,5380,4,810,512,0,0,0,2,0,512,4,4,4,64,8,64,4,8,128,8,4,1,4,3,0,0,2,1,0,1,0,0
5388,4,zeros-la-1-3,zeros-la-1,356,5388,4,812,512,0,0,2,2,0,512,4,4,0,64,8,64,8,8,128,8,4,2,2,4,0,0,2,1,0,1,0,0
5416,6,zeros-la-1-3,zeros-la-1,357,5416,6,814,512,4,0,0,0,512,8,0,0,64,8,64,2,16,128,8,0,6,1,1,3,1,0,2,1,0,1,0,0
5432,6,zeros-la-1-3,zeros-la-1,358,5432,6,816,512,4,0,0,2,512,0,0,0,64,16,64,0,16,128,8,2,6,2,1,1,2,0,2,1,0,1,0,0
5436,6,zeros-la-1-3,zeros-la-1,359,5436,6,818,512,4,0,0,0,512,0,0,2,64,16,64,0,16,128,8,4,6,1,2,1,2,0,2,1,0,1,0,0
5436,5,zeros-la-1-3,zeros-la-1,360,5436,5,820,512,0,0,0,4,2,0,512,2,0,64,16,64,16,128,8,4,5,2,2,1,2,0,2,1,0,1,0,0
5436,4,zeros-la-1-3,zeros-la-1,361,5436,4,822,512,2,0,0,4,0,2,512,2,0,64,16,64,16,128,8,4,4,3,2,1,2,0,2,1,0,1,0,0
5436,3,zeros-la-1-3,zeros-la-1,362,5436,3,824,512,2,2,512,4,16,64,16,2,0,128,8,64,2,0,0,4,3,4,2,1,2,0,2,1,0,1,0,0
5440,3,zeros-la-1-3,zeros-la-1,363,5440,3,826,512,4,512,4,0,16,64,16,2,128,8,64,0,2,4,2,0,3,3,3,1,2,0,2,1,0,1,0,0
5440,2,zeros-la-1-3,zeros-la-1,364,5440,2,828,512,4,512,4,0,16,64,16,2,128,8,64,2,2,4,2,0,2,4,3,1,2,0,2,1,0,1,0,0
5444,2,zeros-la-1-3,zeros-la-1,365,5444,2,830,512,4,512,4,4,16,64,16,0,128,8,64,2,2,4,2,0,2,3,4,1,2,0,2,1,0,1,0,0
5452,2,zeros-la-1-3,zeros-la-1,366,5452,2,832,512,4,512,8,0,16,64,16,0,128,8,64,2,2,4,2,2,2,4,2,2,2,0,2,1,0,1,0,0
5456,2,zeros-la-1-3,zeros-la-1,367,5456,2,834,512,0,4,512,8,2,16,64,16,128,8,64,2,0,2,4,4,2,3,3,2,2,0,2,1,0,1,0,0
5464,2,zeros-la-1-3,zeros-la-1,368,5464,2,836,512,4,512,8,0,2,16,64,16,128,8,64,2,2,8,2,0,2,4,1,3,2,0,2,1,0,1,0,0
5608,3,zeros-la-1-3,zeros-la-1,369,5608,3,838,512,4,512,8,16,2,16,128,2,128,16,2,2,2,0,0,0,3,5,1,1,3,0,0,2,0,1,0,0
5644,4,zeros-la-1-3,zeros-la-1,370,5644,4,840,512,4,512,8,16,2,32,128,4,128,2,2,0,2,0,0,0,4,4,2,1,1,1,0,2,0,1,0,0
5648,4,zeros-la-1-3,zeros-la-1,371,5648,4,842,512,4,512,8,16,2,32,128,4,0,2,128,4,0,0,0,2,4,3,3,1,1,1,0,2,0,1,0,0
5912,5,zeros-la-1-3,zeros-la-1,372,5912,5,846,512,4,0,0,0,0,512,0,16,4,32,8,8,2,2,256,2,5,3,2,2,1,1,0,0,1,1,0,0
5932,6,zeros-la-1-3,zeros-la-1,373,5932,6,848,512,0,0,0,4,0,0,512,16,2,4,32,16,0,4,256,2,6,2,3,0,2,1,0,0,1,1,0,0
5972,7,zeros-la-1-3,zeros-la-1,374,5972,7,850,512,2,0,0,0,0,0,512,4,0,0,32,32,2,8,256,2,7,3,1,1,0,2,0,0,1,1,0,0
6036,7,zeros-la-1-3,zeros-la-1,375,6036,7,852,512,0,0,0,2,0,0,512,4,0,2,0,64,2,8,256,2,7,4,1,1,0,0,1,0,1,1,0,0
6036,6,zeros-la-1-3,zeros-la-1,376,6036,6,854,512,2,2,512,2,0,8,256,4,0,0,0,64,0,0,2,2,6,5,1,1,0,0,1,0,1,1,0,0
6044,7,zeros-la-1-3,zeros-la-1,377,6044,7,856,512,0,4,512,2,0,8,256,4,0,0,2,64,0,0,0,4,7,2,3,1,0,0,1,0,1,1,0,0
6044,6,zeros-la-1-3,zeros-la-1,378,6044,6,858,512,0,0,0,2,0,0,512,4,2,4,256,64,0,8,2,4,6,3,3,1,0,0,1,0,1,1,0,0
6044,5,zeros-la-1-3,zeros-la-1,379,6044,5,860,512,2,0,0,2,0,0,512,4,0,4,256,64,2,8,2,4,5,4,3,1,0,0,1,0,1,1,0,0
6048,5,zeros-la-1-3,zeros-la-1,380,6048,5,862,512,0,0,2,2,0,0,512,4,0,4,256,64,4,8,2,4,5,3,4,1,0,0,1,0,1,1,0,0
6052,5,zeros-la-1-3,zeros-la-1,381,6052,5,864,512,2,0,0,4,0,0,512,4,0,4,256,64,4,8,2,4,5,2,5,1,0,0,1,0,1,1,0,0
6060,5,zeros-la-1-3,zeros-la-1,382,6060,5,868,512,2,4,512,8,4,8,256,64,0,0,2,4,0,0,0,4,5,2,4,2,0,0,1,0,1,1,0,0
6068,5,zeros-la-1-3,zeros-la-1,383,6068,5,870,512,2,4,512,8,4,8,256,64,0,0,2,8,2,0,0,0,5,3,2,3,0,0,1,0,1,1,0,0
6068,4,zeros-la-1-3,zeros-la-1,384,6068,4,872,512,2,4,512,8,4,8,256,64,2,8,2,0,2,0,0,0,4,4,2,3,0,0,1,0,1,1,0,0
6088,5,zeros-la-1-3,zeros-la-1,385,6088,5,874,512,2,4,512,8,4,16,256,64,4,0,2,0,0,2,0,0,5,3,3,1,1,0,1,0,1,1,0,0
6096,5,zeros-la-1-3,zeros-la-1,386,6096,5,876,512,0,0,0,0,2,4,512,0,2,16,256,8,8,2,2,64,5,4,1,2,1,0,1,0,1,1,0,0
6100,5,zeros-la-1-3,zeros-la-1,387,6100,5,878,512,4,4,512,8,8,16,256,64,0,2,2,0,2,0,0,0,5,3,2,2,1,0,1,0,1,1,0,0
6112,6,zeros-la-1-3,zeros-la-1,388,6112,6,882,512,8,512,8,0,8,16,256,64,4,0,0,0,2,0,0,4,6,1,2,3,1,0,1,0,1,1,0,0
6128,6,zeros-la-1-3,zeros-la-1,389,6128,6,884,512,16,512,8,64,4,16,256,4,2,0,0,0,0,0,2,0,6,2,2,1,2,0,1,0,1,1,0,0
6128,5,zeros-la-1-3,zeros-la-1,390,6128,5,886,512,16,512,8,64,4,16,256,4,0,2,0,2,0,0,0,2,5,3,2,1,2,0,1,0,1,1,0,0
6132,5,zeros-la-1-3,zeros-la-1,391,6132,5,888,512,16,512,8,64,4,16,256,4,0,2,0,4,0,0,2,0,5,2,3,1,2,0,1,0,1,1,0,0
6140,5,zeros-la-1-3,zeros-la-1,392,6140,5,892,512,0,0,4,0,0,512,8,0,16,16,256,64,4,2,2,8,5,2,2,2,2,0,1,0,1,1,0,0
6176,6,zeros-la-1-3,zeros-la-1,393,6176,6,894,512,0,0,0,4,0,0,512,8,0,32,256,64,2,4,4,8,6,1,3,2,0,1,1,0,1,1,0,0
6184,6,zeros-la-1-3,zeros-la-1,394,6184,6,896,512,0,0,0,4,0,0,512,8,2,32,256,64,0,2,8,8,6,2,1,3,0,1,1,0,1,1,0,0
6200,6,zeros-la-1-3,zeros-la-1,395,6200,6,900,512,4,0,0,0,512,8,0,0,2,32,256,64,2,16,0,4,6,2,2,1,1,1,1,0,1,1,0,0
6204,6,zeros-la-1-3,zeros-la-1,396,6204,6,902,512,4,8,256,64,512,32,0,4,4,16,0,2,0,0,0,0,6,1,3,1,1,1,1,0,1,1,0,0
6204,5,zeros-la-1-3,zeros-la-1,397,6204,5,904,512,0,0,2,0,4,8,0,64,512,32,0,4,4,16,256,2,5,2,3,1,1,1,1,0,1,1,0,0
6204,4,zeros-la-1-3,zeros-la-1,398,6204,4,906,512,2,0,0,0,4,8,64,0,512,32,4,2,4,16,256,2,4,3,3,1,1,1,1,0,1,1,0,0
6208,4,zeros-la-1-3,zeros-la-1,399,6208,4,908,512,2,0,2,0,4,8,64,0,512,32,4,0,4,16,256,4,4,2,4,1,1,1,1,0,1,1,0,0
6212,4,zeros-la-1-3,zeros-la-1,400,6212,4,910,512,0,0,0,4,2,4,8,64,0,512,32,4,4,16,256,4,4,1,5,1,1,1,1,0,1,1,0,0
6220,4,zeros-la-1-3,zeros-la-1,401,6220,4,912,512,0,0,0,2,0,4,8,4,2,512,32,64,4,16,256,8,4,2,3,2,1,1,1,0,1,1,0,0
6220,3,zeros-la-1-3,zeros-la-1,402,6220,3,914,512,0,0,2,2,0,4,8,4,2,512,32,64,4,16,256,8,3,3,3,2,1,1,1,0,1,1,0,0
6224,3,zeros-la-1-3,zeros-la-1,403,6224,3,916,512,0,0,0,4,2,4,8,4,2,512,32,64,4,16,256,8,3,2,4,2,1,1,1,0,1,1,0,0
6236,4,zeros-la-1-3,zeros-la-1,404,6236,4,918,512,4,4,8,8,4,512,32,64,2,16,256,8,0,0,0,0,4,1,3,3,1,1,1,0,1,1,0,0
6260,5,zeros-la-1-3,zeros-la-1,405,6260,5,920,512,8,16,0,0,4,512,32,64,2,16,256,8,0,0,2,0,5,2,1,2,2,1,1,0,1,1,0,0
6260,4,zeros-la-1-3,zeros-la-1,406,6260,4,924,512,8,16,0,4,4,512,32,64,2,16,256,8,2,0,0,0,4,2,2,2,2,1,1,0,1,1,0,0
6264,4,zeros-la-1-3,zeros-la-1,407,6264,4,926,512,0,0,0,0,8,16,2,4,4,512,32,64,4,16,256,8,4,1,3,2,2,1,1,0,1,1,0,0
6272,4,zeros-la-1-3,zeros-la-1,408,6272,4,928,512,0,0,2,0,0,16,2,4,8,512,32,64,8,16,256,8,4,2,1,3,2,1,1,0,1,1,0,0
6292,5,zeros-la-1-3,zeros-la-1,409,6292,5,930,512,16,16,4,4,0,512,32,64,0,16,256,8,0,2,0,0,5,1,2,1,3,1,1,0,1,1,0,0
6332,6,zeros-la-1-3,zeros-la-1,410,6332,6,932,512,0,0,32,8,2,512,32,64,0,16,256,8,0,0,0,2,6,2,0,2,1,2,1,0,1,1,0,0
6396,6,zeros-la-1-3,zeros-la-1,411,6396,6,934,512,0,0,0,8,0,2,0,64,0,512,64,8,2,16,256,2,6,3,0,2,1,0,2,0,1,1,0,0
6396,5,zeros-la-1-3,zeros-la-1,412,6396,5,936,512,2,2,64,8,2,512,256,64,0,16,0,8,0,0,0,2,5,4,0,2,1,0,2,0,1,1,0,0
6400,5,zeros-la-1-3,zeros-la-1,413,6400,5,938,512,0,4,64,8,2,512,256,64,0,2,16,8,0,0,0,2,5,3,1,2,1,0,2,0,1,1,0,0
6400,4,zeros-la-1-3,zeros-la-1,414,6400,4,940,512,0,0,2,8,0,4,64,64,0,512,256,8,2,2,16,2,4,4,1,2,1,0,2,0,1,1,0,0
6532,5,zeros-la-1-3,zeros-la-1,415,6532,5,942,512,2,8,0,0,4,128,0,2,512,256,8,0,4,16,2,0,5,3,2,2,1,0,0,1,1,1,0,0
6532,4,zeros-la-1-3,zeros-la-1,416,6532,4,946,512,2,8,8,2,4,128,2,0,512,256,0,0,4,16,0,4,4,3,3,2,1,0,0,1,1,1,0,0
6548,4,zeros-la-1-3,zeros-la-1,417,6548,4,948,512,0,2,16,2,2,4,128,2,0,0,512,256,0,4,16,4,4,4,3,0,2,0,0,1,1,1,0,0
6560,5,zeros-la-1-3,zeros-la-1,418,6560,5,950,512,2,2,16,4,0,8,128,256,0,0,512,4,0,2,16,0,5,3,2,1,2,0,0,1,1,1,0,0
6564,5,zeros-la-1-3,zeros-la-1,419,6564,5,952,512,0,4,16,4,2,8,128,256,0,0,512,4,0,0,2,16,5,2,3,1,2,0,0,1,1,1,0,0
6564,4,zeros-la-1-3,zeros-la-1,420,6564,4,954,512,2,4,16,4,2,8,128,256,0,0,512,4,0,0,2,16,4,3,3,1,2,0,0,1,1,1,0,0
6568,4,zeros-la-1-3,zeros-la-1,421,6568,4,956,512,4,4,16,4,2,8,128,256,0,0,512,4,0,0,2,16,4,2,4,1,2,0,0,1,1,1,0,0
6576,4,zeros-la-1-3,zeros-la-1,422,6576,4,958,512,0,8,16,4,2,8,128,256,0,0,512,4,0,2,2,16,4,3,2,2,2,0,0,1,1,1,0,0
6592,4,zeros-la-1-3,zeros-la-1,423,6592,4,960,512,2,16,16,4,0,2,128,256,2,0,512,4,0,0,2,16,4,4,2,0,3,0,0,1,1,1,0,0
6624,4,zeros-la-1-3,zeros-la-1,424,6624,4,962,512,0,2,32,4,0,2,128,256,0,2,512,4,0,2,2,16,4,5,2,0,1,1,0,1,1,1,0,0
6632,5,zeros-la-1-3,zeros-la-1,425,6632,5,964,512,0,0,32,4,2,0,128,256,0,4,512,4,0,4,2,16,5,2,4,0,1,1,0,1,1,1,0,0
6640,5,zeros-la-1-3,zeros-la-1,426,6640,5,966,512,2,8,32,4,0,0,128,256,2,0,512,4,0,0,2,16,5,3,2,1,1,1,0,1,1,1,0,0
6644,5,zeros-la-1-3,zeros-la-1,427,6644,5,968,512,4,8,32,4,0,0,128,256,0,0,512,4,2,0,2,16,5,2,3,1,1,1,0,1,1,1,0,0
6648,5,zeros-la-1-3,zeros-la-1,428,6648,5,970,512,4,8,32,4,128,256,0,0,512,4,0,0,4,16,2,0,5,1,4,1,1,1,0,1,1,1,0,0
6648,4,zeros-la-1-3,zeros-la-1,429,6648,4,972,512,4,8,32,4,128,256,2,0,512,4,0,0,4,16,2,0,4,2,4,1,1,1,0,1,1,1,0,0
6652,4,zeros-la-1-3,zeros-la-1,430,6652,4,974,512,4,8,0,0,128,256,0,2,512,4,32,0,4,16,4,4,4,1,5,1,1,1,0,1,1,1,0,0
6660,4,zeros-la-1-3,zeros-la-1,431,6660,4,976,512,0,0,4,8,0,128,256,2,2,512,4,32,0,4,16,8,4,2,3,2,1,1,0,1,1,1,0,0
6660,3,zeros-la-1-3,zeros-la-1,432,6660,3,978,512,2,128,4,8,0,512,256,2,0,4,4,32,2,0,16,8,3,3,3,2,1,1,0,1,1,1,0,0
6668,3,zeros-la-1-3,zeros-la-1,433,6668,3,980,512,2,128,4,8,0,512,256,2,0,2,8,32,0,2,16,8,3,4,1,3,1,1,0,1,1,1,0,0
6672,3,zeros-la-1-3,zeros-la-1,434,6672,3,982,512,0,2,4,8,0,128,256,2,0,512,8,32,2,4,16,8,3,3,2,3,1,1,0,1,1,1,0,0
6672,2,zeros-la-1-3,zeros-la-1,435,6672,2,984,512,2,2,4,8,2,128,256,2,0,512,8,32,0,4,16,8,2,4,2,3,1,1,0,1,1,1,0,0
6676,2,zeros-la-1-3,zeros-la-1,436,6676,2,986,512,4,4,8,2,2,128,256,2,512,8,32,0,4,16,8,0,2,3,3,3,1,1,0,1,1,1,0,0
6684,2,zeros-la-1-3,zeros-la-1,437,6684,2,988,512,0,8,8,2,2,128,256,2,0,512,8,32,2,4,16,8,2,4,1,4,1,1,0,1,1,1,0,0
6692,3,zeros-la-1-3,zeros-la-1,438,6692,3,990,512,4,8,8,4,0,128,256,32,2,512,8,8,0,4,16,0,3,1,3,4,1,1,0,1,1,1,0,0
6724,4,zeros-la-1-3,zeros-la-1,439,6724,4,992,512,0,4,16,4,0,128,256,32,2,2,512,16,0,0,4,16,4,2,3,0,3,1,0,1,1,1,0,0
6756,4,zeros-la-1-3,zeros-la-1,440,6756,4,994,512,0,2,16,0,0,4,256,4,0,128,512,32,2,2,4,32,4,3,3,0,1,2,0,1,1,1,0,0
6760,4,zeros-la-1-3,zeros-la-1,441,6760,4,996,512,0,0,2,16,0,4,256,4,0,128,512,32,2,4,4,32,4,2,4,0,1,2,0,1,1,1,0,0
6824,4,zeros-la-1-3,zeros-la-1,442,6824,4,998,512,2,0,2,0,0,4,256,16,0,128,512,4,2,4,4,64,4,3,4,0,1,0,1,1,1,1,0,0
6836,5,zeros-la-1-3,zeros-la-1,443,6836,5,1000,512,0,0,0,4,0,4,256,16,2,128,512,4,0,2,8,64,5,2,3,1,1,0,1,1,1,1,0,0
6836,4,zeros-la-1-3,zeros-la-1,444,6836,4,1004,512,0,0,4,4,0,4,256,16,0,128,512,4,2,2,8,64,4,2,4,1,1,0,1,1,1,1,0,0
6848,5,zeros-la-1-3,zeros-la-1,445,6848,5,1006,512,8,0,0,0,4,256,16,0,128,512,4,0,4,8,64,2,5,1,3,2,1,0,1,1,1,1,0,0
6848,4,zeros-la-1-3,zeros-la-1,446,6848,4,1010,512,8,256,16,2,4,512,4,4,128,8,64,0,4,0,0,0,4,1,4,2,1,0,1,1,1,1,0,0
6856,4,zeros-la-1-3,zeros-la-1,447,6856,4,1012,512,8,256,16,2,4,512,8,0,128,8,64,0,4,0,2,0,4,2,2,3,1,0,1,1,1,1,0,0
6856,3,zeros-la-1-3,zeros-la-1,448,6856,3,1014,512,8,2,16,0,4,256,8,0,128,512,64,0,4,8,2,2,3,3,2,3,1,0,1,1,1,1,0,0
6860,3,zeros-la-1-3,zeros-la-1,449,6860,3,1016,512,8,2,16,2,4,256,8,0,128,512,64,0,4,8,4,0,3,2,3,3,1,0,1,1,1,1,0,0
6860,2,zeros-la-1-3,zeros-la-1,450,6860,2,1018,512,8,2,16,0,4,256,8,0,128,512,64,2,4,8,4,2,2,3,3,3,1,0,1,1,1,1,0,0
6864,2,zeros-la-1-3,zeros-la-1,451,6864,2,1020,512,8,2,16,0,4,256,8,2,128,512,64,0,4,8,4,4,2,2,4,3,1,0,1,1,1,1,0,0
6872,2,zeros-la-1-3,zeros-la-1,452,6872,2,1022,512,8,2,16,0,4,256,8,2,128,512,64,0,4,8,8,2,2,3,2,4,1,0,1,1,1,1,0,0
6888,2,zeros-la-1-3,zeros-la-1,453,6888,2,1024,512,8,2,16,0,4,256,8,2,128,512,64,2,4,16,2,0,2,4,2,2,2,0,1,1,1,1,0,0
6892,2,zeros-la-1-3,zeros-la-1,454,6892,2,1026,512,8,2,16,4,4,256,8,0,128,512,64,2,4,16,2,0,2,3,3,2,2,0,1,1,1,1,0,0
6892,1,zeros-la-1-3,zeros-la-1,455,6892,1,1028,512,8,2,16,4,4,256,8,2,128,512,64,0,4,16,2,2,1,4,3,2,2,0,1,1,1,1,0,0
6896,1,zeros-la-1-3,zeros-la-1,456,6896,1,1030,512,8,2,16,4,4,256,8,4,128,512,64,2,4,16,2,0,1,3,4,2,2,0,1,1,1,1,0,0
6904,1,zeros-la-1-3,zeros-la-1,457,6904,1,1032,512,8,2,16,8,4,256,8,2,128,512,64,2,4,16,2,0,1,4,2,3,2,0,1,1,1,1,0,0
6908,1,zeros-la-1-3,zeros-la-1,458,6908,1,1034,512,8,2,16,8,4,256,8,4,128,512,64,0,4,16,2,2,1,3,3,3,2,0,1,1,1,1,0,0
6912,1,zeros-la-1-3,zeros-la-1,459,6912,1,1036,512,8,2,16,8,4,256,8,4,128,512,64,0,4,16,4,2,1,2,4,3,2,0,1,1,1,1,0,0
6912,0,zeros-la-1-3,zeros-la-1,460,6912,0,1038,512,8,2,16,8,4,256,8,4,128,512,64,2,4,16,4,2,0,3,4,3,2,0,1,1,1,1,0,0
6916,0,zeros-la-1-3,zeros-la-1,461,6916,0,1040,512,8,2,16,2,4,256,8,8,128,512,64,4,4,16,4,4,0,2,5,3,2,0,1,1,1,1,0,0
6940,1,zeros-la-1-3,zeros-la-1,462,6940,1,1042,512,8,2,16,2,4,256,16,0,128,512,64,4,4,16,8,2,1,3,3,2,3,0,1,1,1,1,0,0
6972,1,zeros-la-1-3,zeros-la-1,463,6972,1,1044,512,8,2,32,2,4,256,64,4,128,512,8,2,4,16,2,0,1,4,3,2,1,1,1,1,1,1,0,0
6972,0,zeros-la-1-3,zeros-la-1,464,6972,0,1046,512,8,2,32,2,4,256,64,4,128,512,8,2,2,4,16,2,0,5,3,2,1,1,1,1,1,1,0,0
6976,0,zeros-la-1-3,zeros-la-1,465,6976,0,1048,512,8,2,32,2,4,256,64,2,128,512,8,4,2,4,16,4,0,4,4,2,1,1,1,1,1,1,0,0
6988,1,zeros-la-1-3,zeros-la-1,466,6988,1,1050,512,8,2,32,0,4,256,64,2,128,512,8,4,2,4,16,8,1,3,3,3,1,1,1,1,1,1,0,0
6988,0,zeros-la-1-3,zeros-la-1,467,6988,0,1052,512,8,2,32,2,4,256,64,2,128,512,8,4,2,4,16,8,0,4,3,3,1,1,1,1,1,1,0,0
6992,0,zeros-la-1-3,zeros-la-1,468,6992,0,1054,512,8,2,32,4,4,256,64,4,128,512,8,8,2,4,16,2,0,3,4,3,1,1,1,1,1,1,0,0
7008,0,zeros-la-1-3,zeros-la-1,469,7008,0,1056,512,8,2,32,4,4,256,64,4,128,512,16,2,2,4,16,2,0,4,4,1,2,1,1,1,1,1,0,0
7052,2,zeros-la-1-3,zeros-la-1,470,7052,2,1058,512,8,2,2,0,4,256,32,0,128,512,64,8,2,4,32,4,2,3,3,2,0,2,1,1,1,1,0,0
7056,2,zeros-la-1-3,zeros-la-1,471,7056,2,1060,512,2,0,8,4,0,4,256,32,128,512,64,8,2,4,32,4,2,2,4,2,0,2,1,1,1,1,0,0
7056,1,zeros-la-1-3,zeros-la-1,472,7056,1,1062,512,2,8,4,2,4,256,32,0,128,512,64,8,2,4,32,4,1,3,4,2,0,2,1,1,1,1,0,0
7056,0,zeros-la-1-3,zeros-la-1,473,7056,0,1066,512,2,8,4,2,4,256,32,8,128,512,64,4,2,4,32,4,0,3,5,2,0,2,1,1,1,1,0,0
7064,0,zeros-la-1-3,zeros-la-1,474,7064,0,1068,512,2,8,4,2,4,256,32,2,128,512,64,8,2,4,32,8,0,4,3,3,0,2,1,1,1,1,0,0
7084,1,zeros-la-1-3,zeros-la-1,475,7084,1,1070,512,2,8,4,4,4,256,32,16,128,512,64,0,2,4,32,2,1,3,4,1,1,2,1,1,1,1,0,0
7092,1,zeros-la-1-3,zeros-la-1,476,7092,1,1074,512,4,2,8,8,4,256,32,16,0,128,512,64,2,4,32,2,1,3,3,2,1,2,1,1,1,1,0,0
7100,1,zeros-la-1-3,zeros-la-1,477,7100,1,1076,512,8,2,8,8,2,256,32,16,2,128,512,64,0,4,32,2,1,4,1,3,1,2,1,1,1,1,0,0
7104,1,zeros-la-1-3,zeros-la-1,478,7104,1,1078,512,0,2,8,8,2,256,32,16,8,128,512,64,4,4,32,2,1,3,2,3,1,2,1,1,1,1,0,0
7128,2,zeros-la-1-3,zeros-la-1,479,7128,2,1080,512,2,0,2,16,2,256,32,16,8,128,512,64,0,8,32,2,2,4,0,2,2,2,1,1,1,1,0,0
7164,3,zeros-la-1-3,zeros-la-1,480,7164,3,1082,512,0,0,2,2,0,256,32,32,4,128,512,64,8,8,32,2,3,3,1,2,0,3,1,1,1,1,0,0
7248,5,zeros-la-1-3,zeros-la-1,481,7248,5,1084,512,4,0,0,0,256,64,2,0,4,128,512,64,16,32,2,0,5,2,2,0,1,1,2,1,1,1,0,0
7248,4,zeros-la-1-3,zeros-la-1,482,7248,4,1086,512,4,64,2,64,256,128,512,2,4,32,2,0,16,0,0,0,4,3,2,0,1,1,2,1,1,1,0,0
7248,3,zeros-la-1-3,zeros-la-1,483,7248,3,1088,512,4,64,2,64,256,128,512,2,4,32,2,0,16,2,0,0,3,4,2,0,1,1,2,1,1,1,0,0
7248,2,zeros-la-1-3,zeros-la-1,484,7248,2,1090,512,4,64,2,64,256,128,512,2,4,32,2,0,16,2,2,0,2,5,2,0,1,1,2,1,1,1,0,0
7252,2,zeros-la-1-3,zeros-la-1,485,7252,2,1092,512,4,64,2,64,256,128,512,2,4,32,4,0,16,2,2,0,2,4,3,0,1,1,2,1,1,1,0,0
7256,2,zeros-la-1-3,zeros-la-1,486,7256,2,1094,512,4,64,2,64,256,128,512,2,0,4,32,4,0,2,16,4,2,3,4,0,1,1,2,1,1,1,0,0
7264,2,zeros-la-1-3,zeros-la-1,487,7264,2,1098,512,0,64,2,4,0,128,512,64,4,4,32,2,256,2,16,8,2,3,3,1,1,1,2,1,1,1,0,0
7272,2,zeros-la-1-3,zeros-la-1,488,7272,2,1100,512,64,2,4,0,128,512,64,2,8,32,2,0,256,2,16,8,2,4,1,2,1,1,2,1,1,1,0,0
7272,1,zeros-la-1-3,zeros-la-1,489,7272,1,1104,512,64,2,4,0,128,512,64,4,8,32,2,2,256,2,16,8,1,4,2,2,1,1,2,1,1,1,0,0
7276,1,zeros-la-1-3,zeros-la-1,490,7276,1,1108,512,4,64,2,4,128,512,64,4,0,8,32,4,256,2,16,8,1,2,4,2,1,1,2,1,1,1,0,0
7284,1,zeros-la-1-3,zeros-la-1,491,7284,1,1110,512,2,64,2,0,4,512,64,4,128,8,32,8,256,2,16,8,1,3,2,3,1,1,2,1,1,1,0,0
7300,1,zeros-la-1-3,zeros-la-1,492,7300,1,1112,512,2,64,2,0,4,512,64,2,128,8,32,4,256,2,16,16,1,4,2,1,2,1,2,1,1,1,0,0
7332,1,zeros-la-1-3,zeros-la-1,493,7332,1,1114,512,2,2,64,2,4,512,64,2,128,8,32,4,0,256,2,32,1,5,2,1,0,2,2,1,1,1,0,0
7464,2,zeros-la-1-3,zeros-la-1,494,7464,2,1118,512,4,2,0,0,2,512,128,4,4,8,32,4,128,256,2,32,2,3,4,1,0,2,0,2,1,1,0,0
7472,2,zeros-la-1-3,zeros-la-1,495,7472,2,1120,512,4,2,0,2,2,512,128,0,4,8,32,8,128,256,2,32,2,4,2,2,0,2,0,2,1,1,0,0
7476,2,zeros-la-1-3,zeros-la-1,496,7476,2,1122,512,4,4,2,0,2,512,128,0,4,8,32,8,128,256,2,32,2,3,3,2,0,2,0,2,1,1,0,0
7484,2,zeros-la-1-3,zeros-la-1,497,7484,2,1124,512,0,2,8,2,0,2,512,128,4,8,32,8,128,256,2,32,2,4,1,3,0,2,0,2,1,1,0,0
7488,2,zeros-la-1-3,zeros-la-1,498,7488,2,1126,512,4,4,8,2,128,8,512,128,0,256,32,8,0,2,2,32,2,3,2,3,0,2,0,2,1,1,0,0
7500,3,zeros-la-1-3,zeros-la-1,499,7500,3,1128,512,8,8,2,0,128,8,512,128,256,32,8,2,4,32,0,0,3,2,1,4,0,2,0,2,1,1,0,0
7580,4,zeros-la-1-3,zeros-la-1,500,7580,4,1130,512,8,16,2,128,128,64,512,2,256,0,8,0,4,0,0,2,4,3,1,2,1,0,1,2,1,1,0,0
7584,4,zeros-la-1-3,zeros-la-1,501,7584,4,1132,512,8,0,2,0,128,0,2,0,256,16,512,128,4,64,8,4,4,2,2,2,1,0,1,2,1,1,0,0
7588,4,zeros-la-1-3,zeros-la-1,502,7588,4,1134,512,8,2,0,0,128,0,4,0,256,16,512,128,4,64,8,4,4,1,3,2,1,0,1,2,1,1,0,0
7588,3,zeros-la-1-3,zeros-la-1,503,7588,3,1136,512,8,0,0,2,128,2,4,0,256,16,512,128,4,64,8,4,3,2,3,2,1,0,1,2,1,1,0,0
7588,2,zeros-la-1-3,zeros-la-1,504,7588,2,1138,512,8,2,0,2,128,2,4,0,256,16,512,128,4,64,8,4,2,3,3,2,1,0,1,2,1,1,0,0
7592,2,zeros-la-1-3,zeros-la-1,505,7592,2,1140,512,8,0,0,2,128,4,4,2,256,16,512,128,4,64,8,4,2,2,4,2,1,0,1,2,1,1,0,0
7596,2,zeros-la-1-3,zeros-la-1,506,7596,2,1142,512,8,4,4,4,128,16,512,128,256,64,8,4,4,0,0,2,2,1,5,2,1,0,1,2,1,1,0,0
7604,2,zeros-la-1-3,zeros-la-1,507,7604,2,1146,512,8,8,4,4,128,16,512,128,256,64,8,4,4,2,0,0,2,1,4,3,1,0,1,2,1,1,0,0
7628,3,zeros-la-1-3,zeros-la-1,508,7628,3,1148,512,16,8,0,0,128,16,512,128,256,64,8,4,4,2,2,0,3,2,2,2,2,0,1,2,1,1,0,0
7632,3,zeros-la-1-3,zeros-la-1,509,7632,3,1150,512,0,0,16,8,128,16,512,128,256,64,8,4,0,2,4,4,3,1,3,2,2,0,1,2,1,1,0,0
7640,3,zeros-la-1-3,zeros-la-1,510,7640,3,1152,512,128,16,16,8,256,64,512,128,2,2,8,8,0,0,4,0,3,2,1,3,2,0,1,2,1,1,0,0
7692,5,zeros-la-1-3,zeros-la-1,511,7692,5,1154,512,128,32,8,0,256,64,512,128,4,16,0,0,4,0,0,2,5,1,2,1,1,1,1,2,1,1,0,0
7700,5,zeros-la-1-3,zeros-la-1,512,7700,5,1156,512,0,0,0,0,128,32,2,0,256,64,8,128,8,16,512,2,5,2,0,2,1,1,1,2,1,1,0,0
7700,4,zeros-la-1-3,zeros-la-1,513,7700,4,1158,512,0,0,0,2,128,32,2,0,256,64,8,128,8,16,512,2,4,3,0,2,1,1,1,2,1,1,0,0
7700,3,zeros-la-1-3,zeros-la-1,514,7700,3,1160,512,0,2,0,2,0,128,32,2,256,64,8,128,8,16,512,2,3,4,0,2,1,1,1,2,1,1,0,0
7704,3,zeros-la-1-3,zeros-la-1,515,7704,3,1162,512,4,0,2,0,128,32,2,0,256,64,8,128,8,16,512,2,3,3,1,2,1,1,1,2,1,1,0,0
7708,3,zeros-la-1-3,zeros-la-1,516,7708,3,1164,512,4,32,4,128,128,64,8,2,256,16,512,0,8,2,0,0,3,2,2,2,1,1,1,2,1,1,0,0
7708,2,zeros-la-1-3,zeros-la-1,517,7708,2,1166,512,4,32,4,128,128,64,8,2,256,16,512,0,8,2,2,0,2,3,2,2,1,1,1,2,1,1,0,0
7712,2,zeros-la-1-3,zeros-la-1,518,7712,2,1168,512,4,32,4,128,128,64,8,2,256,16,512,2,8,4,0,0,2,2,3,2,1,1,1,2,1,1,0,0
7716,2,zeros-la-1-3,zeros-la-1,519,7716,2,1170,512,4,32,0,2,128,64,4,0,256,16,8,128,8,4,512,4,2,1,4,2,1,1,1,2,1,1,0,0
7716,1,zeros-la-1-3,zeros-la-1,520,7716,1,1172,512,4,32,4,2,128,64,8,128,256,16,512,4,8,4,2,0,1,2,4,2,1,1,1,2,1,1,0,0
7716,0,zeros-la-1-3,zeros-la-1,521,7716,0,1174,512,4,32,4,2,128,64,8,2,256,16,512,128,8,4,2,4,0,3,4,2,1,1,1,2,1,1,0,0
7720,0,zeros-la-1-3,zeros-la-1,522,7720,0,1176,512,4,32,4,4,128,64,8,128,256,16,512,4,8,4,2,2,0,2,5,2,1,1,1,2,1,1,0,0
7732,1,zeros-la-1-3,zeros-la-1,523,7732,1,1178,512,4,32,8,2,128,64,8,128,256,16,512,4,8,4,4,0,1,1,4,3,1,1,1,2,1,1,0,0
7740,1,zeros-la-1-3,zeros-la-1,524,7740,1,1180,512,4,32,8,2,128,64,8,128,256,16,512,4,8,8,2,0,1,2,2,4,1,1,1,2,1,1,0,0
7756,1,zeros-la-1-3,zeros-la-1,525,7756,1,1182,512,4,32,16,2,128,64,512,128,256,16,2,4,8,8,2,0,1,3,2,2,2,1,1,2,1,1,0,0
7760,1,zeros-la-1-3,zeros-la-1,526,7760,1,1184,512,4,32,0,2,128,64,16,2,256,16,512,128,8,8,4,4,1,2,3,2,2,1,1,2,1,1,0,0
7784,2,zeros-la-1-3,zeros-la-1,527,7784,2,1186,512,0,4,32,2,128,64,16,2,256,16,512,128,0,2,16,8,2,3,1,1,3,1,1,2,1,1,0,0
7788,2,zeros-la-1-3,zeros-la-1,528,7788,2,1190,512,128,4,32,4,256,64,16,128,0,16,512,8,0,2,16,4,2,1,3,1,3,1,1,2,1,1,0,0
7788,1,zeros-la-1-3,zeros-la-1,529,7788,1,1192,512,128,4,32,4,256,64,16,128,2,16,512,8,0,2,16,4,1,2,3,1,3,1,1,2,1,1,0,0
7788,0,zeros-la-1-3,zeros-la-1,530,7788,0,1194,512,128,4,32,4,256,64,16,128,2,16,512,8,2,16,4,2,0,3,3,1,3,1,1,2,1,1,0,0
7824,1,zeros-la-1-3,zeros-la-1,531,7824,1,1196,512,0,2,32,4,128,4,16,128,256,64,512,8,4,32,4,2,1,2,4,1,1,2,1,2,1,1,0,0
7824,0,zeros-la-1-3,zeros-la-1,532,7824,0,1198,512,2,2,32,4,128,4,16,128,256,64,512,8,4,32,4,2,0,3,4,1,1,2,1,2,1,1,0,0
7828,0,zeros-la-1-3,zeros-la-1,533,7828,0,1200,512,4,32,4,2,128,4,16,128,256,64,512,8,4,32,4,2,0,2,5,1,1,2,1,2,1,1,0,0
4,14,zeros-la-1-4,zeros-la-1,0,4,14,6,4,4,0,0,2,0,0,0,0,0,0,0,0,0,0,0,0,14,1,1,0,0,0,0,0,0,0,0,0
4,13,zeros-la-1-4,zeros-la-1,1,4,13,8,4,0,0,0,0,2,0,0,0,0,0,0,0,4,0,0,2,13,2,1,0,0,0,0,0,0,0,0,0
4,12,zeros-la-1-4,zeros-la-1,2,4,12,10,4,2,2,0,2,4,0,0,0,0,0,0,0,0,0,0,0,12,3,1,0,0,0,0,0,0,0,0,0
8,12,zeros-la-1-4,zeros-la-1,3,8,12,12,4,4,2,0,0,4,0,0,2,0,0,0,0,0,0,0,0,12,2,2,0,0,0,0,0,0,0,0,0
16,12,zeros-la-1-4,zeros-la-1,4,16,12,14,8,8,2,0,2,0,0,0,0,2,0,0,0,0,0,0,0,12,3,0,1,0,0,0,0,0,0,0,0
20,12,zeros-la-1-4,zeros-la-1,5,20,12,16,8,0,0,8,4,0,0,0,0,0,2,0,2,0,0,0,0,12,2,1,1,0,0,0,0,0,0,0,0
24,12,zeros-la-1-4,zeros-la-1,6,24,12,18,8,0,0,8,4,0,0,0,0,0,0,0,4,0,2,0,0,12,1,2,1,0,0,0,0,0,0,0,0
32,12,zeros-la-1-4,zeros-la-1,7,32,12,22,8,0,2,8,8,0,0,0,0,0,0,4,0,0,0,0,0,12,1,1,2,0,0,0,0,0,0,0,0
48,12,zeros-la-1-4,zeros-la-1,8,48,12,24,16,2,16,2,0,0,0,0,0,4,0,0,0,0,0,0,0,12,2,1,0,1,0,0,0,0,0,0,0
48,11,zeros-la-1-4,zeros-la-1,9,48,11,26,16,2,16,2,0,4,0,0,0,0,0,0,0,0,0,2,0,11,3,1,0,1,0,0,0,0,0,0,0
52,11,zeros-la-1-4,zeros-la-1,10,52,11,28,16,0,0,0,0,0,0,0,2,2,0,0,0,4,16,4,0,11,2,2,0,1,0,0,0,0,0,0,0
52,10,zeros-la-1-4,zeros-la-1,11,52,10,30,16,0,0,0,0,2,0,0,0,2,0,0,0,4,16,4,2,10,3,2,0,1,0,0,0,0,0,0,0
56,10,zeros-la-1-4,zeros-la-1,12,56,10,32,16,4,16,4,2,4,0,0,0,0,2,0,0,0,0,0,0,10,2,3,0,1,0,0,0,0,0,0,0
64,10,zeros-la-1-4,zeros-la-1,13,64,10,34,16,8,16,4,2,0,2,0,0,2,0,0,0,0,0,0,0,10,3,1,1,1,0,0,0,0,0,0,0
64,9,zeros-la-1-4,zeros-la-1,14,64,9,36,16,8,16,4,2,0,0,0,2,0,0,0,2,2,0,0,0,9,4,1,1,1,0,0,0,0,0,0,0
68,9,zeros-la-1-4,zeros-la-1,15,68,9,38,16,8,16,4,4,2,0,0,2,0,2,0,0,0,0,0,0,9,3,2,1,1,0,0,0,0,0,0,0
80,10,zeros-la-1-4,zeros-la-1,16,80,10,40,16,2,8,16,8,0,0,0,4,0,0,0,2,0,0,0,0,10,2,1,2,1,0,0,0,0,0,0,0
80,9,zeros-la-1-4,zeros-la-1,17,80,9,42,16,0,0,0,0,0,0,0,8,0,2,0,4,2,8,16,2,9,3,1,2,1,0,0,0,0,0,0,0
80,8,zeros-la-1-4,zeros-la-1,18,80,8,44,16,2,2,16,8,0,8,0,4,0,0,0,2,0,0,2,0,8,4,1,2,1,0,0,0,0,0,0,0
84,8,zeros-la-1-4,zeros-la-1,19,84,8,46,16,0,4,16,8,0,0,8,4,0,0,0,2,2,0,0,2,8,3,2,2,1,0,0,0,0,0,0,0
88,8,zeros-la-1-4,zeros-la-1,20,88,8,48,16,2,4,16,8,0,2,8,4,0,0,0,4,0,0,0,0,8,2,3,2,1,0,0,0,0,0,0,0
96,8,zeros-la-1-4,zeros-la-1,21,96,8,50,16,0,0,0,0,0,0,0,2,0,4,16,8,2,2,8,8,8,3,1,3,1,0,0,0,0,0,0,0
116,9,zeros-la-1-4,zeros-la-1,22,116,9,52,16,0,0,0,2,2,0,0,0,4,16,8,0,4,16,0,0,9,2,2,1,2,0,0,0,0,0,0,0
156,10,zeros-la-1-4,zeros-la-1,23,156,10,54,32,0,0,0,0,2,0,0,0,2,0,0,0,8,32,8,2,10,3,0,2,0,1,0,0,0,0,0,0
160,10,zeros-la-1-4,zeros-la-1,24,160,10,58,32,4,32,8,2,8,0,0,0,0,0,0,0,4,0,0,0,10,1,2,2,0,1,0,0,0,0,0,0
160,9,zeros-la-1-4,zeros-la-1,25,160,9,60,32,4,32,8,2,8,0,0,0,4,0,0,2,0,0,0,0,9,2,2,2,0,1,0,0,0,0,0,0
164,9,zeros-la-1-4,zeros-la-1,26,164,9,62,32,0,0,0,2,4,0,0,0,8,0,0,0,4,32,8,4,9,1,3,2,0,1,0,0,0,0,0,0
164,8,zeros-la-1-4,zeros-la-1,27,164,8,64,32,0,0,0,2,0,0,2,4,0,0,0,8,4,32,8,4,8,2,3,2,0,1,0,0,0,0,0,0
164,7,zeros-la-1-4,zeros-la-1,28,164,7,66,32,2,2,0,0,2,4,0,0,8,0,0,0,4,32,8,4,7,3,3,2,0,1,0,0,0,0,0,0
168,7,zeros-la-1-4,zeros-la-1,29,168,7,68,32,0,0,0,4,2,0,2,4,0,0,0,8,4,32,8,4,7,2,4,2,0,1,0,0,0,0,0,0
176,7,zeros-la-1-4,zeros-la-1,30,176,7,70,32,2,0,0,0,0,0,0,8,2,0,2,8,4,32,8,4,7,3,2,3,0,1,0,0,0,0,0,0
196,8,zeros-la-1-4,zeros-la-1,31,196,8,72,32,0,0,0,0,0,2,0,0,4,0,2,16,4,32,8,4,8,2,3,1,1,1,0,0,0,0,0,0
204,8,zeros-la-1-4,zeros-la-1,32,204,8,74,32,0,0,0,0,0,0,0,2,0,2,2,16,8,32,8,4,8,3,1,2,1,1,0,0,0,0,0,0
208,8,zeros-la-1-4,zeros-la-1,33,208,8,76,32,0,0,0,2,2,0,0,0,4,16,0,0,8,32,8,4,8,2,2,2,1,1,0,0,0,0,0,0
208,7,zeros-la-1-4,zeros-la-1,34,208,7,80,32,4,0,0,2,0,0,0,2,0,0,4,16,8,32,8,4,7,2,3,2,1,1,0,0,0,0,0,0
212,7,zeros-la-1-4,zeros-la-1,35,212,7,82,32,4,32,4,4,8,2,8,16,0,0,0,4,0,0,0,0,7,1,4,2,1,1,0,0,0,0,0,0
220,7,zeros-la-1-4,zeros-la-1,36,220,7,84,32,4,32,8,0,8,2,8,16,4,0,0,0,0,2,0,0,7,2,2,3,1,1,0,0,0,0,0,0
240,8,zeros-la-1-4,zeros-la-1,37,240,8,86,32,0,0,0,0,4,0,2,0,8,32,0,0,4,4,16,16,8,1,3,1,2,1,0,0,0,0,0,0
280,9,zeros-la-1-4,zeros-la-1,38,280,9,88,32,0,0,0,2,4,2,0,0,8,32,0,0,8,32,0,0,9,2,1,2,0,2,0,0,0,0,0,0
360,10,zeros-la-1-4,zeros-la-1,39,360,10,90,64,4,2,0,2,16,64,0,0,0,0,0,0,0,0,2,0,10,3,1,0,1,0,1,0,0,0,0,0
364,10,zeros-la-1-4,zeros-la-1,40,364,10,92,64,0,0,4,4,0,0,16,64,2,0,0,0,0,0,0,2,10,2,2,0,1,0,1,0,0,0,0,0
372,10,zeros-la-1-4,zeros-la-1,41,372,10,94,64,0,0,0,8,0,0,16,64,0,0,2,2,0,0,0,2,10,3,0,1,1,0,1,0,0,0,0,0
376,10,zeros-la-1-4,zeros-la-1,42,376,10,96,64,0,0,16,8,0,0,2,64,0,0,0,4,2,0,0,0,10,2,1,1,1,0,1,0,0,0,0,0
376,9,zeros-la-1-4,zeros-la-1,43,376,9,98,64,0,0,0,0,0,0,0,8,2,0,16,64,2,0,2,4,9,3,1,1,1,0,1,0,0,0,0,0
380,9,zeros-la-1-4,zeros-la-1,44,380,9,102,64,4,0,0,0,0,0,0,8,0,2,16,64,0,0,4,4,9,1,3,1,1,0,1,0,0,0,0,0
388,9,zeros-la-1-4,zeros-la-1,45,388,9,104,64,0,0,0,4,0,0,0,8,0,2,16,64,0,2,0,8,9,2,1,2,1,0,1,0,0,0,0,0
392,9,zeros-la-1-4,zeros-la-1,46,392,9,106,64,0,0,2,4,0,0,0,8,0,0,0,64,0,4,16,8,9,1,2,2,1,0,1,0,0,0,0,0
392,8,zeros-la-1-4,zeros-la-1,47,392,8,108,64,0,0,2,4,0,0,0,8,0,0,0,64,2,4,16,8,8,2,2,2,1,0,1,0,0,0,0,0
392,7,zeros-la-1-4,zeros-la-1,48,392,7,110,64,2,4,0,2,8,0,0,0,64,0,0,0,2,4,16,8,7,3,2,2,1,0,1,0,0,0,0,0
400,7,zeros-la-1-4,zeros-la-1,49,400,7,112,64,2,0,0,0,8,2,0,0,64,0,0,2,2,8,16,8,7,4,0,3,1,0,1,0,0,0,0,0
400,6,zeros-la-1-4,zeros-la-1,50,400,6,114,64,2,2,16,2,8,8,0,8,64,0,2,0,2,0,0,0,6,5,0,3,1,0,1,0,0,0,0,0
420,7,zeros-la-1-4,zeros-la-1,51,420,7,116,64,4,16,2,0,16,8,0,0,64,2,0,0,2,0,0,2,7,4,1,1,2,0,1,0,0,0,0,0
424,7,zeros-la-1-4,zeros-la-1,52,424,7,118,64,2,4,16,2,0,0,16,8,0,0,64,2,0,0,0,4,7,3,2,1,2,0,1,0,0,0,0,0
456,7,zeros-la-1-4,zeros-la-1,53,456,7,120,64,2,4,32,2,0,2,64,8,0,0,0,2,0,0,0,4,7,4,2,1,0,1,1,0,0,0,0,0
456,6,zeros-la-1-4,zeros-la-1,54,456,6,122,64,2,4,32,2,2,64,8,2,2,0,0,0,4,0,0,0,6,5,2,1,0,1,1,0,0,0,0,0
464,7,zeros-la-1-4,zeros-la-1,55,464,7,124,64,0,0,0,2,2,0,0,0,4,4,32,0,4,64,8,4,7,2,4,1,0,1,1,0,0,0,0,0
472,7,zeros-la-1-4,zeros-la-1,56,472,7,126,64,0,0,0,2,0,0,2,2,0,0,8,32,4,64,8,4,7,3,2,2,0,1,1,0,0,0,0,0
492,8,zeros-la-1-4,zeros-la-1,57,492,8,128,64,0,0,0,0,0,0,0,4,2,0,2,32,4,64,16,4,8,2,3,0,1,1,1,0,0,0,0,0
496,8,zeros-la-1-4,zeros-la-1,58,496,8,130,64,0,0,0,0,4,2,0,0,4,32,0,0,4,64,16,4,8,1,4,0,1,1,1,0,0,0,0,0
504,8,zeros-la-1-4,zeros-la-1,59,504,8,132,64,8,2,16,4,4,32,0,2,0,64,0,0,0,0,0,0,8,2,2,1,1,1,1,0,0,0,0,0
504,7,zeros-la-1-4,zeros-la-1,60,504,7,134,64,2,0,0,0,0,2,0,0,8,32,0,4,4,64,16,2,7,3,2,1,1,1,1,0,0,0,0,0
504,6,zeros-la-1-4,zeros-la-1,61,504,6,136,64,0,2,0,2,0,0,0,2,0,8,32,4,4,64,16,2,6,4,2,1,1,1,1,0,0,0,0,0
508,6,zeros-la-1-4,zeros-la-1,62,508,6,138,64,4,2,32,4,0,8,16,4,0,64,0,2,0,0,0,2,6,3,3,1,1,1,1,0,0,0,0,0
520,7,zeros-la-1-4,zeros-la-1,63,520,7,140,64,0,0,0,0,0,2,2,0,0,8,32,8,4,64,16,4,7,2,2,2,1,1,1,0,0,0,0,0
524,7,zeros-la-1-4,zeros-la-1,64,524,7,142,64,2,0,0,0,0,0,0,4,0,8,32,8,4,64,16,4,7,1,3,2,1,1,1,0,0,0,0,0
524,6,zeros-la-1-4,zeros-la-1,65,524,6,144,64,2,0,0,0,4,0,0,2,8,32,8,0,4,64,16,4,6,2,3,2,1,1,1,0,0,0,0,0
524,5,zeros-la-1-4,zeros-la-1,66,524,5,146,64,0,0,0,2,0,0,4,2,2,8,32,8,4,64,16,4,5,3,3,2,1,1,1,0,0,0,0,0
528,5,zeros-la-1-4,zeros-la-1,67,528,5,148,64,0,2,0,0,0,0,4,4,2,8,32,8,4,64,16,4,5,2,4,2,1,1,1,0,0,0,0,0
536,5,zeros-la-1-4,zeros-la-1,68,536,5,150,64,2,0,0,2,0,0,0,8,2,8,32,8,4,64,16,4,5,3,2,3,1,1,1,0,0,0,0,0
556,6,zeros-la-1-4,zeros-la-1,69,556,6,152,64,0,0,0,2,0,0,0,2,4,8,32,16,4,64,16,4,6,2,3,1,2,1,1,0,0,0,0,0
568,7,zeros-la-1-4,zeros-la-1,70,568,7,154,64,8,8,32,4,0,64,16,16,0,0,0,4,2,0,0,0,7,1,2,2,2,1,1,0,0,0,0,0
616,8,zeros-la-1-4,zeros-la-1,71,616,8,156,64,16,32,4,0,64,32,2,0,4,0,0,0,2,0,0,0,8,2,2,0,1,2,1,0,0,0,0,0
680,8,zeros-la-1-4,zeros-la-1,72,680,8,158,64,16,64,4,0,64,0,2,2,4,0,0,0,2,0,0,0,8,3,2,0,1,0,2,0,0,0,0,0
684,8,zeros-la-1-4,zeros-la-1,73,684,8,160,64,0,16,64,4,0,0,64,4,0,0,0,4,0,2,0,2,8,2,3,0,1,0,2,0,0,0,0,0
820,9,zeros-la-1-4,zeros-la-1,74,820,9,162,128,2,16,128,8,0,2,0,4,0,0,0,2,0,0,0,0,9,3,1,1,1,0,0,1,0,0,0,0
820,8,zeros-la-1-4,zeros-la-1,75,820,8,164,128,2,16,128,8,0,2,0,4,0,0,0,2,0,0,0,2,8,4,1,1,1,0,0,1,0,0,0,0
824,8,zeros-la-1-4,zeros-la-1,76,824,8,166,128,0,0,0,0,0,0,0,8,2,16,0,4,2,2,128,4,8,3,2,1,1,0,0,1,0,0,0,0
836,9,zeros-la-1-4,zeros-la-1,77,836,9,168,128,4,16,128,8,0,2,0,8,0,0,0,0,2,0,0,0,9,2,1,2,1,0,0,1,0,0,0,0
852,9,zeros-la-1-4,zeros-la-1,78,852,9,170,128,4,16,128,16,2,2,0,2,0,0,0,0,0,0,0,0,9,3,1,0,2,0,0,1,0,0,0,0
856,9,zeros-la-1-4,zeros-la-1,79,856,9,172,128,4,16,128,16,4,2,0,0,0,0,2,0,0,0,0,0,9,2,2,0,2,0,0,1,0,0,0,0
864,9,zeros-la-1-4,zeros-la-1,80,864,9,174,128,8,16,128,16,0,2,2,0,0,0,2,0,0,0,0,0,9,3,0,1,2,0,0,1,0,0,0,0
868,9,zeros-la-1-4,zeros-la-1,81,868,9,176,128,8,16,128,16,0,2,4,2,0,0,0,0,0,0,0,0,9,2,1,1,2,0,0,1,0,0,0,0
868,8,zeros-la-1-4,zeros-la-1,82,868,8,178,128,8,16,128,16,0,2,4,2,0,0,0,0,2,0,0,0,8,3,1,1,2,0,0,1,0,0,0,0
868,7,zeros-la-1-4,zeros-la-1,83,868,7,180,128,8,16,128,16,2,4,2,0,0,2,0,0,2,0,0,0,7,4,1,1,2,0,0,1,0,0,0,0
872,7,zeros-la-1-4,zeros-la-1,84,872,7,182,128,8,16,128,16,4,4,2,0,0,2,0,0,0,0,2,0,7,3,2,1,2,0,0,1,0,0,0,0
880,7,zeros-la-1-4,zeros-la-1,85,880,7,184,128,8,16,128,16,8,2,0,0,2,0,0,0,2,0,0,2,7,4,0,2,2,0,0,1,0,0,0,0
900,8,zeros-la-1-4,zeros-la-1,86,900,8,186,128,16,16,128,16,4,2,0,2,2,0,0,0,0,0,0,0,8,3,1,0,3,0,0,1,0,0,0,0
936,9,zeros-la-1-4,zeros-la-1,87,936,9,188,128,32,128,16,0,4,4,0,2,2,0,0,0,0,0,0,0,9,2,2,0,1,1,0,1,0,0,0,0
944,9,zeros-la-1-4,zeros-la-1,88,944,9,190,128,0,32,128,16,0,0,8,2,0,0,2,2,0,0,0,0,9,3,0,1,1,1,0,1,0,0,0,0
948,9,zeros-la-1-4,zeros-la-1,89,948,9,192,128,32,128,16,0,8,2,0,0,4,2,0,0,0,0,0,0,9,2,1,1,1,1,0,1,0,0,0,0
952,9,zeros-la-1-4,zeros-la-1,90,952,9,194,128,0,0,2,0,32,0,0,0,8,128,0,0,4,4,16,0,9,1,2,1,1,1,0,1,0,0,0,0
960,9,zeros-la-1-4,zeros-la-1,91,960,9,196,128,2,0,0,2,32,0,0,0,8,128,0,0,8,16,0,0,9,2,0,2,1,1,0,1,0,0,0,0
976,9,zeros-la-1-4,zeros-la-1,92,976,9,198,128,0,0,0,2,2,0,0,0,32,128,0,0,16,16,0,2,9,3,0,0,2,1,0,1,0,0,0,0
1008,9,zeros-la-1-4,zeros-la-1,93,1008,9,200,128,2,0,0,0,2,0,0,0,32,128,2,0,32,2,0,0,9,4,0,0,0,2,0,1,0,0,0,0
1076,10,zeros-la-1-4,zeros-la-1,94,1076,10,204,128,0,0,0,0,0,0,0,0,4,128,0,0,64,2,2,4,10,2,2,0,0,0,1,1,0,0,0,0
1080,10,zeros-la-1-4,zeros-la-1,95,1080,10,206,128,0,0,2,0,0,0,0,0,0,0,4,128,0,64,4,4,10,1,3,0,0,0,1,1,0,0,0,0
1088,10,zeros-la-1-4,zeros-la-1,96,1088,10,208,128,2,0,0,0,2,0,0,0,4,128,0,0,64,8,0,0,10,2,1,1,0,0,1,1,0,0,0,0
1092,10,zeros-la-1-4,zeros-la-1,97,1092,10,210,128,4,128,0,0,4,8,0,0,64,0,0,0,0,0,2,0,10,1,2,1,0,0,1,1,0,0,0,0
1100,10,zeros-la-1-4,zeros-la-1,98,1100,10,212,128,8,128,2,0,64,8,0,0,0,0,0,2,0,0,0,0,10,2,0,2,0,0,1,1,0,0,0,0
1100,9,zeros-la-1-4,zeros-la-1,99,1100,9,214,128,8,128,2,2,64,8,0,0,0,2,0,0,0,0,0,0,9,3,0,2,0,0,1,1,0,0,0,0
1104,9,zeros-la-1-4,zeros-la-1,100,1104,9,216,128,0,8,128,4,2,0,64,8,0,0,0,2,0,0,0,0,9,2,1,2,0,0,1,1,0,0,0,0
1104,8,zeros-la-1-4,zeros-la-1,101,1104,8,218,128,8,128,4,0,2,64,8,2,2,0,0,0,0,0,0,0,8,3,1,2,0,0,1,1,0,0,0,0
1108,8,zeros-la-1-4,zeros-la-1,102,1108,8,220,128,8,128,4,2,4,64,8,0,0,0,0,2,0,0,0,0,8,2,2,2,0,0,1,1,0,0,0,0
1112,8,zeros-la-1-4,zeros-la-1,103,1112,8,222,128,8,128,4,4,4,64,8,0,0,0,2,0,0,0,0,0,8,1,3,2,0,0,1,1,0,0,0,0
1120,8,zeros-la-1-4,zeros-la-1,104,1120,8,224,128,8,128,8,0,4,64,8,0,2,0,0,2,0,0,0,0,8,2,1,3,0,0,1,1,0,0,0,0
1124,8,zeros-la-1-4,zeros-la-1,105,1124,8,226,128,8,128,8,0,4,64,8,2,4,0,0,0,0,0,0,0,8,1,2,3,0,0,1,1,0,0,0,0
1148,9,zeros-la-1-4,zeros-la-1,106,1148,9,228,128,0,0,0,0,0,0,0,2,8,128,0,0,8,64,16,2,9,2,0,2,1,0,1,1,0,0,0,0
1168,10,zeros-la-1-4,zeros-la-1,107,1168,10,230,128,16,128,16,4,0,64,0,0,2,0,0,0,0,0,0,0,10,1,1,0,2,0,1,1,0,0,0,0
1168,9,zeros-la-1-4,zeros-la-1,108,1168,9,232,128,16,128,16,4,64,0,0,2,2,0,0,0,0,0,0,0,9,2,1,0,2,0,1,1,0,0,0,0
1168,8,zeros-la-1-4,zeros-la-1,109,1168,8,234,128,16,128,16,4,0,0,64,2,0,0,0,2,0,0,2,0,8,3,1,0,2,0,1,1,0,0,0,0
1172,8,zeros-la-1-4,zeros-la-1,110,1172,8,236,128,16,128,16,4,0,0,64,4,0,0,2,2,0,0,0,0,8,2,2,0,2,0,1,1,0,0,0,0
1176,8,zeros-la-1-4,zeros-la-1,111,1176,8,238,128,16,128,16,4,0,0,64,4,0,0,0,4,0,0,0,2,8,1,3,0,2,0,1,1,0,0,0,0
1184,8,zeros-la-1-4,zeros-la-1,112,1184,8,240,128,0,2,0,0,0,0,0,4,0,0,16,8,16,128,64,2,8,2,1,1,2,0,1,1,0,0,0,0
1184,7,zeros-la-1-4,zeros-la-1,113,1184,7,242,128,2,0,0,0,4,0,0,0,16,8,2,0,16,128,64,2,7,3,1,1,2,0,1,1,0,0,0,0
1216,7,zeros-la-1-4,zeros-la-1,114,1216,7,244,128,2,8,2,2,4,128,64,0,32,2,0,0,0,0,0,0,7,4,1,1,0,1,1,1,0,0,0,0
1220,7,zeros-la-1-4,zeros-la-1,115,1220,7,246,128,2,8,4,0,4,128,64,0,32,2,2,0,0,0,0,0,7,3,2,1,0,1,1,1,0,0,0,0
1224,7,zeros-la-1-4,zeros-la-1,116,1224,7,248,128,2,8,4,0,4,128,64,0,32,4,0,0,2,0,0,0,7,2,3,1,0,1,1,1,0,0,0,0
1224,6,zeros-la-1-4,zeros-la-1,117,1224,6,250,128,2,8,4,0,4,128,64,0,32,4,0,2,2,0,0,0,6,3,3,1,0,1,1,1,0,0,0,0
1224,5,zeros-la-1-4,zeros-la-1,118,1224,5,252,128,2,8,4,2,4,128,64,0,32,4,0,2,2,0,0,0,5,4,3,1,0,1,1,1,0,0,0,0
1228,5,zeros-la-1-4,zeros-la-1,119,1228,5,254,128,2,8,4,4,4,128,64,0,32,4,0,2,2,0,0,0,5,3,4,1,0,1,1,1,0,0,0,0
1236,5,zeros-la-1-4,zeros-la-1,120,1236,5,256,128,2,8,8,0,4,128,64,0,32,4,2,0,2,0,0,2,5,4,2,2,0,1,1,1,0,0,0,0
1256,6,zeros-la-1-4,zeros-la-1,121,1256,6,258,128,2,16,0,0,4,128,64,0,32,4,2,2,4,0,0,0,6,3,3,0,1,1,1,1,0,0,0,0
1260,6,zeros-la-1-4,zeros-la-1,122,1260,6,262,128,0,0,2,16,0,4,128,64,0,32,4,4,0,4,0,4,6,1,5,0,1,1,1,1,0,0,0,0
1276,7,zeros-la-1-4,zeros-la-1,123,1276,7,266,128,0,0,2,16,0,4,128,64,0,0,32,8,0,4,0,8,7,1,2,2,1,1,1,1,0,0,0,0
1300,8,zeros-la-1-4,zeros-la-1,124,1300,8,268,128,0,0,0,2,0,0,2,16,0,0,128,64,0,8,32,16,8,2,0,1,2,1,1,1,0,0,0,0
1300,7,zeros-la-1-4,zeros-la-1,125,1300,7,270,128,2,0,0,0,2,16,0,0,128,64,0,0,8,32,16,2,7,3,0,1,2,1,1,1,0,0,0,0
1304,7,zeros-la-1-4,zeros-la-1,126,1304,7,272,128,4,16,16,2,128,64,0,0,8,32,0,0,2,0,0,0,7,2,1,1,2,1,1,1,0,0,0,0
1336,7,zeros-la-1-4,zeros-la-1,127,1336,7,274,128,2,4,32,2,0,0,128,64,0,0,8,32,0,0,0,2,7,3,1,1,0,2,1,1,0,0,0,0
1336,6,zeros-la-1-4,zeros-la-1,128,1336,6,276,128,2,4,32,2,128,64,0,2,8,32,0,0,2,0,0,0,6,4,1,1,0,2,1,1,0,0,0,0
1340,6,zeros-la-1-4,zeros-la-1,129,1340,6,278,128,2,0,0,0,128,4,0,0,8,64,0,2,2,32,32,4,6,3,2,1,0,2,1,1,0,0,0,0
1404,6,zeros-la-1-4,zeros-la-1,130,1404,6,280,128,0,0,0,2,0,2,128,4,0,8,64,2,0,2,64,4,6,4,2,1,0,0,2,1,0,0,0,0
1532,6,zeros-la-1-4,zeros-la-1,131,1532,6,282,128,0,2,128,2,0,8,128,4,2,2,0,2,0,0,0,4,6,5,2,1,0,0,0,2,0,0,0,0
1788,6,zeros-la-1-4,zeros-la-1,132,1788,6,284,256,2,2,256,2,0,8,0,4,0,2,0,2,2,0,0,4,6,6,2,1,0,0,0,0,1,0,0,0
1796,7,zeros-la-1-4,zeros-la-1,133,1796,7,286,256,0,4,256,2,0,0,8,4,0,2,0,4,0,0,2,4,7,3,4,1,0,0,0,0,1,0,0,0
1804,7,zeros-la-1-4,zeros-la-1,134,1804,7,288,256,0,0,0,0,0,2,256,2,0,4,8,4,0,2,2,8,7,4,2,2,0,0,0,0,1,0,0,0
1808,7,zeros-la-1-4,zeros-la-1,135,1808,7,290,256,0,0,0,0,2,256,2,0,4,8,4,2,4,8,0,0,7,3,3,2,0,0,0,0,1,0,0,0
1832,8,zeros-la-1-4,zeros-la-1,136,1832,8,292,256,0,0,0,0,0,2,0,0,2,256,2,0,8,16,4,2,8,4,1,1,1,0,0,0,1,0,0,0
1832,7,zeros-la-1-4,zeros-la-1,137,1832,7,294,256,2,2,2,2,8,256,4,0,0,16,0,0,2,0,0,0,7,5,1,1,1,0,0,0,1,0,0,0
1840,8,zeros-la-1-4,zeros-la-1,138,1840,8,296,256,4,4,0,0,8,256,4,0,16,2,0,0,2,0,0,0,8,2,3,1,1,0,0,0,1,0,0,0
1848,8,zeros-la-1-4,zeros-la-1,139,1848,8,298,256,8,0,0,0,8,256,4,0,16,2,0,0,2,0,2,0,8,3,1,2,1,0,0,0,1,0,0,0
1852,8,zeros-la-1-4,zeros-la-1,140,1852,8,300,256,8,0,0,0,8,256,4,0,16,2,0,0,4,0,0,2,8,2,2,2,1,0,0,0,1,0,0,0
1868,8,zeros-la-1-4,zeros-la-1,141,1868,8,302,256,16,256,4,2,16,2,0,0,4,0,0,0,2,0,0,0,8,3,2,0,2,0,0,0,1,0,0,0
1900,8,zeros-la-1-4,zeros-la-1,142,1900,8,306,256,0,0,0,0,32,4,0,0,4,256,0,0,2,2,4,2,8,3,3,0,0,1,0,0,1,0,0,0
1904,8,zeros-la-1-4,zeros-la-1,143,1904,8,308,256,0,2,0,0,32,4,0,0,4,256,0,0,4,4,2,0,8,2,4,0,0,1,0,0,1,0,0,0
1912,8,zeros-la-1-4,zeros-la-1,144,1912,8,310,256,32,2,2,0,8,4,0,0,0,256,2,0,0,4,0,0,8,3,2,1,0,1,0,0,1,0,0,0
1916,8,zeros-la-1-4,zeros-la-1,145,1916,8,314,256,0,2,0,4,0,4,0,0,32,256,0,0,8,4,4,0,8,1,4,1,0,1,0,0,1,0,0,0
1924,8,zeros-la-1-4,zeros-la-1,146,1924,8,316,256,0,0,2,4,0,2,0,4,0,0,32,256,0,0,8,8,8,2,2,2,0,1,0,0,1,0,0,0
1932,8,zeros-la-1-4,zeros-la-1,147,1932,8,318,256,0,2,2,8,0,0,32,256,0,0,8,8,0,0,2,0,8,3,0,3,0,1,0,0,1,0,0,0
1952,9,zeros-la-1-4,zeros-la-1,148,1952,9,320,256,4,8,0,2,32,256,0,0,16,0,0,0,2,0,0,0,9,2,1,1,1,1,0,0,1,0,0,0
1952,8,zeros-la-1-4,zeros-la-1,149,1952,8,322,256,4,8,2,2,32,256,0,0,16,0,0,0,2,0,0,0,8,3,1,1,1,1,0,0,1,0,0,0
1956,8,zeros-la-1-4,zeros-la-1,150,1956,8,324,256,0,4,8,4,0,0,32,256,0,2,0,16,0,0,0,2,8,2,2,1,1,1,0,0,1,0,0,0
1956,7,zeros-la-1-4,zeros-la-1,151,1956,7,326,256,4,8,4,0,32,256,0,0,2,16,0,0,2,2,0,0,7,3,2,1,1,1,0,0,1,0,0,0
1960,7,zeros-la-1-4,zeros-la-1,152,1960,7,328,256,4,8,4,0,32,256,2,0,2,16,0,0,4,0,0,0,7,2,3,1,1,1,0,0,1,0,0,0
1960,6,zeros-la-1-4,zeros-la-1,153,1960,6,330,256,4,0,0,0,32,8,0,0,2,256,4,2,4,16,2,0,6,3,3,1,1,1,0,0,1,0,0,0
1960,5,zeros-la-1-4,zeros-la-1,154,1960,5,332,256,4,0,0,2,32,8,0,0,2,256,4,0,4,16,2,2,5,4,3,1,1,1,0,0,1,0,0,0
1964,5,zeros-la-1-4,zeros-la-1,155,1964,5,334,256,2,0,4,2,0,0,32,8,0,2,256,4,0,4,16,4,5,3,4,1,1,1,0,0,1,0,0,0
1972,5,zeros-la-1-4,zeros-la-1,156,1972,5,336,256,2,2,4,2,0,4,32,8,0,2,256,8,0,0,16,0,5,4,2,2,1,1,0,0,1,0,0,0
1976,5,zeros-la-1-4,zeros-la-1,157,1976,5,338,256,4,4,2,0,4,32,8,0,2,256,8,0,16,0,2,0,5,3,3,2,1,1,0,0,1,0,0,0
2000,6,zeros-la-1-4,zeros-la-1,158,2000,6,340,256,8,4,2,0,2,32,16,2,16,256,2,0,0,0,0,0,6,4,1,1,2,1,0,0,1,0,0,0
2000,5,zeros-la-1-4,zeros-la-1,159,2000,5,344,256,0,8,4,2,2,32,16,2,0,16,256,2,0,0,4,0,5,4,2,1,2,1,0,0,1,0,0,0
2004,5,zeros-la-1-4,zeros-la-1,160,2004,5,346,256,0,2,4,0,0,8,16,0,0,32,256,2,2,16,4,4,5,3,3,1,2,1,0,0,1,0,0,0
2012,5,zeros-la-1-4,zeros-la-1,161,2012,5,350,256,2,4,0,0,8,16,0,0,32,256,2,4,2,16,8,0,5,3,2,2,2,1,0,0,1,0,0,0
2012,4,zeros-la-1-4,zeros-la-1,162,2012,4,352,256,0,0,2,4,0,2,8,16,32,256,2,4,0,2,16,8,4,4,2,2,2,1,0,0,1,0,0,0
2012,3,zeros-la-1-4,zeros-la-1,163,2012,3,354,256,32,2,2,4,0,256,8,16,2,2,2,4,0,0,16,8,3,5,2,2,2,1,0,0,1,0,0,0
2020,4,zeros-la-1-4,zeros-la-1,164,2020,4,356,256,0,32,4,4,0,256,8,16,0,2,4,4,0,2,16,8,4,2,4,2,2,1,0,0,1,0,0,0
2036,5,zeros-la-1-4,zeros-la-1,165,2036,5,358,256,0,0,32,8,0,256,8,16,0,2,2,8,0,2,16,8,5,3,0,4,2,1,0,0,1,0,0,0
2056,6,zeros-la-1-4,zeros-la-1,166,2056,6,360,256,0,0,32,0,0,2,8,8,0,256,2,16,0,4,16,16,6,2,1,2,3,1,0,0,1,0,0,0
2104,7,zeros-la-1-4,zeros-la-1,167,2104,7,362,256,2,0,0,32,0,0,2,16,0,256,2,16,0,0,4,32,7,3,1,0,2,2,0,0,1,0,0,0
2140,8,zeros-la-1-4,zeros-la-1,168,2140,8,364,256,2,256,4,32,2,0,4,32,0,0,0,32,0,0,0,0,8,2,2,0,0,3,0,0,1,0,0,0
2216,10,zeros-la-1-4,zeros-la-1,169,2216,10,366,256,0,0,0,0,2,0,0,0,0,0,0,32,4,256,8,64,10,1,1,1,0,1,1,0,1,0,0,0
2216,9,zeros-la-1-4,zeros-la-1,170,2216,9,368,256,0,0,0,0,0,2,0,2,0,0,0,32,4,256,8,64,9,2,1,1,0,1,1,0,1,0,0,0
2220,9,zeros-la-1-4,zeros-la-1,171,2220,9,370,256,0,0,0,0,0,0,0,4,0,2,0,32,4,256,8,64,9,1,2,1,0,1,1,0,1,0,0,0
2220,8,zeros-la-1-4,zeros-la-1,172,2220,8,372,256,0,0,0,0,0,2,0,4,0,2,0,32,4,256,8,64,8,2,2,1,0,1,1,0,1,0,0,0
2224,8,zeros-la-1-4,zeros-la-1,173,2224,8,374,256,4,4,8,4,0,256,0,32,0,0,2,64,0,0,0,0,8,1,3,1,0,1,1,0,1,0,0,0
2232,8,zeros-la-1-4,zeros-la-1,174,2232,8,376,256,2,8,8,4,0,0,256,32,0,0,2,64,0,0,0,0,8,2,1,2,0,1,1,0,1,0,0,0
2248,8,zeros-la-1-4,zeros-la-1,175,2248,8,378,256,0,2,16,4,0,0,256,32,0,0,2,64,0,0,2,0,8,3,1,0,1,1,1,0,1,0,0,0
2252,8,zeros-la-1-4,zeros-la-1,176,2252,8,380,256,0,2,16,4,0,0,256,32,0,0,4,64,0,0,2,0,8,2,2,0,1,1,1,0,1,0,0,0
2252,7,zeros-la-1-4,zeros-la-1,177,2252,7,382,256,0,2,16,0,0,0,256,4,0,0,4,32,0,2,2,64,7,3,2,0,1,1,1,0,1,0,0,0
2256,7,zeros-la-1-4,zeros-la-1,178,2256,7,384,256,0,0,2,16,2,0,256,4,0,0,4,32,0,0,4,64,7,2,3,0,1,1,1,0,1,0,0,0
2264,7,zeros-la-1-4,zeros-la-1,179,2264,7,386,256,2,0,2,16,0,0,256,4,0,0,8,32,0,2,0,64,7,3,1,1,1,1,1,0,1,0,0,0
2268,7,zeros-la-1-4,zeros-la-1,180,2268,7,388,256,0,2,4,16,0,0,256,4,0,0,8,32,0,0,2,64,7,2,2,1,1,1,1,0,1,0,0,0
2268,6,zeros-la-1-4,zeros-la-1,181,2268,6,390,256,2,0,4,16,0,0,256,4,0,0,8,32,0,2,2,64,6,3,2,1,1,1,1,0,1,0,0,0
2272,6,zeros-la-1-4,zeros-la-1,182,2272,6,392,256,0,2,4,16,0,0,256,4,0,0,8,32,0,2,4,64,6,2,3,1,1,1,1,0,1,0,0,0
2276,6,zeros-la-1-4,zeros-la-1,183,2276,6,394,256,0,0,4,16,2,0,256,4,0,0,8,32,0,4,4,64,6,1,4,1,1,1,1,0,1,0,0,0
2284,6,zeros-la-1-4,zeros-la-1,184,2284,6,396,256,2,0,4,16,0,2,256,4,0,0,8,32,0,0,8,64,6,2,2,2,1,1,1,0,1,0,0,0
2300,6,zeros-la-1-4,zeros-la-1,185,2300,6,398,256,0,0,0,16,0,0,4,4,0,2,256,32,2,2,16,64,6,3,2,0,2,1,1,0,1,0,0,0
2312,7,zeros-la-1-4,zeros-la-1,186,2312,7,400,256,0,0,0,16,0,0,2,8,0,2,256,32,0,4,16,64,7,2,1,1,2,1,1,0,1,0,0,0
2312,6,zeros-la-1-4,zeros-la-1,187,2312,6,402,256,2,0,0,16,0,0,2,8,0,2,256,32,0,4,16,64,6,3,1,1,2,1,1,0,1,0,0,0
2312,5,zeros-la-1-4,zeros-la-1,188,2312,5,404,256,0,0,2,16,2,0,2,8,0,2,256,32,0,4,16,64,5,4,1,1,2,1,1,0,1,0,0,0
2316,5,zeros-la-1-4,zeros-la-1,189,2316,5,406,256,2,2,4,16,0,4,256,8,0,2,16,32,0,0,0,64,5,3,2,1,2,1,1,0,1,0,0,0
2320,5,zeros-la-1-4,zeros-la-1,190,2320,5,408,256,0,4,4,16,0,4,256,8,0,2,16,32,2,0,0,64,5,2,3,1,2,1,1,0,1,0,0,0
2328,5,zeros-la-1-4,zeros-la-1,191,2328,5,410,256,2,8,4,16,0,2,256,8,2,0,16,32,0,0,0,64,5,3,1,2,2,1,1,0,1,0,0,0
2332,5,zeros-la-1-4,zeros-la-1,192,2332,5,412,256,4,8,4,16,0,2,256,8,0,0,16,32,0,0,2,64,5,2,2,2,2,1,1,0,1,0,0,0
2332,4,zeros-la-1-4,zeros-la-1,193,2332,4,414,256,4,8,4,16,2,2,256,8,0,0,16,32,0,0,2,64,4,3,2,2,2,1,1,0,1,0,0,0
2336,4,zeros-la-1-4,zeros-la-1,194,2336,4,416,256,4,8,4,16,2,4,256,8,0,0,16,32,0,0,2,64,4,2,3,2,2,1,1,0,1,0,0,0
2336,3,zeros-la-1-4,zeros-la-1,195,2336,3,418,256,4,8,4,16,2,4,256,8,0,0,16,32,0,2,2,64,3,3,3,2,2,1,1,0,1,0,0,0
2340,3,zeros-la-1-4,zeros-la-1,196,2340,3,420,256,4,8,4,16,2,4,256,8,0,2,16,32,0,0,4,64,3,2,4,2,2,1,1,0,1,0,0,0
2340,2,zeros-la-1-4,zeros-la-1,197,2340,2,422,256,4,8,4,16,2,4,256,8,0,2,16,32,0,2,4,64,2,3,4,2,2,1,1,0,1,0,0,0
2344,2,zeros-la-1-4,zeros-la-1,198,2344,2,424,256,2,0,4,16,0,8,256,8,4,4,16,32,2,4,4,64,2,2,5,2,2,1,1,0,1,0,0,0
2360,3,zeros-la-1-4,zeros-la-1,199,2360,3,426,256,0,2,4,16,2,8,256,8,0,8,16,32,0,2,8,64,3,3,1,4,2,1,1,0,1,0,0,0
2376,3,zeros-la-1-4,zeros-la-1,200,2376,3,428,256,0,0,4,16,0,2,256,8,2,16,16,32,2,2,8,64,3,4,1,2,3,1,1,0,1,0,0,0
2412,4,zeros-la-1-4,zeros-la-1,201,2412,4,430,256,0,0,4,16,0,2,256,8,0,2,32,32,2,4,8,64,4,3,2,2,1,2,1,0,1,0,0,0
2416,4,zeros-la-1-4,zeros-la-1,202,2416,4,432,256,2,4,4,16,0,4,256,8,0,0,32,32,2,0,8,64,4,2,3,2,1,2,1,0,1,0,0,0
2428,5,zeros-la-1-4,zeros-la-1,203,2428,5,434,256,0,2,4,16,0,0,256,8,0,0,32,32,4,8,8,64,5,1,2,3,1,2,1,0,1,0,0,0
2508,6,zeros-la-1-4,zeros-la-1,204,2508,6,436,256,2,2,4,16,0,0,256,8,0,0,0,64,0,4,16,64,6,2,2,1,2,0,2,0,1,0,0,0
2512,6,zeros-la-1-4,zeros-la-1,205,2512,6,438,256,0,4,4,16,0,0,256,8,0,0,0,64,2,4,16,64,6,1,3,1,2,0,2,0,1,0,0,0
2648,7,zeros-la-1-4,zeros-la-1,206,2648,7,440,256,2,0,0,0,0,0,4,16,0,0,256,8,2,8,16,128,7,2,1,2,2,0,0,1,1,0,0,0
2652,7,zeros-la-1-4,zeros-la-1,207,2652,7,442,256,4,8,4,16,2,0,256,8,0,0,16,128,0,0,0,0,7,1,2,2,2,0,0,1,1,0,0,0
2652,6,zeros-la-1-4,zeros-la-1,208,2652,6,444,256,0,0,2,0,0,0,4,16,4,0,256,8,2,8,16,128,6,2,2,2,2,0,0,1,1,0,0,0
2652,5,zeros-la-1-4,zeros-la-1,209,2652,5,446,256,0,0,2,2,0,0,4,16,0,4,256,8,2,8,16,128,5,3,2,2,2,0,0,1,1,0,0,0
2656,5,zeros-la-1-4,zeros-la-1,210,2656,5,450,256,4,0,0,0,4,16,0,0,4,256,8,4,2,8,16,128,5,1,4,2,2,0,0,1,1,0,0,0
2664,5,zeros-la-1-4,zeros-la-1,211,2664,5,452,256,0,0,2,0,4,16,0,0,8,256,8,4,2,8,16,128,5,2,2,3,2,0,0,1,1,0,0,0
2664,4,zeros-la-1-4,zeros-la-1,212,2664,4,454,256,4,16,2,4,8,256,8,128,2,8,16,0,0,2,0,0,4,3,2,3,2,0,0,1,1,0,0,0
2664,3,zeros-la-1-4,zeros-la-1,213,2664,3,456,256,0,16,0,0,4,256,2,2,8,8,8,4,2,2,16,128,3,4,2,3,2,0,0,1,1,0,0,0
2688,5,zeros-la-1-4,zeros-la-1,214,2688,5,458,256,0,2,0,16,0,4,256,4,0,8,16,4,0,4,16,128,5,1,4,1,3,0,0,1,1,0,0,0
2728,6,zeros-la-1-4,zeros-la-1,215,2728,6,460,256,2,2,256,16,0,4,32,8,0,8,0,128,0,4,0,0,6,2,2,2,1,1,0,1,1,0,0,0
2732,6,zeros-la-1-4,zeros-la-1,216,2732,6,462,256,0,4,256,16,2,4,32,8,0,0,8,128,0,0,0,4,6,1,3,2,1,1,0,1,1,0,0,0
2740,6,zeros-la-1-4,zeros-la-1,217,2740,6,464,256,2,0,0,16,0,0,256,8,0,0,32,128,2,8,8,4,6,2,1,3,1,1,0,1,1,0,0,0
2744,6,zeros-la-1-4,zeros-la-1,218,2744,6,466,256,4,8,256,16,2,0,32,8,0,0,8,128,0,0,0,4,6,1,2,3,1,1,0,1,1,0,0,0
2744,5,zeros-la-1-4,zeros-la-1,219,2744,5,468,256,0,2,0,16,0,0,256,8,4,0,32,128,2,8,8,4,5,2,2,3,1,1,0,1,1,0,0,0
2760,5,zeros-la-1-4,zeros-la-1,220,2760,5,470,256,2,16,0,2,256,8,0,0,4,32,128,0,2,16,4,0,5,3,2,1,2,1,0,1,1,0,0,0
2760,4,zeros-la-1-4,zeros-la-1,221,2760,4,474,256,2,16,128,2,256,8,4,4,4,32,0,0,2,16,0,0,4,3,3,1,2,1,0,1,1,0,0,0
2768,4,zeros-la-1-4,zeros-la-1,222,2768,4,476,256,2,16,128,2,0,256,8,8,0,0,4,32,2,0,2,16,4,4,1,2,2,1,0,1,1,0,0,0
2788,5,zeros-la-1-4,zeros-la-1,223,2788,5,478,256,2,16,128,2,256,16,0,0,4,32,0,2,4,16,0,0,5,3,2,0,3,1,0,1,1,0,0,0
2832,7,zeros-la-1-4,zeros-la-1,224,2832,7,480,256,2,32,128,4,256,32,2,0,8,16,0,0,0,0,0,0,7,2,1,1,1,2,0,1,1,0,0,0
2896,7,zeros-la-1-4,zeros-la-1,225,2896,7,482,256,2,64,128,4,256,16,2,0,8,0,0,2,0,0,0,0,7,3,1,1,1,0,1,1,1,0,0,0
2896,6,zeros-la-1-4,zeros-la-1,226,2896,6,484,256,2,64,128,4,0,256,16,2,0,0,8,2,0,0,2,0,6,4,1,1,1,0,1,1,1,0,0,0
2900,6,zeros-la-1-4,zeros-la-1,227,2900,6,486,256,2,64,128,4,0,256,16,4,2,0,8,0,0,0,2,0,6,3,2,1,1,0,1,1,1,0,0,0
2912,7,zeros-la-1-4,zeros-la-1,228,2912,7,488,256,4,64,128,8,0,256,16,2,0,0,8,0,0,0,2,0,7,2,1,2,1,0,1,1,1,0,0,0
2912,6,zeros-la-1-4,zeros-la-1,229,2912,6,492,256,0,0,128,4,0,0,16,0,0,64,8,8,4,256,2,2,6,2,2,2,1,0,1,1,1,0,0,0
2932,7,zeros-la-1-4,zeros-la-1,230,2932,7,496,256,0,0,128,4,0,0,0,16,0,0,64,16,4,4,256,4,7,0,4,0,2,0,1,1,1,0,0,0
2964,7,zeros-la-1-4,zeros-la-1,231,2964,7,498,256,0,0,0,0,0,2,128,4,0,0,64,32,4,4,256,4,7,1,4,0,0,1,1,1,1,0,0,0
2972,7,zeros-la-1-4,zeros-la-1,232,2972,7,500,256,0,0,0,0,2,128,4,0,64,32,2,0,8,256,4,0,7,2,2,1,0,1,1,1,1,0,0,0
2972,6,zeros-la-1-4,zeros-la-1,233,2972,6,502,256,0,0,2,0,2,128,4,0,64,32,2,0,8,256,4,0,6,3,2,1,0,1,1,1,1,0,0,0
2972,5,zeros-la-1-4,zeros-la-1,234,2972,5,504,256,2,0,0,0,2,128,4,0,64,32,2,2,8,256,4,0,5,4,2,1,0,1,1,1,1,0,0,0
2976,5,zeros-la-1-4,zeros-la-1,235,2976,5,506,256,2,2,0,0,2,128,4,0,64,32,4,0,8,256,4,0,5,3,3,1,0,1,1,1,1,0,0,0
2988,6,zeros-la-1-4,zeros-la-1,236,2988,6,508,256,2,2,0,0,4,128,0,0,64,32,4,0,8,256,8,0,6,2,2,2,0,1,1,1,1,0,0,0
2992,6,zeros-la-1-4,zeros-la-1,237,2992,6,510,256,4,0,0,0,4,128,0,2,64,32,4,0,8,256,8,0,6,1,3,2,0,1,1,1,1,0,0,0
3000,6,zeros-la-1-4,zeros-la-1,238,3000,6,512,256,8,128,4,2,64,32,8,2,8,256,0,0,0,0,0,0,6,2,1,3,0,1,1,1,1,0,0,0
3004,6,zeros-la-1-4,zeros-la-1,239,3004,6,514,256,8,128,4,4,64,32,8,0,8,256,0,0,2,0,0,0,6,1,2,3,0,1,1,1,1,0,0,0
3012,6,zeros-la-1-4,zeros-la-1,240,3012,6,516,256,2,8,128,8,0,64,32,8,0,0,8,256,0,0,0,2,6,2,0,4,0,1,1,1,1,0,0,0
3028,6,zeros-la-1-4,zeros-la-1,241,3028,6,520,256,2,8,128,16,0,64,32,256,0,0,8,2,0,4,0,0,6,2,1,2,1,1,1,1,1,0,0,0
3028,5,zeros-la-1-4,zeros-la-1,242,3028,5,522,256,2,8,128,16,0,64,32,256,0,4,8,2,0,0,0,2,5,3,1,2,1,1,1,1,1,0,0,0
3032,5,zeros-la-1-4,zeros-la-1,243,3032,5,524,256,0,0,2,0,0,8,128,16,0,64,32,256,2,4,8,4,5,2,2,2,1,1,1,1,1,0,0,0
3032,4,zeros-la-1-4,zeros-la-1,244,3032,4,526,256,0,0,2,2,0,8,128,16,0,64,32,256,2,4,8,4,4,3,2,2,1,1,1,1,1,0,0,0
3036,4,zeros-la-1-4,zeros-la-1,245,3036,4,528,256,0,0,2,4,0,8,128,16,0,64,32,256,2,4,8,4,4,2,3,2,1,1,1,1,1,0,0,0
3036,3,zeros-la-1-4,zeros-la-1,246,3036,3,532,256,0,4,2,4,0,8,128,16,0,64,32,256,2,4,8,4,3,2,4,2,1,1,1,1,1,0,0,0
3036,2,zeros-la-1-4,zeros-la-1,247,3036,2,534,256,0,4,2,4,2,8,128,16,0,64,32,256,2,4,8,4,2,3,4,2,1,1,1,1,1,0,0,0
3040,2,zeros-la-1-4,zeros-la-1,248,3040,2,536,256,0,4,2,4,2,8,128,16,0,64,32,256,4,4,8,4,2,2,5,2,1,1,1,1,1,0,0,0
3048,2,zeros-la-1-4,zeros-la-1,249,3048,2,538,256,2,4,2,4,2,8,128,16,0,64,32,256,0,8,8,4,2,3,3,3,1,1,1,1,1,0,0,0
3052,2,zeros-la-1-4,zeros-la-1,250,3052,2,540,256,4,4,2,4,0,8,128,16,2,64,32,256,0,8,8,4,2,2,4,3,1,1,1,1,1,0,0,0
3076,3,zeros-la-1-4,zeros-la-1,251,3076,3,544,256,0,8,2,4,0,8,128,16,2,64,32,256,0,4,16,4,3,2,3,2,2,1,1,1,1,0,0,0
3092,3,zeros-la-1-4,zeros-la-1,252,3092,3,546,256,2,0,2,4,0,16,128,16,0,64,32,256,2,4,16,4,3,3,3,0,3,1,1,1,1,0,0,0
3096,3,zeros-la-1-4,zeros-la-1,253,3096,3,548,256,4,4,2,0,16,128,16,0,64,32,256,0,2,4,16,4,3,2,4,0,3,1,1,1,1,0,0,0
3104,3,zeros-la-1-4,zeros-la-1,254,3104,3,552,256,8,2,0,4,16,128,16,0,64,32,256,0,2,4,16,4,3,2,3,1,3,1,1,1,1,0,0,0
3112,3,zeros-la-1-4,zeros-la-1,255,3112,3,556,256,8,2,0,4,16,128,16,0,64,32,256,0,2,4,16,8,3,2,2,2,3,1,1,1,1,0,0,0
3112,2,zeros-la-1-4,zeros-la-1,256,3112,2,558,256,2,8,2,4,0,16,128,16,0,64,32,256,2,4,16,8,2,3,2,2,3,1,1,1,1,0,0,0
3116,2,zeros-la-1-4,zeros-la-1,257,3116,2,560,256,2,8,2,4,0,16,128,16,0,64,32,256,4,4,16,8,2,2,3,2,3,1,1,1,1,0,0,0
3124,2,zeros-la-1-4,zeros-la-1,258,3124,2,562,256,2,8,2,4,2,16,128,16,0,64,32,256,0,8,16,8,2,3,1,3,3,1,1,1,1,0,0,0
3128,2,zeros-la-1-4,zeros-la-1,259,3128,2,564,256,2,8,2,4,0,16,128,16,0,64,32,256,4,8,16,8,2,2,2,3,3,1,1,1,1,0,0,0
3128,1,zeros-la-1-4,zeros-la-1,260,3128,1,566,256,0,8,2,4,2,16,128,16,2,64,32,256,4,8,16,8,1,3,2,3,3,1,1,1,1,0,0,0
3132,1,zeros-la-1-4,zeros-la-1,261,3132,1,568,256,2,8,2,4,0,16,128,16,4,64,32,256,4,8,16,8,1,2,3,3,3,1,1,1,1,0,0,0
3140,1,zeros-la-1-4,zeros-la-1,262,3140,1,570,256,2,8,2,4,0,16,128,16,2,64,32,256,8,8,16,8,1,3,1,4,3,1,1,1,1,0,0,0
3156,1,zeros-la-1-4,zeros-la-1,263,3156,1,572,256,2,8,2,4,2,16,128,16,2,64,32,256,0,16,16,8,1,4,1,2,4,1,1,1,1,0,0,0
3160,1,zeros-la-1-4,zeros-la-1,264,3160,1,576,256,4,8,2,4,0,16,128,16,2,64,32,256,4,16,16,8,1,2,3,2,4,1,1,1,1,0,0,0
3192,1,zeros-la-1-4,zeros-la-1,265,3192,1,578,256,4,8,2,4,2,16,128,16,2,64,32,256,0,4,32,8,1,3,3,2,2,2,1,1,1,0,0,0
3260,2,zeros-la-1-4,zeros-la-1,266,3260,2,580,256,4,8,2,4,4,16,128,16,2,64,64,256,0,4,0,8,2,2,4,2,2,0,2,1,1,0,0,0
3268,2,zeros-la-1-4,zeros-la-1,267,3268,2,584,256,8,8,2,4,2,16,128,16,4,64,64,256,0,4,0,8,2,2,3,3,2,0,2,1,1,0,0,0
3412,3,zeros-la-1-4,zeros-la-1,268,3412,3,586,256,0,16,2,4,2,16,128,16,2,4,128,256,0,0,4,8,3,3,3,1,3,0,0,2,1,0,0,0
3704,5,zeros-la-1-4,zeros-la-1,269,3704,5,588,256,0,0,2,4,0,0,2,16,0,32,256,256,4,4,4,8,5,2,4,1,1,1,0,0,2,0,0,0
4224,6,zeros-la-1-4,zeros-la-1,270,4224,6,590,512,0,0,2,4,2,0,2,16,0,0,32,512,0,4,8,8,6,3,2,2,1,1,0,0,0,1,0,0
4244,7,zeros-la-1-4,zeros-la-1,271,4244,7,592,512,2,4,0,0,4,16,0,2,32,512,0,0,4,16,0,0,7,2,3,0,2,1,0,0,0,1,0,0
4244,6,zeros-la-1-4,zeros-la-1,272,4244,6,594,512,2,4,0,0,4,16,2,0,32,512,0,0,4,16,0,2,6,3,3,0,2,1,0,0,0,1,0,0
4244,5,zeros-la-1-4,zeros-la-1,273,4244,5,596,512,2,4,2,2,4,16,0,0,32,512,0,0,4,16,2,0,5,4,3,0,2,1,0,0,0,1,0,0
4248,5,zeros-la-1-4,zeros-la-1,274,4248,5,598,512,0,2,4,4,0,0,4,16,0,0,32,512,2,4,16,2,5,3,4,0,2,1,0,0,0,1,0,0
4256,5,zeros-la-1-4,zeros-la-1,275,4256,5,600,512,2,2,8,4,2,4,32,16,0,0,16,512,0,0,0,2,5,4,2,1,2,1,0,0,0,1,0,0
4260,5,zeros-la-1-4,zeros-la-1,276,4260,5,602,512,0,2,0,4,0,0,8,16,0,2,32,512,4,4,16,2,5,3,3,1,2,1,0,0,0,1,0,0
4264,5,zeros-la-1-4,zeros-la-1,277,4264,5,606,512,4,4,8,4,0,4,32,16,0,0,16,512,4,0,0,2,5,1,5,1,2,1,0,0,0,1,0,0
4280,6,zeros-la-1-4,zeros-la-1,278,4280,6,608,512,8,8,8,4,0,0,32,16,0,0,16,512,2,0,0,2,6,2,1,3,2,1,0,0,0,1,0,0
4300,7,zeros-la-1-4,zeros-la-1,279,4300,7,612,512,16,8,4,0,32,16,0,4,16,512,0,0,4,0,0,0,7,0,3,1,3,1,0,0,0,1,0,0
4300,6,zeros-la-1-4,zeros-la-1,280,4300,6,614,512,0,16,8,4,0,32,16,4,0,0,16,512,2,0,0,4,6,1,3,1,3,1,0,0,0,1,0,0
4340,7,zeros-la-1-4,zeros-la-1,281,4340,7,616,512,2,16,8,8,2,32,32,512,0,0,0,4,0,0,0,0,7,2,1,2,1,2,0,0,0,1,0,0
4420,8,zeros-la-1-4,zeros-la-1,282,4420,8,618,512,2,16,16,0,2,64,512,0,4,0,0,0,0,0,0,2,8,3,1,0,2,0,1,0,0,1,0,0
4424,8,zeros-la-1-4,zeros-la-1,283,4424,8,620,512,4,16,16,2,4,64,512,0,0,0,0,0,0,2,0,0,8,2,2,0,2,0,1,0,0,1,0,0
4456,8,zeros-la-1-4,zeros-la-1,284,4456,8,622,512,4,32,2,0,4,64,512,0,0,0,0,2,2,0,0,0,8,3,2,0,0,1,1,0,0,1,0,0
4464,8,zeros-la-1-4,zeros-la-1,285,4464,8,624,512,8,32,2,2,2,64,512,2,0,0,0,0,0,0,0,0,8,4,0,1,0,1,1,0,0,1,0,0
4468,8,zeros-la-1-4,zeros-la-1,286,4468,8,626,512,8,32,4,0,2,64,512,2,0,2,0,0,0,0,0,0,8,3,1,1,0,1,1,0,0,1,0,0
4468,7,zeros-la-1-4,zeros-la-1,287,4468,7,630,512,0,8,32,4,2,64,512,2,0,0,0,2,0,0,4,0,7,3,2,1,0,1,1,0,0,1,0,0
4472,7,zeros-la-1-4,zeros-la-1,288,4472,7,632,512,2,0,0,0,0,0,32,0,0,8,512,4,2,64,4,4,7,2,3,1,0,1,1,0,0,1,0,0
4484,8,zeros-la-1-4,zeros-la-1,289,4484,8,634,512,0,0,0,2,0,0,32,0,0,8,512,0,4,64,4,8,8,1,2,2,0,1,1,0,0,1,0,0
4484,7,zeros-la-1-4,zeros-la-1,290,4484,7,636,512,2,0,2,0,32,0,0,0,8,512,0,0,4,64,4,8,7,2,2,2,0,1,1,0,0,1,0,0
4488,7,zeros-la-1-4,zeros-la-1,291,4488,7,638,512,0,0,2,4,0,0,0,32,0,0,8,512,4,64,4,8,7,1,3,2,0,1,1,0,0,1,0,0
4488,6,zeros-la-1-4,zeros-la-1,292,4488,6,640,512,2,4,0,0,32,0,0,2,8,512,0,0,4,64,4,8,6,2,3,2,0,1,1,0,0,1,0,0
4488,5,zeros-la-1-4,zeros-la-1,293,4488,5,642,512,2,4,4,2,32,512,0,8,8,64,0,0,4,0,2,0,5,3,3,2,0,1,1,0,0,1,0,0
4496,5,zeros-la-1-4,zeros-la-1,294,4496,5,644,512,2,8,2,0,32,512,8,0,8,64,2,0,4,2,0,0,5,4,1,3,0,1,1,0,0,1,0,0
4496,4,zeros-la-1-4,zeros-la-1,295,4496,4,646,512,2,8,2,0,32,512,2,0,8,64,8,0,4,2,2,0,4,5,1,3,0,1,1,0,0,1,0,0
4500,4,zeros-la-1-4,zeros-la-1,296,4500,4,648,512,2,8,2,0,32,512,2,2,8,64,8,0,4,4,0,0,4,4,2,3,0,1,1,0,0,1,0,0
4512,5,zeros-la-1-4,zeros-la-1,297,4512,5,650,512,2,8,2,2,32,512,4,0,8,64,8,0,8,0,0,0,5,3,1,4,0,1,1,0,0,1,0,0
4516,5,zeros-la-1-4,zeros-la-1,298,4516,5,652,512,0,2,8,4,0,32,512,4,2,8,64,8,0,0,0,8,5,2,2,4,0,1,1,0,0,1,0,0
4540,6,zeros-la-1-4,zeros-la-1,299,4540,6,654,512,2,2,8,8,0,32,512,16,0,8,64,0,0,0,0,2,6,3,0,3,1,1,1,0,0,1,0,0
4560,7,zeros-la-1-4,zeros-la-1,300,4560,7,656,512,0,0,4,16,0,32,512,16,2,0,8,64,0,0,0,2,7,2,1,1,2,1,1,0,0,1,0,0
4592,7,zeros-la-1-4,zeros-la-1,301,4592,7,658,512,2,32,4,32,0,2,512,64,0,0,8,2,0,0,0,0,7,3,1,1,0,2,1,0,0,1,0,0
4592,6,zeros-la-1-4,zeros-la-1,302,4592,6,660,512,2,32,4,32,0,2,512,64,0,0,8,2,0,0,2,0,6,4,1,1,0,2,1,0,0,1,0,0
4592,5,zeros-la-1-4,zeros-la-1,303,4592,5,662,512,2,32,4,32,0,2,512,64,0,0,8,2,0,2,2,0,5,5,1,1,0,2,1,0,0,1,0,0
4596,5,zeros-la-1-4,zeros-la-1,304,4596,5,666,512,0,0,4,0,0,4,512,32,0,32,8,64,2,4,2,2,5,3,3,1,0,2,1,0,0,1,0,0
4600,5,zeros-la-1-4,zeros-la-1,305,4600,5,668,512,4,2,0,0,4,512,32,0,32,8,64,0,2,4,4,0,5,2,4,1,0,2,1,0,0,1,0,0
4608,5,zeros-la-1-4,zeros-la-1,306,4608,5,670,512,4,2,0,0,4,512,32,2,32,8,64,0,2,8,0,0,5,3,2,2,0,2,1,0,0,1,0,0
4632,6,zeros-la-1-4,zeros-la-1,307,4632,6,672,512,0,0,0,0,8,2,2,0,32,512,32,0,2,16,64,2,6,4,0,1,1,2,1,0,0,1,0,0
4636,6,zeros-la-1-4,zeros-la-1,308,4636,6,674,512,0,0,0,2,0,0,8,4,0,32,512,32,2,16,64,2,6,3,1,1,1,2,1,0,0,1,0,0
4636,5,zeros-la-1-4,zeros-la-1,309,4636,5,676,512,0,0,0,2,0,0,8,4,2,32,512,32,2,16,64,2,5,4,1,1,1,2,1,0,0,1,0,0
4640,5,zeros-la-1-4,zeros-la-1,310,4640,5,678,512,0,0,0,2,0,2,8,4,0,32,512,32,4,16,64,2,5,3,2,1,1,2,1,0,0,1,0,0
4640,4,zeros-la-1-4,zeros-la-1,311,4640,4,680,512,2,0,0,0,2,8,4,0,32,512,32,2,4,16,64,2,4,4,2,1,1,2,1,0,0,1,0,0
4648,5,zeros-la-1-4,zeros-la-1,312,4648,5,682,512,4,8,4,4,32,512,32,0,4,16,64,0,0,0,2,0,5,1,4,1,1,2,1,0,0,1,0,0
4656,5,zeros-la-1-4,zeros-la-1,313,4656,5,684,512,0,4,8,8,0,32,512,32,2,4,16,64,0,0,0,2,5,2,2,2,1,2,1,0,0,1,0,0
4672,5,zeros-la-1-4,zeros-la-1,314,4672,5,686,512,0,0,4,16,0,32,512,32,2,4,16,64,2,0,0,2,5,3,2,0,2,2,1,0,0,1,0,0
4676,5,zeros-la-1-4,zeros-la-1,315,4676,5,688,512,4,16,0,0,32,512,32,2,2,4,16,64,4,0,0,0,5,2,3,0,2,2,1,0,0,1,0,0
4676,4,zeros-la-1-4,zeros-la-1,316,4676,4,690,512,4,0,2,0,32,16,0,0,2,512,32,2,4,4,16,64,4,3,3,0,2,2,1,0,0,1,0,0
4684,4,zeros-la-1-4,zeros-la-1,317,4684,4,692,512,0,0,4,2,0,2,32,16,2,512,32,2,0,8,16,64,4,4,1,1,2,2,1,0,0,1,0,0
4748,4,zeros-la-1-4,zeros-la-1,318,4748,4,694,512,0,0,0,2,0,2,4,16,2,512,64,2,2,8,16,64,4,5,1,1,2,0,2,0,0,1,0,0
4752,4,zeros-la-1-4,zeros-la-1,319,4752,4,696,512,0,0,0,2,0,2,4,16,2,512,64,2,4,8,16,64,4,4,2,1,2,0,2,0,0,1,0,0
4752,3,zeros-la-1-4,zeros-la-1,320,4752,3,698,512,2,2,0,0,2,4,16,0,2,512,64,2,4,8,16,64,3,5,2,1,2,0,2,0,0,1,0,0
4756,3,zeros-la-1-4,zeros-la-1,321,4756,3,700,512,0,2,0,2,2,4,16,0,4,512,64,2,4,8,16,64,3,4,3,1,2,0,2,0,0,1,0,0
4768,4,zeros-la-1-4,zeros-la-1,322,4768,4,702,512,0,2,0,2,0,4,16,0,2,512,64,4,8,8,16,64,4,3,2,2,2,0,2,0,0,1,0,0
4788,5,zeros-la-1-4,zeros-la-1,323,4788,5,704,512,4,2,0,0,4,16,0,0,2,512,64,4,16,16,64,0,5,2,3,0,3,0,2,0,0,1,0,0
4924,6,zeros-la-1-4,zeros-la-1,324,4924,6,706,512,0,2,0,0,8,16,0,2,2,512,0,0,16,16,128,4,6,3,1,1,3,0,0,1,0,1,0,0
4956,6,zeros-la-1-4,zeros-la-1,325,4956,6,708,512,0,2,0,2,0,8,16,2,0,0,2,512,0,32,128,4,6,4,1,1,1,1,0,1,0,1,0,0
4960,6,zeros-la-1-4,zeros-la-1,326,4960,6,710,512,0,0,0,4,2,8,16,2,0,0,2,512,0,32,128,4,6,3,2,1,1,1,0,1,0,1,0,0
4960,5,zeros-la-1-4,zeros-la-1,327,4960,5,712,512,0,0,0,4,2,8,16,2,0,0,2,512,2,32,128,4,5,4,2,1,1,1,0,1,0,1,0,0
4964,5,zeros-la-1-4,zeros-la-1,328,4964,5,714,512,0,0,0,4,2,0,16,2,0,8,2,512,4,32,128,4,5,3,3,1,1,1,0,1,0,1,0,0
4964,4,zeros-la-1-4,zeros-la-1,329,4964,4,716,512,2,8,16,4,4,32,2,2,0,0,128,512,0,2,0,4,4,4,3,1,1,1,0,1,0,1,0,0
4968,4,zeros-la-1-4,zeros-la-1,330,4968,4,720,512,2,8,16,4,4,32,4,0,128,512,0,4,2,4,0,0,4,2,5,1,1,1,0,1,0,1,0,0
4976,4,zeros-la-1-4,zeros-la-1,331,4976,4,722,512,2,8,2,0,4,32,0,0,128,512,16,0,2,4,4,8,4,3,3,2,1,1,0,1,0,1,0,0
4984,4,zeros-la-1-4,zeros-la-1,332,4984,4,724,512,0,2,8,2,0,0,4,32,2,128,512,16,0,2,8,8,4,4,1,3,1,1,0,1,0,1,0,0
5000,4,zeros-la-1-4,zeros-la-1,333,5000,4,726,512,2,2,8,2,0,0,4,32,2,128,512,16,0,0,2,16,4,5,1,1,2,1,0,1,0,1,0,0
5036,5,zeros-la-1-4,zeros-la-1,334,5036,5,728,512,4,2,8,2,0,128,4,32,2,0,512,32,0,0,2,0,5,4,2,1,0,2,0,1,0,1,0,0
5100,5,zeros-la-1-4,zeros-la-1,335,5100,5,730,512,4,2,8,2,2,128,4,64,0,2,512,0,0,0,2,0,5,5,2,1,0,0,1,1,0,1,0,0
5100,4,zeros-la-1-4,zeros-la-1,336,5100,4,732,512,4,2,8,2,2,128,4,64,0,2,512,0,0,0,2,2,4,6,2,1,0,0,1,1,0,1,0,0
5104,4,zeros-la-1-4,zeros-la-1,337,5104,4,734,512,4,2,8,2,2,128,4,64,2,512,0,0,4,0,2,0,4,5,3,1,0,0,1,1,0,1,0,0
5108,4,zeros-la-1-4,zeros-la-1,338,5108,4,738,512,0,0,4,0,4,2,8,0,4,128,4,2,4,512,2,64,4,3,5,1,0,0,1,1,0,1,0,0
5116,4,zeros-la-1-4,zeros-la-1,339,5116,4,740,512,0,2,4,0,0,2,8,0,4,128,4,2,8,512,2,64,4,4,3,2,0,0,1,1,0,1,0,0
5120,4,zeros-la-1-4,zeros-la-1,340,5120,4,742,512,4,4,4,2,8,128,8,64,0,512,4,0,0,0,2,2,4,3,4,2,0,0,1,1,0,1,0,0
5132,5,zeros-la-1-4,zeros-la-1,341,5132,5,744,512,0,4,8,2,8,128,8,64,0,0,512,4,2,0,0,4,5,2,3,3,0,0,1,1,0,1,0,0
5156,6,zeros-la-1-4,zeros-la-1,342,5156,6,746,512,8,4,16,2,2,128,512,64,0,0,2,8,0,0,0,0,6,3,1,2,1,0,1,1,0,1,0,0
5156,5,zeros-la-1-4,zeros-la-1,343,5156,5,750,512,8,4,16,2,2,128,512,64,0,0,2,8,0,0,4,0,5,3,2,2,1,0,1,1,0,1,0,0
5156,4,zeros-la-1-4,zeros-la-1,344,5156,4,752,512,8,4,16,2,2,128,512,64,0,0,2,8,2,0,0,4,4,4,2,2,1,0,1,1,0,1,0,0
5160,4,zeros-la-1-4,zeros-la-1,345,5160,4,756,512,0,0,0,2,0,4,16,64,8,4,512,8,4,128,2,4,4,2,4,2,1,0,1,1,0,1,0,0
5168,4,zeros-la-1-4,zeros-la-1,346,5168,4,758,512,0,0,2,2,0,0,16,64,8,8,512,8,4,128,2,4,4,3,2,3,1,0,1,1,0,1,0,0
5188,5,zeros-la-1-4,zeros-la-1,347,5188,5,760,512,4,0,0,0,16,64,0,0,16,512,8,2,4,128,2,4,5,2,3,1,2,0,1,1,0,1,0,0
5220,5,zeros-la-1-4,zeros-la-1,348,5220,5,762,512,4,64,8,2,32,512,2,4,4,128,0,0,0,2,0,0,5,3,3,1,0,1,1,1,0,1,0,0
5220,4,zeros-la-1-4,zeros-la-1,349,5220,4,764,512,4,64,8,2,32,512,2,4,4,128,0,0,2,0,2,0,4,4,3,1,0,1,1,1,0,1,0,0
5224,4,zeros-la-1-4,zeros-la-1,350,5224,4,766,512,4,0,0,2,32,64,0,0,4,512,8,2,2,128,4,4,4,3,4,1,0,1,1,1,0,1,0,0
5228,4,zeros-la-1-4,zeros-la-1,351,5228,4,768,512,4,64,8,4,32,512,4,4,4,128,0,0,2,2,0,0,4,2,5,1,0,1,1,1,0,1,0,0
5240,5,zeros-la-1-4,zeros-la-1,352,5240,5,770,512,4,64,8,4,32,512,8,0,4,128,0,0,4,2,0,0,5,1,4,2,0,1,1,1,0,1,0,0
5264,6,zeros-la-1-4,zeros-la-1,353,5264,6,772,512,2,64,0,0,4,512,0,0,32,128,0,0,8,2,16,4,6,2,2,1,1,1,1,1,0,1,0,0
5264,5,zeros-la-1-4,zeros-la-1,354,5264,5,774,512,2,64,16,4,4,512,0,0,32,128,0,0,8,2,2,0,5,3,2,1,1,1,1,1,0,1,0,0
5268,5,zeros-la-1-4,zeros-la-1,355,5268,5,776,512,2,64,16,4,0,2,4,512,0,0,32,128,0,0,8,4,5,2,3,1,1,1,1,1,0,1,0,0
5268,4,zeros-la-1-4,zeros-la-1,356,5268,4,778,512,2,64,16,4,2,4,512,0,32,128,0,0,8,4,0,2,4,3,3,1,1,1,1,1,0,1,0,0
5272,4,zeros-la-1-4,zeros-la-1,357,5272,4,780,512,0,64,0,0,4,4,0,2,32,128,16,4,8,4,512,2,4,2,4,1,1,1,1,1,0,1,0,0
5280,4,zeros-la-1-4,zeros-la-1,358,5280,4,784,512,0,0,0,64,0,4,8,2,32,128,16,4,8,4,512,2,4,2,3,2,1,1,1,1,0,1,0,0
5280,3,zeros-la-1-4,zeros-la-1,359,5280,3,786,512,32,4,8,64,8,128,16,2,0,4,512,4,2,0,0,2,3,3,3,2,1,1,1,1,0,1,0,0
5284,3,zeros-la-1-4,zeros-la-1,360,5284,3,788,512,32,4,8,64,8,128,16,2,0,4,512,4,0,0,2,4,3,2,4,2,1,1,1,1,0,1,0,0
5292,3,zeros-la-1-4,zeros-la-1,361,5292,3,790,512,0,0,8,0,2,4,16,64,32,128,512,2,8,4,2,8,3,3,2,3,1,1,1,1,0,1,0,0
5292,2,zeros-la-1-4,zeros-la-1,362,5292,2,792,512,2,4,8,64,32,128,16,2,8,4,512,8,0,0,2,2,2,4,2,3,1,1,1,1,0,1,0,0
5296,2,zeros-la-1-4,zeros-la-1,363,5296,2,794,512,2,4,8,64,32,128,16,2,8,4,512,8,2,0,0,4,2,3,3,3,1,1,1,1,0,1,0,0
5296,1,zeros-la-1-4,zeros-la-1,364,5296,1,796,512,2,4,8,64,32,128,16,2,8,4,512,8,2,2,0,4,1,4,3,3,1,1,1,1,0,1,0,0
5300,1,zeros-la-1-4,zeros-la-1,365,5300,1,798,512,2,4,8,64,32,128,16,2,8,4,512,8,4,4,2,0,1,3,4,3,1,1,1,1,0,1,0,0
5308,1,zeros-la-1-4,zeros-la-1,366,5308,1,800,512,2,4,8,64,32,128,16,2,8,4,512,8,8,2,2,0,1,4,2,4,1,1,1,1,0,1,0,0
5324,1,zeros-la-1-4,zeros-la-1,367,5324,1,802,512,0,4,8,2,2,128,16,64,32,4,512,2,16,2,2,8,1,5,2,2,2,1,1,1,0,1,0,0
5328,1,zeros-la-1-4,zeros-la-1,368,5328,1,804,512,4,8,2,0,2,128,16,64,32,4,512,2,16,4,8,2,1,4,3,2,2,1,1,1,0,1,0,0
5340,2,zeros-la-1-4,zeros-la-1,369,5340,2,806,512,4,0,2,2,2,8,16,0,32,128,512,64,16,8,8,4,2,3,2,3,2,1,1,1,0,1,0,0
5360,3,zeros-la-1-4,zeros-la-1,370,5360,3,808,512,0,2,4,4,0,2,8,16,32,128,512,64,0,16,16,4,3,2,3,1,3,1,1,1,0,1,0,0
5400,4,zeros-la-1-4,zeros-la-1,371,5400,4,810,512,2,8,0,0,2,8,16,0,32,128,512,64,32,4,0,2,4,3,1,2,1,2,1,1,0,1,0,0
5484,6,zeros-la-1-4,zeros-la-1,372,5484,6,812,512,4,16,16,64,64,128,512,2,0,4,0,0,0,2,0,0,6,2,2,0,2,0,2,1,0,1,0,0
5516,6,zeros-la-1-4,zeros-la-1,373,5516,6,814,512,2,4,32,64,64,128,512,2,0,0,0,4,0,0,0,2,6,3,2,0,0,1,2,1,0,1,0,0
5516,5,zeros-la-1-4,zeros-la-1,374,5516,5,816,512,2,4,32,64,64,128,512,2,0,0,0,4,2,0,0,2,5,4,2,0,0,1,2,1,0,1,0,0
5520,5,zeros-la-1-4,zeros-la-1,375,5520,5,818,512,2,4,32,64,64,128,512,2,4,0,0,0,4,0,2,0,5,3,3,0,0,1,2,1,0,1,0,0
5528,5,zeros-la-1-4,zeros-la-1,376,5528,5,820,512,2,4,32,64,64,128,512,2,8,2,2,0,0,0,0,0,5,4,1,1,0,1,2,1,0,1,0,0
5532,5,zeros-la-1-4,zeros-la-1,377,5532,5,822,512,2,4,32,64,64,128,512,2,8,4,0,0,0,2,0,0,5,3,2,1,0,1,2,1,0,1,0,0
5532,4,zeros-la-1-4,zeros-la-1,378,5532,4,824,512,2,4,32,64,64,128,512,2,0,0,8,4,0,2,0,2,4,4,2,1,0,1,2,1,0,1,0,0
5536,4,zeros-la-1-4,zeros-la-1,379,5536,4,826,512,2,4,32,64,64,128,512,2,2,0,8,4,0,0,0,4,4,3,3,1,0,1,2,1,0,1,0,0
5544,4,zeros-la-1-4,zeros-la-1,380,5544,4,828,512,2,4,32,64,64,128,512,2,2,0,8,8,0,0,2,0,4,4,1,2,0,1,2,1,0,1,0,0
5560,4,zeros-la-1-4,zeros-la-1,381,5560,4,830,512,2,4,32,64,64,128,512,2,2,16,2,0,2,0,0,0,4,5,1,0,1,1,2,1,0,1,0,0
5564,4,zeros-la-1-4,zeros-la-1,382,5564,4,832,512,0,0,0,2,2,4,32,0,64,128,512,64,4,16,2,2,4,4,2,0,1,1,2,1,0,1,0,0
5568,4,zeros-la-1-4,zeros-la-1,383,5568,4,836,512,2,0,0,0,2,4,32,0,64,128,512,64,4,16,4,4,4,2,4,0,1,1,2,1,0,1,0,0
5572,4,zeros-la-1-4,zeros-la-1,384,5572,4,838,512,2,0,0,0,4,4,32,0,64,128,512,64,4,16,4,4,4,1,5,0,1,1,2,1,0,1,0,0
5588,5,zeros-la-1-4,zeros-la-1,385,5588,5,840,512,2,2,0,0,8,32,0,0,64,128,512,64,4,16,8,0,5,2,1,2,1,1,2,1,0,1,0,0
5592,5,zeros-la-1-4,zeros-la-1,386,5592,5,842,512,4,0,0,2,8,32,0,0,64,128,512,64,4,16,8,0,5,1,2,2,1,1,2,1,0,1,0,0
5592,4,zeros-la-1-4,zeros-la-1,387,5592,4,844,512,0,0,4,2,0,0,8,32,64,128,512,64,2,4,16,8,4,2,2,2,1,1,2,1,0,1,0,0
5592,3,zeros-la-1-4,zeros-la-1,388,5592,3,846,512,4,2,2,0,8,32,0,0,64,128,512,64,2,4,16,8,3,3,2,2,1,1,2,1,0,1,0,0
5596,3,zeros-la-1-4,zeros-la-1,389,5596,3,848,512,4,4,0,0,8,32,0,2,64,128,512,64,2,4,16,8,3,2,3,2,1,1,2,1,0,1,0,0
5604,3,zeros-la-1-4,zeros-la-1,390,5604,3,850,512,8,0,0,2,8,32,2,0,64,128,512,64,2,4,16,8,3,3,1,3,1,1,2,1,0,1,0,0
5620,3,zeros-la-1-4,zeros-la-1,391,5620,3,852,512,2,0,0,0,16,32,2,2,64,128,512,64,2,4,16,8,3,4,1,1,2,1,2,1,0,1,0,0
5624,3,zeros-la-1-4,zeros-la-1,392,5624,3,854,512,0,2,0,2,0,16,32,4,64,128,512,64,2,4,16,8,3,3,2,1,2,1,2,1,0,1,0,0
5628,3,zeros-la-1-4,zeros-la-1,393,5628,3,856,512,0,0,0,4,2,16,32,4,64,128,512,64,2,4,16,8,3,2,3,1,2,1,2,1,0,1,0,0
5636,3,zeros-la-1-4,zeros-la-1,394,5636,3,858,512,0,0,0,2,2,16,32,8,64,128,512,64,2,4,16,8,3,3,1,2,2,1,2,1,0,1,0,0
5636,2,zeros-la-1-4,zeros-la-1,395,5636,2,860,512,2,0,2,0,2,16,32,8,64,128,512,64,2,4,16,8,2,4,1,2,2,1,2,1,0,1,0,0
5640,2,zeros-la-1-4,zeros-la-1,396,5640,2,862,512,4,2,0,0,2,16,32,8,64,128,512,64,2,4,16,8,2,3,2,2,2,1,2,1,0,1,0,0
5640,1,zeros-la-1-4,zeros-la-1,397,5640,1,864,512,2,0,4,2,2,16,32,8,64,128,512,64,2,4,16,8,1,4,2,2,2,1,2,1,0,1,0,0
5644,1,zeros-la-1-4,zeros-la-1,398,5644,1,866,512,2,0,4,2,4,16,32,8,64,128,512,64,2,4,16,8,1,3,3,2,2,1,2,1,0,1,0,0
5644,0,zeros-la-1-4,zeros-la-1,399,5644,0,868,512,2,16,4,2,4,128,32,8,64,4,512,64,2,2,16,8,0,4,3,2,2,1,2,1,0,1,0,0
5648,0,zeros-la-1-4,zeros-la-1,400,5648,0,870,512,2,16,4,2,4,128,32,8,64,4,512,64,4,16,8,2,0,3,4,2,2,1,2,1,0,1,0,0
0,13,zeros-la-1-5,zeros-la-1,0,0,13,8,4,0,0,0,0,4,0,0,0,0,0,0,0,2,2,0,0,13,2,1,0,0,0,0,0,0,0,0,0
4,13,zeros-la-1-5,zeros-la-1,1,4,13,10,4,0,0,0,0,4,0,0,0,0,0,2,0,4,0,0,0,13,1,2,0,0,0,0,0,0,0,0,0
12,13,zeros-la-1-5,zeros-la-1,2,12,13,12,8,8,0,2,0,0,0,0,0,0,0,2,0,0,0,0,0,13,2,0,1,0,0,0,0,0,0,0,0
16,13,zeros-la-1-5,zeros-la-1,3,16,13,14,8,8,0,4,0,0,2,0,0,0,0,0,0,0,0,0,0,13,1,1,1,0,0,0,0,0,0,0,0
16,12,zeros-la-1-5,zeros-la-1,4,16,12,16,8,8,2,4,0,0,0,0,0,0,0,0,0,0,2,0,0,12,2,1,1,0,0,0,0,0,0,0,0
20,12,zeros-la-1-5,zeros-la-1,5,20,12,18,8,8,4,4,0,0,0,0,0,0,0,2,0,0,0,0,0,12,1,2,1,0,0,0,0,0,0,0,0
28,12,zeros-la-1-5,zeros-la-1,6,28,12,20,8,0,0,8,8,0,0,0,0,0,0,0,2,0,0,2,0,12,2,0,2,0,0,0,0,0,0,0,0
44,12,zeros-la-1-5,zeros-la-1,7,44,12,24,16,0,0,0,16,0,0,0,0,0,4,0,2,0,0,0,2,12,2,1,0,1,0,0,0,0,0,0,0
48,12,zeros-la-1-5,zeros-la-1,8,48,12,26,16,0,4,0,16,0,0,0,4,0,0,0,0,2,0,0,0,12,1,2,0,1,0,0,0,0,0,0,0
48,11,zeros-la-1-5,zeros-la-1,9,48,11,28,16,4,16,2,0,4,0,0,0,0,0,0,0,2,0,0,0,11,2,2,0,1,0,0,0,0,0,0,0
56,11,zeros-la-1-5,zeros-la-1,10,56,11,30,16,8,16,2,0,2,0,0,0,0,0,0,0,0,0,0,2,11,3,0,1,1,0,0,0,0,0,0,0
56,10,zeros-la-1-5,zeros-la-1,11,56,10,32,16,0,8,16,2,0,0,0,2,0,0,2,0,0,0,0,2,10,4,0,1,1,0,0,0,0,0,0,0
60,10,zeros-la-1-5,zeros-la-1,12,60,10,34,16,0,8,16,4,0,0,2,2,0,0,0,0,0,0,0,2,10,3,1,1,1,0,0,0,0,0,0,0
64,10,zeros-la-1-5,zeros-la-1,13,64,10,36,16,0,8,16,4,0,0,2,4,0,0,0,0,0,2,0,0,10,2,2,1,1,0,0,0,0,0,0,0
72,10,zeros-la-1-5,zeros-la-1,14,72,10,38,16,0,8,16,8,0,2,2,0,0,0,2,0,0,0,0,0,10,3,0,2,1,0,0,0,0,0,0,0
76,10,zeros-la-1-5,zeros-la-1,15,76,10,40,16,0,8,16,8,0,2,4,0,0,0,0,0,0,0,2,0,10,2,1,2,1,0,0,0,0,0,0,0
76,9,zeros-la-1-5,zeros-la-1,16,76,9,42,16,8,16,8,0,2,4,0,0,0,2,0,0,2,0,0,0,9,3,1,2,1,0,0,0,0,0,0,0
80,9,zeros-la-1-5,zeros-la-1,17,80,9,44,16,8,16,8,0,4,4,2,0,0,2,0,0,0,0,0,0,9,2,2,2,1,0,0,0,0,0,0,0
88,9,zeros-la-1-5,zeros-la-1,18,88,9,46,16,8,16,8,0,8,2,0,0,2,0,0,2,0,0,0,0,9,3,0,3,1,0,0,0,0,0,0,0
104,9,zeros-la-1-5,zeros-la-1,19,104,9,48,16,16,16,8,2,2,2,0,2,0,0,0,0,0,0,0,0,9,4,0,1,2,0,0,0,0,0,0,0
140,10,zeros-la-1-5,zeros-la-1,20,140,10,50,32,32,8,2,0,4,2,0,0,0,0,0,2,0,0,0,0,10,3,1,1,0,1,0,0,0,0,0,0
140,9,zeros-la-1-5,zeros-la-1,21,140,9,52,32,32,8,2,2,4,2,0,0,0,0,0,2,0,0,0,0,9,4,1,1,0,1,0,0,0,0,0,0
144,9,zeros-la-1-5,zeros-la-1,22,144,9,54,32,0,0,0,0,0,0,0,2,32,8,0,0,4,2,2,4,9,3,2,1,0,1,0,0,0,0,0,0
148,9,zeros-la-1-5,zeros-la-1,23,148,9,56,32,0,0,0,2,0,0,0,2,0,0,32,8,0,4,4,4,9,2,3,1,0,1,0,0,0,0,0,0
156,9,zeros-la-1-5,zeros-la-1,24,156,9,58,32,0,0,0,2,0,0,2,2,0,0,32,8,0,0,4,8,9,3,1,2,0,1,0,0,0,0,0,0
176,10,zeros-la-1-5,zeros-la-1,25,176,10,60,32,0,0,2,4,0,2,32,16,0,0,4,0,0,0,0,0,10,2,2,0,1,1,0,0,0,0,0,0
176,9,zeros-la-1-5,zeros-la-1,26,176,9,62,32,0,2,2,4,0,0,32,16,0,2,4,0,0,0,0,0,9,3,2,0,1,1,0,0,0,0,0,0
180,9,zeros-la-1-5,zeros-la-1,27,180,9,64,32,0,0,0,0,0,0,2,0,0,0,32,4,2,4,4,16,9,2,3,0,1,1,0,0,0,0,0,0
188,9,zeros-la-1-5,zeros-la-1,28,188,9,66,32,0,0,0,0,0,0,2,2,0,0,32,4,0,2,8,16,9,3,1,1,1,1,0,0,0,0,0,0
192,9,zeros-la-1-5,zeros-la-1,29,192,9,68,32,0,0,0,0,0,0,0,4,0,0,32,4,2,2,8,16,9,2,2,1,1,1,0,0,0,0,0,0
200,9,zeros-la-1-5,zeros-la-1,30,200,9,70,32,2,0,0,0,0,0,0,0,0,0,32,8,2,2,8,16,9,3,0,2,1,1,0,0,0,0,0,0
204,9,zeros-la-1-5,zeros-la-1,31,204,9,72,32,2,0,0,0,0,0,0,0,32,8,2,0,4,8,16,0,9,2,1,2,1,1,0,0,0,0,0,0
220,9,zeros-la-1-5,zeros-la-1,32,220,9,74,32,0,0,0,0,2,0,0,0,32,0,2,2,4,16,16,0,9,3,1,0,2,1,0,0,0,0,0,0
256,10,zeros-la-1-5,zeros-la-1,33,256,10,76,32,0,0,0,0,0,0,0,2,0,0,32,4,0,2,4,32,10,2,2,0,0,2,0,0,0,0,0,0
256,9,zeros-la-1-5,zeros-la-1,34,256,9,78,32,0,2,32,2,0,0,4,4,0,0,0,32,0,0,0,2,9,3,2,0,0,2,0,0,0,0,0,0
264,9,zeros-la-1-5,zeros-la-1,35,264,9,80,32,0,2,32,2,0,0,0,8,0,0,0,32,0,2,0,2,9,4,0,1,0,2,0,0,0,0,0,0
268,9,zeros-la-1-5,zeros-la-1,36,268,9,82,32,2,32,2,0,8,0,0,0,32,0,0,0,4,2,0,0,9,3,1,1,0,2,0,0,0,0,0,0
268,8,zeros-la-1-5,zeros-la-1,37,268,8,84,32,2,32,2,0,8,2,0,0,32,0,0,0,4,2,0,0,8,4,1,1,0,2,0,0,0,0,0,0
272,8,zeros-la-1-5,zeros-la-1,38,272,8,86,32,2,0,0,0,8,0,0,0,32,32,0,2,4,4,2,0,8,3,2,1,0,2,0,0,0,0,0,0
344,9,zeros-la-1-5,zeros-la-1,39,344,9,88,64,2,0,0,0,8,0,0,0,64,2,2,0,8,2,0,0,9,4,0,2,0,0,1,0,0,0,0,0
348,9,zeros-la-1-5,zeros-la-1,40,348,9,90,64,2,0,0,0,8,2,0,0,64,0,0,0,8,4,2,0,9,3,1,2,0,0,1,0,0,0,0,0
348,8,zeros-la-1-5,zeros-la-1,41,348,8,92,64,2,2,0,0,8,2,0,0,64,0,0,0,8,4,2,0,8,4,1,2,0,0,1,0,0,0,0,0
352,8,zeros-la-1-5,zeros-la-1,42,352,8,94,64,2,2,0,0,8,0,0,0,64,4,0,0,8,4,2,0,8,3,2,2,0,0,1,0,0,0,0,0
360,8,zeros-la-1-5,zeros-la-1,43,360,8,96,64,2,2,2,0,8,8,0,0,64,2,0,0,8,0,0,0,8,4,0,3,0,0,1,0,0,0,0,0
380,9,zeros-la-1-5,zeros-la-1,44,380,9,98,64,4,2,0,0,16,0,0,0,64,2,0,0,8,0,2,0,9,3,1,1,1,0,1,0,0,0,0,0
384,9,zeros-la-1-5,zeros-la-1,45,384,9,100,64,4,0,0,0,16,0,2,0,64,0,0,0,8,4,2,0,9,2,2,1,1,0,1,0,0,0,0,0
388,9,zeros-la-1-5,zeros-la-1,46,388,9,104,64,4,0,0,0,16,0,4,0,64,0,0,0,8,4,4,0,9,0,4,1,1,0,1,0,0,0,0,0
396,9,zeros-la-1-5,zeros-la-1,47,396,9,108,64,0,0,0,4,0,0,16,4,0,0,0,64,0,4,8,8,9,0,3,2,1,0,1,0,0,0,0,0
404,9,zeros-la-1-5,zeros-la-1,48,404,9,110,64,2,0,0,0,0,0,0,8,0,0,16,64,0,4,8,8,9,1,1,3,1,0,1,0,0,0,0,0
420,9,zeros-la-1-5,zeros-la-1,49,420,9,112,64,2,0,0,0,8,0,0,0,16,64,2,0,4,16,0,0,9,2,1,1,2,0,1,0,0,0,0,0
420,8,zeros-la-1-5,zeros-la-1,50,420,8,114,64,0,0,0,2,0,0,2,8,0,16,64,2,0,0,4,16,8,3,1,1,2,0,1,0,0,0,0,0
420,7,zeros-la-1-5,zeros-la-1,51,420,7,116,64,2,0,0,2,2,8,0,0,16,64,2,0,4,16,0,0,7,4,1,1,2,0,1,0,0,0,0,0
424,7,zeros-la-1-5,zeros-la-1,52,424,7,118,64,0,2,0,0,4,8,0,0,16,64,0,0,4,16,2,2,7,3,2,1,2,0,1,0,0,0,0,0
428,7,zeros-la-1-5,zeros-la-1,53,428,7,120,64,0,0,2,2,0,0,4,8,0,0,16,64,0,4,16,4,7,2,3,1,2,0,1,0,0,0,0,0
432,7,zeros-la-1-5,zeros-la-1,54,432,7,122,64,4,0,0,0,4,8,0,2,16,64,0,0,4,16,4,0,7,1,4,1,2,0,1,0,0,0,0,0
440,7,zeros-la-1-5,zeros-la-1,55,440,7,124,64,8,8,4,2,16,64,0,2,4,16,0,0,0,0,0,0,7,2,2,2,2,0,1,0,0,0,0,0
444,7,zeros-la-1-5,zeros-la-1,56,444,7,126,64,8,8,4,4,16,64,0,0,4,16,0,0,0,0,0,2,7,1,3,2,2,0,1,0,0,0,0,0
468,8,zeros-la-1-5,zeros-la-1,57,468,8,130,64,16,8,0,0,16,64,0,0,4,16,0,0,2,4,0,0,8,1,2,1,3,0,1,0,0,0,0,0
500,8,zeros-la-1-5,zeros-la-1,58,500,8,132,64,0,8,0,0,32,64,0,2,4,16,0,0,2,4,0,0,8,2,2,1,1,1,1,0,0,0,0,0
500,7,zeros-la-1-5,zeros-la-1,59,500,7,134,64,32,8,0,2,4,64,0,0,2,16,0,0,0,4,0,2,7,3,2,1,1,1,1,0,0,0,0,0
504,7,zeros-la-1-5,zeros-la-1,60,504,7,136,64,0,8,2,0,32,64,0,0,4,16,0,0,2,4,0,4,7,2,3,1,1,1,1,0,0,0,0,0
512,7,zeros-la-1-5,zeros-la-1,61,512,7,138,64,0,0,8,2,0,2,32,64,0,0,4,16,0,0,2,8,7,3,1,2,1,1,1,0,0,0,0,0
512,6,zeros-la-1-5,zeros-la-1,62,512,6,140,64,0,2,8,2,2,0,32,64,0,0,4,16,0,0,2,8,6,4,1,2,1,1,1,0,0,0,0,0
512,5,zeros-la-1-5,zeros-la-1,63,512,5,142,64,0,0,8,2,0,2,32,64,0,0,4,16,2,2,2,8,5,5,1,2,1,1,1,0,0,0,0,0
516,5,zeros-la-1-5,zeros-la-1,64,516,5,146,64,0,0,8,2,0,2,32,64,0,0,4,16,4,2,4,8,5,3,3,2,1,1,1,0,0,0,0,0
528,6,zeros-la-1-5,zeros-la-1,65,528,6,148,64,0,0,2,2,0,0,8,64,0,0,32,16,4,4,8,8,6,2,2,3,1,1,1,0,0,0,0,0
556,8,zeros-la-1-5,zeros-la-1,66,556,8,152,64,0,0,0,4,0,0,8,64,0,0,32,16,0,4,8,16,8,0,2,2,2,1,1,0,0,0,0,0
588,8,zeros-la-1-5,zeros-la-1,67,588,8,154,64,0,4,8,4,0,0,32,64,0,0,8,32,0,0,2,0,8,1,2,2,0,2,1,0,0,0,0,0
588,7,zeros-la-1-5,zeros-la-1,68,588,7,156,64,0,4,8,4,0,0,32,64,0,0,8,32,2,0,2,0,7,2,2,2,0,2,1,0,0,0,0,0
592,7,zeros-la-1-5,zeros-la-1,69,592,7,158,64,0,4,8,4,0,0,32,64,0,2,8,32,0,0,0,4,7,1,3,2,0,2,1,0,0,0,0,0
592,6,zeros-la-1-5,zeros-la-1,70,592,6,160,64,2,0,0,4,0,0,8,64,0,4,32,32,0,2,8,4,6,2,3,2,0,2,1,0,0,0,0,0
656,6,zeros-la-1-5,zeros-la-1,71,656,6,162,64,2,0,2,4,0,0,8,64,0,0,4,64,0,2,8,4,6,3,3,2,0,0,2,0,0,0,0,0
660,6,zeros-la-1-5,zeros-la-1,72,660,6,164,64,2,0,4,4,0,0,8,64,0,0,4,64,0,2,8,4,6,2,4,2,0,0,2,0,0,0,0,0
788,6,zeros-la-1-5,zeros-la-1,73,788,6,166,128,2,2,4,4,2,0,8,128,0,0,4,4,0,0,8,0,6,3,4,2,0,0,0,1,0,0,0,0
808,8,zeros-la-1-5,zeros-la-1,74,808,8,168,128,4,8,0,0,2,8,128,0,8,2,0,0,8,0,0,0,8,2,1,4,0,0,0,1,0,0,0,0
840,9,zeros-la-1-5,zeros-la-1,75,840,9,170,128,4,16,128,0,2,2,0,0,16,0,0,2,0,0,0,0,9,3,1,0,2,0,0,1,0,0,0,0
844,9,zeros-la-1-5,zeros-la-1,76,844,9,172,128,0,4,16,128,0,0,0,4,2,0,16,2,0,0,0,0,9,2,2,0,2,0,0,1,0,0,0,0
876,9,zeros-la-1-5,zeros-la-1,77,876,9,174,128,0,0,2,0,0,0,0,128,0,0,0,4,2,4,32,2,9,3,2,0,0,1,0,1,0,0,0,0
876,8,zeros-la-1-5,zeros-la-1,78,876,8,178,128,2,0,0,0,128,0,0,4,4,0,0,0,2,4,32,2,8,3,3,0,0,1,0,1,0,0,0,0
876,7,zeros-la-1-5,zeros-la-1,79,876,7,180,128,2,0,0,0,128,0,0,0,4,0,2,4,2,4,32,2,7,4,3,0,0,1,0,1,0,0,0,0
876,6,zeros-la-1-5,zeros-la-1,80,876,6,184,128,0,0,0,2,0,0,0,128,4,4,2,4,2,4,32,2,6,4,4,0,0,1,0,1,0,0,0,0
884,6,zeros-la-1-5,zeros-la-1,81,884,6,188,128,4,8,2,2,2,4,32,128,0,0,0,4,0,0,0,2,6,4,3,1,0,1,0,1,0,0,0,0
888,6,zeros-la-1-5,zeros-la-1,82,888,6,192,128,0,4,8,4,2,4,32,128,0,0,4,4,0,0,0,2,6,2,5,1,0,1,0,1,0,0,0,0
896,6,zeros-la-1-5,zeros-la-1,83,896,6,194,128,0,4,8,4,2,4,32,128,0,0,0,8,0,0,2,2,6,3,3,2,0,1,0,1,0,0,0,0
904,6,zeros-la-1-5,zeros-la-1,84,904,6,196,128,2,8,8,4,0,0,32,128,0,0,2,8,0,2,0,2,6,4,1,3,0,1,0,1,0,0,0,0
924,7,zeros-la-1-5,zeros-la-1,85,924,7,198,128,2,2,16,4,0,0,32,128,0,0,2,8,0,0,0,4,7,3,2,1,1,1,0,1,0,0,0,0
928,7,zeros-la-1-5,zeros-la-1,86,928,7,200,128,4,16,4,0,32,128,0,0,2,8,2,0,4,0,0,0,7,2,3,1,1,1,0,1,0,0,0,0
928,6,zeros-la-1-5,zeros-la-1,87,928,6,202,128,4,0,0,2,32,16,0,0,2,128,4,0,4,8,2,0,6,3,3,1,1,1,0,1,0,0,0,0
928,5,zeros-la-1-5,zeros-la-1,88,928,5,204,128,4,2,2,0,32,16,0,0,2,128,4,0,4,8,2,0,5,4,3,1,1,1,0,1,0,0,0,0
932,5,zeros-la-1-5,zeros-la-1,89,932,5,206,128,0,0,4,4,2,0,32,16,0,2,128,4,0,4,8,2,5,3,4,1,1,1,0,1,0,0,0,0
940,5,zeros-la-1-5,zeros-la-1,90,940,5,208,128,0,0,2,8,0,2,32,16,0,2,128,4,0,4,8,2,5,4,2,2,1,1,0,1,0,0,0,0
944,5,zeros-la-1-5,zeros-la-1,91,944,5,210,128,2,4,2,8,0,4,32,16,0,0,128,4,0,0,8,2,5,3,3,2,1,1,0,1,0,0,0,0
952,5,zeros-la-1-5,zeros-la-1,92,952,5,212,128,0,0,2,8,0,0,32,16,0,2,128,4,2,8,8,2,5,4,1,3,1,1,0,1,0,0,0,0
968,5,zeros-la-1-5,zeros-la-1,93,968,5,214,128,0,0,2,8,2,0,32,16,0,2,128,4,0,2,16,2,5,5,1,1,2,1,0,1,0,0,0,0
972,5,zeros-la-1-5,zeros-la-1,94,972,5,216,128,0,2,2,8,0,0,32,16,0,0,128,4,2,4,16,2,5,4,2,1,2,1,0,1,0,0,0,0
976,5,zeros-la-1-5,zeros-la-1,95,976,5,218,128,0,0,4,8,0,2,32,16,0,0,128,4,2,4,16,2,5,3,3,1,2,1,0,1,0,0,0,0
976,4,zeros-la-1-5,zeros-la-1,96,976,4,220,128,0,0,4,8,2,2,32,16,0,0,128,4,2,4,16,2,4,4,3,1,2,1,0,1,0,0,0,0
980,4,zeros-la-1-5,zeros-la-1,97,980,4,222,128,4,8,0,0,4,32,16,0,128,4,0,2,2,4,16,2,4,3,4,1,2,1,0,1,0,0,0,0
1032,7,zeros-la-1-5,zeros-la-1,98,1032,7,224,128,0,2,0,0,8,8,0,0,128,32,0,0,2,8,32,4,7,2,1,3,0,2,0,1,0,0,0,0
1048,7,zeros-la-1-5,zeros-la-1,99,1048,7,226,128,0,0,0,2,0,0,2,16,0,0,128,32,2,8,32,4,7,3,1,1,1,2,0,1,0,0,0,0
1048,6,zeros-la-1-5,zeros-la-1,100,1048,6,228,128,2,8,2,2,0,0,128,16,0,0,32,32,2,0,0,4,6,4,1,1,1,2,0,1,0,0,0,0
1116,7,zeros-la-1-5,zeros-la-1,101,1116,7,230,128,0,2,8,4,0,0,128,16,2,0,0,64,0,0,2,4,7,3,2,1,1,0,1,1,0,0,0,0
1116,6,zeros-la-1-5,zeros-la-1,102,1116,6,232,128,2,8,4,0,128,16,0,0,2,64,0,0,2,4,2,0,6,4,2,1,1,0,1,1,0,0,0,0
1120,6,zeros-la-1-5,zeros-la-1,103,1120,6,234,128,0,8,0,0,2,16,0,2,128,64,4,0,4,4,2,0,6,3,3,1,1,0,1,1,0,0,0,0
1128,6,zeros-la-1-5,zeros-la-1,104,1128,6,236,128,0,0,0,8,0,2,16,2,0,128,64,4,2,0,8,2,6,4,1,2,1,0,1,1,0,0,0,0
1128,5,zeros-la-1-5,zeros-la-1,105,1128,5,238,128,2,2,16,8,0,128,64,2,0,0,8,4,0,2,0,2,5,5,1,2,1,0,1,1,0,0,0,0
1136,6,zeros-la-1-5,zeros-la-1,106,1136,6,240,128,0,4,16,8,0,128,64,2,0,0,8,4,2,0,0,4,6,2,3,2,1,0,1,1,0,0,0,0
1144,6,zeros-la-1-5,zeros-la-1,107,1144,6,242,128,2,4,16,8,0,128,64,2,0,0,8,8,0,2,0,0,6,3,1,3,1,0,1,1,0,0,0,0
1160,6,zeros-la-1-5,zeros-la-1,108,1160,6,244,128,2,4,16,8,0,128,64,2,2,0,0,16,0,0,0,2,6,4,1,1,2,0,1,1,0,0,0,0
1164,6,zeros-la-1-5,zeros-la-1,109,1164,6,246,128,0,0,0,8,0,0,0,2,2,4,16,16,4,128,64,2,6,3,2,1,2,0,1,1,0,0,0,0
1196,6,zeros-la-1-5,zeros-la-1,110,1196,6,248,128,8,0,0,0,2,0,0,0,2,4,32,2,4,128,64,2,6,4,2,1,0,1,1,1,0,0,0,0
1204,7,zeros-la-1-5,zeros-la-1,111,1204,7,250,128,0,0,0,2,8,0,0,0,4,4,32,0,4,128,64,4,7,1,4,1,0,1,1,1,0,0,0,0
1212,7,zeros-la-1-5,zeros-la-1,112,1212,7,252,128,2,0,2,0,8,0,0,0,8,32,0,0,4,128,64,4,7,2,2,2,0,1,1,1,0,0,0,0
1216,7,zeros-la-1-5,zeros-la-1,113,1216,7,254,128,4,0,0,2,8,0,0,0,8,32,0,0,4,128,64,4,7,1,3,2,0,1,1,1,0,0,0,0
1232,7,zeros-la-1-5,zeros-la-1,114,1232,7,256,128,4,32,64,2,16,128,0,4,4,0,0,0,0,0,2,0,7,2,3,0,1,1,1,1,0,0,0,0
1232,6,zeros-la-1-5,zeros-la-1,115,1232,6,258,128,4,32,64,2,16,128,4,0,4,2,0,0,2,0,0,0,6,3,3,0,1,1,1,1,0,0,0,0
1232,5,zeros-la-1-5,zeros-la-1,116,1232,5,260,128,4,32,64,2,16,128,4,0,4,2,0,0,2,2,0,0,5,4,3,0,1,1,1,1,0,0,0,0
1236,5,zeros-la-1-5,zeros-la-1,117,1236,5,262,128,4,32,64,2,16,128,4,0,4,2,0,0,4,0,2,0,5,3,4,0,1,1,1,1,0,0,0,0
1244,5,zeros-la-1-5,zeros-la-1,118,1244,5,264,128,2,0,0,0,4,32,64,0,16,128,4,0,8,2,2,2,5,4,2,1,1,1,1,1,0,0,0,0
1248,5,zeros-la-1-5,zeros-la-1,119,1248,5,268,128,4,0,0,2,0,4,32,64,0,16,128,4,0,8,2,4,5,2,4,1,1,1,1,1,0,0,0,0
1256,5,zeros-la-1-5,zeros-la-1,120,1256,5,270,128,4,4,32,2,0,16,128,64,0,8,2,8,2,0,0,0,5,3,2,2,1,1,1,1,0,0,0,0
1264,5,zeros-la-1-5,zeros-la-1,121,1264,5,272,128,8,32,2,0,16,128,64,0,8,2,8,0,2,0,2,0,5,4,0,3,1,1,1,1,0,0,0,0
1268,5,zeros-la-1-5,zeros-la-1,122,1268,5,274,128,0,8,32,2,0,16,128,64,2,8,2,8,0,0,0,4,5,3,1,3,1,1,1,1,0,0,0,0
1268,4,zeros-la-1-5,zeros-la-1,123,1268,4,276,128,0,8,32,2,0,16,128,64,2,8,2,8,2,0,0,4,4,4,1,3,1,1,1,1,0,0,0,0
1272,4,zeros-la-1-5,zeros-la-1,124,1272,4,278,128,4,8,32,2,0,16,128,64,0,8,2,8,2,0,0,4,4,3,2,3,1,1,1,1,0,0,0,0
1272,3,zeros-la-1-5,zeros-la-1,125,1272,3,282,128,4,8,32,2,16,128,64,0,8,2,8,0,2,4,0,4,3,3,3,3,1,1,1,1,0,0,0,0
1280,3,zeros-la-1-5,zeros-la-1,126,1280,3,284,128,4,8,32,2,0,16,128,64,2,8,2,8,0,0,2,8,3,4,1,4,1,1,1,1,0,0,0,0
1300,4,zeros-la-1-5,zeros-la-1,127,1300,4,286,128,4,8,32,2,2,16,128,64,0,8,4,16,2,0,0,0,4,3,2,2,2,1,1,1,0,0,0,0
1304,4,zeros-la-1-5,zeros-la-1,128,1304,4,288,128,4,8,32,2,4,16,128,64,0,8,4,16,0,2,0,0,4,2,3,2,2,1,1,1,0,0,0,0
1312,4,zeros-la-1-5,zeros-la-1,129,1312,4,290,128,0,8,0,0,0,16,32,2,2,8,128,64,8,2,4,16,4,3,1,3,2,1,1,1,0,0,0,0
1312,3,zeros-la-1-5,zeros-la-1,130,1312,3,292,128,0,2,0,8,0,16,32,2,2,8,128,64,8,2,4,16,3,4,1,3,2,1,1,1,0,0,0,0
1312,2,zeros-la-1-5,zeros-la-1,131,1312,2,294,128,2,2,32,8,8,16,128,2,0,8,4,64,0,2,2,16,2,5,1,3,2,1,1,1,0,0,0,0
1320,3,zeros-la-1-5,zeros-la-1,132,1320,3,296,128,0,4,32,8,8,16,128,2,0,8,4,64,0,2,4,16,3,2,3,3,2,1,1,1,0,0,0,0
1328,3,zeros-la-1-5,zeros-la-1,133,1328,3,298,128,8,4,32,8,0,16,128,2,0,8,8,64,0,2,2,16,3,3,1,4,2,1,1,1,0,0,0,0
1348,4,zeros-la-1-5,zeros-la-1,134,1348,4,300,128,8,4,32,8,16,128,2,0,16,64,2,0,4,16,0,0,4,2,2,2,3,1,1,1,0,0,0,0
1384,5,zeros-la-1-5,zeros-la-1,135,1384,5,304,128,8,4,32,8,32,128,4,0,4,64,0,0,4,16,0,0,5,0,4,2,1,2,1,1,0,0,0,0
1392,5,zeros-la-1-5,zeros-la-1,136,1392,5,306,128,2,4,0,0,8,128,0,0,32,64,32,0,8,16,4,8,5,1,2,3,1,2,1,1,0,0,0,0
1392,4,zeros-la-1-5,zeros-la-1,137,1392,4,308,128,2,4,0,0,8,128,0,2,32,64,32,0,8,16,4,8,4,2,2,3,1,2,1,1,0,0,0,0
1392,3,zeros-la-1-5,zeros-la-1,138,1392,3,310,128,2,4,0,0,8,128,0,2,32,64,32,2,8,16,4,8,3,3,2,3,1,2,1,1,0,0,0,0
1396,3,zeros-la-1-5,zeros-la-1,139,1396,3,314,128,2,4,32,4,8,128,4,8,32,64,0,4,8,16,0,0,3,1,4,3,1,2,1,1,0,0,0,0
1396,2,zeros-la-1-5,zeros-la-1,140,1396,2,316,128,2,4,32,4,8,128,4,8,32,64,4,0,8,16,0,2,2,2,4,3,1,2,1,1,0,0,0,0
1404,2,zeros-la-1-5,zeros-la-1,141,1404,2,318,128,2,4,32,4,8,128,8,8,32,64,0,2,8,16,0,2,2,3,2,4,1,2,1,1,0,0,0,0
1420,2,zeros-la-1-5,zeros-la-1,142,1420,2,320,128,2,4,32,4,8,128,16,0,32,64,2,0,8,16,2,2,2,4,2,2,2,2,1,1,0,0,0,0
1424,2,zeros-la-1-5,zeros-la-1,143,1424,2,322,128,2,4,0,0,8,128,32,2,32,64,16,4,8,16,4,2,2,3,3,2,2,2,1,1,0,0,0,0
1424,1,zeros-la-1-5,zeros-la-1,144,1424,1,324,128,0,2,2,4,8,128,32,2,32,64,16,4,8,16,4,2,1,4,3,2,2,2,1,1,0,0,0,0
1428,1,zeros-la-1-5,zeros-la-1,145,1428,1,326,128,2,0,4,4,8,128,32,2,32,64,16,4,8,16,4,2,1,3,4,2,2,2,1,1,0,0,0,0
1436,1,zeros-la-1-5,zeros-la-1,146,1436,1,328,128,0,2,2,8,8,128,32,2,32,64,16,4,8,16,4,2,1,4,2,3,2,2,1,1,0,0,0,0
1440,1,zeros-la-1-5,zeros-la-1,147,1440,1,330,128,2,0,4,8,8,128,32,2,32,64,16,4,8,16,4,2,1,3,3,3,2,2,1,1,0,0,0,0
1440,0,zeros-la-1-5,zeros-la-1,148,1440,0,332,128,2,2,4,8,8,128,32,2,32,64,16,4,8,16,4,2,0,4,3,3,2,2,1,1,0,0,0,0
1444,0,zeros-la-1-5,zeros-la-1,149,1444,0,334,128,2,4,4,8,8,128,32,2,32,64,16,4,8,16,4,2,0,3,4,3,2,2,1,1,0,0,0,0
1452,0,zeros-la-1-5,zeros-la-1,150,1452,0,338,128,2,8,8,4,8,128,32,2,32,64,16,4,8,16,4,2,0,3,3,4,2,2,1,1,0,0,0,0
1468,0,zeros-la-1-5,zeros-la-1,151,1468,0,340,128,2,16,4,2,8,128,32,2,32,64,16,4,8,16,4,2,0,4,3,2,3,2,1,1,0,0,0,0
1472,0,zeros-la-1-5,zeros-la-1,152,1472,0,342,128,2,16,4,4,8,128,32,4,32,64,16,2,8,16,4,2,0,3,4,2,3,2,1,1,0,0,0,0
1484,1,zeros-la-1-5,zeros-la-1,153,1484,1,344,128,2,16,4,0,8,128,32,2,32,64,16,8,8,16,4,4,1,2,3,3,3,2,1,1,0,0,0,0
1492,1,zeros-la-1-5,zeros-la-1,154,1492,1,348,128,4,2,16,4,8,128,32,2,32,64,16,8,0,8,16,8,1,2,2,4,3,2,1,1,0,0,0,0
1540,2,zeros-la-1-5,zeros-la-1,155,1540,2,350,128,0,2,2,0,4,128,16,4,8,64,32,2,32,8,32,16,2,3,2,2,2,3,1,1,0,0,0,0
1544,2,zeros-la-1-5,zeros-la-1,156,1544,2,352,128,2,0,0,4,4,128,16,4,8,64,32,2,32,8,32,16,2,2,3,2,2,3,1,1,0,0,0,0
1616,3,zeros-la-1-5,zeros-la-1,157,1616,3,354,128,2,128,16,8,4,64,64,2,8,8,2,16,32,0,0,0,3,3,1,3,2,1,2,1,0,0,0,0
1760,4,zeros-la-1-5,zeros-la-1,158,1760,4,356,128,2,128,16,8,4,128,2,0,16,2,16,0,32,0,0,2,4,4,1,1,3,1,0,2,0,0,0,0
2016,4,zeros-la-1-5,zeros-la-1,159,2016,4,358,256,2,256,16,8,4,2,2,2,16,0,16,2,32,0,0,0,4,5,1,1,3,1,0,0,1,0,0,0
2052,5,zeros-la-1-5,zeros-la-1,160,2052,5,360,256,2,256,16,8,4,4,2,0,32,2,0,0,32,0,0,2,5,4,2,1,1,2,0,0,1,0,0,0
2060,5,zeros-la-1-5,zeros-la-1,161,2060,5,362,256,2,256,16,8,8,2,0,2,32,2,0,0,32,2,0,0,5,5,0,2,1,2,0,0,1,0,0,0
2128,6,zeros-la-1-5,zeros-la-1,162,2128,6,364,256,2,256,16,8,8,4,0,2,64,2,0,0,0,0,0,2,6,4,1,2,1,0,1,0,1,0,0,0
2132,6,zeros-la-1-5,zeros-la-1,163,2132,6,366,256,2,256,16,8,8,4,2,4,64,2,0,0,0,0,0,0,6,3,2,2,1,0,1,0,1,0,0,0
2132,5,zeros-la-1-5,zeros-la-1,164,2132,5,368,256,2,256,16,8,8,4,2,4,64,2,0,2,0,0,0,0,5,4,2,2,1,0,1,0,1,0,0,0
2136,5,zeros-la-1-5,zeros-la-1,165,2136,5,370,256,2,256,16,8,8,4,2,4,64,4,0,0,2,0,0,0,5,3,3,2,1,0,1,0,1,0,0,0
2144,5,zeros-la-1-5,zeros-la-1,166,2144,5,372,256,2,256,16,8,8,8,2,4,64,0,0,0,2,0,0,2,5,4,1,3,1,0,1,0,1,0,0,0
2164,6,zeros-la-1-5,zeros-la-1,167,2164,6,374,256,2,256,16,8,16,2,4,0,64,2,0,0,4,0,0,0,6,3,2,1,2,0,1,0,1,0,0,0
2168,6,zeros-la-1-5,zeros-la-1,168,2168,6,376,256,2,256,16,8,16,4,4,0,64,0,2,0,4,0,0,0,6,2,3,1,2,0,1,0,1,0,0,0
2176,6,zeros-la-1-5,zeros-la-1,169,2176,6,378,256,2,256,16,8,0,0,16,8,0,0,64,2,2,0,0,4,6,3,1,2,2,0,1,0,1,0,0,0
2228,8,zeros-la-1-5,zeros-la-1,170,2228,8,380,256,0,0,0,2,0,0,0,16,0,0,32,2,4,256,64,4,8,2,2,0,1,1,1,0,1,0,0,0
2228,7,zeros-la-1-5,zeros-la-1,171,2228,7,384,256,4,256,32,2,0,0,64,16,0,0,0,2,4,0,0,4,7,2,3,0,1,1,1,0,1,0,0,0
2236,7,zeros-la-1-5,zeros-la-1,172,2236,7,386,256,4,256,32,2,64,16,0,0,2,0,0,0,8,0,2,0,7,3,1,1,1,1,1,0,1,0,0,0
2236,6,zeros-la-1-5,zeros-la-1,173,2236,6,388,256,4,256,32,2,0,0,64,16,0,0,2,2,0,0,8,2,6,4,1,1,1,1,1,0,1,0,0,0
2240,6,zeros-la-1-5,zeros-la-1,174,2240,6,392,256,4,256,32,2,0,0,64,16,0,0,2,4,0,4,8,0,6,2,3,1,1,1,1,0,1,0,0,0
2240,5,zeros-la-1-5,zeros-la-1,175,2240,5,394,256,4,256,32,2,0,0,64,16,0,0,2,4,2,0,4,8,5,3,3,1,1,1,1,0,1,0,0,0
2240,4,zeros-la-1-5,zeros-la-1,176,2240,4,396,256,4,256,32,2,64,16,0,2,2,4,0,0,2,4,8,0,4,4,3,1,1,1,1,0,1,0,0,0
2256,6,zeros-la-1-5,zeros-la-1,177,2256,6,398,256,0,0,0,0,4,256,2,0,64,16,32,0,4,8,8,4,6,1,3,2,1,1,1,0,1,0,0,0
2272,6,zeros-la-1-5,zeros-la-1,178,2272,6,400,256,0,0,0,0,4,256,2,0,64,16,32,2,4,16,4,0,6,2,3,0,2,1,1,0,1,0,0,0
2304,6,zeros-la-1-5,zeros-la-1,179,2304,6,402,256,4,256,2,2,64,32,32,0,4,0,4,2,0,0,0,0,6,3,3,0,0,2,1,0,1,0,0,0
2380,8,zeros-la-1-5,zeros-la-1,180,2380,8,404,256,4,256,4,0,64,64,0,0,8,2,0,0,2,0,0,0,8,2,2,1,0,0,2,0,1,0,0,0
2508,8,zeros-la-1-5,zeros-la-1,181,2508,8,406,256,0,4,256,4,0,0,0,128,0,0,8,2,0,0,2,2,8,3,2,1,0,0,0,1,1,0,0,0
2512,8,zeros-la-1-5,zeros-la-1,182,2512,8,408,256,0,4,256,4,0,0,8,128,0,0,2,4,0,0,0,2,8,2,3,1,0,0,0,1,1,0,0,0
2512,7,zeros-la-1-5,zeros-la-1,183,2512,7,410,256,4,256,4,0,8,128,0,2,2,4,0,0,2,0,0,0,7,3,3,1,0,0,0,1,1,0,0,0
2516,7,zeros-la-1-5,zeros-la-1,184,2516,7,414,256,0,0,0,4,4,256,0,0,8,128,0,0,4,4,4,2,7,1,5,1,0,0,0,1,1,0,0,0
2524,7,zeros-la-1-5,zeros-la-1,185,2524,7,416,256,4,0,0,0,4,256,2,0,8,128,0,0,8,4,2,0,7,2,3,2,0,0,0,1,1,0,0,0
2552,9,zeros-la-1-5,zeros-la-1,186,2552,9,418,256,2,0,0,0,0,256,0,0,8,128,0,0,16,4,4,0,9,1,2,1,1,0,0,1,1,0,0,0
2560,9,zeros-la-1-5,zeros-la-1,187,2560,9,420,256,2,0,0,0,256,2,0,0,8,128,0,0,16,8,0,0,9,2,0,2,1,0,0,1,1,0,0,0
2560,8,zeros-la-1-5,zeros-la-1,188,2560,8,422,256,2,2,0,0,256,128,0,0,8,8,0,2,16,0,0,0,8,3,0,2,1,0,0,1,1,0,0,0
2580,9,zeros-la-1-5,zeros-la-1,189,2580,9,424,256,4,0,0,0,256,128,0,0,16,2,0,0,16,0,2,0,9,2,1,0,2,0,0,1,1,0,0,0
2612,9,zeros-la-1-5,zeros-la-1,190,2612,9,426,256,0,0,0,0,4,0,0,2,256,128,0,0,32,2,2,0,9,3,1,0,0,1,0,1,1,0,0,0
2616,9,zeros-la-1-5,zeros-la-1,191,2616,9,428,256,0,2,0,0,4,2,0,0,256,128,0,0,32,4,0,0,9,2,2,0,0,1,0,1,1,0,0,0
2620,9,zeros-la-1-5,zeros-la-1,192,2620,9,430,256,4,4,2,0,256,128,0,0,32,4,0,0,0,0,0,0,9,1,3,0,0,1,0,1,1,0,0,0
2628,9,zeros-la-1-5,zeros-la-1,193,2628,9,432,256,0,0,8,2,0,0,256,128,2,0,32,4,0,0,0,0,9,2,1,1,0,1,0,1,1,0,0,0
2628,8,zeros-la-1-5,zeros-la-1,194,2628,8,434,256,2,0,0,0,0,0,8,2,0,0,256,128,2,0,32,4,8,3,1,1,0,1,0,1,1,0,0,0
2632,8,zeros-la-1-5,zeros-la-1,195,2632,8,436,256,4,0,8,2,0,0,256,128,0,0,32,4,2,0,0,0,8,2,2,1,0,1,0,1,1,0,0,0
2632,7,zeros-la-1-5,zeros-la-1,196,2632,7,438,256,4,8,2,0,256,128,0,0,32,4,0,0,2,0,0,2,7,3,2,1,0,1,0,1,1,0,0,0
2636,7,zeros-la-1-5,zeros-la-1,197,2636,7,440,256,0,4,8,2,0,0,256,128,0,0,32,4,0,2,0,4,7,2,3,1,0,1,0,1,1,0,0,0
2644,7,zeros-la-1-5,zeros-la-1,198,2644,7,442,256,2,4,8,2,0,2,256,128,0,0,32,8,0,0,0,0,7,3,1,2,0,1,0,1,1,0,0,0
2644,6,zeros-la-1-5,zeros-la-1,199,2644,6,444,256,0,0,0,0,2,0,8,2,0,4,256,128,2,2,32,8,6,4,1,2,0,1,0,1,1,0,0,0
2648,6,zeros-la-1-5,zeros-la-1,200,2648,6,446,256,0,0,2,0,0,2,8,2,0,4,256,128,0,4,32,8,6,3,2,2,0,1,0,1,1,0,0,0
2656,6,zeros-la-1-5,zeros-la-1,201,2656,6,448,256,0,2,2,2,0,8,8,128,0,0,256,8,0,0,32,2,6,4,0,3,0,1,0,1,1,0,0,0
2676,7,zeros-la-1-5,zeros-la-1,202,2676,7,450,256,4,2,2,0,16,128,0,0,256,8,0,0,32,2,0,0,7,3,1,1,1,1,0,1,1,0,0,0
2680,7,zeros-la-1-5,zeros-la-1,203,2680,7,452,256,4,4,0,0,16,128,0,0,256,8,0,2,32,2,0,0,7,2,2,1,1,1,0,1,1,0,0,0
2688,7,zeros-la-1-5,zeros-la-1,204,2688,7,454,256,0,0,0,8,0,2,16,128,0,256,8,2,0,0,32,2,7,3,0,2,1,1,0,1,1,0,0,0
2692,7,zeros-la-1-5,zeros-la-1,205,2692,7,456,256,0,2,16,8,0,256,8,128,0,0,32,4,0,2,0,0,7,2,1,2,1,1,0,1,1,0,0,0
2692,6,zeros-la-1-5,zeros-la-1,206,2692,6,458,256,0,2,16,8,0,256,8,128,0,2,32,4,0,0,2,0,6,3,1,2,1,1,0,1,1,0,0,0
2692,5,zeros-la-1-5,zeros-la-1,207,2692,5,460,256,0,0,16,0,0,2,8,8,2,256,32,128,0,2,2,4,5,4,1,2,1,1,0,1,1,0,0,0
2712,6,zeros-la-1-5,zeros-la-1,208,2712,6,462,256,16,0,0,0,2,16,0,0,2,256,32,128,4,4,0,2,6,3,2,0,2,1,0,1,1,0,0,0
2716,6,zeros-la-1-5,zeros-la-1,209,2716,6,464,256,0,0,0,0,16,16,2,0,4,256,0,128,4,4,32,2,6,2,3,0,2,1,0,1,1,0,0,0
2756,7,zeros-la-1-5,zeros-la-1,210,2756,7,466,256,0,2,0,0,32,2,0,0,4,256,128,0,8,32,2,0,7,3,1,1,0,2,0,1,1,0,0,0
2760,7,zeros-la-1-5,zeros-la-1,211,2760,7,468,256,32,4,128,0,4,256,2,0,8,32,0,0,0,2,0,0,7,2,2,1,0,2,0,1,1,0,0,0
2760,6,zeros-la-1-5,zeros-la-1,212,2760,6,470,256,0,4,2,0,32,256,0,0,4,32,128,0,8,2,2,0,6,3,2,1,0,2,0,1,1,0,0,0
2764,6,zeros-la-1-5,zeros-la-1,213,2764,6,472,256,0,0,4,2,2,0,32,256,0,4,32,128,0,0,8,4,6,2,3,1,0,2,0,1,1,0,0,0
2828,6,zeros-la-1-5,zeros-la-1,214,2828,6,474,256,0,0,0,2,0,0,4,256,0,2,64,128,2,4,8,4,6,3,3,1,0,0,1,1,1,0,0,0
2828,5,zeros-la-1-5,zeros-la-1,215,2828,5,476,256,0,0,2,2,0,0,4,256,0,2,64,128,2,4,8,4,5,4,3,1,0,0,1,1,1,0,0,0
2832,5,zeros-la-1-5,zeros-la-1,216,2832,5,478,256,4,0,2,0,4,256,0,0,2,64,128,0,2,4,8,4,5,3,4,1,0,0,1,1,1,0,0,0
2844,6,zeros-la-1-5,zeros-la-1,217,2844,6,480,256,0,0,0,0,0,256,2,2,8,64,128,0,4,4,8,4,6,2,3,2,0,0,1,1,1,0,0,0
2856,7,zeros-la-1-5,zeros-la-1,218,2856,7,482,256,2,0,0,0,256,4,0,0,8,64,128,0,8,8,4,0,7,1,2,3,0,0,1,1,1,0,0,0
2872,7,zeros-la-1-5,zeros-la-1,219,2872,7,484,256,0,0,0,0,2,4,0,0,256,64,128,0,16,8,4,2,7,2,2,1,1,0,1,1,1,0,0,0
2872,6,zeros-la-1-5,zeros-la-1,220,2872,6,486,256,2,0,0,0,2,4,0,0,256,64,128,0,16,8,4,2,6,3,2,1,1,0,1,1,1,0,0,0
2876,6,zeros-la-1-5,zeros-la-1,221,2876,6,488,256,0,0,0,0,4,4,0,0,256,64,128,2,16,8,4,2,6,2,3,1,1,0,1,1,1,0,0,0
2880,6,zeros-la-1-5,zeros-la-1,222,2880,6,490,256,0,0,0,0,4,4,0,0,256,64,128,2,16,8,4,4,6,1,4,1,1,0,1,1,1,0,0,0
2896,7,zeros-la-1-5,zeros-la-1,223,2896,7,492,256,0,0,0,2,8,0,0,0,256,64,128,2,16,8,8,0,7,2,0,3,1,0,1,1,1,0,0,0
2900,7,zeros-la-1-5,zeros-la-1,224,2900,7,494,256,8,64,128,4,256,8,8,0,16,0,0,0,0,2,0,0,7,1,1,3,1,0,1,1,1,0,0,0
2916,7,zeros-la-1-5,zeros-la-1,225,2916,7,496,256,8,64,128,4,0,0,256,16,0,0,0,16,0,2,0,2,7,2,1,1,2,0,1,1,1,0,0,0
2920,7,zeros-la-1-5,zeros-la-1,226,2920,7,498,256,8,64,128,4,0,0,256,16,0,0,0,16,0,2,0,4,7,1,2,1,2,0,1,1,1,0,0,0
2952,7,zeros-la-1-5,zeros-la-1,227,2952,7,500,256,8,64,128,4,0,2,256,32,2,0,0,4,0,0,0,0,7,2,2,1,0,1,1,1,1,0,0,0
2952,6,zeros-la-1-5,zeros-la-1,228,2952,6,502,256,8,64,128,4,2,2,256,32,0,0,0,4,0,0,2,0,6,3,2,1,0,1,1,1,1,0,0,0
2956,6,zeros-la-1-5,zeros-la-1,229,2956,6,504,256,8,64,128,4,4,256,32,0,4,0,0,0,2,0,0,2,6,2,3,1,0,1,1,1,1,0,0,0
2964,6,zeros-la-1-5,zeros-la-1,230,2964,6,506,256,0,0,0,0,8,2,0,0,8,64,128,4,2,256,32,2,6,3,1,2,0,1,1,1,1,0,0,0
2980,6,zeros-la-1-5,zeros-la-1,231,2980,6,510,256,0,0,4,0,0,2,0,0,16,64,128,4,2,256,32,2,6,3,2,0,1,1,1,1,1,0,0,0
2980,5,zeros-la-1-5,zeros-la-1,232,2980,5,512,256,16,2,4,4,2,64,128,2,0,256,32,0,0,0,0,2,5,4,2,0,1,1,1,1,1,0,0,0
2984,5,zeros-la-1-5,zeros-la-1,233,2984,5,514,256,0,2,0,0,0,2,4,0,16,64,128,4,2,256,32,4,5,3,3,0,1,1,1,1,1,0,0,0
2996,6,zeros-la-1-5,zeros-la-1,234,2996,6,516,256,16,4,4,8,2,64,128,0,0,256,32,0,0,2,0,0,6,2,2,1,1,1,1,1,1,0,0,0
3004,6,zeros-la-1-5,zeros-la-1,235,3004,6,518,256,2,16,8,8,0,2,64,128,0,0,256,32,0,0,0,2,6,3,0,2,1,1,1,1,1,0,0,0
3020,6,zeros-la-1-5,zeros-la-1,236,3020,6,520,256,2,2,16,16,0,2,64,128,0,0,256,32,0,0,0,2,6,4,0,0,2,1,1,1,1,0,0,0
3056,7,zeros-la-1-5,zeros-la-1,237,3056,7,522,256,4,32,0,0,2,64,128,0,256,32,0,2,2,0,0,0,7,3,1,0,0,2,1,1,1,0,0,0
3056,6,zeros-la-1-5,zeros-la-1,238,3056,6,524,256,2,0,4,32,0,2,64,128,0,256,32,2,0,0,0,2,6,4,1,0,0,2,1,1,1,0,0,0
3060,6,zeros-la-1-5,zeros-la-1,239,3060,6,526,256,2,2,4,32,0,256,64,128,2,0,32,4,0,0,0,0,6,3,2,0,0,2,1,1,1,0,0,0
3064,6,zeros-la-1-5,zeros-la-1,240,3064,6,528,256,0,4,4,32,0,256,64,128,0,2,32,4,2,0,0,0,6,2,3,0,0,2,1,1,1,0,0,0
3072,6,zeros-la-1-5,zeros-la-1,241,3072,6,530,256,8,32,0,0,256,64,128,2,2,32,4,0,2,0,0,0,6,3,1,1,0,2,1,1,1,0,0,0
3076,6,zeros-la-1-5,zeros-la-1,242,3076,6,532,256,0,0,0,2,8,32,0,0,256,64,128,0,4,32,4,2,6,2,2,1,0,2,1,1,1,0,0,0
3080,6,zeros-la-1-5,zeros-la-1,243,3080,6,534,256,0,0,0,0,8,32,0,0,256,64,128,2,4,32,4,4,6,1,3,1,0,2,1,1,1,0,0,0
3088,6,zeros-la-1-5,zeros-la-1,244,3088,6,536,256,0,0,0,2,0,0,8,32,256,64,128,2,0,4,32,8,6,2,1,2,0,2,1,1,1,0,0,0
3088,5,zeros-la-1-5,zeros-la-1,245,3088,5,540,256,2,0,0,4,8,32,0,0,256,64,128,2,4,32,8,0,5,2,2,2,0,2,1,1,1,0,0,0
3088,4,zeros-la-1-5,zeros-la-1,246,3088,4,542,256,2,0,0,2,8,32,0,0,256,64,128,4,4,32,8,2,4,3,2,2,0,2,1,1,1,0,0,0
3092,4,zeros-la-1-5,zeros-la-1,247,3092,4,544,256,2,0,0,4,0,0,8,32,256,64,128,4,4,32,8,2,4,2,3,2,0,2,1,1,1,0,0,0
3092,3,zeros-la-1-5,zeros-la-1,248,3092,3,546,256,2,64,8,4,256,32,128,32,4,0,8,4,2,0,0,2,3,3,3,2,0,2,1,1,1,0,0,0
3096,3,zeros-la-1-5,zeros-la-1,249,3096,3,548,256,2,64,8,4,256,32,128,32,0,4,8,4,0,2,0,4,3,2,4,2,0,2,1,1,1,0,0,0
3104,3,zeros-la-1-5,zeros-la-1,250,3104,3,550,256,2,64,8,4,256,32,128,32,0,4,8,8,0,2,0,2,3,3,2,3,0,2,1,1,1,0,0,0
3124,4,zeros-la-1-5,zeros-la-1,251,3124,4,552,256,2,64,8,4,256,32,128,32,4,16,0,0,4,0,0,2,4,2,3,1,1,2,1,1,1,0,0,0
3132,4,zeros-la-1-5,zeros-la-1,252,3132,4,554,256,2,64,8,4,256,32,128,32,8,16,0,2,0,0,0,2,4,3,1,2,1,2,1,1,1,0,0,0
3136,4,zeros-la-1-5,zeros-la-1,253,3136,4,556,256,2,64,8,4,256,32,128,32,8,16,0,4,0,2,0,0,4,2,2,2,1,2,1,1,1,0,0,0
3136,3,zeros-la-1-5,zeros-la-1,254,3136,3,558,256,2,64,8,4,256,32,128,32,8,16,0,4,2,2,0,0,3,3,2,2,1,2,1,1,1,0,0,0
3140,3,zeros-la-1-5,zeros-la-1,255,3140,3,560,256,2,64,8,4,256,32,128,32,0,8,16,4,0,0,2,4,3,2,3,2,1,2,1,1,1,0,0,0
3148,3,zeros-la-1-5,zeros-la-1,256,3148,3,562,256,2,0,8,0,0,64,128,4,2,32,16,32,256,8,2,8,3,3,1,3,1,2,1,1,1,0,0,0
3152,3,zeros-la-1-5,zeros-la-1,257,3152,3,564,256,4,64,8,4,256,32,128,32,0,8,16,8,2,0,2,0,3,2,2,3,1,2,1,1,1,0,0,0
3156,3,zeros-la-1-5,zeros-la-1,258,3156,3,568,256,4,64,8,4,256,32,128,32,8,16,8,0,4,4,0,0,3,0,4,3,1,2,1,1,1,0,0,0
3164,3,zeros-la-1-5,zeros-la-1,259,3164,3,570,256,4,64,8,4,256,32,128,32,2,8,16,8,0,0,0,8,3,1,2,4,1,2,1,1,1,0,0,0
3180,3,zeros-la-1-5,zeros-la-1,260,3180,3,572,256,4,64,8,4,256,32,128,32,2,8,16,16,0,2,0,0,3,2,2,2,2,2,1,1,1,0,0,0
3212,3,zeros-la-1-5,zeros-la-1,261,3212,3,574,256,4,64,8,4,256,32,128,32,0,2,8,32,2,0,0,2,3,3,2,2,0,3,1,1,1,0,0,0
3216,3,zeros-la-1-5,zeros-la-1,262,3216,3,576,256,4,64,8,4,256,32,128,32,0,2,8,32,0,2,0,4,3,2,3,2,0,3,1,1,1,0,0,0
3284,4,zeros-la-1-5,zeros-la-1,263,3284,4,578,256,0,0,2,0,0,64,8,4,4,32,128,64,256,4,8,4,4,1,4,2,0,1,2,1,1,0,0,0
3284,3,zeros-la-1-5,zeros-la-1,264,3284,3,580,256,2,0,2,0,64,8,4,0,4,32,128,64,256,4,8,4,3,2,4,2,0,1,2,1,1,0,0,0
3288,3,zeros-la-1-5,zeros-la-1,265,3288,3,582,256,0,0,0,4,2,64,8,4,4,32,128,64,256,4,8,4,3,1,5,2,0,1,2,1,1,0,0,0
3296,3,zeros-la-1-5,zeros-la-1,266,3296,3,584,256,2,64,8,8,4,32,128,64,256,4,8,4,0,0,0,2,3,2,3,3,0,1,2,1,1,0,0,0
3312,3,zeros-la-1-5,zeros-la-1,267,3312,3,586,256,2,64,16,2,4,32,128,64,256,4,8,4,2,0,0,0,3,3,3,1,1,1,2,1,1,0,0,0
3312,2,zeros-la-1-5,zeros-la-1,268,3312,2,588,256,2,64,16,2,4,32,128,64,256,4,8,4,0,2,0,2,2,4,3,1,1,1,2,1,1,0,0,0
3316,2,zeros-la-1-5,zeros-la-1,269,3316,2,590,256,2,64,16,2,4,32,128,64,256,4,8,4,0,0,2,4,2,3,4,1,1,1,2,1,1,0,0,0
3324,2,zeros-la-1-5,zeros-la-1,270,3324,2,594,256,2,64,16,2,4,32,128,64,256,4,8,8,0,4,2,0,2,3,3,2,1,1,2,1,1,0,0,0
3332,2,zeros-la-1-5,zeros-la-1,271,3332,2,596,256,2,64,16,2,4,32,128,64,256,8,8,8,2,0,2,0,2,4,1,3,1,1,2,1,1,0,0,0
3352,3,zeros-la-1-5,zeros-la-1,272,3352,3,598,256,2,64,16,2,4,32,128,64,0,256,8,16,0,0,2,4,3,3,2,1,2,1,2,1,1,0,0,0
3352,2,zeros-la-1-5,zeros-la-1,273,3352,2,600,256,2,64,16,2,4,32,128,64,0,256,8,16,2,0,2,4,2,4,2,1,2,1,2,1,1,0,0,0
3356,2,zeros-la-1-5,zeros-la-1,274,3356,2,602,256,2,64,16,2,4,32,128,64,2,256,8,16,0,0,4,4,2,3,3,1,2,1,2,1,1,0,0,0
3364,2,zeros-la-1-5,zeros-la-1,275,3364,2,604,256,2,64,16,2,4,32,128,64,2,256,8,16,2,0,0,8,2,4,1,2,2,1,2,1,1,0,0,0
3368,2,zeros-la-1-5,zeros-la-1,276,3368,2,606,256,0,0,2,2,2,64,16,64,4,32,128,16,4,256,8,8,2,3,2,2,2,1,2,1,1,0,0,0
3388,3,zeros-la-1-5,zeros-la-1,277,3388,3,610,256,4,0,0,0,2,64,16,64,4,32,128,16,4,256,16,4,3,1,4,0,3,1,2,1,1,0,0,0
3396,3,zeros-la-1-5,zeros-la-1,278,3396,3,612,256,4,64,16,64,2,32,128,16,8,256,16,4,0,2,0,0,3,2,2,1,3,1,2,1,1,0,0,0
3396,2,zeros-la-1-5,zeros-la-1,279,3396,2,614,256,4,64,16,64,2,32,128,16,8,256,16,4,0,2,0,2,2,3,2,1,3,1,2,1,1,0,0,0
3400,2,zeros-la-1-5,zeros-la-1,280,3400,2,616,256,4,64,16,64,2,32,128,16,8,256,16,4,0,0,2,4,2,2,3,1,3,1,2,1,1,0,0,0
3408,2,zeros-la-1-5,zeros-la-1,281,3408,2,618,256,0,0,16,2,4,64,128,64,2,32,16,16,8,256,2,8,2,3,1,2,3,1,2,1,1,0,0,0
3440,2,zeros-la-1-5,zeros-la-1,282,3440,2,620,256,0,2,16,2,4,64,128,64,0,2,32,32,8,256,2,8,2,4,1,2,1,2,2,1,1,0,0,0
3504,2,zeros-la-1-5,zeros-la-1,283,3504,2,622,256,0,2,16,2,4,64,128,64,2,0,2,64,8,256,2,8,2,5,1,2,1,0,3,1,1,0,0,0
3636,3,zeros-la-1-5,zeros-la-1,284,3636,3,624,256,0,0,2,0,4,2,16,2,2,64,128,128,8,256,4,8,3,4,2,2,1,0,1,2,1,0,0,0
3892,3,zeros-la-1-5,zeros-la-1,285,3892,3,626,256,0,0,0,2,4,2,16,2,2,2,64,256,8,256,4,8,3,5,2,2,1,0,1,0,2,0,0,0
3900,4,zeros-la-1-5,zeros-la-1,286,3900,4,628,256,0,0,2,0,4,0,16,4,2,4,64,256,8,256,4,8,4,2,4,2,1,0,1,0,2,0,0,0
3900,3,zeros-la-1-5,zeros-la-1,287,3900,3,630,256,0,0,0,2,2,4,16,4,2,4,64,256,8,256,4,8,3,3,4,2,1,0,1,0,2,0,0,0
3912,4,zeros-la-1-5,zeros-la-1,288,3912,4,632,256,0,2,0,2,0,0,16,4,4,8,64,256,8,256,4,8,4,2,3,3,1,0,1,0,2,0,0,0
3916,4,zeros-la-1-5,zeros-la-1,289,3916,4,634,256,0,0,0,4,0,2,16,4,4,8,64,256,8,256,4,8,4,1,4,3,1,0,1,0,2,0,0,0
3924,4,zeros-la-1-5,zeros-la-1,290,3924,4,636,256,4,2,16,8,8,8,64,256,0,256,4,8,0,0,2,0,4,2,2,4,1,0,1,0,2,0,0,0
3940,4,zeros-la-1-5,zeros-la-1,291,3940,4,638,256,4,2,16,8,16,64,256,0,256,4,8,0,2,2,0,0,4,3,2,2,2,0,1,0,2,0,0,0
3944,4,zeros-la-1-5,zeros-la-1,292,3944,4,640,256,4,2,16,8,16,64,256,0,256,4,8,2,4,0,0,0,4,2,3,2,2,0,1,0,2,0,0,0
3944,3,zeros-la-1-5,zeros-la-1,293,3944,3,642,256,4,0,0,2,16,2,16,0,256,64,256,8,4,4,8,2,3,3,3,2,2,0,1,0,2,0,0,0
3952,3,zeros-la-1-5,zeros-la-1,294,3952,3,644,256,4,2,0,0,16,2,16,2,256,64,256,8,8,8,2,0,3,4,1,3,2,0,1,0,2,0,0,0
3968,3,zeros-la-1-5,zeros-la-1,295,3968,3,646,256,0,0,4,2,16,2,16,2,256,64,256,8,0,2,16,2,3,5,1,1,3,0,1,0,2,0,0,0
3972,3,zeros-la-1-5,zeros-la-1,296,3972,3,648,256,16,2,4,4,256,64,16,8,0,2,256,2,2,0,16,0,3,4,2,1,3,0,1,0,2,0,0,0
3980,3,zeros-la-1-5,zeros-la-1,297,3980,3,650,256,16,2,8,0,256,64,16,8,2,256,2,0,2,16,0,2,3,5,0,2,3,0,1,0,2,0,0,0
3984,3,zeros-la-1-5,zeros-la-1,298,3984,3,652,256,0,2,0,2,16,64,8,0,256,256,16,8,4,16,2,2,3,4,1,2,3,0,1,0,2,0,0,0
4504,5,zeros-la-1-5,zeros-la-1,299,4504,5,654,512,4,0,0,0,16,64,8,0,512,16,8,0,4,16,4,2,5,1,3,2,3,0,1,0,0,1,0,0
4552,6,zeros-la-1-5,zeros-la-1,300,4552,6,656,512,4,64,16,2,16,32,4,0,512,0,0,0,4,2,0,0,6,2,3,0,2,1,1,0,0,1,0,0
4552,5,zeros-la-1-5,zeros-la-1,301,4552,5,658,512,4,64,16,2,16,32,4,0,512,0,0,0,4,2,2,0,5,3,3,0,2,1,1,0,0,1,0,0
4556,5,zeros-la-1-5,zeros-la-1,302,4556,5,660,512,4,64,16,2,16,32,4,0,512,0,0,0,4,4,0,2,5,2,4,0,2,1,1,0,0,1,0,0
4560,5,zeros-la-1-5,zeros-la-1,303,4560,5,662,512,4,2,0,0,16,64,0,0,512,32,16,0,4,4,4,4,5,1,5,0,2,1,1,0,0,1,0,0
4576,6,zeros-la-1-5,zeros-la-1,304,4576,6,664,512,4,2,0,0,16,64,0,0,512,32,16,0,8,8,2,0,6,2,1,2,2,1,1,0,0,1,0,0
4592,6,zeros-la-1-5,zeros-la-1,305,4592,6,666,512,4,2,0,0,16,64,0,0,512,32,16,0,16,2,2,0,6,3,1,0,3,1,1,0,0,1,0,0
4596,6,zeros-la-1-5,zeros-la-1,306,4596,6,668,512,4,2,0,0,16,64,0,0,512,32,16,2,16,4,0,0,6,2,2,0,3,1,1,0,0,1,0,0
4596,5,zeros-la-1-5,zeros-la-1,307,4596,5,670,512,4,2,0,0,16,64,2,0,512,32,16,2,16,4,0,0,5,3,2,0,3,1,1,0,0,1,0,0
4596,4,zeros-la-1-5,zeros-la-1,308,4596,4,672,512,0,0,4,2,2,16,64,2,512,32,16,2,0,0,16,4,4,4,2,0,3,1,1,0,0,1,0,0
4632,5,zeros-la-1-5,zeros-la-1,309,4632,5,674,512,0,0,0,0,2,0,4,2,2,16,64,4,512,32,32,4,5,3,3,0,1,2,1,0,0,1,0,0
4644,6,zeros-la-1-5,zeros-la-1,310,4644,6,676,512,0,0,0,0,0,0,4,2,4,16,64,2,512,32,32,8,6,2,2,1,1,2,1,0,0,1,0,0
4708,6,zeros-la-1-5,zeros-la-1,311,4708,6,678,512,0,0,0,2,0,0,4,2,4,16,64,2,0,512,64,8,6,3,2,1,1,0,2,0,0,1,0,0
4840,7,zeros-la-1-5,zeros-la-1,312,4840,7,682,512,0,0,0,0,0,0,0,2,4,16,4,4,4,512,128,8,7,1,4,1,1,0,0,1,0,1,0,0
4848,7,zeros-la-1-5,zeros-la-1,313,4848,7,684,512,0,0,0,0,2,0,2,0,4,16,8,0,4,512,128,8,7,2,2,2,1,0,0,1,0,1,0,0
4852,7,zeros-la-1-5,zeros-la-1,314,4852,7,686,512,0,0,2,0,0,0,0,4,0,4,16,8,4,512,128,8,7,1,3,2,1,0,0,1,0,1,0,0
4868,7,zeros-la-1-5,zeros-la-1,315,4868,7,688,512,4,4,2,4,0,512,16,16,0,0,128,0,0,0,0,2,7,2,3,0,2,0,0,1,0,1,0,0
4908,8,zeros-la-1-5,zeros-la-1,316,4908,8,690,512,8,2,4,2,512,32,0,0,128,0,0,0,2,0,0,0,8,3,1,1,0,1,0,1,0,1,0,0
4908,7,zeros-la-1-5,zeros-la-1,317,4908,7,692,512,8,2,4,2,512,32,0,0,128,0,0,0,2,0,2,0,7,4,1,1,0,1,0,1,0,1,0,0
4912,7,zeros-la-1-5,zeros-la-1,318,4912,7,694,512,8,2,4,2,512,32,0,0,128,0,0,0,4,0,2,0,7,3,2,1,0,1,0,1,0,1,0,0
4912,6,zeros-la-1-5,zeros-la-1,319,4912,6,696,512,8,2,0,0,512,0,0,0,128,2,4,0,4,32,2,2,6,4,2,1,0,1,0,1,0,1,0,0
4916,6,zeros-la-1-5,zeros-la-1,320,4916,6,698,512,8,2,0,0,512,0,0,0,128,4,4,0,4,32,2,2,6,3,3,1,0,1,0,1,0,1,0,0
4928,7,zeros-la-1-5,zeros-la-1,321,4928,7,700,512,0,0,8,2,0,0,0,512,0,0,128,8,2,4,32,4,7,2,2,2,0,1,0,1,0,1,0,0
4928,6,zeros-la-1-5,zeros-la-1,322,4928,6,702,512,0,0,0,2,0,0,8,512,0,2,128,8,2,4,32,4,6,3,2,2,0,1,0,1,0,1,0,0
4928,5,zeros-la-1-5,zeros-la-1,323,4928,5,704,512,2,0,0,0,8,512,0,0,2,128,8,2,2,4,32,4,5,4,2,2,0,1,0,1,0,1,0,0
4932,5,zeros-la-1-5,zeros-la-1,324,4932,5,706,512,0,0,0,0,2,512,0,2,8,128,8,2,4,4,32,4,5,3,3,2,0,1,0,1,0,1,0,0
4936,5,zeros-la-1-5,zeros-la-1,325,4936,5,708,512,2,512,8,4,8,128,32,4,4,4,0,0,2,0,0,0,5,2,4,2,0,1,0,1,0,1,0,0
4944,5,zeros-la-1-5,zeros-la-1,326,4944,5,710,512,2,512,8,8,8,128,32,0,4,4,0,0,2,0,2,0,5,3,2,3,0,1,0,1,0,1,0,0
4972,7,zeros-la-1-5,zeros-la-1,327,4972,7,712,512,2,512,16,0,8,128,32,0,8,0,0,0,4,0,0,2,7,2,1,2,1,1,0,1,0,1,0,0
4988,7,zeros-la-1-5,zeros-la-1,328,4988,7,714,512,0,0,0,0,2,0,0,2,16,512,16,0,4,128,32,2,7,3,1,0,2,1,0,1,0,1,0,0
4992,7,zeros-la-1-5,zeros-la-1,329,4992,7,716,512,0,0,2,0,2,0,0,0,16,512,16,0,4,128,32,4,7,2,2,0,2,1,0,1,0,1,0,0
4992,6,zeros-la-1-5,zeros-la-1,330,4992,6,718,512,0,0,0,2,0,0,0,2,2,16,512,16,4,128,32,4,6,3,2,0,2,1,0,1,0,1,0,0
4996,6,zeros-la-1-5,zeros-la-1,331,4996,6,722,512,0,0,0,0,0,0,4,4,2,16,512,16,4,128,32,4,6,1,4,0,2,1,0,1,0,1,0,0
5004,6,zeros-la-1-5,zeros-la-1,332,5004,6,724,512,0,2,0,0,0,0,0,8,2,16,512,16,4,128,32,4,6,2,2,1,2,1,0,1,0,1,0,0
5004,5,zeros-la-1-5,zeros-la-1,333,5004,5,726,512,2,2,512,8,4,16,32,16,0,128,0,4,0,0,0,2,5,3,2,1,2,1,0,1,0,1,0,0
5008,5,zeros-la-1-5,zeros-la-1,334,5008,5,728,512,0,4,512,8,4,16,32,16,0,0,128,4,0,2,0,2,5,2,3,1,2,1,0,1,0,1,0,0
5012,5,zeros-la-1-5,zeros-la-1,335,5012,5,730,512,0,4,512,8,4,16,32,16,0,0,128,4,2,0,0,4,5,1,4,1,2,1,0,1,0,1,0,0
5020,5,zeros-la-1-5,zeros-la-1,336,5020,5,732,512,2,0,0,0,0,0,512,8,4,4,32,16,2,16,128,8,5,2,2,2,2,1,0,1,0,1,0,0
5028,5,zeros-la-1-5,zeros-la-1,337,5028,5,736,512,0,4,0,2,0,0,512,8,0,8,32,16,2,16,128,8,5,2,1,3,2,1,0,1,0,1,0,0
5028,4,zeros-la-1-5,zeros-la-1,338,5028,4,738,512,2,4,512,2,0,8,32,8,0,16,128,16,0,0,2,8,4,3,1,3,2,1,0,1,0,1,0,0
5028,3,zeros-la-1-5,zeros-la-1,339,5028,3,740,512,2,4,512,2,0,8,32,8,2,16,128,16,0,0,2,8,3,4,1,3,2,1,0,1,0,1,0,0
5032,3,zeros-la-1-5,zeros-la-1,340,5032,3,742,512,4,4,512,2,0,8,32,8,0,16,128,16,0,2,2,8,3,3,2,3,2,1,0,1,0,1,0,0
5044,4,zeros-la-1-5,zeros-la-1,341,5044,4,744,512,0,8,512,2,0,8,32,8,0,16,128,16,0,2,4,8,4,2,1,4,2,1,0,1,0,1,0,0
5060,4,zeros-la-1-5,zeros-la-1,342,5060,4,746,512,0,16,512,2,0,16,32,8,2,2,128,16,0,0,4,8,4,3,1,2,3,1,0,1,0,1,0,0
5092,4,zeros-la-1-5,zeros-la-1,343,5092,4,748,512,2,32,512,2,0,2,32,8,0,2,128,16,0,0,4,8,4,4,1,2,1,2,0,1,0,1,0,0
5096,4,zeros-la-1-5,zeros-la-1,344,5096,4,750,512,0,0,512,2,0,2,32,8,0,32,128,16,2,4,4,8,4,3,2,2,1,2,0,1,0,1,0,0
5104,4,zeros-la-1-5,zeros-la-1,345,5104,4,752,512,512,2,0,0,2,32,8,0,32,128,16,2,2,8,8,0,4,4,0,3,1,2,0,1,0,1,0,0
5120,4,zeros-la-1-5,zeros-la-1,346,5120,4,754,512,0,0,512,2,0,2,32,8,32,128,16,2,2,0,2,16,4,5,0,1,2,2,0,1,0,1,0,0
5124,4,zeros-la-1-5,zeros-la-1,347,5124,4,756,512,512,2,2,0,2,32,8,0,32,128,16,2,4,16,0,0,4,4,1,1,2,2,0,1,0,1,0,0
5128,4,zeros-la-1-5,zeros-la-1,348,5128,4,758,512,512,4,0,0,2,32,8,0,32,128,16,2,4,16,2,0,4,3,2,1,2,2,0,1,0,1,0,0
5128,3,zeros-la-1-5,zeros-la-1,349,5128,3,760,512,2,0,512,4,0,2,32,8,32,128,16,2,0,4,16,2,3,4,2,1,2,2,0,1,0,1,0,0
5164,4,zeros-la-1-5,zeros-la-1,350,5164,4,762,512,0,0,0,2,0,2,512,4,2,128,32,8,32,4,32,4,4,3,3,1,0,3,0,1,0,1,0,0
5228,4,zeros-la-1-5,zeros-la-1,351,5228,4,764,512,2,2,512,2,32,128,64,4,0,4,0,8,0,2,0,4,4,4,3,1,0,1,1,1,0,1,0,0
5232,4,zeros-la-1-5,zeros-la-1,352,5232,4,766,512,4,512,2,2,32,128,64,4,4,8,0,0,2,4,0,0,4,3,4,1,0,1,1,1,0,1,0,0
5236,4,zeros-la-1-5,zeros-la-1,353,5236,4,770,512,0,4,512,4,32,128,64,4,0,0,4,8,0,4,2,4,4,1,6,1,0,1,1,1,0,1,0,0
5244,4,zeros-la-1-5,zeros-la-1,354,5244,4,772,512,32,4,512,8,0,128,64,8,0,4,4,4,2,0,2,0,4,2,4,2,0,1,1,1,0,1,0,0
5256,5,zeros-la-1-5,zeros-la-1,355,5256,5,776,512,32,4,512,8,4,128,64,8,0,0,4,8,0,0,0,4,5,0,4,3,0,1,1,1,0,1,0,0
5272,5,zeros-la-1-5,zeros-la-1,356,5272,5,778,512,0,0,0,0,0,2,512,8,32,4,64,16,4,128,4,4,5,1,4,1,1,1,1,1,0,1,0,0
5280,5,zeros-la-1-5,zeros-la-1,357,5280,5,780,512,0,0,0,2,0,2,512,8,32,4,64,16,0,4,128,8,5,2,2,2,1,1,1,1,0,1,0,0
5288,5,zeros-la-1-5,zeros-la-1,358,5288,5,782,512,0,0,0,2,0,2,512,8,0,2,64,16,32,8,128,8,5,3,0,3,1,1,1,1,0,1,0,0
5292,5,zeros-la-1-5,zeros-la-1,359,5292,5,784,512,0,2,0,2,0,0,512,8,0,4,64,16,32,8,128,8,5,2,1,3,1,1,1,1,0,1,0,0
5296,5,zeros-la-1-5,zeros-la-1,360,5296,5,786,512,4,0,0,0,512,8,2,0,4,64,16,0,32,8,128,8,5,1,2,3,1,1,1,1,0,1,0,0
5296,4,zeros-la-1-5,zeros-la-1,361,5296,4,790,512,4,4,0,0,512,8,2,0,4,64,16,0,32,8,128,8,4,1,3,3,1,1,1,1,0,1,0,0
5304,4,zeros-la-1-5,zeros-la-1,362,5304,4,792,512,0,2,0,8,0,512,8,2,0,4,64,16,32,8,128,8,4,2,1,4,1,1,1,1,0,1,0,0
5304,3,zeros-la-1-5,zeros-la-1,363,5304,3,794,512,32,2,8,8,2,512,64,2,0,4,128,16,0,8,0,8,3,3,1,4,1,1,1,1,0,1,0,0
5336,4,zeros-la-1-5,zeros-la-1,364,5336,4,796,512,0,32,2,16,2,512,64,2,0,4,128,16,2,0,0,16,4,4,1,0,3,1,1,1,0,1,0,0
5372,5,zeros-la-1-5,zeros-la-1,365,5372,5,798,512,2,0,0,0,0,32,2,16,0,512,64,2,4,4,128,32,5,3,2,0,1,2,1,1,0,1,0,0
5380,5,zeros-la-1-5,zeros-la-1,366,5380,5,800,512,2,0,0,0,32,2,16,0,512,64,2,0,8,128,32,2,5,4,0,1,1,2,1,1,0,1,0,0
5380,4,zeros-la-1-5,zeros-la-1,367,5380,4,802,512,0,2,0,2,0,32,2,16,0,512,64,2,8,128,32,2,4,5,0,1,1,2,1,1,0,1,0,0
5384,4,zeros-la-1-5,zeros-la-1,368,5384,4,804,512,0,2,0,0,0,32,2,2,2,512,64,16,8,128,32,4,4,4,1,1,1,2,1,1,0,1,0,0
5388,4,zeros-la-1-5,zeros-la-1,369,5388,4,808,512,4,0,0,2,0,0,32,4,2,512,64,16,8,128,32,4,4,2,3,1,1,2,1,1,0,1,0,0
5388,3,zeros-la-1-5,zeros-la-1,370,5388,3,810,512,0,0,4,2,0,2,32,4,2,512,64,16,8,128,32,4,3,3,3,1,1,2,1,1,0,1,0,0
5388,2,zeros-la-1-5,zeros-la-1,371,5388,2,812,512,4,2,0,2,2,32,4,0,2,512,64,16,8,128,32,4,2,4,3,1,1,2,1,1,0,1,0,0
5392,2,zeros-la-1-5,zeros-la-1,372,5392,2,814,512,0,0,4,4,2,2,32,4,2,512,64,16,8,128,32,4,2,3,4,1,1,2,1,1,0,1,0,0
5404,3,zeros-la-1-5,zeros-la-1,373,5404,3,816,512,2,0,4,0,0,2,32,8,4,512,64,16,8,128,32,4,3,2,3,2,1,2,1,1,0,1,0,0
5404,2,zeros-la-1-5,zeros-la-1,374,5404,2,818,512,0,0,2,4,2,2,32,8,4,512,64,16,8,128,32,4,2,3,3,2,1,2,1,1,0,1,0,0
5408,2,zeros-la-1-5,zeros-la-1,375,5408,2,820,512,2,4,2,0,4,32,8,0,4,512,64,16,8,128,32,4,2,2,4,2,1,2,1,1,0,1,0,0
5416,2,zeros-la-1-5,zeros-la-1,376,5416,2,824,512,4,4,2,0,2,32,8,0,8,512,64,16,8,128,32,4,2,2,3,3,1,2,1,1,0,1,0,0
5424,2,zeros-la-1-5,zeros-la-1,377,5424,2,826,512,8,2,0,0,2,32,8,2,8,512,64,16,8,128,32,4,2,3,1,4,1,2,1,1,0,1,0,0
5440,2,zeros-la-1-5,zeros-la-1,378,5440,2,828,512,2,2,0,0,8,32,8,2,2,512,64,16,16,128,32,4,2,4,1,2,2,2,1,1,0,1,0,0
5444,2,zeros-la-1-5,zeros-la-1,379,5444,2,830,512,4,0,0,2,8,32,8,2,2,512,64,16,16,128,32,4,2,3,2,2,2,2,1,1,0,1,0,0
5448,2,zeros-la-1-5,zeros-la-1,380,5448,2,832,512,4,32,8,4,8,512,64,16,2,128,32,4,16,0,0,2,2,2,3,2,2,2,1,1,0,1,0,0
5448,1,zeros-la-1-5,zeros-la-1,381,5448,1,834,512,4,32,8,4,8,512,64,16,2,128,32,4,0,2,16,2,1,3,3,2,2,2,1,1,0,1,0,0
5448,0,zeros-la-1-5,zeros-la-1,382,5448,0,836,512,4,32,8,4,8,512,64,16,2,128,32,4,2,16,2,2,0,4,3,2,2,2,1,1,0,1,0,0
5452,0,zeros-la-1-5,zeros-la-1,383,5452,0,840,512,4,32,8,4,8,512,64,16,2,128,32,4,4,2,16,4,0,2,5,2,2,2,1,1,0,1,0,0
5460,0,zeros-la-1-5,zeros-la-1,384,5460,0,844,512,4,32,8,4,8,512,64,4,2,128,32,16,4,2,16,8,0,2,4,3,2,2,1,1,0,1,0,0
5468,0,zeros-la-1-5,zeros-la-1,385,5468,0,846,512,4,32,8,8,8,512,64,16,2,128,32,8,4,2,16,2,0,3,2,4,2,2,1,1,0,1,0,0
5484,0,zeros-la-1-5,zeros-la-1,386,5484,0,848,512,2,4,32,16,8,512,64,16,2,128,32,8,4,2,16,2,0,4,2,2,3,2,1,1,0,1,0,0
5516,0,zeros-la-1-5,zeros-la-1,387,5516,0,850,512,2,4,32,2,8,512,64,32,2,128,32,8,4,2,16,2,0,5,2,2,1,3,1,1,0,1,0,0
0,13,zeros-la-1-6,zeros-la-1,0,0,13,6,2,2,0,0,0,0,0,0,0,0,0,0,0,2,0,0,2,13,3,0,0,0,0,0,0,0,0,0,0
4,13,zeros-la-1-6,zeros-la-1,1,4,13,8,4,2,0,0,0,0,0,0,0,2,0,0,0,4,0,0,0,13,2,1,0,0,0,0,0,0,0,0,0
8,13,zeros-la-1-6,zeros-la-1,2,8,13,10,4,4,0,0,0,4,0,0,0,0,0,2,0,0,0,0,0,13,1,2,0,0,0,0,0,0,0,0,0
16,13,zeros-la-1-6,zeros-la-1,3,16,13,12,8,0,0,0,2,0,0,0,0,0,0,0,0,8,0,2,0,13,2,0,1,0,0,0,0,0,0,0,0
16,12,zeros-la-1-6,zeros-la-1,4,16,12,14,8,0,0,0,0,2,0,0,0,0,0,0,0,8,0,2,2,12,3,0,1,0,0,0,0,0,0,0,0
20,12,zeros-la-1-6,zeros-la-1,5,20,12,16,8,0,0,2,0,2,0,0,0,0,0,0,0,8,4,0,0,12,2,1,1,0,0,0,0,0,0,0,0
20,11,zeros-la-1-6,zeros-la-1,6,20,11,18,8,0,0,0,2,0,0,2,2,0,0,0,0,0,0,8,4,11,3,1,1,0,0,0,0,0,0,0,0
24,11,zeros-la-1-6,zeros-la-1,7,24,11,20,8,0,0,0,0,0,0,0,0,0,0,2,4,0,2,8,4,11,2,2,1,0,0,0,0,0,0,0,0
32,11,zeros-la-1-6,zeros-la-1,8,32,11,22,8,0,0,0,0,0,0,0,0,0,2,2,0,0,2,8,8,11,3,0,2,0,0,0,0,0,0,0,0
52,12,zeros-la-1-6,zeros-la-1,9,52,12,24,16,0,0,2,0,0,0,0,0,0,0,0,4,0,0,2,16,12,2,1,0,1,0,0,0,0,0,0,0
56,12,zeros-la-1-6,zeros-la-1,10,56,12,26,16,0,0,4,4,0,0,0,16,0,0,0,0,2,0,0,0,12,1,2,0,1,0,0,0,0,0,0,0
64,12,zeros-la-1-6,zeros-la-1,11,64,12,28,16,0,0,0,8,0,0,0,16,0,0,0,0,2,0,0,2,12,2,0,1,1,0,0,0,0,0,0,0
68,12,zeros-la-1-6,zeros-la-1,12,68,12,30,16,0,0,0,8,0,0,0,16,0,0,2,0,0,0,0,4,12,1,1,1,1,0,0,0,0,0,0,0
68,11,zeros-la-1-6,zeros-la-1,13,68,11,34,16,4,0,0,0,0,0,0,8,0,0,0,16,0,0,2,4,11,1,2,1,1,0,0,0,0,0,0,0
68,10,zeros-la-1-6,zeros-la-1,14,68,10,36,16,0,0,0,4,0,2,0,8,0,0,0,16,0,0,2,4,10,2,2,1,1,0,0,0,0,0,0,0
68,9,zeros-la-1-6,zeros-la-1,15,68,9,38,16,2,0,0,4,0,0,2,8,0,0,0,16,0,0,2,4,9,3,2,1,1,0,0,0,0,0,0,0
72,9,zeros-la-1-6,zeros-la-1,16,72,9,40,16,0,0,0,4,2,0,0,8,0,0,0,16,2,0,4,4,9,2,3,1,1,0,0,0,0,0,0,0
76,9,zeros-la-1-6,zeros-la-1,17,76,9,42,16,4,0,4,4,0,0,0,8,2,0,0,16,0,0,0,4,9,1,4,1,1,0,0,0,0,0,0,0
84,9,zeros-la-1-6,zeros-la-1,18,84,9,44,16,8,4,0,0,8,0,0,0,2,16,0,0,4,0,2,0,9,2,2,2,1,0,0,0,0,0,0,0
100,9,zeros-la-1-6,zeros-la-1,19,100,9,46,16,0,0,0,0,16,0,0,0,2,4,0,2,4,16,2,0,9,3,2,0,2,0,0,0,0,0,0,0
100,8,zeros-la-1-6,zeros-la-1,20,100,8,48,16,0,0,0,0,0,0,0,16,2,2,4,2,0,4,16,2,8,4,2,0,2,0,0,0,0,0,0,0
104,8,zeros-la-1-6,zeros-la-1,21,104,8,50,16,0,0,0,0,0,2,0,16,0,4,4,2,0,4,16,2,8,3,3,0,2,0,0,0,0,0,0,0
116,9,zeros-la-1-6,zeros-la-1,22,116,9,52,16,0,2,0,0,0,0,0,0,0,2,4,16,0,8,16,4,9,2,2,1,2,0,0,0,0,0,0,0
120,9,zeros-la-1-6,zeros-la-1,23,120,9,54,16,0,4,4,16,0,8,16,4,0,0,0,0,2,0,0,0,9,1,3,1,2,0,0,0,0,0,0,0
128,9,zeros-la-1-6,zeros-la-1,24,128,9,58,16,8,16,0,0,8,16,4,0,0,0,0,4,2,0,0,0,9,1,2,2,2,0,0,0,0,0,0,0
176,10,zeros-la-1-6,zeros-la-1,25,176,10,60,32,16,32,4,4,2,0,0,0,0,0,0,0,0,0,0,2,10,2,2,0,1,1,0,0,0,0,0,0
184,10,zeros-la-1-6,zeros-la-1,26,184,10,62,32,0,16,32,8,0,0,0,2,0,2,0,0,0,0,0,2,10,3,0,1,1,1,0,0,0,0,0,0
188,10,zeros-la-1-6,zeros-la-1,27,188,10,64,32,0,16,32,8,0,2,0,4,0,0,0,0,0,0,0,2,10,2,1,1,1,1,0,0,0,0,0,0
188,9,zeros-la-1-6,zeros-la-1,28,188,9,66,32,16,32,8,0,2,4,0,0,0,2,0,0,2,0,0,0,9,3,1,1,1,1,0,0,0,0,0,0
192,9,zeros-la-1-6,zeros-la-1,29,192,9,68,32,16,32,8,0,4,4,0,0,0,2,0,2,0,0,0,0,9,2,2,1,1,1,0,0,0,0,0,0
204,10,zeros-la-1-6,zeros-la-1,30,204,10,70,32,2,16,32,8,0,0,0,8,0,0,0,4,0,0,0,0,10,1,1,2,1,1,0,0,0,0,0,0
220,10,zeros-la-1-6,zeros-la-1,31,220,10,72,32,2,0,0,0,0,0,0,0,0,0,0,16,2,16,32,4,10,2,1,0,2,1,0,0,0,0,0,0
224,10,zeros-la-1-6,zeros-la-1,32,224,10,74,32,4,16,32,16,0,0,0,4,0,2,0,0,0,0,0,0,10,1,2,0,2,1,0,0,0,0,0,0
224,9,zeros-la-1-6,zeros-la-1,33,224,9,76,32,4,16,32,16,0,2,0,4,0,0,0,0,0,2,0,0,9,2,2,0,2,1,0,0,0,0,0,0
228,9,zeros-la-1-6,zeros-la-1,34,228,9,80,32,4,16,32,16,0,4,0,4,4,0,0,0,0,0,0,0,9,0,4,0,2,1,0,0,0,0,0,0
236,9,zeros-la-1-6,zeros-la-1,35,236,9,82,32,0,0,0,0,2,0,0,0,0,16,0,16,8,4,32,4,9,1,2,1,2,1,0,0,0,0,0,0
268,9,zeros-la-1-6,zeros-la-1,36,268,9,84,32,0,2,0,0,2,0,0,0,32,0,0,0,8,4,32,4,9,2,2,1,0,2,0,0,0,0,0,0
268,8,zeros-la-1-6,zeros-la-1,37,268,8,86,32,2,0,0,2,2,0,0,0,32,0,0,0,8,4,32,4,8,3,2,1,0,2,0,0,0,0,0,0
272,8,zeros-la-1-6,zeros-la-1,38,272,8,88,32,4,4,32,2,32,0,2,4,8,0,0,0,0,0,0,0,8,2,3,1,0,2,0,0,0,0,0,0
280,8,zeros-la-1-6,zeros-la-1,39,280,8,90,32,8,32,2,0,32,2,4,0,8,0,2,0,0,0,0,0,8,3,1,2,0,2,0,0,0,0,0,0
280,7,zeros-la-1-6,zeros-la-1,40,280,7,92,32,0,0,0,2,8,0,2,0,32,32,4,0,8,2,2,0,7,4,1,2,0,2,0,0,0,0,0,0
348,8,zeros-la-1-6,zeros-la-1,41,348,8,94,64,2,0,0,0,8,2,0,0,64,4,0,0,8,4,2,0,8,3,2,2,0,0,1,0,0,0,0,0
356,8,zeros-la-1-6,zeros-la-1,42,356,8,96,64,2,2,2,0,8,8,0,0,64,0,0,0,8,0,2,0,8,4,0,3,0,0,1,0,0,0,0,0
376,9,zeros-la-1-6,zeros-la-1,43,376,9,98,64,4,2,0,0,16,0,0,0,64,2,0,0,8,2,0,0,9,3,1,1,1,0,1,0,0,0,0,0
380,9,zeros-la-1-6,zeros-la-1,44,380,9,100,64,4,4,0,0,16,2,0,2,64,0,0,0,8,0,0,0,9,2,2,1,1,0,1,0,0,0,0,0
392,10,zeros-la-1-6,zeros-la-1,45,392,10,102,64,0,0,0,8,0,0,16,4,0,2,0,64,0,0,0,8,10,1,1,2,1,0,1,0,0,0,0,0
392,9,zeros-la-1-6,zeros-la-1,46,392,9,104,64,0,0,0,8,0,2,16,4,0,0,2,64,0,0,0,8,9,2,1,2,1,0,1,0,0,0,0,0
392,8,zeros-la-1-6,zeros-la-1,47,392,8,106,64,0,0,0,8,0,0,2,4,0,0,16,64,0,2,2,8,8,3,1,2,1,0,1,0,0,0,0,0
396,8,zeros-la-1-6,zeros-la-1,48,396,8,110,64,0,0,4,8,0,0,2,4,0,0,16,64,0,0,4,8,8,1,3,2,1,0,1,0,0,0,0,0
396,7,zeros-la-1-6,zeros-la-1,49,396,7,112,64,0,0,4,8,0,2,2,4,0,0,16,64,0,0,4,8,7,2,3,2,1,0,1,0,0,0,0,0
400,7,zeros-la-1-6,zeros-la-1,50,400,7,114,64,4,8,0,0,4,4,2,0,16,64,0,0,4,8,0,0,7,1,4,2,1,0,1,0,0,0,0,0
408,7,zeros-la-1-6,zeros-la-1,51,408,7,116,64,8,8,2,0,16,4,0,0,4,64,0,0,2,8,0,0,7,2,2,3,1,0,1,0,0,0,0,0
424,7,zeros-la-1-6,zeros-la-1,52,424,7,118,64,16,2,0,0,16,4,0,0,4,64,2,0,2,8,0,0,7,3,2,1,2,0,1,0,0,0,0,0
456,7,zeros-la-1-6,zeros-la-1,53,456,7,120,64,32,2,2,0,4,4,0,0,2,64,2,0,0,8,0,0,7,4,2,1,0,1,1,0,0,0,0,0
468,8,zeros-la-1-6,zeros-la-1,54,468,8,122,64,0,0,32,4,0,0,0,8,0,2,64,2,0,0,2,8,8,3,1,2,0,1,1,0,0,0,0,0
468,7,zeros-la-1-6,zeros-la-1,55,468,7,124,64,32,4,0,0,8,0,0,2,2,64,2,0,2,8,0,0,7,4,1,2,0,1,1,0,0,0,0,0
472,7,zeros-la-1-6,zeros-la-1,56,472,7,126,64,32,4,2,2,8,64,0,0,4,8,0,0,0,2,0,0,7,3,2,2,0,1,1,0,0,0,0,0
476,7,zeros-la-1-6,zeros-la-1,57,476,7,128,64,32,4,4,0,8,64,0,0,4,8,2,0,2,0,0,0,7,2,3,2,0,1,1,0,0,0,0,0
484,7,zeros-la-1-6,zeros-la-1,58,484,7,130,64,0,0,32,8,2,0,8,64,0,4,8,2,0,0,0,2,7,3,1,3,0,1,1,0,0,0,0,0
504,8,zeros-la-1-6,zeros-la-1,59,504,8,132,64,2,4,32,8,0,2,16,64,0,0,0,4,0,0,0,0,8,2,2,1,1,1,1,0,0,0,0,0
504,7,zeros-la-1-6,zeros-la-1,60,504,7,134,64,2,4,32,8,0,2,16,64,0,2,0,4,0,0,0,0,7,3,2,1,1,1,1,0,0,0,0,0
508,7,zeros-la-1-6,zeros-la-1,61,508,7,136,64,2,4,32,8,0,4,16,64,0,0,0,4,0,0,0,2,7,2,3,1,1,1,1,0,0,0,0,0
516,7,zeros-la-1-6,zeros-la-1,62,516,7,138,64,0,0,2,8,0,0,0,64,0,0,32,4,2,8,16,2,7,3,1,2,1,1,1,0,0,0,0,0
516,6,zeros-la-1-6,zeros-la-1,63,516,6,140,64,2,8,0,0,64,0,0,2,32,4,0,0,2,8,16,2,6,4,1,2,1,1,1,0,0,0,0,0
520,6,zeros-la-1-6,zeros-la-1,64,520,6,142,64,2,2,0,0,64,8,0,0,32,4,0,0,2,8,16,4,6,3,2,2,1,1,1,0,0,0,0,0
524,6,zeros-la-1-6,zeros-la-1,65,524,6,144,64,0,0,0,4,0,0,64,8,2,0,32,4,2,8,16,4,6,2,3,2,1,1,1,0,0,0,0,0
536,7,zeros-la-1-6,zeros-la-1,66,536,7,146,64,4,8,64,4,0,2,32,8,0,0,16,8,0,0,0,0,7,1,2,3,1,1,1,0,0,0,0,0
552,7,zeros-la-1-6,zeros-la-1,67,552,7,148,64,2,0,0,0,0,0,64,0,0,8,32,4,4,2,16,16,7,2,2,1,2,1,1,0,0,0,0,0
584,7,zeros-la-1-6,zeros-la-1,68,584,7,150,64,0,0,2,2,0,0,0,64,0,8,32,4,0,4,2,32,7,3,2,1,0,2,1,0,0,0,0,0
588,7,zeros-la-1-6,zeros-la-1,69,588,7,152,64,0,0,0,4,0,0,0,64,2,8,32,4,0,4,2,32,7,2,3,1,0,2,1,0,0,0,0,0
588,6,zeros-la-1-6,zeros-la-1,70,588,6,154,64,0,0,0,4,0,0,2,64,0,8,32,4,2,4,2,32,6,3,3,1,0,2,1,0,0,0,0,0
588,5,zeros-la-1-6,zeros-la-1,71,588,5,156,64,0,0,2,4,0,0,2,64,0,8,32,4,2,4,2,32,5,4,3,1,0,2,1,0,0,0,0,0
592,5,zeros-la-1-6,zeros-la-1,72,592,5,158,64,2,8,4,4,0,4,32,64,0,2,2,4,0,0,0,32,5,3,4,1,0,2,1,0,0,0,0,0
604,6,zeros-la-1-6,zeros-la-1,73,604,6,160,64,2,8,8,0,4,32,64,2,4,4,0,0,32,0,0,0,6,2,3,2,0,2,1,0,0,0,0,0
628,7,zeros-la-1-6,zeros-la-1,74,628,7,162,64,0,0,2,16,4,32,64,2,0,0,0,8,2,0,0,32,7,3,1,1,1,2,1,0,0,0,0,0
628,6,zeros-la-1-6,zeros-la-1,75,628,6,164,64,2,16,0,0,4,32,64,2,8,0,2,0,2,32,0,0,6,4,1,1,1,2,1,0,0,0,0,0
692,6,zeros-la-1-6,zeros-la-1,76,692,6,166,64,2,0,0,0,4,2,0,0,8,16,64,0,2,64,2,2,6,5,1,1,1,0,2,0,0,0,0,0
696,6,zeros-la-1-6,zeros-la-1,77,696,6,168,64,2,0,0,2,0,0,4,2,0,8,16,64,0,2,64,4,6,4,2,1,1,0,2,0,0,0,0,0
700,6,zeros-la-1-6,zeros-la-1,78,700,6,170,64,2,0,0,0,0,0,4,4,0,8,16,64,2,2,64,4,6,3,3,1,1,0,2,0,0,0,0,0
712,7,zeros-la-1-6,zeros-la-1,79,712,7,172,64,2,0,0,0,8,0,2,0,8,16,64,0,4,64,4,0,7,2,2,2,1,0,2,0,0,0,0,0
728,7,zeros-la-1-6,zeros-la-1,80,728,7,174,64,2,16,2,0,16,64,64,0,4,0,4,0,0,0,0,2,7,3,2,0,2,0,2,0,0,0,0,0
864,8,zeros-la-1-6,zeros-la-1,81,864,8,176,128,0,2,16,2,0,2,16,128,0,0,0,8,0,0,0,2,8,4,0,1,2,0,0,1,0,0,0,0
900,9,zeros-la-1-6,zeros-la-1,82,900,9,178,128,0,4,32,2,2,0,0,128,0,0,0,8,0,0,0,2,9,3,1,1,0,1,0,1,0,0,0,0
900,8,zeros-la-1-6,zeros-la-1,83,900,8,182,128,0,4,0,2,0,0,0,128,0,0,0,8,2,4,32,2,8,3,2,1,0,1,0,1,0,0,0,0
908,8,zeros-la-1-6,zeros-la-1,84,908,8,186,128,0,0,0,2,0,0,0,128,0,4,0,8,2,8,32,2,8,3,1,2,0,1,0,1,0,0,0,0
908,7,zeros-la-1-6,zeros-la-1,85,908,7,188,128,2,0,0,0,128,0,0,2,4,8,0,0,2,8,32,2,7,4,1,2,0,1,0,1,0,0,0,0
928,8,zeros-la-1-6,zeros-la-1,86,928,8,190,128,2,0,0,2,128,0,0,0,4,0,0,0,2,16,32,4,8,3,2,0,1,1,0,1,0,0,0,0
932,8,zeros-la-1-6,zeros-la-1,87,932,8,192,128,4,2,0,0,128,0,0,0,4,0,0,0,2,16,32,4,8,2,3,0,1,1,0,1,0,0,0,0
932,7,zeros-la-1-6,zeros-la-1,88,932,7,194,128,0,0,4,2,0,0,2,128,0,0,0,4,2,16,32,4,7,3,3,0,1,1,0,1,0,0,0,0
940,7,zeros-la-1-6,zeros-la-1,89,940,7,198,128,2,16,4,2,0,4,2,128,0,0,32,8,0,0,0,0,7,3,2,1,1,1,0,1,0,0,0,0
940,6,zeros-la-1-6,zeros-la-1,90,940,6,200,128,0,0,0,0,0,2,4,2,0,16,2,128,2,4,32,8,6,4,2,1,1,1,0,1,0,0,0,0
940,5,zeros-la-1-6,zeros-la-1,91,940,5,202,128,2,2,4,2,0,16,2,128,0,4,32,8,0,0,2,0,5,5,2,1,1,1,0,1,0,0,0,0
944,5,zeros-la-1-6,zeros-la-1,92,944,5,206,128,0,4,4,2,0,16,2,128,4,4,32,8,0,0,0,2,5,3,4,1,1,1,0,1,0,0,0,0
960,6,zeros-la-1-6,zeros-la-1,93,960,6,208,128,8,2,0,2,16,2,128,0,8,32,8,0,2,0,0,0,6,4,0,3,1,1,0,1,0,0,0,0
964,6,zeros-la-1-6,zeros-la-1,94,964,6,210,128,8,4,128,2,16,32,8,0,8,0,0,0,2,2,0,0,6,3,1,3,1,1,0,1,0,0,0,0
968,6,zeros-la-1-6,zeros-la-1,95,968,6,212,128,8,4,128,2,2,16,32,8,0,0,0,8,0,0,0,4,6,2,2,3,1,1,0,1,0,0,0,0
984,6,zeros-la-1-6,zeros-la-1,96,984,6,214,128,8,4,128,2,2,16,32,16,0,0,0,4,0,0,2,0,6,3,2,1,2,1,0,1,0,0,0,0
984,5,zeros-la-1-6,zeros-la-1,97,984,5,216,128,8,4,128,2,2,16,32,16,0,0,2,4,0,2,0,0,5,4,2,1,2,1,0,1,0,0,0,0
984,4,zeros-la-1-6,zeros-la-1,98,984,4,218,128,8,4,128,2,2,16,32,16,0,0,2,4,0,2,0,2,4,5,2,1,2,1,0,1,0,0,0,0
988,4,zeros-la-1-6,zeros-la-1,99,988,4,220,128,8,4,128,2,2,16,32,16,2,4,0,0,4,0,2,0,4,4,3,1,2,1,0,1,0,0,0,0
992,4,zeros-la-1-6,zeros-la-1,100,992,4,222,128,8,4,128,2,4,16,32,16,4,4,2,2,0,0,0,0,4,3,4,1,2,1,0,1,0,0,0,0
1004,5,zeros-la-1-6,zeros-la-1,101,1004,5,224,128,8,4,128,2,4,16,32,16,0,0,8,4,2,0,0,0,5,2,3,2,2,1,0,1,0,0,0,0
1004,4,zeros-la-1-6,zeros-la-1,102,1004,4,226,128,8,4,128,2,4,16,32,16,0,0,8,4,0,0,2,2,4,3,3,2,2,1,0,1,0,0,0,0
1008,4,zeros-la-1-6,zeros-la-1,103,1008,4,228,128,8,4,128,2,4,16,32,16,0,0,8,4,2,0,0,4,4,2,4,2,2,1,0,1,0,0,0,0
1016,4,zeros-la-1-6,zeros-la-1,104,1016,4,232,128,4,0,0,0,8,0,128,2,4,4,32,16,2,16,8,8,4,2,3,3,2,1,0,1,0,0,0,0
1040,5,zeros-la-1-6,zeros-la-1,105,1040,5,236,128,0,0,0,4,0,8,128,2,4,8,32,16,0,2,16,16,5,2,2,2,3,1,0,1,0,0,0,0
1088,6,zeros-la-1-6,zeros-la-1,106,1088,6,238,128,0,0,0,0,0,2,128,4,0,16,32,2,4,2,16,32,6,3,2,0,2,2,0,1,0,0,0,0
1088,5,zeros-la-1-6,zeros-la-1,107,1088,5,240,128,4,2,128,4,0,16,32,2,0,2,16,32,0,0,0,2,5,4,2,0,2,2,0,1,0,0,0,0
1088,4,zeros-la-1-6,zeros-la-1,108,1088,4,242,128,0,0,2,4,0,2,128,2,0,16,32,32,4,2,16,2,4,5,2,0,2,2,0,1,0,0,0,0
1152,4,zeros-la-1-6,zeros-la-1,109,1152,4,244,128,2,4,0,0,2,128,2,0,16,64,0,2,4,2,16,2,4,6,2,0,2,0,1,1,0,0,0,0
1160,5,zeros-la-1-6,zeros-la-1,110,1160,5,246,128,4,4,2,4,16,128,16,0,4,64,2,0,0,2,0,0,5,3,4,0,2,0,1,1,0,0,0,0
1168,5,zeros-la-1-6,zeros-la-1,111,1168,5,250,128,8,2,4,0,16,128,16,0,4,64,2,0,2,0,4,0,5,3,3,1,2,0,1,1,0,0,0,0
1168,4,zeros-la-1-6,zeros-la-1,112,1168,4,254,128,8,2,4,0,16,128,16,4,4,64,2,0,2,4,0,0,4,3,4,1,2,0,1,1,0,0,0,0
1168,3,zeros-la-1-6,zeros-la-1,113,1168,3,258,128,8,2,4,4,16,128,16,0,4,64,2,0,2,4,0,4,3,3,5,1,2,0,1,1,0,0,0,0
1184,4,zeros-la-1-6,zeros-la-1,114,1184,4,262,128,8,2,8,0,16,128,16,4,4,64,2,0,2,8,0,0,4,3,2,3,2,0,1,1,0,0,0,0
1184,3,zeros-la-1-6,zeros-la-1,115,1184,3,264,128,8,2,2,0,16,128,8,0,4,64,16,0,2,8,2,4,3,4,2,3,2,0,1,1,0,0,0,0
1188,3,zeros-la-1-6,zeros-la-1,116,1188,3,266,128,2,0,8,4,0,16,128,8,0,4,64,16,2,8,2,4,3,3,3,3,2,0,1,1,0,0,0,0
1192,3,zeros-la-1-6,zeros-la-1,117,1192,3,268,128,2,0,8,4,0,16,128,8,0,4,64,16,4,8,2,4,3,2,4,3,2,0,1,1,0,0,0,0
1192,2,zeros-la-1-6,zeros-la-1,118,1192,2,270,128,2,8,4,0,16,128,8,2,4,64,16,0,4,8,2,4,2,3,4,3,2,0,1,1,0,0,0,0
1200,2,zeros-la-1-6,zeros-la-1,119,1200,2,272,128,0,8,4,2,2,128,8,0,16,64,16,2,8,8,2,4,2,4,2,4,2,0,1,1,0,0,0,0
1216,2,zeros-la-1-6,zeros-la-1,120,1216,2,276,128,8,4,2,4,2,128,8,0,16,64,16,2,16,2,4,0,2,4,3,2,3,0,1,1,0,0,0,0
1248,2,zeros-la-1-6,zeros-la-1,121,1248,2,278,128,8,4,2,4,2,128,8,2,32,64,16,0,2,2,4,0,2,5,3,2,1,1,1,1,0,0,0,0
1252,2,zeros-la-1-6,zeros-la-1,122,1252,2,280,128,8,4,2,4,2,128,8,2,32,64,16,0,4,4,2,0,2,4,4,2,1,1,1,1,0,0,0,0
1260,2,zeros-la-1-6,zeros-la-1,123,1260,2,282,128,8,4,2,4,2,128,8,2,32,64,16,0,8,2,2,0,2,5,2,3,1,1,1,1,0,0,0,0
1264,2,zeros-la-1-6,zeros-la-1,124,1264,2,284,128,8,4,2,4,2,128,8,2,0,32,64,16,2,0,8,4,2,4,3,3,1,1,1,1,0,0,0,0
1268,2,zeros-la-1-6,zeros-la-1,125,1268,2,286,128,0,2,2,4,0,4,8,2,8,128,64,16,4,32,8,4,2,3,4,3,1,1,1,1,0,0,0,0
1272,2,zeros-la-1-6,zeros-la-1,126,1272,2,288,128,4,4,0,0,4,8,2,2,8,128,64,16,4,32,8,4,2,2,5,3,1,1,1,1,0,0,0,0
1284,3,zeros-la-1-6,zeros-la-1,127,1284,3,290,128,0,0,2,8,0,4,8,4,8,128,64,16,4,32,8,4,3,1,4,4,1,1,1,1,0,0,0,0
1284,2,zeros-la-1-6,zeros-la-1,128,1284,2,292,128,2,0,2,8,0,4,8,4,8,128,64,16,4,32,8,4,2,2,4,4,1,1,1,1,0,0,0,0
1288,2,zeros-la-1-6,zeros-la-1,129,1288,2,296,128,4,8,0,0,4,8,4,4,8,128,64,16,4,32,8,4,2,0,6,4,1,1,1,1,0,0,0,0
1312,3,zeros-la-1-6,zeros-la-1,130,1312,3,298,128,8,16,4,4,8,128,64,16,4,32,8,4,0,0,0,2,3,1,4,3,2,1,1,1,0,0,0,0
1328,3,zeros-la-1-6,zeros-la-1,131,1328,3,302,128,16,16,4,4,4,128,64,16,4,32,8,4,0,0,0,2,3,1,5,1,3,1,1,1,0,0,0,0
1368,4,zeros-la-1-6,zeros-la-1,132,1368,4,306,128,32,8,0,4,4,128,64,16,4,32,8,4,2,0,0,0,4,1,4,2,1,2,1,1,0,0,0,0
1376,4,zeros-la-1-6,zeros-la-1,133,1376,4,308,128,2,0,0,0,32,8,0,4,8,128,64,16,2,32,8,4,4,2,2,3,1,2,1,1,0,0,0,0
1376,3,zeros-la-1-6,zeros-la-1,134,1376,3,310,128,0,0,2,2,0,32,8,4,8,128,64,16,2,32,8,4,3,3,2,3,1,2,1,1,0,0,0,0
1380,3,zeros-la-1-6,zeros-la-1,135,1380,3,314,128,0,0,4,4,0,32,8,4,8,128,64,16,2,32,8,4,3,1,4,3,1,2,1,1,0,0,0,0
1388,3,zeros-la-1-6,zeros-la-1,136,1388,3,316,128,0,2,4,0,0,32,8,8,8,128,64,16,2,32,8,4,3,2,2,4,1,2,1,1,0,0,0,0
1404,3,zeros-la-1-6,zeros-la-1,137,1404,3,318,128,0,0,2,4,0,2,32,16,8,128,64,16,2,32,8,4,3,3,2,2,2,2,1,1,0,0,0,0
1436,3,zeros-la-1-6,zeros-la-1,138,1436,3,320,128,8,2,2,4,2,128,32,32,2,32,64,4,0,0,8,0,3,4,2,2,0,3,1,1,0,0,0,0
1504,4,zeros-la-1-6,zeros-la-1,139,1504,4,322,128,8,4,4,0,2,128,64,0,2,32,64,4,8,2,0,0,4,3,3,2,0,1,2,1,0,0,0,0
1636,5,zeros-la-1-6,zeros-la-1,140,1636,5,326,128,8,4,4,4,4,128,128,0,8,32,0,0,0,2,0,4,5,1,5,2,0,1,0,2,0,0,0,0
1900,6,zeros-la-1-6,zeros-la-1,141,1900,6,328,256,0,8,4,8,0,0,4,256,0,2,8,32,0,0,2,4,6,2,3,3,0,1,0,0,1,0,0,0
1908,6,zeros-la-1-6,zeros-la-1,142,1908,6,330,256,0,0,0,8,2,0,8,256,0,8,8,32,0,2,2,4,6,3,1,4,0,1,0,0,1,0,0,0
1928,7,zeros-la-1-6,zeros-la-1,143,1928,7,332,256,0,0,0,8,0,2,8,256,0,0,16,32,2,0,4,4,7,2,2,2,1,1,0,0,1,0,0,0
1936,7,zeros-la-1-6,zeros-la-1,144,1936,7,334,256,0,0,0,8,0,2,8,256,0,0,16,32,2,0,2,8,7,3,0,3,1,1,0,0,1,0,0,0
1940,7,zeros-la-1-6,zeros-la-1,145,1940,7,336,256,0,0,0,8,2,2,8,256,0,0,16,32,0,0,4,8,7,2,1,3,1,1,0,0,1,0,0,0
1944,7,zeros-la-1-6,zeros-la-1,146,1944,7,338,256,0,2,0,8,0,4,8,256,0,0,16,32,0,0,4,8,7,1,2,3,1,1,0,0,1,0,0,0
1944,6,zeros-la-1-6,zeros-la-1,147,1944,6,340,256,0,2,8,8,0,4,16,256,0,0,4,32,0,0,2,8,6,2,2,3,1,1,0,0,1,0,0,0
1960,6,zeros-la-1-6,zeros-la-1,148,1960,6,342,256,2,16,0,2,4,16,256,0,4,32,0,0,2,8,0,0,6,3,2,1,2,1,0,0,1,0,0,0
2000,7,zeros-la-1-6,zeros-la-1,149,2000,7,344,256,0,0,0,0,2,32,2,0,8,32,0,0,2,8,256,2,7,4,0,2,0,2,0,0,1,0,0,0
2064,7,zeros-la-1-6,zeros-la-1,150,2064,7,346,256,2,64,2,2,8,8,256,0,2,0,0,0,0,0,0,2,7,5,0,2,0,0,1,0,1,0,0,0
2084,8,zeros-la-1-6,zeros-la-1,151,2084,8,348,256,0,2,64,4,0,0,16,256,0,0,0,2,2,0,0,2,8,4,1,0,1,0,1,0,1,0,0,0
2088,8,zeros-la-1-6,zeros-la-1,152,2088,8,350,256,2,2,64,4,0,0,16,256,0,2,0,4,0,0,0,0,8,3,2,0,1,0,1,0,1,0,0,0
2092,8,zeros-la-1-6,zeros-la-1,153,2092,8,352,256,2,4,64,4,0,0,16,256,0,0,0,4,0,0,0,2,8,2,3,0,1,0,1,0,1,0,0,0
2092,7,zeros-la-1-6,zeros-la-1,154,2092,7,354,256,2,4,64,4,0,0,16,256,0,0,2,4,0,0,0,2,7,3,3,0,1,0,1,0,1,0,0,0
2092,6,zeros-la-1-6,zeros-la-1,155,2092,6,356,256,2,4,64,4,16,256,0,2,2,4,0,0,2,0,0,0,6,4,3,0,1,0,1,0,1,0,0,0
2096,6,zeros-la-1-6,zeros-la-1,156,2096,6,358,256,0,0,2,0,2,4,0,0,16,256,0,4,4,4,64,2,6,3,4,0,1,0,1,0,1,0,0,0
2104,6,zeros-la-1-6,zeros-la-1,157,2104,6,360,256,2,0,0,2,2,4,0,0,16,256,4,0,8,64,2,0,6,4,2,1,1,0,1,0,1,0,0,0
2108,6,zeros-la-1-6,zeros-la-1,158,2108,6,362,256,0,2,0,0,4,4,0,0,16,256,4,0,8,64,2,2,6,3,3,1,1,0,1,0,1,0,0,0
2120,7,zeros-la-1-6,zeros-la-1,159,2120,7,364,256,0,0,0,2,0,2,0,8,0,16,256,4,0,8,64,4,7,2,2,2,1,0,1,0,1,0,0,0
2128,7,zeros-la-1-6,zeros-la-1,160,2128,7,366,256,0,2,0,0,0,2,0,2,0,16,256,8,0,8,64,8,7,3,0,3,1,0,1,0,1,0,0,0
2148,8,zeros-la-1-6,zeros-la-1,161,2148,8,368,256,0,2,0,0,0,4,0,0,0,16,256,2,0,8,64,16,8,2,1,1,2,0,1,0,1,0,0,0
2148,7,zeros-la-1-6,zeros-la-1,162,2148,7,372,256,2,0,0,4,4,0,0,0,16,256,2,0,8,64,16,0,7,2,2,1,2,0,1,0,1,0,0,0
2148,6,zeros-la-1-6,zeros-la-1,163,2148,6,374,256,2,0,0,0,4,0,0,0,16,256,2,2,8,64,16,4,6,3,2,1,2,0,1,0,1,0,0,0
2152,6,zeros-la-1-6,zeros-la-1,164,2152,6,376,256,0,0,0,2,2,0,0,4,0,16,256,4,8,64,16,4,6,2,3,1,2,0,1,0,1,0,0,0
2160,6,zeros-la-1-6,zeros-la-1,165,2160,6,378,256,0,0,2,0,0,0,0,2,2,16,256,4,8,64,16,8,6,3,1,2,2,0,1,0,1,0,0,0
2160,5,zeros-la-1-6,zeros-la-1,166,2160,5,380,256,0,2,0,2,0,0,0,2,2,16,256,4,8,64,16,8,5,4,1,2,2,0,1,0,1,0,0,0
2164,5,zeros-la-1-6,zeros-la-1,167,2164,5,384,256,2,2,256,4,8,16,16,4,4,64,0,8,0,0,0,0,5,2,3,2,2,0,1,0,1,0,0,0
2200,6,zeros-la-1-6,zeros-la-1,168,2200,6,386,256,0,4,256,4,0,8,32,4,0,4,64,8,2,0,0,0,6,1,4,2,0,1,1,0,1,0,0,0
2208,6,zeros-la-1-6,zeros-la-1,169,2208,6,388,256,2,4,256,8,0,8,32,8,2,4,64,0,0,0,0,0,6,2,2,3,0,1,1,0,1,0,0,0
2228,7,zeros-la-1-6,zeros-la-1,170,2228,7,390,256,0,0,0,0,2,4,256,0,0,8,32,0,4,4,64,16,7,1,3,1,1,1,1,0,1,0,0,0
2236,7,zeros-la-1-6,zeros-la-1,171,2236,7,392,256,2,0,0,0,2,4,256,0,8,32,0,0,8,64,16,0,7,2,1,2,1,1,1,0,1,0,0,0
2256,8,zeros-la-1-6,zeros-la-1,172,2256,8,394,256,4,4,256,0,16,32,16,0,0,64,0,0,2,0,0,0,8,1,2,0,2,1,1,0,1,0,0,0
2264,8,zeros-la-1-6,zeros-la-1,173,2264,8,396,256,0,0,8,256,0,16,32,16,0,0,0,64,2,0,0,2,8,2,0,1,2,1,1,0,1,0,0,0
2268,8,zeros-la-1-6,zeros-la-1,174,2268,8,398,256,0,0,8,256,0,16,32,16,0,0,0,64,2,0,0,4,8,1,1,1,2,1,1,0,1,0,0,0
2268,7,zeros-la-1-6,zeros-la-1,175,2268,7,400,256,2,16,8,256,0,0,32,16,0,2,0,64,0,0,0,4,7,2,1,1,2,1,1,0,1,0,0,0
2268,6,zeros-la-1-6,zeros-la-1,176,2268,6,402,256,2,16,8,256,32,16,0,0,2,64,0,0,4,2,0,0,6,3,1,1,2,1,1,0,1,0,0,0
2300,6,zeros-la-1-6,zeros-la-1,177,2300,6,404,256,2,0,0,0,32,32,2,0,2,64,0,0,4,2,8,256,6,4,1,1,0,2,1,0,1,0,0,0
2364,6,zeros-la-1-6,zeros-la-1,178,2364,6,406,256,2,0,0,0,64,2,0,2,2,64,0,0,4,2,8,256,6,5,1,1,0,0,2,0,1,0,0,0
2368,6,zeros-la-1-6,zeros-la-1,179,2368,6,408,256,0,0,2,2,0,0,64,4,0,0,2,64,4,2,8,256,6,4,2,1,0,0,2,0,1,0,0,0
2372,6,zeros-la-1-6,zeros-la-1,180,2372,6,410,256,0,0,0,4,0,0,64,4,0,2,2,64,4,2,8,256,6,3,3,1,0,0,2,0,1,0,0,0
2384,7,zeros-la-1-6,zeros-la-1,181,2384,7,412,256,0,0,2,0,0,0,64,8,0,0,2,64,4,4,8,256,7,2,2,2,0,0,2,0,1,0,0,0
2392,7,zeros-la-1-6,zeros-la-1,182,2392,7,414,256,2,2,0,0,64,8,0,0,2,64,0,0,8,8,256,0,7,3,0,3,0,0,2,0,1,0,0,0
2412,8,zeros-la-1-6,zeros-la-1,183,2412,8,416,256,0,0,0,4,0,2,64,8,0,0,2,64,0,0,16,256,8,2,1,1,1,0,2,0,1,0,0,0
2412,7,zeros-la-1-6,zeros-la-1,184,2412,7,420,256,4,0,0,0,2,64,8,0,2,64,0,4,16,256,0,0,7,2,2,1,1,0,2,0,1,0,0,0
2544,8,zeros-la-1-6,zeros-la-1,185,2544,8,422,256,0,2,0,0,4,0,0,0,4,128,0,0,16,256,8,4,8,1,3,1,1,0,0,1,1,0,0,0
2552,8,zeros-la-1-6,zeros-la-1,186,2552,8,424,256,8,2,8,4,16,128,0,0,0,256,0,0,2,0,0,0,8,2,1,2,1,0,0,1,1,0,0,0
2552,7,zeros-la-1-6,zeros-la-1,187,2552,7,426,256,8,2,8,4,16,128,0,0,256,0,2,0,2,0,0,0,7,3,1,2,1,0,0,1,1,0,0,0
2552,6,zeros-la-1-6,zeros-la-1,188,2552,6,428,256,8,2,8,4,0,0,16,128,2,0,256,2,0,0,0,2,6,4,1,2,1,0,0,1,1,0,0,0
2556,6,zeros-la-1-6,zeros-la-1,189,2556,6,430,256,8,2,8,4,2,0,16,128,0,2,256,4,0,0,0,0,6,3,2,2,1,0,0,1,1,0,0,0
2560,6,zeros-la-1-6,zeros-la-1,190,2560,6,432,256,8,4,8,4,2,0,16,128,0,0,256,4,2,0,0,0,6,2,3,2,1,0,0,1,1,0,0,0
2564,6,zeros-la-1-6,zeros-la-1,191,2564,6,436,256,0,0,4,0,0,0,8,4,8,0,16,128,4,4,256,4,6,0,5,2,1,0,0,1,1,0,0,0
2572,6,zeros-la-1-6,zeros-la-1,192,2572,6,438,256,0,0,0,4,0,0,8,4,2,8,16,128,0,8,256,4,6,1,3,3,1,0,0,1,1,0,0,0
2596,7,zeros-la-1-6,zeros-la-1,193,2596,7,440,256,2,16,8,8,0,0,16,128,0,0,256,4,0,2,0,0,7,2,1,2,2,0,0,1,1,0,0,0
2612,7,zeros-la-1-6,zeros-la-1,194,2612,7,442,256,0,2,16,16,0,0,16,128,0,2,256,4,0,0,0,2,7,3,1,0,3,0,0,1,1,0,0,0
2648,8,zeros-la-1-6,zeros-la-1,195,2648,8,444,256,0,4,32,16,0,0,256,128,0,0,0,4,2,0,0,2,8,2,2,0,1,1,0,1,1,0,0,0
2652,8,zeros-la-1-6,zeros-la-1,196,2652,8,446,256,0,4,32,16,0,0,256,128,0,0,0,4,0,2,0,4,8,1,3,0,1,1,0,1,1,0,0,0
2660,8,zeros-la-1-6,zeros-la-1,197,2660,8,448,256,0,4,32,16,0,2,256,128,2,0,0,8,0,0,0,0,8,2,1,1,1,1,0,1,1,0,0,0
2660,7,zeros-la-1-6,zeros-la-1,198,2660,7,450,256,0,0,2,0,0,0,0,16,0,4,32,128,2,2,256,8,7,3,1,1,1,1,0,1,1,0,0,0
2664,7,zeros-la-1-6,zeros-la-1,199,2664,7,452,256,2,0,0,0,16,0,0,0,4,32,128,2,4,256,8,0,7,2,2,1,1,1,0,1,1,0,0,0
2672,7,zeros-la-1-6,zeros-la-1,200,2672,7,454,256,2,0,0,0,2,0,0,0,16,32,128,0,8,256,8,2,7,3,0,2,1,1,0,1,1,0,0,0
2676,7,zeros-la-1-6,zeros-la-1,201,2676,7,456,256,0,0,0,0,4,0,0,0,16,32,128,2,8,256,8,2,7,2,1,2,1,1,0,1,1,0,0,0
2680,7,zeros-la-1-6,zeros-la-1,202,2680,7,458,256,0,0,2,0,4,0,0,0,16,32,128,0,8,256,8,4,7,1,2,2,1,1,0,1,1,0,0,0
2680,6,zeros-la-1-6,zeros-la-1,203,2680,6,460,256,4,32,2,4,16,256,128,0,8,0,8,0,0,2,0,0,6,2,2,2,1,1,0,1,1,0,0,0
2696,6,zeros-la-1-6,zeros-la-1,204,2696,6,462,256,4,32,2,4,16,256,128,2,16,0,0,0,2,0,0,0,6,3,2,0,2,1,0,1,1,0,0,0
2728,6,zeros-la-1-6,zeros-la-1,205,2728,6,464,256,0,0,2,0,4,0,0,0,32,32,2,4,2,256,128,2,6,4,2,0,0,2,0,1,1,0,0,0
2732,6,zeros-la-1-6,zeros-la-1,206,2732,6,466,256,0,0,0,0,4,0,0,2,32,32,4,4,2,256,128,2,6,3,3,0,0,2,0,1,1,0,0,0
2804,7,zeros-la-1-6,zeros-la-1,207,2804,7,468,256,0,0,0,0,4,2,0,0,64,8,0,2,2,256,128,2,7,4,1,1,0,0,1,1,1,0,0,0
2808,7,zeros-la-1-6,zeros-la-1,208,2808,7,470,256,4,2,128,4,64,8,0,2,2,256,0,0,0,0,0,0,7,3,2,1,0,0,1,1,1,0,0,0
2808,6,zeros-la-1-6,zeros-la-1,209,2808,6,472,256,0,0,0,0,4,2,2,0,64,8,0,4,2,256,128,2,6,4,2,1,0,0,1,1,1,0,0,0
2812,6,zeros-la-1-6,zeros-la-1,210,2812,6,474,256,0,0,2,0,0,0,4,4,0,64,8,4,2,256,128,2,6,3,3,1,0,0,1,1,1,0,0,0
2820,6,zeros-la-1-6,zeros-la-1,211,2820,6,476,256,2,64,2,8,0,256,4,2,0,0,8,2,0,0,128,0,6,4,1,2,0,0,1,1,1,0,0,0
2824,6,zeros-la-1-6,zeros-la-1,212,2824,6,478,256,0,0,2,0,2,0,4,0,0,64,8,8,2,256,128,4,6,3,2,2,0,0,1,1,1,0,0,0
2840,6,zeros-la-1-6,zeros-la-1,213,2840,6,480,256,0,0,0,2,0,0,2,4,2,0,64,16,2,256,128,4,6,4,2,0,1,0,1,1,1,0,0,0
2844,6,zeros-la-1-6,zeros-la-1,214,2844,6,482,256,4,256,2,2,0,2,64,4,0,0,128,16,0,0,0,4,6,3,3,0,1,0,1,1,1,0,0,0
2848,6,zeros-la-1-6,zeros-la-1,215,2848,6,484,256,0,4,256,4,0,2,64,4,0,0,128,16,2,0,0,4,6,2,4,0,1,0,1,1,1,0,0,0
2856,6,zeros-la-1-6,zeros-la-1,216,2856,6,486,256,2,0,0,0,0,0,256,8,0,4,64,16,2,2,128,4,6,3,2,1,1,0,1,1,1,0,0,0
2860,6,zeros-la-1-6,zeros-la-1,217,2860,6,488,256,2,0,0,2,0,0,256,8,0,4,64,16,0,4,128,4,6,2,3,1,1,0,1,1,1,0,0,0
2864,6,zeros-la-1-6,zeros-la-1,218,2864,6,490,256,0,0,2,4,0,0,256,8,0,4,64,16,0,4,128,4,6,1,4,1,1,0,1,1,1,0,0,0
2872,6,zeros-la-1-6,zeros-la-1,219,2872,6,492,256,0,0,2,4,0,0,256,8,0,2,64,16,0,8,128,4,6,2,2,2,1,0,1,1,1,0,0,0
2872,5,zeros-la-1-6,zeros-la-1,220,2872,5,494,256,0,2,2,4,2,8,256,8,0,0,64,16,0,0,128,4,5,3,2,2,1,0,1,1,1,0,0,0
2876,5,zeros-la-1-6,zeros-la-1,221,2876,5,496,256,0,0,4,4,2,8,256,8,0,2,64,16,0,0,128,4,5,2,3,2,1,0,1,1,1,0,0,0
2884,5,zeros-la-1-6,zeros-la-1,222,2884,5,500,256,0,0,4,8,2,8,256,8,0,2,64,16,0,0,128,4,5,2,2,3,1,0,1,1,1,0,0,0
2900,5,zeros-la-1-6,zeros-la-1,223,2900,5,502,256,2,8,4,16,0,2,256,16,0,2,64,4,0,0,128,0,5,3,2,1,2,0,1,1,1,0,0,0
2936,6,zeros-la-1-6,zeros-la-1,224,2936,6,504,256,2,8,4,32,2,4,256,4,0,0,64,0,0,0,128,0,6,2,3,1,0,1,1,1,1,0,0,0
2940,6,zeros-la-1-6,zeros-la-1,225,2940,6,506,256,4,8,4,32,2,4,256,4,0,0,64,0,0,0,128,0,6,1,4,1,0,1,1,1,1,0,0,0
2940,5,zeros-la-1-6,zeros-la-1,226,2940,5,508,256,4,8,4,32,2,4,256,4,0,0,64,2,0,0,128,0,5,2,4,1,0,1,1,1,1,0,0,0
2940,4,zeros-la-1-6,zeros-la-1,227,2940,4,510,256,4,8,4,32,2,4,256,4,0,2,64,2,0,0,128,0,4,3,4,1,0,1,1,1,1,0,0,0
2940,3,zeros-la-1-6,zeros-la-1,228,2940,3,512,256,4,8,4,32,2,4,256,4,0,2,64,2,0,0,2,128,3,4,4,1,0,1,1,1,1,0,0,0
2940,2,zeros-la-1-6,zeros-la-1,229,2940,2,514,256,0,0,4,32,2,8,256,4,4,4,64,2,2,2,2,128,2,5,4,1,0,1,1,1,1,0,0,0
2952,3,zeros-la-1-6,zeros-la-1,230,2952,3,516,256,0,0,4,32,2,8,256,4,0,8,64,2,2,2,4,128,3,4,3,2,0,1,1,1,1,0,0,0
2972,4,zeros-la-1-6,zeros-la-1,231,2972,4,518,256,4,16,4,32,0,2,256,4,0,0,64,2,0,2,4,128,4,3,4,0,1,1,1,1,1,0,0,0
2976,4,zeros-la-1-6,zeros-la-1,232,2976,4,522,256,0,0,4,32,4,0,256,4,0,16,64,2,4,4,4,128,4,1,6,0,1,1,1,1,1,0,0,0
2984,4,zeros-la-1-6,zeros-la-1,233,2984,4,524,256,4,32,0,0,4,256,4,0,16,64,2,2,8,4,128,0,4,2,4,1,1,1,1,1,1,0,0,0
2988,4,zeros-la-1-6,zeros-la-1,234,2988,4,528,256,4,32,0,0,4,256,4,0,16,64,4,4,8,4,128,0,4,0,6,1,1,1,1,1,1,0,0,0
3004,5,zeros-la-1-6,zeros-la-1,235,3004,5,530,256,2,32,0,0,8,256,0,0,16,64,8,0,8,4,128,4,5,1,2,3,1,1,1,1,1,0,0,0
3004,4,zeros-la-1-6,zeros-la-1,236,3004,4,532,256,2,0,2,32,0,0,8,256,0,16,64,8,8,4,128,4,4,2,2,3,1,1,1,1,1,0,0,0
3008,4,zeros-la-1-6,zeros-la-1,237,3008,4,534,256,4,32,2,0,8,256,0,0,16,64,8,0,8,4,128,4,4,1,3,3,1,1,1,1,1,0,0,0
3008,3,zeros-la-1-6,zeros-la-1,238,3008,3,536,256,4,32,2,2,8,256,0,0,16,64,8,0,8,4,128,4,3,2,3,3,1,1,1,1,1,0,0,0
3012,3,zeros-la-1-6,zeros-la-1,239,3012,3,540,256,4,32,4,4,8,256,0,0,16,64,8,0,8,4,128,4,3,0,5,3,1,1,1,1,1,0,0,0
3020,3,zeros-la-1-6,zeros-la-1,240,3020,3,542,256,4,32,8,2,8,256,0,0,16,64,8,0,8,4,128,4,3,1,3,4,1,1,1,1,1,0,0,0
3036,3,zeros-la-1-6,zeros-la-1,241,3036,3,544,256,4,32,2,0,8,256,0,0,16,64,16,2,8,4,128,4,3,2,3,2,2,1,1,1,1,0,0,0
3036,2,zeros-la-1-6,zeros-la-1,242,3036,2,546,256,4,32,2,0,8,256,2,0,16,64,16,2,8,4,128,4,2,3,3,2,2,1,1,1,1,0,0,0
3040,2,zeros-la-1-6,zeros-la-1,243,3040,2,548,256,4,32,2,0,8,256,4,0,16,64,16,2,8,4,128,4,2,2,4,2,2,1,1,1,1,0,0,0
3040,1,zeros-la-1-6,zeros-la-1,244,3040,1,550,256,4,32,2,2,8,256,4,4,16,64,16,2,8,4,128,0,1,3,4,2,2,1,1,1,1,0,0,0
3052,2,zeros-la-1-6,zeros-la-1,245,3052,2,552,256,4,32,4,0,8,256,8,0,16,64,16,2,8,4,128,2,2,2,3,3,2,1,1,1,1,0,0,0
3056,2,zeros-la-1-6,zeros-la-1,246,3056,2,554,256,4,32,4,4,8,256,8,0,16,64,16,2,8,4,128,0,2,1,4,3,2,1,1,1,1,0,0,0
3064,2,zeros-la-1-6,zeros-la-1,247,3064,2,558,256,4,32,8,0,8,256,8,4,16,64,16,2,8,4,128,0,2,1,3,4,2,1,1,1,1,0,0,0
3080,2,zeros-la-1-6,zeros-la-1,248,3080,2,560,256,4,32,16,4,8,256,16,2,16,64,128,0,8,4,0,2,2,2,3,2,3,1,1,1,1,0,0,0
3116,3,zeros-la-1-6,zeros-la-1,249,3116,3,562,256,4,32,32,4,8,256,128,4,16,64,0,0,8,4,0,2,3,1,4,2,1,2,1,1,1,0,0,0
3180,3,zeros-la-1-6,zeros-la-1,250,3180,3,564,256,0,4,64,4,8,256,128,4,2,0,16,64,0,8,4,2,3,2,4,2,1,0,2,1,1,0,0,0
3188,3,zeros-la-1-6,zeros-la-1,251,3188,3,568,256,8,4,64,8,2,256,128,64,0,8,16,2,0,0,4,4,3,2,3,3,1,0,2,1,1,0,0,0
3196,3,zeros-la-1-6,zeros-la-1,252,3196,3,572,256,8,4,64,8,2,256,128,64,8,16,2,0,8,0,4,0,3,2,2,4,1,0,2,1,1,0,0,0
3212,3,zeros-la-1-6,zeros-la-1,253,3212,3,574,256,8,4,64,8,2,256,128,64,16,16,2,0,0,2,4,0,3,3,2,2,2,0,2,1,1,0,0,0
3244,3,zeros-la-1-6,zeros-la-1,254,3244,3,576,256,8,4,64,8,2,256,128,64,0,0,32,2,0,2,2,4,3,4,2,2,0,1,2,1,1,0,0,0
3248,3,zeros-la-1-6,zeros-la-1,255,3248,3,578,256,8,4,64,8,2,256,128,64,0,2,32,2,0,0,4,4,3,3,3,2,0,1,2,1,1,0,0,0
3256,3,zeros-la-1-6,zeros-la-1,256,3256,3,580,256,8,4,64,8,2,256,128,64,2,32,2,0,8,0,2,0,3,4,1,3,0,1,2,1,1,0,0,0
3264,4,zeros-la-1-6,zeros-la-1,257,3264,4,582,256,0,2,0,0,8,4,64,0,4,256,128,8,8,32,4,64,4,1,3,3,0,1,2,1,1,0,0,0
3264,3,zeros-la-1-6,zeros-la-1,258,3264,3,584,256,2,2,0,0,8,4,64,0,4,256,128,8,8,32,4,64,3,2,3,3,0,1,2,1,1,0,0,0
3268,3,zeros-la-1-6,zeros-la-1,259,3268,3,588,256,4,0,0,4,8,4,64,0,4,256,128,8,8,32,4,64,3,0,5,3,0,1,2,1,1,0,0,0
3276,3,zeros-la-1-6,zeros-la-1,260,3276,3,590,256,8,0,0,0,8,4,64,2,4,256,128,8,8,32,4,64,3,1,3,4,0,1,2,1,1,0,0,0
3292,3,zeros-la-1-6,zeros-la-1,261,3292,3,592,256,0,0,0,2,16,4,64,2,4,256,128,8,8,32,4,64,3,2,3,2,1,1,2,1,1,0,0,0
3296,3,zeros-la-1-6,zeros-la-1,262,3296,3,594,256,16,4,64,4,4,256,128,8,8,32,4,64,0,2,0,0,3,1,4,2,1,1,2,1,1,0,0,0
3296,2,zeros-la-1-6,zeros-la-1,263,3296,2,596,256,16,4,64,4,4,256,128,8,8,32,4,64,2,0,2,0,2,2,4,2,1,1,2,1,1,0,0,0
3300,2,zeros-la-1-6,zeros-la-1,264,3300,2,600,256,16,4,64,4,4,256,128,8,8,32,4,64,4,0,0,4,2,0,6,2,1,1,2,1,1,0,0,0
3308,2,zeros-la-1-6,zeros-la-1,265,3308,2,602,256,16,4,64,4,4,256,128,8,8,32,4,64,8,0,0,2,2,1,4,3,1,1,2,1,1,0,0,0
3324,2,zeros-la-1-6,zeros-la-1,266,3324,2,604,256,16,4,64,4,4,256,128,8,16,32,4,64,2,0,0,2,2,2,4,1,2,1,2,1,1,0,0,0
3328,2,zeros-la-1-6,zeros-la-1,267,3328,2,608,256,16,4,64,4,4,256,128,8,16,32,4,64,0,0,4,4,2,0,6,1,2,1,2,1,1,0,0,0
3336,2,zeros-la-1-6,zeros-la-1,268,3336,2,610,256,16,4,64,4,4,256,128,8,16,32,4,64,2,0,0,8,2,1,4,2,2,1,2,1,1,0,0,0
3336,1,zeros-la-1-6,zeros-la-1,269,3336,1,612,256,16,0,2,4,4,4,64,8,16,256,128,64,2,32,4,8,1,2,4,2,2,1,2,1,1,0,0,0
3344,1,zeros-la-1-6,zeros-la-1,270,3344,1,616,256,0,16,2,4,4,8,64,8,16,256,128,64,2,32,4,8,1,2,3,3,2,1,2,1,1,0,0,0
3344,0,zeros-la-1-6,zeros-la-1,271,3344,0,620,256,16,2,4,4,4,8,64,8,16,256,128,64,2,32,4,8,0,2,4,3,2,1,2,1,1,0,0,0
3352,0,zeros-la-1-6,zeros-la-1,272,3352,0,622,256,16,2,8,2,4,8,64,8,16,256,128,64,2,32,4,8,0,3,2,4,2,1,2,1,1,0,0,0
0,13,zeros-la-1-7,zeros-la-1,0,0,13,8,4,0,2,0,0,0,4,0,0,0,0,0,2,0,0,0,0,13,2,1,0,0,0,0,0,0,0,0,0
0,12,zeros-la-1-7,zeros-la-1,1,0,12,10,4,0,0,0,0,0,0,0,0,2,2,0,0,0,4,0,2,12,3,1,0,0,0,0,0,0,0,0,0
4,12,zeros-la-1-7,zeros-la-1,2,4,12,12,4,0,0,0,0,0,0,0,0,4,0,0,2,4,2,0,0,12,2,2,0,0,0,0,0,0,0,0,0
12,12,zeros-la-1-7,zeros-la-1,3,12,12,14,8,0,0,0,0,0,0,0,0,0,0,0,2,8,2,0,2,12,3,0,1,0,0,0,0,0,0,0,0
16,12,zeros-la-1-7,zeros-la-1,4,16,12,16,8,0,0,0,0,0,0,0,0,0,0,0,2,2,0,8,4,12,2,1,1,0,0,0,0,0,0,0,0
16,11,zeros-la-1-7,zeros-la-1,5,16,11,18,8,0,0,0,0,0,0,0,0,2,0,2,0,2,8,4,0,11,3,1,1,0,0,0,0,0,0,0,0
20,11,zeros-la-1-7,zeros-la-1,6,20,11,20,8,2,0,0,0,0,0,0,0,0,0,0,4,0,2,8,4,11,2,2,1,0,0,0,0,0,0,0,0
28,11,zeros-la-1-7,zeros-la-1,7,28,11,22,8,0,0,2,0,0,0,0,0,0,0,0,0,2,2,8,8,11,3,0,2,0,0,0,0,0,0,0,0
48,12,zeros-la-1-7,zeros-la-1,8,48,12,24,16,0,0,0,2,2,0,0,0,0,0,0,0,0,0,4,16,12,2,1,0,1,0,0,0,0,0,0,0
48,11,zeros-la-1-7,zeros-la-1,9,48,11,26,16,0,0,2,2,0,0,0,2,0,0,0,0,0,0,4,16,11,3,1,0,1,0,0,0,0,0,0,0
52,11,zeros-la-1-7,zeros-la-1,10,52,11,28,16,0,0,0,4,0,0,0,2,0,0,0,2,0,0,4,16,11,2,2,0,1,0,0,0,0,0,0,0
56,11,zeros-la-1-7,zeros-la-1,11,56,11,32,16,0,0,4,4,0,0,0,4,0,0,4,16,0,0,0,0,11,0,4,0,1,0,0,0,0,0,0,0
72,12,zeros-la-1-7,zeros-la-1,12,72,12,34,16,0,0,8,8,0,0,0,16,0,0,0,0,0,2,0,0,12,1,0,2,1,0,0,0,0,0,0,0
88,12,zeros-la-1-7,zeros-la-1,13,88,12,36,16,16,0,0,0,16,0,0,0,0,0,0,0,2,2,0,0,12,2,0,0,2,0,0,0,0,0,0,0
92,12,zeros-la-1-7,zeros-la-1,14,92,12,40,16,16,0,0,0,16,0,0,4,0,0,0,0,4,0,0,0,12,0,2,0,2,0,0,0,0,0,0,0
124,12,zeros-la-1-7,zeros-la-1,15,124,12,42,32,0,0,0,0,0,0,0,0,32,2,0,0,4,0,0,4,12,1,2,0,0,1,0,0,0,0,0,0
132,12,zeros-la-1-7,zeros-la-1,16,132,12,44,32,0,0,0,0,0,0,0,0,32,2,0,2,8,0,0,0,12,2,0,1,0,1,0,0,0,0,0,0
136,12,zeros-la-1-7,zeros-la-1,17,136,12,48,32,0,0,4,0,0,0,0,0,0,0,32,4,0,0,0,8,12,0,2,1,0,1,0,0,0,0,0,0
136,11,zeros-la-1-7,zeros-la-1,18,136,11,50,32,0,0,4,4,0,0,32,8,0,0,2,0,0,0,0,0,11,1,2,1,0,1,0,0,0,0,0,0
144,11,zeros-la-1-7,zeros-la-1,19,144,11,52,32,0,0,0,8,0,0,32,8,0,2,0,2,0,0,0,0,11,2,0,2,0,1,0,0,0,0,0,0
160,11,zeros-la-1-7,zeros-la-1,20,160,11,56,32,0,2,32,16,0,0,0,2,0,0,0,0,0,0,0,4,11,2,1,0,1,1,0,0,0,0,0,0
160,10,zeros-la-1-7,zeros-la-1,21,160,10,58,32,2,32,16,0,2,0,0,0,0,2,0,0,4,0,0,0,10,3,1,0,1,1,0,0,0,0,0,0
164,10,zeros-la-1-7,zeros-la-1,22,164,10,60,32,0,0,0,0,0,2,0,0,4,32,0,0,4,2,16,0,10,2,2,0,1,1,0,0,0,0,0,0
172,10,zeros-la-1-7,zeros-la-1,23,172,10,62,32,8,2,16,0,0,32,0,0,2,2,0,0,0,0,0,0,10,3,0,1,1,1,0,0,0,0,0,0
176,10,zeros-la-1-7,zeros-la-1,24,176,10,64,32,8,2,16,0,32,0,0,0,4,2,0,0,0,0,0,0,10,2,1,1,1,1,0,0,0,0,0,0
180,10,zeros-la-1-7,zeros-la-1,25,180,10,66,32,0,2,0,0,8,0,0,0,32,0,0,0,4,4,16,0,10,1,2,1,1,1,0,0,0,0,0,0
188,10,zeros-la-1-7,zeros-la-1,26,188,10,70,32,0,0,0,2,4,0,0,8,0,0,0,32,0,0,8,16,10,1,1,2,1,1,0,0,0,0,0,0
188,9,zeros-la-1-7,zeros-la-1,27,188,9,72,32,0,0,0,2,0,0,4,8,0,0,2,32,0,0,8,16,9,2,1,2,1,1,0,0,0,0,0,0
188,8,zeros-la-1-7,zeros-la-1,28,188,8,74,32,0,0,0,2,0,0,4,8,0,0,2,32,2,0,8,16,8,3,1,2,1,1,0,0,0,0,0,0
188,7,zeros-la-1-7,zeros-la-1,29,188,7,76,32,2,0,0,2,0,0,4,8,0,0,2,32,0,2,8,16,7,4,1,2,1,1,0,0,0,0,0,0
192,7,zeros-la-1-7,zeros-la-1,30,192,7,78,32,4,2,0,0,4,8,0,0,2,32,0,0,2,8,16,0,7,3,2,2,1,1,0,0,0,0,0,0
204,8,zeros-la-1-7,zeros-la-1,31,204,8,80,32,8,2,16,0,4,8,0,0,0,32,0,2,0,8,0,0,8,2,1,3,1,1,0,0,0,0,0,0
204,7,zeros-la-1-7,zeros-la-1,32,204,7,82,32,2,8,2,16,0,0,4,8,0,0,32,2,0,0,0,8,7,3,1,3,1,1,0,0,0,0,0,0
204,6,zeros-la-1-7,zeros-la-1,33,204,6,86,32,4,0,0,16,0,0,2,8,0,0,4,2,2,8,32,8,6,3,2,3,1,1,0,0,0,0,0,0
204,5,zeros-la-1-7,zeros-la-1,34,204,5,88,32,0,0,0,16,2,0,2,8,4,0,4,2,2,8,32,8,5,4,2,3,1,1,0,0,0,0,0,0
216,6,zeros-la-1-7,zeros-la-1,35,216,6,90,32,16,0,2,0,4,8,0,0,8,2,0,0,2,8,32,8,6,3,1,4,1,1,0,0,0,0,0,0
216,5,zeros-la-1-7,zeros-la-1,36,216,5,92,32,16,0,0,2,4,8,0,0,8,2,2,0,2,8,32,8,5,4,1,4,1,1,0,0,0,0,0,0
220,5,zeros-la-1-7,zeros-la-1,37,220,5,94,32,16,2,0,0,4,8,0,0,8,4,0,2,2,8,32,8,5,3,2,4,1,1,0,0,0,0,0,0
220,4,zeros-la-1-7,zeros-la-1,38,220,4,96,32,2,0,16,2,0,0,4,8,0,8,4,2,2,8,32,8,4,4,2,4,1,1,0,0,0,0,0,0
248,6,zeros-la-1-7,zeros-la-1,39,248,6,98,32,4,16,16,2,0,0,8,8,2,0,32,2,0,0,0,8,6,3,1,3,2,1,0,0,0,0,0,0
296,7,zeros-la-1-7,zeros-la-1,40,296,7,100,32,0,4,32,2,2,0,0,16,0,2,32,2,0,0,0,8,7,4,1,1,1,2,0,0,0,0,0,0
360,7,zeros-la-1-7,zeros-la-1,41,360,7,102,64,0,0,0,2,0,0,0,16,2,4,0,2,2,2,64,8,7,5,1,1,1,0,1,0,0,0,0,0
364,7,zeros-la-1-7,zeros-la-1,42,364,7,106,64,0,0,0,2,0,0,4,16,0,2,4,2,0,4,64,8,7,3,3,1,1,0,1,0,0,0,0,0
372,7,zeros-la-1-7,zeros-la-1,43,372,7,108,64,0,0,0,2,0,2,0,16,0,2,8,2,0,4,64,8,7,4,1,2,1,0,1,0,0,0,0,0
376,7,zeros-la-1-7,zeros-la-1,44,376,7,110,64,0,0,0,2,0,0,2,16,0,4,8,2,0,4,64,8,7,3,2,2,1,0,1,0,0,0,0,0
384,7,zeros-la-1-7,zeros-la-1,45,384,7,112,64,0,8,2,2,0,0,8,16,0,0,64,2,0,0,2,8,7,4,0,3,1,0,1,0,0,0,0,0
388,7,zeros-la-1-7,zeros-la-1,46,388,7,114,64,0,0,8,4,0,0,8,16,2,0,64,2,0,0,2,8,7,3,1,3,1,0,1,0,0,0,0,0
404,7,zeros-la-1-7,zeros-la-1,47,404,7,116,64,0,0,2,4,0,0,16,16,0,0,64,2,2,0,2,8,7,4,1,1,2,0,1,0,0,0,0,0
440,8,zeros-la-1-7,zeros-la-1,48,440,8,118,64,2,4,0,0,32,0,0,0,64,2,0,0,4,8,2,0,8,3,2,1,0,1,1,0,0,0,0,0
440,7,zeros-la-1-7,zeros-la-1,49,440,7,120,64,0,0,2,4,0,2,0,32,0,0,64,2,0,4,8,2,7,4,2,1,0,1,1,0,0,0,0,0
444,7,zeros-la-1-7,zeros-la-1,50,444,7,122,64,2,0,0,0,0,0,2,4,0,2,64,32,0,4,8,4,7,3,3,1,0,1,1,0,0,0,0,0
444,6,zeros-la-1-7,zeros-la-1,51,444,6,124,64,2,0,0,2,2,4,0,0,2,64,32,0,4,8,4,0,6,4,3,1,0,1,1,0,0,0,0,0
448,6,zeros-la-1-7,zeros-la-1,52,448,6,126,64,4,4,32,2,2,64,4,0,4,8,0,2,0,0,0,0,6,3,4,1,0,1,1,0,0,0,0,0
452,6,zeros-la-1-7,zeros-la-1,53,452,6,128,64,0,0,0,2,4,4,0,0,2,64,32,0,4,8,4,4,6,2,5,1,0,1,1,0,0,0,0,0
468,7,zeros-la-1-7,zeros-la-1,54,468,7,130,64,0,0,0,2,0,0,0,8,2,2,64,32,0,4,8,8,7,3,1,3,0,1,1,0,0,0,0,0
488,8,zeros-la-1-7,zeros-la-1,55,488,8,132,64,2,0,0,0,8,0,0,0,4,64,32,0,4,16,2,0,8,2,2,1,1,1,1,0,0,0,0,0
496,8,zeros-la-1-7,zeros-la-1,56,496,8,134,64,0,0,0,0,2,2,0,0,8,64,32,0,8,16,2,0,8,3,0,2,1,1,1,0,0,0,0,0
500,8,zeros-la-1-7,zeros-la-1,57,500,8,136,64,0,0,0,0,0,2,0,4,0,8,64,32,0,8,16,2,8,2,1,2,1,1,1,0,0,0,0,0
516,8,zeros-la-1-7,zeros-la-1,58,516,8,138,64,0,2,64,4,0,16,16,32,2,0,0,2,0,0,0,0,8,3,1,0,2,1,1,0,0,0,0,0
552,9,zeros-la-1-7,zeros-la-1,59,552,9,140,64,2,64,4,0,32,32,0,0,4,0,0,0,0,0,0,2,9,2,2,0,0,2,1,0,0,0,0,0
616,9,zeros-la-1-7,zeros-la-1,60,616,9,142,64,0,2,64,4,0,2,0,64,0,0,0,4,0,0,0,2,9,3,2,0,0,0,2,0,0,0,0,0
620,9,zeros-la-1-7,zeros-la-1,61,620,9,144,64,0,4,64,4,0,0,0,64,0,0,0,4,2,0,0,2,9,2,3,0,0,0,2,0,0,0,0,0
624,9,zeros-la-1-7,zeros-la-1,62,624,9,146,64,4,64,4,0,64,0,0,0,4,0,0,2,4,0,0,0,9,1,4,0,0,0,2,0,0,0,0,0
632,9,zeros-la-1-7,zeros-la-1,63,632,9,150,64,0,0,0,0,4,0,0,0,64,4,0,0,8,64,4,2,9,1,3,1,0,0,2,0,0,0,0,0
632,8,zeros-la-1-7,zeros-la-1,64,632,8,152,64,4,4,4,2,64,64,0,0,8,0,0,0,2,0,0,0,8,2,3,1,0,0,2,0,0,0,0,0
768,9,zeros-la-1-7,zeros-la-1,65,768,9,154,128,8,4,2,0,128,2,0,0,8,0,0,0,2,0,0,0,9,3,1,2,0,0,0,1,0,0,0,0
768,8,zeros-la-1-7,zeros-la-1,66,768,8,156,128,8,4,2,0,128,2,0,0,8,0,0,0,2,0,2,0,8,4,1,2,0,0,0,1,0,0,0,0
772,8,zeros-la-1-7,zeros-la-1,67,772,8,158,128,8,0,2,0,128,0,0,0,8,4,0,0,2,2,4,0,8,3,2,2,0,0,0,1,0,0,0,0
776,8,zeros-la-1-7,zeros-la-1,68,776,8,160,128,0,0,8,2,0,0,0,128,0,0,8,4,0,2,4,4,8,2,3,2,0,0,0,1,0,0,0,0
800,9,zeros-la-1-7,zeros-la-1,69,800,9,162,128,0,0,0,0,0,0,2,2,0,0,16,128,0,2,4,8,9,3,1,1,1,0,0,1,0,0,0,0
804,9,zeros-la-1-7,zeros-la-1,70,804,9,164,128,2,0,0,0,4,0,0,0,16,128,0,0,2,4,8,0,9,2,2,1,1,0,0,1,0,0,0,0
804,8,zeros-la-1-7,zeros-la-1,71,804,8,168,128,0,0,4,2,0,0,0,4,0,0,16,128,0,2,4,8,8,2,3,1,1,0,0,1,0,0,0,0
804,7,zeros-la-1-7,zeros-la-1,72,804,7,170,128,0,0,0,2,0,0,4,4,0,0,16,128,2,2,4,8,7,3,3,1,1,0,0,1,0,0,0,0
816,8,zeros-la-1-7,zeros-la-1,73,816,8,172,128,0,0,0,2,0,0,0,8,2,0,16,128,0,4,4,8,8,2,2,2,1,0,0,1,0,0,0,0
824,8,zeros-la-1-7,zeros-la-1,74,824,8,174,128,2,0,0,0,8,0,0,0,2,16,128,2,8,8,0,0,8,3,0,3,1,0,0,1,0,0,0,0
840,8,zeros-la-1-7,zeros-la-1,75,840,8,176,128,2,0,2,0,8,0,0,0,2,16,128,2,16,0,0,0,8,4,0,1,2,0,0,1,0,0,0,0
844,8,zeros-la-1-7,zeros-la-1,76,844,8,178,128,0,2,0,4,0,0,0,8,2,16,128,2,0,0,0,16,8,3,1,1,2,0,0,1,0,0,0,0
844,7,zeros-la-1-7,zeros-la-1,77,844,7,180,128,2,2,128,4,0,16,0,8,0,0,0,2,2,0,0,16,7,4,1,1,2,0,0,1,0,0,0,0
848,7,zeros-la-1-7,zeros-la-1,78,848,7,184,128,4,2,128,4,0,16,4,8,0,0,0,2,0,0,0,16,7,2,3,1,2,0,0,1,0,0,0,0
848,6,zeros-la-1-7,zeros-la-1,79,848,6,186,128,4,2,128,4,16,4,8,0,2,0,0,2,16,0,0,0,6,3,3,1,2,0,0,1,0,0,0,0
852,6,zeros-la-1-7,zeros-la-1,80,852,6,188,128,4,2,128,4,16,4,8,0,4,0,2,0,16,0,0,0,6,2,4,1,2,0,0,1,0,0,0,0
852,5,zeros-la-1-7,zeros-la-1,81,852,5,190,128,4,2,128,4,2,16,4,8,0,0,4,2,0,0,0,16,5,3,4,1,2,0,0,1,0,0,0,0
860,5,zeros-la-1-7,zeros-la-1,82,860,5,192,128,4,2,128,4,2,16,8,8,0,2,0,2,0,0,0,16,5,4,2,2,2,0,0,1,0,0,0,0
880,6,zeros-la-1-7,zeros-la-1,83,880,6,194,128,4,2,128,4,0,2,16,16,0,0,0,4,2,0,0,16,6,3,3,0,3,0,0,1,0,0,0,0
884,6,zeros-la-1-7,zeros-la-1,84,884,6,196,128,4,4,128,4,2,0,16,16,0,0,0,4,0,2,0,16,6,2,4,0,3,0,0,1,0,0,0,0
924,7,zeros-la-1-7,zeros-la-1,85,924,7,198,128,0,8,128,4,0,0,2,32,0,2,0,4,0,0,2,16,7,3,2,1,1,1,0,1,0,0,0,0
928,7,zeros-la-1-7,zeros-la-1,86,928,7,200,128,0,0,0,4,0,0,2,32,0,8,128,4,0,2,4,16,7,2,3,1,1,1,0,1,0,0,0,0
928,6,zeros-la-1-7,zeros-la-1,87,928,6,202,128,0,8,2,4,0,2,128,32,0,0,4,4,2,0,0,16,6,3,3,1,1,1,0,1,0,0,0,0
936,6,zeros-la-1-7,zeros-la-1,88,936,6,204,128,2,8,2,4,0,2,128,32,0,0,0,8,0,0,2,16,6,4,1,2,1,1,0,1,0,0,0,0
936,5,zeros-la-1-7,zeros-la-1,89,936,5,206,128,2,8,2,4,0,2,128,32,0,2,2,8,0,0,0,16,5,5,1,2,1,1,0,1,0,0,0,0
940,5,zeros-la-1-7,zeros-la-1,90,940,5,208,128,2,8,2,4,2,128,32,0,4,8,0,2,16,0,0,0,5,4,2,2,1,1,0,1,0,0,0,0
944,5,zeros-la-1-7,zeros-la-1,91,944,5,210,128,4,8,2,4,4,128,32,2,16,8,2,0,0,0,0,0,5,3,3,2,1,1,0,1,0,0,0,0
952,5,zeros-la-1-7,zeros-la-1,92,952,5,212,128,8,8,2,4,16,128,32,2,0,8,2,0,2,0,0,0,5,4,1,3,1,1,0,1,0,0,0,0
968,5,zeros-la-1-7,zeros-la-1,93,968,5,214,128,16,2,4,0,16,128,32,2,8,2,0,0,2,0,2,0,5,5,1,1,2,1,0,1,0,0,0,0
1000,5,zeros-la-1-7,zeros-la-1,94,1000,5,216,128,32,2,4,2,8,128,32,0,2,2,2,2,0,0,0,0,5,6,1,1,0,2,0,1,0,0,0,0
1008,6,zeros-la-1-7,zeros-la-1,95,1008,6,220,128,32,2,4,2,8,128,32,0,4,4,4,0,0,0,0,0,6,2,4,1,0,2,0,1,0,0,0,0
1016,6,zeros-la-1-7,zeros-la-1,96,1016,6,222,128,32,2,4,2,8,128,32,0,8,4,0,2,0,0,0,0,6,3,2,2,0,2,0,1,0,0,0,0
1036,7,zeros-la-1-7,zeros-la-1,97,1036,7,224,128,32,2,4,4,16,128,32,0,2,4,0,0,0,0,0,0,7,2,3,0,1,2,0,1,0,0,0,0
1044,7,zeros-la-1-7,zeros-la-1,98,1044,7,228,128,32,2,8,0,16,128,32,0,2,4,0,0,4,0,0,0,7,2,2,1,1,2,0,1,0,0,0,0
1044,6,zeros-la-1-7,zeros-la-1,99,1044,6,230,128,0,32,2,8,0,16,128,32,0,2,2,4,0,0,0,4,6,3,2,1,1,2,0,1,0,0,0,0
1048,6,zeros-la-1-7,zeros-la-1,100,1048,6,232,128,32,2,8,0,16,128,32,0,4,4,0,2,4,0,0,0,6,2,3,1,1,2,0,1,0,0,0,0
1056,6,zeros-la-1-7,zeros-la-1,101,1056,6,234,128,32,2,8,2,16,128,32,2,8,4,0,0,0,0,0,0,6,3,1,2,1,2,0,1,0,0,0,0
1060,6,zeros-la-1-7,zeros-la-1,102,1060,6,238,128,0,0,0,4,32,2,0,0,16,128,8,0,8,4,32,4,6,1,3,2,1,2,0,1,0,0,0,0
1068,6,zeros-la-1-7,zeros-la-1,103,1068,6,240,128,32,2,8,8,16,128,32,2,8,4,0,0,0,0,0,0,6,2,1,3,1,2,0,1,0,0,0,0
1084,6,zeros-la-1-7,zeros-la-1,104,1084,6,244,128,0,32,2,16,16,128,32,2,0,0,8,4,4,0,0,0,6,2,2,1,2,2,0,1,0,0,0,0
1084,5,zeros-la-1-7,zeros-la-1,105,1084,5,246,128,2,0,0,0,0,0,2,16,16,32,32,2,4,128,8,4,5,3,2,1,2,2,0,1,0,0,0,0
1148,5,zeros-la-1-7,zeros-la-1,106,1148,5,248,128,2,0,0,2,2,16,0,0,16,64,2,0,4,128,8,4,5,4,2,1,2,0,1,1,0,0,0,0
1152,5,zeros-la-1-7,zeros-la-1,107,1152,5,250,128,0,2,0,0,4,16,0,0,16,64,2,2,4,128,8,4,5,3,3,1,2,0,1,1,0,0,0,0
1156,5,zeros-la-1-7,zeros-la-1,108,1156,5,252,128,0,0,0,2,0,2,4,16,0,16,64,4,4,128,8,4,5,2,4,1,2,0,1,1,0,0,0,0
1164,5,zeros-la-1-7,zeros-la-1,109,1164,5,254,128,2,0,0,0,0,2,4,2,0,16,64,16,4,128,8,8,5,3,2,2,2,0,1,1,0,0,0,0
1180,5,zeros-la-1-7,zeros-la-1,110,1180,5,256,128,0,0,0,2,0,2,4,2,2,16,64,16,0,4,128,16,5,4,2,0,3,0,1,1,0,0,0,0
1216,6,zeros-la-1-7,zeros-la-1,111,1216,6,258,128,2,2,4,4,0,16,64,32,0,4,128,2,0,0,0,0,6,3,3,0,1,1,1,1,0,0,0,0
1228,7,zeros-la-1-7,zeros-la-1,112,1228,7,260,128,0,0,4,8,0,16,64,32,0,4,128,2,0,2,0,0,7,2,2,1,1,1,1,1,0,0,0,0
1228,6,zeros-la-1-7,zeros-la-1,113,1228,6,262,128,2,0,4,8,0,16,64,32,0,4,128,2,0,0,0,2,6,3,2,1,1,1,1,1,0,0,0,0
1232,6,zeros-la-1-7,zeros-la-1,114,1232,6,264,128,0,0,0,0,0,2,4,8,0,16,64,32,2,4,128,4,6,2,3,1,1,1,1,1,0,0,0,0
1232,5,zeros-la-1-7,zeros-la-1,115,1232,5,266,128,2,2,4,8,0,16,64,32,0,4,128,4,2,0,0,0,5,3,3,1,1,1,1,1,0,0,0,0
1236,5,zeros-la-1-7,zeros-la-1,116,1236,5,268,128,0,4,4,8,0,16,64,32,0,4,128,4,0,0,2,2,5,2,4,1,1,1,1,1,0,0,0,0
1248,6,zeros-la-1-7,zeros-la-1,117,1248,6,270,128,0,2,8,8,0,16,64,32,0,4,128,4,0,0,0,4,6,1,3,2,1,1,1,1,0,0,0,0
1264,6,zeros-la-1-7,zeros-la-1,118,1264,6,272,128,0,2,2,16,0,16,64,32,0,4,128,4,0,0,0,4,6,2,3,0,2,1,1,1,0,0,0,0
1268,6,zeros-la-1-7,zeros-la-1,119,1268,6,276,128,0,0,4,16,4,16,64,32,0,4,128,4,0,0,0,4,6,0,5,0,2,1,1,1,0,0,0,0
1276,6,zeros-la-1-7,zeros-la-1,120,1276,6,278,128,0,0,2,0,0,0,4,16,0,16,64,32,4,4,128,8,6,1,3,1,2,1,1,1,0,0,0,0
1284,6,zeros-la-1-7,zeros-la-1,121,1284,6,280,128,2,0,0,0,4,16,0,0,16,64,32,2,8,128,8,0,6,2,1,2,2,1,1,1,0,0,0,0
1284,5,zeros-la-1-7,zeros-la-1,122,1284,5,282,128,2,16,32,2,4,64,8,0,16,128,0,0,8,0,2,0,5,3,1,2,2,1,1,1,0,0,0,0
1284,4,zeros-la-1-7,zeros-la-1,123,1284,4,284,128,2,0,0,0,4,16,32,2,16,64,8,0,8,128,2,2,4,4,1,2,2,1,1,1,0,0,0,0
1288,4,zeros-la-1-7,zeros-la-1,124,1288,4,286,128,2,0,0,2,4,16,32,2,16,64,8,0,8,128,4,0,4,3,2,2,2,1,1,1,0,0,0,0
1292,4,zeros-la-1-7,zeros-la-1,125,1292,4,288,128,4,0,2,0,4,16,32,2,16,64,8,0,8,128,4,0,4,2,3,2,2,1,1,1,0,0,0,0
1300,4,zeros-la-1-7,zeros-la-1,126,1300,4,290,128,8,16,2,2,16,64,32,0,8,128,8,0,2,0,4,0,4,3,1,3,2,1,1,1,0,0,0,0
1304,4,zeros-la-1-7,zeros-la-1,127,1304,4,292,128,0,8,16,4,0,16,64,32,0,8,128,8,0,2,2,4,4,2,2,3,2,1,1,1,0,0,0,0
1308,4,zeros-la-1-7,zeros-la-1,128,1308,4,294,128,0,8,16,4,2,16,64,32,0,8,128,8,0,0,4,4,4,1,3,3,2,1,1,1,0,0,0,0
1316,4,zeros-la-1-7,zeros-la-1,129,1316,4,296,128,8,16,4,0,2,16,64,32,8,128,8,2,8,0,0,0,4,2,1,4,2,1,1,1,0,0,0,0
1364,5,zeros-la-1-7,zeros-la-1,130,1364,5,298,128,8,32,4,32,2,128,64,2,16,0,8,0,0,2,0,0,5,3,1,2,1,2,1,1,0,0,0,0
1364,4,zeros-la-1-7,zeros-la-1,131,1364,4,300,128,8,32,4,32,2,128,64,2,16,8,2,0,2,0,0,0,4,4,1,2,1,2,1,1,0,0,0,0
1364,3,zeros-la-1-7,zeros-la-1,132,1364,3,302,128,8,32,4,32,2,128,64,2,16,8,2,2,2,0,0,0,3,5,1,2,1,2,1,1,0,0,0,0
1368,3,zeros-la-1-7,zeros-la-1,133,1368,3,304,128,8,32,4,32,2,128,64,2,16,8,4,2,2,0,0,0,3,4,2,2,1,2,1,1,0,0,0,0
1372,3,zeros-la-1-7,zeros-la-1,134,1372,3,306,128,8,32,4,32,2,128,64,4,16,8,4,2,2,0,0,0,3,3,3,2,1,2,1,1,0,0,0,0
1372,2,zeros-la-1-7,zeros-la-1,135,1372,2,310,128,8,32,4,32,2,128,64,4,16,8,4,2,2,0,0,4,2,3,4,2,1,2,1,1,0,0,0,0
1372,1,zeros-la-1-7,zeros-la-1,136,1372,1,312,128,8,0,2,32,2,32,4,4,16,128,64,2,2,8,4,4,1,4,4,2,1,2,1,1,0,0,0,0
1388,2,zeros-la-1-7,zeros-la-1,137,1388,2,314,128,8,2,32,2,2,32,8,0,16,128,64,2,2,8,8,0,2,5,0,4,1,2,1,1,0,0,0,0
1404,2,zeros-la-1-7,zeros-la-1,138,1404,2,316,128,8,2,32,2,0,2,32,8,16,128,64,2,0,2,2,16,2,6,0,2,2,2,1,1,0,0,0,0
1472,3,zeros-la-1-7,zeros-la-1,139,1472,3,318,128,0,0,0,2,2,4,64,8,8,128,64,2,16,2,2,16,3,5,1,2,2,0,2,1,0,0,0,0
1600,3,zeros-la-1-7,zeros-la-1,140,1600,3,320,128,0,2,0,2,2,4,0,8,8,128,128,2,16,2,2,16,3,6,1,2,2,0,0,2,0,0,0,0
1864,5,zeros-la-1-7,zeros-la-1,141,1864,5,322,256,4,0,0,0,2,4,8,0,8,256,2,2,16,4,16,0,5,3,3,2,2,0,0,0,1,0,0,0
1868,5,zeros-la-1-7,zeros-la-1,142,1868,5,324,256,0,0,0,4,0,2,4,8,2,8,256,4,0,16,4,16,5,2,4,2,2,0,0,0,1,0,0,0
1868,4,zeros-la-1-7,zeros-la-1,143,1868,4,326,256,2,2,4,4,0,8,256,8,0,16,4,4,0,2,0,16,4,3,4,2,2,0,0,0,1,0,0,0
1888,6,zeros-la-1-7,zeros-la-1,144,1888,6,328,256,2,0,4,8,0,8,256,8,0,0,16,8,0,0,2,16,6,2,1,4,2,0,0,0,1,0,0,0
1904,6,zeros-la-1-7,zeros-la-1,145,1904,6,330,256,2,8,4,16,0,0,256,8,0,0,16,16,0,0,2,2,6,3,1,2,3,0,0,0,1,0,0,0
1940,7,zeros-la-1-7,zeros-la-1,146,1940,7,332,256,2,8,4,16,256,8,0,0,32,0,0,2,4,0,0,0,7,2,2,2,1,1,0,0,1,0,0,0
1956,7,zeros-la-1-7,zeros-la-1,147,1956,7,334,256,2,16,4,16,256,0,0,2,32,2,0,0,4,0,0,0,7,3,2,0,2,1,0,0,1,0,0,0
1956,6,zeros-la-1-7,zeros-la-1,148,1956,6,336,256,2,16,4,16,256,2,0,0,32,2,0,2,4,0,0,0,6,4,2,0,2,1,0,0,1,0,0,0
1960,6,zeros-la-1-7,zeros-la-1,149,1960,6,338,256,2,2,0,0,256,0,0,0,32,16,0,16,4,4,4,2,6,3,3,0,2,1,0,0,1,0,0,0
2004,8,zeros-la-1-7,zeros-la-1,150,2004,8,342,256,0,0,0,4,0,0,0,256,4,0,32,32,0,4,8,2,8,1,3,1,0,2,0,0,1,0,0,0
2068,8,zeros-la-1-7,zeros-la-1,151,2068,8,344,256,4,0,0,0,256,0,0,0,4,64,0,2,4,8,2,0,8,2,3,1,0,0,1,0,1,0,0,0
2076,8,zeros-la-1-7,zeros-la-1,152,2076,8,346,256,0,0,0,0,4,2,0,0,256,64,0,0,8,8,2,2,8,3,1,2,0,0,1,0,1,0,0,0
2096,9,zeros-la-1-7,zeros-la-1,153,2096,9,348,256,0,0,0,2,0,0,4,2,0,0,256,64,0,0,16,4,9,2,2,0,1,0,1,0,1,0,0,0
2100,9,zeros-la-1-7,zeros-la-1,154,2100,9,350,256,0,0,4,4,0,0,256,64,2,0,16,4,0,0,0,0,9,1,3,0,1,0,1,0,1,0,0,0
2108,9,zeros-la-1-7,zeros-la-1,155,2108,9,354,256,0,4,0,8,0,0,256,64,0,2,16,4,0,0,0,0,9,1,2,1,1,0,1,0,1,0,0,0
2108,8,zeros-la-1-7,zeros-la-1,156,2108,8,356,256,0,0,0,0,0,0,0,8,0,4,256,64,2,2,16,4,8,2,2,1,1,0,1,0,1,0,0,0
2112,8,zeros-la-1-7,zeros-la-1,157,2112,8,358,256,0,0,0,0,8,0,0,0,4,256,64,2,4,16,4,0,8,1,3,1,1,0,1,0,1,0,0,0
2120,8,zeros-la-1-7,zeros-la-1,158,2120,8,360,256,0,0,0,0,0,0,2,0,8,256,64,0,8,16,4,2,8,2,1,2,1,0,1,0,1,0,0,0
2136,8,zeros-la-1-7,zeros-la-1,159,2136,8,364,256,16,256,2,2,0,16,64,0,4,0,4,0,0,0,0,0,8,2,2,0,2,0,1,0,1,0,0,0
2148,9,zeros-la-1-7,zeros-la-1,160,2148,9,366,256,16,256,4,0,16,64,0,0,8,0,0,2,0,0,0,0,9,1,1,1,2,0,1,0,1,0,0,0
2180,9,zeros-la-1-7,zeros-la-1,161,2180,9,368,256,32,256,4,2,8,64,0,0,0,0,0,0,0,0,0,2,9,2,1,1,0,1,1,0,1,0,0,0
2184,9,zeros-la-1-7,zeros-la-1,162,2184,9,370,256,0,0,0,0,2,0,0,0,32,256,0,0,8,64,4,4,9,1,2,1,0,1,1,0,1,0,0,0
2192,9,zeros-la-1-7,zeros-la-1,163,2192,9,372,256,0,0,0,0,2,2,0,0,32,256,0,0,8,64,8,0,9,2,0,2,0,1,1,0,1,0,0,0
2196,9,zeros-la-1-7,zeros-la-1,164,2196,9,374,256,2,0,0,0,4,0,0,0,32,256,0,0,8,64,8,0,9,1,1,2,0,1,1,0,1,0,0,0
2196,8,zeros-la-1-7,zeros-la-1,165,2196,8,376,256,2,0,0,0,4,0,0,0,32,256,0,2,8,64,8,0,8,2,1,2,0,1,1,0,1,0,0,0
2196,7,zeros-la-1-7,zeros-la-1,166,2196,7,378,256,2,256,8,2,4,64,2,0,32,0,0,0,8,0,0,0,7,3,1,2,0,1,1,0,1,0,0,0
2196,6,zeros-la-1-7,zeros-la-1,167,2196,6,380,256,2,256,8,2,0,4,64,2,0,0,0,32,0,2,0,8,6,4,1,2,0,1,1,0,1,0,0,0
2200,6,zeros-la-1-7,zeros-la-1,168,2200,6,382,256,2,256,8,4,0,4,64,32,0,2,0,8,0,0,0,2,6,3,2,2,0,1,1,0,1,0,0,0
2200,5,zeros-la-1-7,zeros-la-1,169,2200,5,384,256,2,0,0,4,0,256,0,32,0,4,8,8,2,2,64,2,5,4,2,2,0,1,1,0,1,0,0,0
2220,6,zeros-la-1-7,zeros-la-1,170,2220,6,386,256,2,4,0,0,256,32,0,2,4,16,0,0,4,64,2,0,6,3,3,0,1,1,1,0,1,0,0,0
2228,6,zeros-la-1-7,zeros-la-1,171,2228,6,388,256,2,4,2,2,256,32,0,0,8,16,0,0,0,64,0,2,6,4,1,1,1,1,1,0,1,0,0,0
2232,6,zeros-la-1-7,zeros-la-1,172,2232,6,390,256,0,2,4,4,0,2,256,32,0,0,8,16,0,0,64,2,6,3,2,1,1,1,1,0,1,0,0,0
2236,6,zeros-la-1-7,zeros-la-1,173,2236,6,392,256,0,4,4,4,0,2,256,32,0,0,8,16,0,0,64,2,6,2,3,1,1,1,1,0,1,0,0,0
2244,6,zeros-la-1-7,zeros-la-1,174,2244,6,396,256,4,0,4,8,0,2,256,32,0,0,8,16,0,0,64,2,6,2,2,2,1,1,1,0,1,0,0,0
2252,6,zeros-la-1-7,zeros-la-1,175,2252,6,398,256,2,0,8,8,0,2,256,32,0,0,8,16,0,0,64,2,6,3,0,3,1,1,1,0,1,0,0,0
2268,6,zeros-la-1-7,zeros-la-1,176,2268,6,400,256,0,0,2,16,0,2,256,32,0,0,8,16,2,0,64,2,6,4,0,1,2,1,1,0,1,0,0,0
2268,5,zeros-la-1-7,zeros-la-1,177,2268,5,402,256,0,0,2,16,0,2,256,32,0,0,8,16,2,2,64,2,5,5,0,1,2,1,1,0,1,0,0,0
2272,5,zeros-la-1-7,zeros-la-1,178,2272,5,404,256,2,16,0,0,2,256,32,0,8,16,0,2,4,64,2,0,5,4,1,1,2,1,1,0,1,0,0,0
2276,5,zeros-la-1-7,zeros-la-1,179,2276,5,406,256,0,16,2,0,4,256,0,0,8,16,32,0,4,64,2,2,5,3,2,1,2,1,1,0,1,0,0,0
2280,5,zeros-la-1-7,zeros-la-1,180,2280,5,408,256,2,0,16,2,0,0,4,256,0,8,16,32,0,4,64,4,5,2,3,1,2,1,1,0,1,0,0,0
2280,4,zeros-la-1-7,zeros-la-1,181,2280,4,410,256,2,8,16,2,0,4,4,256,0,0,16,32,2,0,64,4,4,3,3,1,2,1,1,0,1,0,0,0
2284,4,zeros-la-1-7,zeros-la-1,182,2284,4,412,256,4,8,16,2,0,4,4,256,2,0,16,32,0,0,64,4,4,2,4,1,2,1,1,0,1,0,0,0
2292,4,zeros-la-1-7,zeros-la-1,183,2292,4,414,256,4,8,16,2,0,2,8,256,0,2,16,32,0,0,64,4,4,3,2,2,2,1,1,0,1,0,0,0
2296,4,zeros-la-1-7,zeros-la-1,184,2296,4,416,256,0,0,16,2,0,2,8,256,0,8,16,32,4,4,64,4,4,2,3,2,2,1,1,0,1,0,0,0
2304,4,zeros-la-1-7,zeros-la-1,185,2304,4,418,256,16,2,0,0,2,8,256,0,8,16,32,2,8,64,4,0,4,3,1,3,2,1,1,0,1,0,0,0
2320,4,zeros-la-1-7,zeros-la-1,186,2320,4,420,256,0,2,0,2,16,8,256,0,2,16,32,0,16,64,4,2,4,4,1,1,3,1,1,0,1,0,0,0
2324,4,zeros-la-1-7,zeros-la-1,187,2324,4,422,256,0,2,0,0,16,8,256,2,2,16,32,0,16,64,4,4,4,3,2,1,3,1,1,0,1,0,0,0
2332,4,zeros-la-1-7,zeros-la-1,188,2332,4,424,256,0,0,2,2,16,8,256,2,0,2,16,32,0,16,64,8,4,4,0,2,3,1,1,0,1,0,0,0
2336,4,zeros-la-1-7,zeros-la-1,189,2336,4,426,256,0,0,2,0,2,8,256,4,0,2,16,32,16,16,64,8,4,3,1,2,3,1,1,0,1,0,0,0
2368,4,zeros-la-1-7,zeros-la-1,190,2368,4,430,256,2,0,0,4,2,8,256,4,2,16,32,0,32,64,8,0,4,3,2,2,1,2,1,0,1,0,0,0
2380,5,zeros-la-1-7,zeros-la-1,191,2380,5,432,256,2,0,0,0,2,8,256,0,4,16,32,0,32,64,8,8,5,2,1,3,1,2,1,0,1,0,0,0
2384,5,zeros-la-1-7,zeros-la-1,192,2384,5,434,256,0,2,0,0,4,8,256,0,4,16,32,0,32,64,8,8,5,1,2,3,1,2,1,0,1,0,0,0
2400,5,zeros-la-1-7,zeros-la-1,193,2400,5,436,256,0,2,0,2,0,4,8,256,0,4,16,32,0,32,64,16,5,2,2,1,2,2,1,0,1,0,0,0
2408,5,zeros-la-1-7,zeros-la-1,194,2408,5,438,256,0,0,0,2,0,2,8,256,0,8,16,32,2,32,64,16,5,3,0,2,2,2,1,0,1,0,0,0
2408,4,zeros-la-1-7,zeros-la-1,195,2408,4,440,256,2,2,8,2,2,8,16,256,0,32,64,32,0,0,0,16,4,4,0,2,2,2,1,0,1,0,0,0
2412,4,zeros-la-1-7,zeros-la-1,196,2412,4,442,256,4,8,2,2,2,8,16,256,32,64,32,0,16,0,0,0,4,3,1,2,2,2,1,0,1,0,0,0
2428,4,zeros-la-1-7,zeros-la-1,197,2428,4,444,256,4,0,0,2,2,0,2,0,32,16,16,2,16,64,32,256,4,4,1,0,3,2,1,0,1,0,0,0
2464,5,zeros-la-1-7,zeros-la-1,198,2464,5,446,256,4,2,0,2,4,0,0,0,32,32,2,0,16,64,32,256,5,3,2,0,1,3,1,0,1,0,0,0
2532,6,zeros-la-1-7,zeros-la-1,199,2532,6,448,256,0,0,4,4,0,2,0,4,0,0,64,2,16,64,32,256,6,2,3,0,1,1,2,0,1,0,0,0
2540,6,zeros-la-1-7,zeros-la-1,200,2540,6,450,256,16,2,4,8,0,64,64,2,0,0,32,256,0,0,2,0,6,3,1,1,1,1,2,0,1,0,0,0
2668,6,zeros-la-1-7,zeros-la-1,201,2668,6,452,256,16,2,4,8,128,2,0,0,32,256,0,0,2,2,0,0,6,4,1,1,1,1,0,1,1,0,0,0
2672,6,zeros-la-1-7,zeros-la-1,202,2672,6,454,256,16,4,4,8,128,256,0,0,32,2,0,0,2,2,0,0,6,3,2,1,1,1,0,1,1,0,0,0
2684,7,zeros-la-1-7,zeros-la-1,203,2684,7,456,256,0,16,8,8,0,0,128,256,0,2,32,2,0,0,0,4,7,2,1,2,1,1,0,1,1,0,0,0
2700,7,zeros-la-1-7,zeros-la-1,204,2700,7,460,256,16,16,0,4,128,256,0,0,2,32,2,0,4,0,0,0,7,2,2,0,2,1,0,1,1,0,0,0
2732,7,zeros-la-1-7,zeros-la-1,205,2732,7,462,256,32,4,0,2,128,256,0,0,2,32,2,0,4,0,0,0,7,3,2,0,0,2,0,1,1,0,0,0
2732,6,zeros-la-1-7,zeros-la-1,206,2732,6,464,256,32,2,0,0,128,4,0,0,2,256,0,0,4,32,2,2,6,4,2,0,0,2,0,1,1,0,0,0
2736,6,zeros-la-1-7,zeros-la-1,207,2736,6,466,256,32,2,0,2,128,4,0,0,2,256,0,0,4,32,4,0,6,3,3,0,0,2,0,1,1,0,0,0
2740,6,zeros-la-1-7,zeros-la-1,208,2740,6,468,256,2,0,32,4,0,0,128,4,0,0,2,256,0,4,32,4,6,2,4,0,0,2,0,1,1,0,0,0
2748,6,zeros-la-1-7,zeros-la-1,209,2748,6,470,256,0,2,32,0,0,0,128,8,0,0,2,256,2,4,32,4,6,3,2,1,0,2,0,1,1,0,0,0
2748,5,zeros-la-1-7,zeros-la-1,210,2748,5,472,256,0,0,2,32,0,2,128,8,0,0,2,256,2,4,32,4,5,4,2,1,0,2,0,1,1,0,0,0
2748,4,zeros-la-1-7,zeros-la-1,211,2748,4,474,256,2,32,2,0,2,128,8,0,2,256,0,0,2,4,32,4,4,5,2,1,0,2,0,1,1,0,0,0
2756,5,zeros-la-1-7,zeros-la-1,212,2756,5,476,256,0,32,2,0,0,128,2,0,4,256,8,0,4,4,32,4,5,2,4,1,0,2,0,1,1,0,0,0
2768,6,zeros-la-1-7,zeros-la-1,213,2768,6,478,256,8,32,4,4,2,128,8,0,0,256,32,0,0,4,0,0,6,1,3,2,0,2,0,1,1,0,0,0
2776,6,zeros-la-1-7,zeros-la-1,214,2776,6,480,256,0,8,32,8,0,2,128,8,0,0,256,32,0,2,0,4,6,2,1,3,0,2,0,1,1,0,0,0
2796,7,zeros-la-1-7,zeros-la-1,215,2796,7,482,256,0,8,32,16,0,4,128,32,0,0,256,4,0,0,2,0,7,1,2,1,1,2,0,1,1,0,0,0
2796,6,zeros-la-1-7,zeros-la-1,216,2796,6,484,256,0,8,32,16,0,4,128,32,0,0,256,4,0,2,2,0,6,2,2,1,1,2,0,1,1,0,0,0
2800,6,zeros-la-1-7,zeros-la-1,217,2800,6,488,256,0,8,32,16,0,4,128,32,0,0,256,4,0,0,4,4,6,0,4,1,1,2,0,1,1,0,0,0
2808,6,zeros-la-1-7,zeros-la-1,218,2808,6,490,256,2,0,32,0,0,0,128,16,0,8,256,32,0,4,4,8,6,1,2,2,1,2,0,1,1,0,0,0
2816,6,zeros-la-1-7,zeros-la-1,219,2816,6,492,256,2,32,2,0,128,16,0,0,8,256,32,0,8,8,0,0,6,2,0,3,1,2,0,1,1,0,0,0
2832,6,zeros-la-1-7,zeros-la-1,220,2832,6,494,256,2,2,32,2,0,0,128,16,0,8,256,32,0,0,0,16,6,3,0,1,2,2,0,1,1,0,0,0
2836,6,zeros-la-1-7,zeros-la-1,221,2836,6,496,256,4,32,2,2,128,16,0,0,8,256,32,0,16,0,0,0,6,2,1,1,2,2,0,1,1,0,0,0
2840,6,zeros-la-1-7,zeros-la-1,222,2840,6,498,256,0,4,32,4,0,0,128,16,2,8,256,32,0,0,0,16,6,1,2,1,2,2,0,1,1,0,0,0
2840,5,zeros-la-1-7,zeros-la-1,223,2840,5,500,256,0,0,0,4,0,2,32,16,0,4,128,32,2,8,256,16,5,2,2,1,2,2,0,1,1,0,0,0
2840,4,zeros-la-1-7,zeros-la-1,224,2840,4,502,256,0,0,2,4,0,2,32,16,0,4,128,32,2,8,256,16,4,3,2,1,2,2,0,1,1,0,0,0
2840,3,zeros-la-1-7,zeros-la-1,225,2840,3,504,256,0,0,2,4,0,2,32,16,2,4,128,32,2,8,256,16,3,4,2,1,2,2,0,1,1,0,0,0
2844,3,zeros-la-1-7,zeros-la-1,226,2844,3,506,256,4,2,2,4,2,4,32,16,0,8,128,32,0,0,256,16,3,3,3,1,2,2,0,1,1,0,0,0
2848,3,zeros-la-1-7,zeros-la-1,227,2848,3,508,256,4,4,4,0,2,4,32,16,8,128,32,0,256,16,0,2,3,2,4,1,2,2,0,1,1,0,0,0
2920,4,zeros-la-1-7,zeros-la-1,228,2920,4,510,256,4,0,0,0,2,8,0,2,8,128,4,16,256,16,64,2,4,3,2,2,2,0,1,1,1,0,0,0
2920,3,zeros-la-1-7,zeros-la-1,229,2920,3,512,256,4,0,0,0,2,8,2,2,8,128,4,16,256,16,64,2,3,4,2,2,2,0,1,1,1,0,0,0
2924,3,zeros-la-1-7,zeros-la-1,230,2924,3,514,256,0,2,0,4,0,2,8,4,8,128,4,16,256,16,64,2,3,3,3,2,2,0,1,1,1,0,0,0
2936,4,zeros-la-1-7,zeros-la-1,231,2936,4,516,256,8,4,8,8,256,128,4,16,0,16,64,2,2,0,0,0,4,2,2,3,2,0,1,1,1,0,0,0
2952,4,zeros-la-1-7,zeros-la-1,232,2952,4,518,256,2,8,4,16,256,128,4,16,0,16,64,2,0,0,0,2,4,3,2,1,3,0,1,1,1,0,0,0
2996,6,zeros-la-1-7,zeros-la-1,233,2996,6,520,256,2,8,8,32,256,128,64,4,0,16,0,0,2,0,0,0,6,2,1,2,1,1,1,1,1,0,0,0
3012,6,zeros-la-1-7,zeros-la-1,234,3012,6,522,256,0,2,16,32,256,128,64,4,0,2,0,16,0,0,0,2,6,3,1,0,2,1,1,1,1,0,0,0
3012,5,zeros-la-1-7,zeros-la-1,235,3012,5,524,256,0,0,0,32,0,2,0,4,2,128,16,16,256,2,64,2,5,4,1,0,2,1,1,1,1,0,0,0
3044,5,zeros-la-1-7,zeros-la-1,236,3044,5,528,256,32,4,0,0,2,4,0,0,2,128,32,0,256,2,64,2,5,4,2,0,0,2,1,1,1,0,0,0
3056,6,zeros-la-1-7,zeros-la-1,237,3056,6,530,256,32,8,32,2,4,128,64,0,256,2,0,0,0,2,0,0,6,3,1,1,0,2,1,1,1,0,0,0
3060,6,zeros-la-1-7,zeros-la-1,238,3060,6,534,256,4,0,0,0,32,8,0,0,4,128,32,0,256,4,64,2,6,1,3,1,0,2,1,1,1,0,0,0
3060,5,zeros-la-1-7,zeros-la-1,239,3060,5,536,256,0,2,0,4,0,0,32,8,0,4,128,32,256,4,64,2,5,2,3,1,0,2,1,1,1,0,0,0
3068,5,zeros-la-1-7,zeros-la-1,240,3068,5,538,256,256,2,32,4,2,8,128,8,0,0,64,32,0,0,0,2,5,3,1,2,0,2,1,1,1,0,0,0
3068,4,zeros-la-1-7,zeros-la-1,241,3068,4,540,256,256,2,32,4,2,8,128,8,0,0,64,32,0,0,2,2,4,4,1,2,0,2,1,1,1,0,0,0
3072,4,zeros-la-1-7,zeros-la-1,242,3072,4,544,256,256,2,32,4,2,8,128,8,4,0,64,32,0,0,0,4,4,2,3,2,0,2,1,1,1,0,0,0
3072,3,zeros-la-1-7,zeros-la-1,243,3072,3,546,256,256,2,32,4,2,8,128,8,4,64,32,0,4,0,0,2,3,3,3,2,0,2,1,1,1,0,0,0
3080,3,zeros-la-1-7,zeros-la-1,244,3080,3,548,256,0,2,0,0,256,2,32,4,2,8,128,8,8,64,32,2,3,4,1,3,0,2,1,1,1,0,0,0
3084,3,zeros-la-1-7,zeros-la-1,245,3084,3,550,256,256,4,32,4,2,8,128,8,8,64,32,2,0,0,2,0,3,3,2,3,0,2,1,1,1,0,0,0
3084,2,zeros-la-1-7,zeros-la-1,246,3084,2,552,256,256,4,32,4,2,8,128,8,8,64,32,2,2,0,0,2,2,4,2,3,0,2,1,1,1,0,0,0
3088,2,zeros-la-1-7,zeros-la-1,247,3088,2,554,256,256,0,2,0,2,4,32,4,8,8,128,8,2,64,32,4,2,3,3,3,0,2,1,1,1,0,0,0
3104,2,zeros-la-1-7,zeros-la-1,248,3104,2,556,256,256,2,0,2,2,4,32,4,16,128,8,0,2,64,32,4,2,4,3,1,1,2,1,1,1,0,0,0
3108,2,zeros-la-1-7,zeros-la-1,249,3108,2,558,256,0,2,256,4,2,4,32,4,0,16,128,8,2,64,32,4,2,3,4,1,1,2,1,1,1,0,0,0
3120,3,zeros-la-1-7,zeros-la-1,250,3120,3,560,256,0,2,256,2,0,4,32,8,0,16,128,8,4,64,32,4,3,2,3,2,1,2,1,1,1,0,0,0
3136,3,zeros-la-1-7,zeros-la-1,251,3136,3,564,256,4,2,256,0,0,4,32,2,0,16,128,16,4,64,32,4,3,2,4,0,2,2,1,1,1,0,0,0
3144,3,zeros-la-1-7,zeros-la-1,252,3144,3,566,256,2,2,256,0,0,4,32,2,0,16,128,16,8,64,32,4,3,3,2,1,2,2,1,1,1,0,0,0
3148,3,zeros-la-1-7,zeros-la-1,253,3148,3,568,256,4,256,0,0,4,32,2,2,16,128,16,0,8,64,32,4,3,2,3,1,2,2,1,1,1,0,0,0
3156,3,zeros-la-1-7,zeros-la-1,254,3156,3,570,256,8,256,2,2,16,32,16,4,8,128,32,0,0,64,0,2,3,3,1,2,2,2,1,1,1,0,0,0
3160,3,zeros-la-1-7,zeros-la-1,255,3160,3,572,256,8,256,4,0,16,32,16,4,8,128,32,0,64,2,0,2,3,2,2,2,2,2,1,1,1,0,0,0
3164,3,zeros-la-1-7,zeros-la-1,256,3164,3,574,256,2,8,256,4,16,32,16,4,0,8,128,32,0,0,64,4,3,1,3,2,2,2,1,1,1,0,0,0
3172,3,zeros-la-1-7,zeros-la-1,257,3172,3,576,256,2,0,256,0,0,8,16,8,2,32,128,32,16,8,64,4,3,2,1,3,2,2,1,1,1,0,0,0
3176,3,zeros-la-1-7,zeros-la-1,258,3176,3,578,256,4,8,256,8,16,32,16,32,0,8,128,4,0,2,64,0,3,1,2,3,2,2,1,1,1,0,0,0
3176,2,zeros-la-1-7,zeros-la-1,259,3176,2,582,256,4,8,256,8,16,32,16,32,0,8,128,4,0,4,2,64,2,1,3,3,2,2,1,1,1,0,0,0
3176,1,zeros-la-1-7,zeros-la-1,260,3176,1,584,256,0,8,256,8,2,32,16,32,4,8,128,4,16,4,2,64,1,2,3,3,2,2,1,1,1,0,0,0
3176,0,zeros-la-1-7,zeros-la-1,261,3176,0,586,256,2,8,256,8,2,32,16,32,4,8,128,4,16,4,2,64,0,3,3,3,2,2,1,1,1,0,0,0
3180,0,zeros-la-1-7,zeros-la-1,262,3180,0,588,256,4,8,256,8,4,32,16,32,16,8,128,4,2,4,2,64,0,2,4,3,2,2,1,1,1,0,0,0
3188,0,zeros-la-1-7,zeros-la-1,263,3188,0,592,256,8,8,256,8,16,32,16,32,2,8,128,4,4,4,2,64,0,2,3,4,2,2,1,1,1,0,0,0
3212,1,zeros-la-1-7,zeros-la-1,264,3212,1,594,256,16,256,8,2,16,32,16,32,2,8,128,4,8,2,64,0,1,3,1,3,3,2,1,1,1,0,0,0
3244,1,zeros-la-1-7,zeros-la-1,265,3244,1,596,256,2,256,8,0,32,32,16,2,2,8,128,32,8,2,64,4,1,4,1,3,1,3,1,1,1,0,0,0
3308,1,zeros-la-1-7,zeros-la-1,266,3308,1,598,256,2,2,256,8,0,64,16,2,2,8,128,32,8,2,64,4,1,5,1,3,1,1,2,1,1,0,0,0
3312,1,zeros-la-1-7,zeros-la-1,267,3312,1,600,256,0,2,256,8,2,64,16,2,4,8,128,32,8,2,64,4,1,4,2,3,1,1,2,1,1,0,0,0
3312,0,zeros-la-1-7,zeros-la-1,268,3312,0,602,256,2,2,256,8,4,64,16,2,8,8,128,32,2,2,64,4,0,5,2,3,1,1,2,1,1,0,0,0
3336,2,zeros-la-1-7,zeros-la-1,269,3336,2,604,256,4,256,8,2,4,64,16,2,16,128,32,0,4,64,4,0,2,2,4,1,2,1,2,1,1,0,0,0
3348,3,zeros-la-1-7,zeros-la-1,270,3348,3,606,256,0,256,8,2,8,64,16,0,16,128,32,0,4,64,4,4,3,1,3,2,2,1,2,1,1,0,0,0
3356,3,zeros-la-1-7,zeros-la-1,271,3356,3,608,256,256,8,2,2,8,64,16,0,16,128,32,0,4,64,8,0,3,2,1,3,2,1,2,1,1,0,0,0
3360,3,zeros-la-1-7,zeros-la-1,272,3360,3,612,256,256,8,4,0,8,64,16,0,16,128,32,0,4,64,8,4,3,0,3,3,2,1,2,1,1,0,0,0
3360,2,zeros-la-1-7,zeros-la-1,273,3360,2,614,256,256,8,4,2,8,64,16,0,16,128,32,0,4,64,8,4,2,1,3,3,2,1,2,1,1,0,0,0
3360,1,zeros-la-1-7,zeros-la-1,274,3360,1,616,256,256,8,4,2,8,64,16,0,16,128,32,2,4,64,8,4,1,2,3,3,2,1,2,1,1,0,0,0
3364,1,zeros-la-1-7,zeros-la-1,275,3364,1,618,256,256,8,4,4,8,64,16,4,16,128,32,0,4,64,8,2,1,1,4,3,2,1,2,1,1,0,0,0
3372,1,zeros-la-1-7,zeros-la-1,276,3372,1,620,256,0,256,8,8,8,64,16,4,2,16,128,32,4,64,8,2,1,2,2,4,2,1,2,1,1,0,0,0
3388,1,zeros-la-1-7,zeros-la-1,277,3388,1,622,256,0,2,256,16,8,64,16,4,2,16,128,32,4,64,8,2,1,3,2,2,3,1,2,1,1,0,0,0
3388,0,zeros-la-1-7,zeros-la-1,278,3388,0,624,256,2,2,256,16,8,64,16,4,2,16,128,32,4,64,8,2,0,4,2,2,3,1,2,1,1,0,0,0
3392,0,zeros-la-1-7,zeros-la-1,279,3392,0,626,256,2,4,256,16,8,64,16,4,2,16,128,32,4,64,8,2,0,3,3,2,3,1,2,1,1,0,0,0
4,14,zeros-la-1-8,zeros-la-1,0,4,14,6,4,2,0,0,0,0,0,0,0,0,0,0,0,0,0,0,4,14,1,1,0,0,0,0,0,0,0,0,0
4,13,zeros-la-1-8,zeros-la-1,1,4,13,8,4,2,0,0,0,0,0,0,0,0,0,0,0,4,0,2,0,13,2,1,0,0,0,0,0,0,0,0,0
4,12,zeros-la-1-8,zeros-la-1,2,4,12,10,4,2,0,2,0,4,0,2,0,0,0,0,0,0,0,0,0,12,3,1,0,0,0,0,0,0,0,0,0
8,12,zeros-la-1-8,zeros-la-1,3,8,12,12,4,4,0,0,0,4,2,2,0,0,0,0,0,0,0,0,0,12,2,2,0,0,0,0,0,0,0,0,0
12,12,zeros-la-1-8,zeros-la-1,4,12,12,14,4,0,0,0,4,0,0,4,4,0,0,0,0,0,0,2,0,12,1,3,0,0,0,0,0,0,0,0,0
20,12,zeros-la-1-8,zeros-la-1,5,20,12,16,8,0,0,0,0,0,0,2,0,0,0,4,0,0,0,2,8,12,2,1,1,0,0,0,0,0,0,0,0
20,11,zeros-la-1-8,zeros-la-1,6,20,11,18,8,0,0,2,8,0,0,4,0,0,0,2,0,0,0,0,2,11,3,1,1,0,0,0,0,0,0,0,0
20,10,zeros-la-1-8,zeros-la-1,7,20,10,20,8,2,8,0,0,4,0,0,0,2,0,0,0,2,0,2,0,10,4,1,1,0,0,0,0,0,0,0,0
24,10,zeros-la-1-8,zeros-la-1,8,24,10,22,8,0,0,0,0,2,0,0,0,4,2,0,0,4,8,2,0,10,3,2,1,0,0,0,0,0,0,0,0
32,10,zeros-la-1-8,zeros-la-1,9,32,10,24,8,0,0,0,2,0,0,0,0,2,2,0,0,8,8,2,0,10,4,0,2,0,0,0,0,0,0,0,0
52,11,zeros-la-1-8,zeros-la-1,10,52,11,26,16,2,0,0,0,0,0,0,0,4,2,0,0,16,2,0,0,11,3,1,0,1,0,0,0,0,0,0,0
56,11,zeros-la-1-8,zeros-la-1,11,56,11,28,16,2,4,0,2,4,0,0,0,16,0,0,0,0,0,0,0,11,2,2,0,1,0,0,0,0,0,0,0
56,10,zeros-la-1-8,zeros-la-1,12,56,10,32,16,0,0,0,4,2,0,0,0,4,0,0,0,16,4,0,2,10,2,3,0,1,0,0,0,0,0,0,0
56,9,zeros-la-1-8,zeros-la-1,13,56,9,34,16,0,0,0,0,2,0,0,0,4,0,2,4,16,4,0,2,9,3,3,0,1,0,0,0,0,0,0,0
56,8,zeros-la-1-8,zeros-la-1,14,56,8,36,16,2,0,0,0,2,0,0,0,4,0,0,4,16,4,2,2,8,4,3,0,1,0,0,0,0,0,0,0
68,9,zeros-la-1-8,zeros-la-1,15,68,9,40,16,0,0,0,2,0,0,0,2,0,0,0,8,4,16,4,4,9,2,3,1,1,0,0,0,0,0,0,0
76,9,zeros-la-1-8,zeros-la-1,16,76,9,42,16,2,0,0,2,0,0,0,2,0,0,0,8,0,4,16,8,9,3,1,2,1,0,0,0,0,0,0,0
96,10,zeros-la-1-8,zeros-la-1,17,96,10,44,16,0,0,0,0,0,0,2,0,0,0,0,4,2,4,16,16,10,2,2,0,2,0,0,0,0,0,0,0
128,10,zeros-la-1-8,zeros-la-1,18,128,10,48,32,0,0,0,0,2,4,0,0,4,0,0,0,2,4,32,0,10,2,3,0,0,1,0,0,0,0,0,0
136,10,zeros-la-1-8,zeros-la-1,19,136,10,52,32,0,0,0,0,2,0,0,4,4,0,0,0,2,8,32,0,10,2,2,1,0,1,0,0,0,0,0,0
136,9,zeros-la-1-8,zeros-la-1,20,136,9,54,32,0,0,2,0,0,0,2,4,0,0,0,4,0,2,8,32,9,3,2,1,0,1,0,0,0,0,0,0
148,10,zeros-la-1-8,zeros-la-1,21,148,10,56,32,0,0,0,0,2,0,0,0,0,0,4,8,0,2,8,32,10,2,1,2,0,1,0,0,0,0,0,0
148,9,zeros-la-1-8,zeros-la-1,22,148,9,58,32,2,2,4,8,0,2,8,32,0,0,0,0,0,0,0,0,9,3,1,2,0,1,0,0,0,0,0,0
152,9,zeros-la-1-8,zeros-la-1,23,152,9,60,32,4,4,8,0,2,8,32,0,0,0,0,0,0,0,2,0,9,2,2,2,0,1,0,0,0,0,0,0
160,9,zeros-la-1-8,zeros-la-1,24,160,9,62,32,8,8,2,0,2,8,32,0,0,0,0,0,2,0,0,0,9,3,0,3,0,1,0,0,0,0,0,0
180,10,zeros-la-1-8,zeros-la-1,25,180,10,64,32,8,16,2,0,4,0,32,0,0,0,0,0,2,0,0,0,10,2,1,1,1,1,0,0,0,0,0,0
180,9,zeros-la-1-8,zeros-la-1,26,180,9,66,32,8,16,2,0,4,32,0,0,0,2,0,0,2,0,0,0,9,3,1,1,1,1,0,0,0,0,0,0
180,8,zeros-la-1-8,zeros-la-1,27,180,8,68,32,8,16,2,0,4,32,0,2,2,2,0,0,0,0,0,0,8,4,1,1,1,1,0,0,0,0,0,0
184,8,zeros-la-1-8,zeros-la-1,28,184,8,70,32,8,16,2,0,4,32,2,0,4,0,0,2,0,0,0,0,8,3,2,1,1,1,0,0,0,0,0,0
196,9,zeros-la-1-8,zeros-la-1,29,196,9,72,32,0,0,2,0,0,0,0,0,8,16,0,0,8,32,4,2,9,2,1,2,1,1,0,0,0,0,0,0
212,9,zeros-la-1-8,zeros-la-1,30,212,9,74,32,16,16,2,2,0,32,4,0,0,0,2,0,0,0,0,0,9,3,1,0,2,1,0,0,0,0,0,0
248,10,zeros-la-1-8,zeros-la-1,31,248,10,76,32,32,4,0,2,32,4,0,0,2,0,0,0,0,0,0,0,10,2,2,0,0,2,0,0,0,0,0,0
320,11,zeros-la-1-8,zeros-la-1,32,320,11,78,64,0,0,0,0,0,0,0,0,64,0,2,0,2,8,0,2,11,3,0,1,0,0,1,0,0,0,0,0
320,10,zeros-la-1-8,zeros-la-1,33,320,10,80,64,64,8,2,2,2,2,0,0,0,0,0,0,0,0,0,0,10,4,0,1,0,0,1,0,0,0,0,0
328,11,zeros-la-1-8,zeros-la-1,34,328,11,82,64,0,64,8,4,0,0,0,4,0,0,0,2,0,0,0,0,11,1,2,1,0,0,1,0,0,0,0,0
336,11,zeros-la-1-8,zeros-la-1,35,336,11,84,64,0,64,8,8,0,0,0,2,0,0,2,0,0,0,0,0,11,2,0,2,0,0,1,0,0,0,0,0
352,11,zeros-la-1-8,zeros-la-1,36,352,11,86,64,64,16,0,0,2,0,0,0,2,2,0,0,0,0,0,0,11,3,0,0,1,0,1,0,0,0,0,0
356,11,zeros-la-1-8,zeros-la-1,37,356,11,88,64,64,16,0,0,2,0,0,0,4,0,0,0,0,0,0,2,11,2,1,0,1,0,1,0,0,0,0,0
356,10,zeros-la-1-8,zeros-la-1,38,356,10,90,64,64,16,0,0,2,0,0,0,4,0,0,0,2,0,0,2,10,3,1,0,1,0,1,0,0,0,0,0
360,10,zeros-la-1-8,zeros-la-1,39,360,10,92,64,64,16,0,0,2,0,0,0,4,2,0,0,4,0,0,0,10,2,2,0,1,0,1,0,0,0,0,0
368,10,zeros-la-1-8,zeros-la-1,40,368,10,94,64,64,16,0,0,2,2,0,0,8,0,0,0,0,0,2,0,10,3,0,1,1,0,1,0,0,0,0,0
372,10,zeros-la-1-8,zeros-la-1,41,372,10,96,64,64,16,0,0,4,2,0,0,8,0,0,0,2,0,0,0,10,2,1,1,1,0,1,0,0,0,0,0
372,9,zeros-la-1-8,zeros-la-1,42,372,9,98,64,64,0,0,0,4,0,0,0,8,16,0,2,2,2,0,0,9,3,1,1,1,0,1,0,0,0,0,0
376,9,zeros-la-1-8,zeros-la-1,43,376,9,100,64,0,0,0,64,0,0,0,4,0,8,16,2,0,0,2,4,9,2,2,1,1,0,1,0,0,0,0,0
376,8,zeros-la-1-8,zeros-la-1,44,376,8,102,64,64,0,0,0,4,0,0,0,8,16,2,0,2,4,0,2,8,3,2,1,1,0,1,0,0,0,0,0
376,7,zeros-la-1-8,zeros-la-1,45,376,7,104,64,64,16,2,2,4,4,0,0,8,0,0,2,2,0,0,0,7,4,2,1,1,0,1,0,0,0,0,0
388,8,zeros-la-1-8,zeros-la-1,46,388,8,106,64,64,16,4,0,8,0,0,0,8,2,0,0,2,0,2,0,8,3,1,2,1,0,1,0,0,0,0,0
404,8,zeros-la-1-8,zeros-la-1,47,404,8,108,64,0,2,0,0,64,0,0,0,16,16,4,0,2,2,2,0,8,4,1,0,2,0,1,0,0,0,0,0
440,9,zeros-la-1-8,zeros-la-1,48,440,9,110,64,2,0,0,0,64,0,0,0,32,4,0,0,4,2,0,2,9,3,2,0,0,1,1,0,0,0,0,0
444,9,zeros-la-1-8,zeros-la-1,49,444,9,112,64,2,0,0,2,0,0,0,64,0,0,32,4,0,0,4,4,9,2,3,0,0,1,1,0,0,0,0,0
456,10,zeros-la-1-8,zeros-la-1,50,456,10,114,64,4,0,2,0,64,0,0,0,32,4,0,0,8,0,0,0,10,1,2,1,0,1,1,0,0,0,0,0
456,9,zeros-la-1-8,zeros-la-1,51,456,9,116,64,4,0,0,0,64,0,2,0,32,0,0,0,8,4,2,0,9,2,2,1,0,1,1,0,0,0,0,0
460,9,zeros-la-1-8,zeros-la-1,52,460,9,118,64,4,4,4,0,64,0,0,0,32,0,0,0,8,0,2,0,9,1,3,1,0,1,1,0,0,0,0,0
468,9,zeros-la-1-8,zeros-la-1,53,468,9,120,64,8,4,0,0,64,2,0,0,32,0,0,0,8,2,0,0,9,2,1,2,0,1,1,0,0,0,0,0
472,9,zeros-la-1-8,zeros-la-1,54,472,9,122,64,8,4,0,0,64,4,0,0,32,0,0,0,8,2,0,0,9,1,2,2,0,1,1,0,0,0,0,0
480,9,zeros-la-1-8,zeros-la-1,55,480,9,124,64,8,8,0,0,64,2,0,0,32,0,0,0,8,0,0,2,9,2,0,3,0,1,1,0,0,0,0,0
496,9,zeros-la-1-8,zeros-la-1,56,496,9,126,64,16,2,0,0,64,2,0,0,32,0,0,0,8,2,0,0,9,3,0,1,1,1,1,0,0,0,0,0
500,9,zeros-la-1-8,zeros-la-1,57,500,9,130,64,16,4,0,0,64,2,4,0,32,0,0,0,8,0,0,0,9,1,2,1,1,1,1,0,0,0,0,0
500,8,zeros-la-1-8,zeros-la-1,58,500,8,132,64,0,0,16,4,2,64,2,4,0,0,0,32,0,0,0,8,8,2,2,1,1,1,1,0,0,0,0,0
508,8,zeros-la-1-8,zeros-la-1,59,508,8,134,64,2,0,0,0,0,0,0,8,0,0,16,32,2,64,2,8,8,3,0,2,1,1,1,0,0,0,0,0
512,8,zeros-la-1-8,zeros-la-1,60,512,8,136,64,0,0,0,0,0,0,0,8,2,0,16,32,4,64,2,8,8,2,1,2,1,1,1,0,0,0,0,0
512,7,zeros-la-1-8,zeros-la-1,61,512,7,138,64,2,0,0,0,0,0,0,8,0,2,16,32,4,64,2,8,7,3,1,2,1,1,1,0,0,0,0,0
512,6,zeros-la-1-8,zeros-la-1,62,512,6,140,64,0,0,2,0,0,0,0,8,2,2,16,32,4,64,2,8,6,4,1,2,1,1,1,0,0,0,0,0
516,6,zeros-la-1-8,zeros-la-1,63,516,6,142,64,2,0,0,0,8,0,0,2,4,16,32,0,4,64,2,8,6,3,2,2,1,1,1,0,0,0,0,0
524,6,zeros-la-1-8,zeros-la-1,64,524,6,144,64,0,0,0,2,2,0,0,0,8,16,32,2,8,64,2,8,6,4,0,3,1,1,1,0,0,0,0,0
544,7,zeros-la-1-8,zeros-la-1,65,544,7,146,64,2,0,0,0,0,0,0,0,2,16,32,4,16,64,2,8,7,3,1,1,2,1,1,0,0,0,0,0
548,7,zeros-la-1-8,zeros-la-1,66,548,7,150,64,0,0,0,0,0,0,0,4,4,16,32,4,16,64,2,8,7,1,3,1,2,1,1,0,0,0,0,0
556,7,zeros-la-1-8,zeros-la-1,67,556,7,154,64,4,16,32,8,16,64,2,8,0,0,0,0,0,0,0,4,7,1,2,2,2,1,1,0,0,0,0,0
572,7,zeros-la-1-8,zeros-la-1,68,572,7,156,64,4,16,32,16,16,64,2,4,0,0,0,0,2,0,0,0,7,2,2,0,3,1,1,0,0,0,0,0
572,6,zeros-la-1-8,zeros-la-1,69,572,6,158,64,0,0,0,0,4,0,0,2,16,16,32,16,2,64,2,4,6,3,2,0,3,1,1,0,0,0,0,0
604,6,zeros-la-1-8,zeros-la-1,70,604,6,160,64,0,0,0,0,4,2,0,0,32,32,16,2,2,64,2,4,6,4,2,0,1,2,1,0,0,0,0,0
668,6,zeros-la-1-8,zeros-la-1,71,668,6,162,64,0,0,2,0,0,0,4,2,0,64,16,2,2,64,2,4,6,5,2,0,1,0,2,0,0,0,0,0
800,7,zeros-la-1-8,zeros-la-1,72,800,7,164,128,2,128,2,4,2,0,4,4,0,0,16,0,0,0,2,0,7,4,3,0,1,0,0,1,0,0,0,0
812,8,zeros-la-1-8,zeros-la-1,73,812,8,166,128,4,128,2,8,0,0,4,0,0,0,16,2,0,0,2,0,8,3,2,1,1,0,0,1,0,0,0,0
812,7,zeros-la-1-8,zeros-la-1,74,812,7,170,128,4,128,2,8,4,0,0,0,16,2,0,0,2,4,0,0,7,3,3,1,1,0,0,1,0,0,0,0
820,7,zeros-la-1-8,zeros-la-1,75,820,7,172,128,8,128,2,8,16,2,0,0,2,4,2,0,0,0,0,0,7,4,1,2,1,0,0,1,0,0,0,0
824,7,zeros-la-1-8,zeros-la-1,76,824,7,174,128,0,0,0,0,8,128,0,2,16,2,0,0,2,4,4,8,7,3,2,2,1,0,0,1,0,0,0,0
832,7,zeros-la-1-8,zeros-la-1,77,832,7,176,128,0,2,0,0,0,8,128,2,0,0,16,2,0,2,8,8,7,4,0,3,1,0,0,1,0,0,0,0
848,7,zeros-la-1-8,zeros-la-1,78,848,7,178,128,0,0,0,2,2,8,128,2,0,0,16,2,0,0,2,16,7,5,0,1,2,0,0,1,0,0,0,0
852,7,zeros-la-1-8,zeros-la-1,79,852,7,180,128,2,8,128,4,0,0,16,2,2,0,2,16,0,0,0,0,7,4,1,1,2,0,0,1,0,0,0,0
856,7,zeros-la-1-8,zeros-la-1,80,856,7,184,128,2,8,128,4,16,2,0,4,4,16,0,0,0,0,0,0,7,2,3,1,2,0,0,1,0,0,0,0
864,7,zeros-la-1-8,zeros-la-1,81,864,7,186,128,0,0,0,0,2,8,2,0,16,2,0,0,4,16,128,8,7,3,1,2,2,0,0,1,0,0,0,0
864,6,zeros-la-1-8,zeros-la-1,82,864,6,188,128,0,0,0,0,2,2,8,2,0,0,16,2,4,16,128,8,6,4,1,2,2,0,0,1,0,0,0,0
868,6,zeros-la-1-8,zeros-la-1,83,868,6,190,128,0,2,0,0,0,0,8,0,2,2,16,4,4,16,128,8,6,3,2,2,2,0,0,1,0,0,0,0
872,6,zeros-la-1-8,zeros-la-1,84,872,6,192,128,2,0,0,2,8,0,0,0,4,16,4,0,4,16,128,8,6,2,3,2,2,0,0,1,0,0,0,0
912,7,zeros-la-1-8,zeros-la-1,85,912,7,194,128,2,32,4,2,8,0,128,8,8,0,2,0,0,0,0,0,7,3,1,3,0,1,0,1,0,0,0,0
928,7,zeros-la-1-8,zeros-la-1,86,928,7,196,128,2,32,4,2,16,0,128,8,0,0,2,0,0,2,0,0,7,4,1,1,1,1,0,1,0,0,0,0
928,6,zeros-la-1-8,zeros-la-1,87,928,6,198,128,2,32,4,2,2,16,128,8,0,0,0,2,0,0,0,2,6,5,1,1,1,1,0,1,0,0,0,0
936,7,zeros-la-1-8,zeros-la-1,88,936,7,200,128,4,32,4,2,0,16,128,8,0,0,0,4,0,2,0,0,7,2,3,1,1,1,0,1,0,0,0,0
936,6,zeros-la-1-8,zeros-la-1,89,936,6,202,128,4,32,4,2,16,128,8,0,4,0,0,0,2,2,0,0,6,3,3,1,1,1,0,1,0,0,0,0
940,6,zeros-la-1-8,zeros-la-1,90,940,6,206,128,4,32,4,2,4,16,128,8,0,0,0,4,0,0,0,4,6,1,5,1,1,1,0,1,0,0,0,0
956,7,zeros-la-1-8,zeros-la-1,91,956,7,208,128,2,0,0,0,0,0,0,2,0,32,4,8,8,16,128,8,7,2,1,3,1,1,0,1,0,0,0,0
972,7,zeros-la-1-8,zeros-la-1,92,972,7,210,128,0,0,0,0,2,0,0,0,2,32,4,2,8,16,128,16,7,3,1,1,2,1,0,1,0,0,0,0
976,7,zeros-la-1-8,zeros-la-1,93,976,7,212,128,0,0,0,0,0,0,2,0,4,32,4,2,8,16,128,16,7,2,2,1,2,1,0,1,0,0,0,0
976,6,zeros-la-1-8,zeros-la-1,94,976,6,214,128,0,0,0,0,2,0,0,2,4,32,4,2,8,16,128,16,6,3,2,1,2,1,0,1,0,0,0,0
980,6,zeros-la-1-8,zeros-la-1,95,980,6,216,128,0,0,2,0,2,0,0,0,4,32,4,4,8,16,128,16,6,2,3,1,2,1,0,1,0,0,0,0
988,6,zeros-la-1-8,zeros-la-1,96,988,6,218,128,0,0,0,2,0,2,0,2,0,4,32,8,8,16,128,16,6,3,1,2,2,1,0,1,0,0,0,0
992,6,zeros-la-1-8,zeros-la-1,97,992,6,222,128,0,0,0,2,4,0,0,4,0,4,32,8,8,16,128,16,6,1,3,2,2,1,0,1,0,0,0,0
1000,6,zeros-la-1-8,zeros-la-1,98,1000,6,224,128,0,0,2,2,0,0,0,8,0,4,32,8,8,16,128,16,6,2,1,3,2,1,0,1,0,0,0,0
1016,6,zeros-la-1-8,zeros-la-1,99,1016,6,226,128,8,4,2,2,0,16,32,16,0,0,128,16,2,0,0,0,6,3,1,1,3,1,0,1,0,0,0,0
1048,6,zeros-la-1-8,zeros-la-1,100,1048,6,228,128,8,4,2,2,2,16,32,32,0,0,128,0,0,2,0,0,6,4,1,1,1,2,0,1,0,0,0,0
1116,7,zeros-la-1-8,zeros-la-1,101,1116,7,230,128,8,4,4,0,2,16,64,0,128,2,0,0,2,0,0,0,7,3,2,1,1,0,1,1,0,0,0,0
1124,7,zeros-la-1-8,zeros-la-1,102,1124,7,234,128,4,0,8,8,0,2,16,64,0,0,128,2,0,0,0,2,7,3,1,2,1,0,1,1,0,0,0,0
1140,7,zeros-la-1-8,zeros-la-1,103,1140,7,236,128,4,16,0,0,2,16,64,2,128,2,0,0,2,0,0,0,7,4,1,0,2,0,1,1,0,0,0,0
1172,7,zeros-la-1-8,zeros-la-1,104,1172,7,238,128,4,0,0,0,2,0,0,0,128,32,2,0,2,2,64,2,7,5,1,0,0,1,1,1,0,0,0,0
1176,7,zeros-la-1-8,zeros-la-1,105,1176,7,240,128,0,0,0,4,0,0,0,2,2,128,32,2,0,4,64,2,7,4,2,0,0,1,1,1,0,0,0,0
1180,7,zeros-la-1-8,zeros-la-1,106,1180,7,242,128,2,128,32,4,2,4,64,4,0,0,0,2,0,0,0,0,7,3,3,0,0,1,1,1,0,0,0,0
1192,8,zeros-la-1-8,zeros-la-1,107,1192,8,244,128,0,0,2,0,0,0,0,0,0,128,32,8,4,4,64,2,8,2,2,1,0,1,1,1,0,0,0,0
1200,8,zeros-la-1-8,zeros-la-1,108,1200,8,246,128,2,0,0,2,0,0,0,0,0,128,32,8,0,8,64,2,8,3,0,2,0,1,1,1,0,0,0,0
1204,8,zeros-la-1-8,zeros-la-1,109,1204,8,248,128,2,0,0,4,0,0,0,0,0,128,32,8,0,8,64,2,8,2,1,2,0,1,1,1,0,0,0,0
1204,7,zeros-la-1-8,zeros-la-1,110,1204,7,250,128,0,2,0,0,0,0,0,4,0,128,32,8,2,8,64,2,7,3,1,2,0,1,1,1,0,0,0,0
1204,6,zeros-la-1-8,zeros-la-1,111,1204,6,252,128,2,0,2,0,4,0,0,0,128,32,8,0,2,8,64,2,6,4,1,2,0,1,1,1,0,0,0,0
1208,6,zeros-la-1-8,zeros-la-1,112,1208,6,254,128,4,0,0,0,4,0,0,2,128,32,8,0,2,8,64,2,6,3,2,2,0,1,1,1,0,0,0,0
1220,7,zeros-la-1-8,zeros-la-1,113,1220,7,256,128,0,0,0,0,8,0,2,0,128,32,8,0,2,8,64,4,7,2,1,3,0,1,1,1,0,0,0,0
1220,6,zeros-la-1-8,zeros-la-1,114,1220,6,258,128,0,0,0,0,8,2,0,2,128,32,8,0,2,8,64,4,6,3,1,3,0,1,1,1,0,0,0,0
1224,6,zeros-la-1-8,zeros-la-1,115,1224,6,260,128,0,0,0,2,8,4,0,0,128,32,8,0,2,8,64,4,6,2,2,3,0,1,1,1,0,0,0,0
1224,5,zeros-la-1-8,zeros-la-1,116,1224,5,262,128,0,0,0,2,0,0,8,4,2,128,32,8,2,8,64,4,5,3,2,3,0,1,1,1,0,0,0,0
1228,5,zeros-la-1-8,zeros-la-1,117,1228,5,264,128,0,0,0,2,0,2,8,4,0,128,32,8,4,8,64,4,5,2,3,3,0,1,1,1,0,0,0,0
1228,4,zeros-la-1-8,zeros-la-1,118,1228,4,266,128,0,0,2,2,0,2,8,4,0,128,32,8,4,8,64,4,4,3,3,3,0,1,1,1,0,0,0,0
1232,4,zeros-la-1-8,zeros-la-1,119,1232,4,268,128,0,2,0,4,0,2,8,4,0,128,32,8,4,8,64,4,4,2,4,3,0,1,1,1,0,0,0,0
1244,5,zeros-la-1-8,zeros-la-1,120,1244,5,270,128,4,4,8,8,2,128,32,8,0,8,64,4,0,0,0,0,5,1,3,4,0,1,1,1,0,0,0,0
1268,6,zeros-la-1-8,zeros-la-1,121,1268,6,272,128,8,16,0,2,2,128,32,8,8,64,4,0,0,0,0,0,6,2,1,3,1,1,1,1,0,0,0,0
1268,5,zeros-la-1-8,zeros-la-1,122,1268,5,274,128,0,2,0,0,8,16,0,0,2,128,32,2,8,64,4,8,5,3,1,3,1,1,1,1,0,0,0,0
1268,4,zeros-la-1-8,zeros-la-1,123,1268,4,276,128,0,2,0,0,8,16,2,0,2,128,32,2,8,64,4,8,4,4,1,3,1,1,1,1,0,0,0,0
1268,3,zeros-la-1-8,zeros-la-1,124,1268,3,278,128,2,2,0,0,8,16,2,0,2,128,32,2,8,64,4,8,3,5,1,3,1,1,1,1,0,0,0,0
1272,3,zeros-la-1-8,zeros-la-1,125,1272,3,280,128,0,2,0,4,0,8,16,2,2,128,32,2,8,64,4,8,3,4,2,3,1,1,1,1,0,0,0,0
1276,3,zeros-la-1-8,zeros-la-1,126,1276,3,282,128,2,2,16,4,8,8,32,4,2,128,4,8,0,64,0,0,3,3,3,3,1,1,1,1,0,0,0,0
1296,4,zeros-la-1-8,zeros-la-1,127,1296,4,284,128,0,4,16,4,0,16,32,4,2,128,4,8,2,0,0,64,4,2,4,1,2,1,1,1,0,0,0,0
1308,5,zeros-la-1-8,zeros-la-1,128,1308,5,286,128,4,4,16,8,0,16,32,8,0,128,4,64,0,0,0,2,5,1,3,2,2,1,1,1,0,0,0,0
1324,5,zeros-la-1-8,zeros-la-1,129,1324,5,288,128,4,4,16,16,0,16,32,64,0,128,4,2,2,0,0,0,5,2,3,0,3,1,1,1,0,0,0,0
1364,6,zeros-la-1-8,zeros-la-1,130,1364,6,290,128,0,0,8,32,0,16,32,64,0,128,4,2,2,0,0,2,6,3,1,1,1,2,1,1,0,0,0,0
1368,6,zeros-la-1-8,zeros-la-1,131,1368,6,292,128,0,0,0,0,2,0,8,32,0,16,32,64,2,128,4,4,6,2,2,1,1,2,1,1,0,0,0,0
1372,6,zeros-la-1-8,zeros-la-1,132,1372,6,294,128,0,0,0,0,0,0,8,32,2,16,32,64,4,128,4,4,6,1,3,1,1,2,1,1,0,0,0,0
1380,6,zeros-la-1-8,zeros-la-1,133,1380,6,296,128,0,0,0,0,0,2,8,32,2,16,32,64,0,4,128,8,6,2,1,2,1,2,1,1,0,0,0,0
1380,5,zeros-la-1-8,zeros-la-1,134,1380,5,298,128,0,2,0,0,2,8,32,0,2,16,32,64,4,128,8,0,5,3,1,2,1,2,1,1,0,0,0,0
1448,6,zeros-la-1-8,zeros-la-1,135,1448,6,300,128,4,2,64,64,4,8,8,2,0,16,0,0,0,128,0,0,6,2,2,2,1,0,2,1,0,0,0,0
1592,7,zeros-la-1-8,zeros-la-1,136,1592,7,302,128,4,2,128,0,4,16,2,0,16,0,0,2,128,0,0,0,7,3,2,0,2,0,0,2,0,0,0,0
1600,7,zeros-la-1-8,zeros-la-1,137,1600,7,304,128,8,2,128,2,16,16,2,0,128,0,0,0,2,0,0,0,7,4,0,1,2,0,0,2,0,0,0,0
1632,7,zeros-la-1-8,zeros-la-1,138,1632,7,308,128,8,2,128,2,4,0,32,2,0,0,0,128,0,0,0,2,7,4,1,1,0,1,0,2,0,0,0,0
1636,7,zeros-la-1-8,zeros-la-1,139,1636,7,310,128,0,0,0,0,0,2,0,4,8,0,128,128,4,2,32,2,7,3,2,1,0,1,0,2,0,0,0,0
1640,7,zeros-la-1-8,zeros-la-1,140,1640,7,312,128,2,0,0,0,0,0,0,4,8,0,128,128,4,4,32,2,7,2,3,1,0,1,0,2,0,0,0,0
1904,8,zeros-la-1-8,zeros-la-1,141,1904,8,314,256,2,0,2,0,4,0,0,0,8,256,0,0,8,32,2,0,8,3,1,2,0,1,0,0,1,0,0,0
1924,9,zeros-la-1-8,zeros-la-1,142,1924,9,316,256,0,0,0,0,2,0,2,0,4,256,0,0,16,32,4,0,9,2,2,0,1,1,0,0,1,0,0,0
1928,9,zeros-la-1-8,zeros-la-1,143,1928,9,318,256,0,0,0,0,4,0,0,2,4,256,0,0,16,32,4,0,9,1,3,0,1,1,0,0,1,0,0,0
1936,9,zeros-la-1-8,zeros-la-1,144,1936,9,320,256,8,256,4,2,16,32,0,0,0,0,0,0,0,0,2,0,9,2,1,1,1,1,0,0,1,0,0,0
1936,8,zeros-la-1-8,zeros-la-1,145,1936,8,322,256,8,256,4,2,16,32,0,0,2,0,0,0,2,0,0,0,8,3,1,1,1,1,0,0,1,0,0,0
1940,8,zeros-la-1-8,zeros-la-1,146,1940,8,324,256,0,0,0,0,8,0,0,0,16,256,0,2,4,32,4,2,8,2,2,1,1,1,0,0,1,0,0,0
1944,8,zeros-la-1-8,zeros-la-1,147,1944,8,326,256,0,0,0,0,8,0,0,0,16,256,2,0,4,32,4,4,8,1,3,1,1,1,0,0,1,0,0,0
1952,8,zeros-la-1-8,zeros-la-1,148,1952,8,328,256,0,0,0,0,8,0,0,0,16,256,2,0,4,32,8,2,8,2,1,2,1,1,0,0,1,0,0,0
1952,7,zeros-la-1-8,zeros-la-1,149,1952,7,330,256,2,0,0,0,0,0,0,8,0,16,256,2,4,32,8,2,7,3,1,2,1,1,0,0,1,0,0,0
1956,7,zeros-la-1-8,zeros-la-1,150,1956,7,332,256,0,2,0,0,0,0,0,0,2,16,256,8,4,32,8,4,7,2,2,2,1,1,0,0,1,0,0,0
1956,6,zeros-la-1-8,zeros-la-1,151,1956,6,334,256,0,0,2,2,0,0,0,0,2,16,256,8,4,32,8,4,6,3,2,2,1,1,0,0,1,0,0,0
1960,6,zeros-la-1-8,zeros-la-1,152,1960,6,336,256,2,0,0,4,0,0,0,0,2,16,256,8,4,32,8,4,6,2,3,2,1,1,0,0,1,0,0,0
1964,6,zeros-la-1-8,zeros-la-1,153,1964,6,338,256,4,16,256,4,4,32,8,8,0,0,2,4,0,0,0,0,6,1,4,2,1,1,0,0,1,0,0,0
1980,6,zeros-la-1-8,zeros-la-1,154,1980,6,340,256,4,16,256,4,4,32,16,0,2,4,0,2,0,0,0,0,6,2,4,0,2,1,0,0,1,0,0,0
1988,6,zeros-la-1-8,zeros-la-1,155,1988,6,342,256,8,16,256,4,2,32,16,2,0,4,0,0,0,0,0,2,6,3,2,1,2,1,0,0,1,0,0,0
1992,6,zeros-la-1-8,zeros-la-1,156,1992,6,344,256,8,16,256,4,2,32,16,4,0,4,0,0,0,2,0,0,6,2,3,1,2,1,0,0,1,0,0,0
2000,6,zeros-la-1-8,zeros-la-1,157,2000,6,346,256,0,16,2,0,0,32,0,0,8,4,256,0,2,2,16,8,6,3,1,2,2,1,0,0,1,0,0,0
2004,6,zeros-la-1-8,zeros-la-1,158,2004,6,348,256,0,0,16,2,0,0,0,32,0,8,4,256,2,4,16,8,6,2,2,2,2,1,0,0,1,0,0,0
2004,5,zeros-la-1-8,zeros-la-1,159,2004,5,350,256,0,0,16,2,2,0,0,32,0,8,4,256,2,4,16,8,5,3,2,2,2,1,0,0,1,0,0,0
2008,5,zeros-la-1-8,zeros-la-1,160,2008,5,352,256,0,2,0,2,0,0,16,32,0,8,4,256,4,4,16,8,5,2,3,2,2,1,0,0,1,0,0,0
2020,6,zeros-la-1-8,zeros-la-1,161,2020,6,354,256,2,0,0,4,0,0,16,32,0,8,4,256,0,8,16,8,6,1,2,3,2,1,0,0,1,0,0,0
2036,6,zeros-la-1-8,zeros-la-1,162,2036,6,356,256,0,0,0,4,0,2,16,32,0,0,4,256,2,16,16,8,6,2,2,1,3,1,0,0,1,0,0,0
2068,6,zeros-la-1-8,zeros-la-1,163,2068,6,358,256,0,2,0,4,0,2,16,32,0,0,4,256,0,2,32,8,6,3,2,1,1,2,0,0,1,0,0,0
2072,6,zeros-la-1-8,zeros-la-1,164,2072,6,360,256,0,4,16,4,0,2,4,32,0,2,32,256,0,0,0,8,6,2,3,1,1,2,0,0,1,0,0,0
2076,6,zeros-la-1-8,zeros-la-1,165,2076,6,362,256,0,4,16,4,2,4,4,32,0,0,32,256,0,0,0,8,6,1,4,1,1,2,0,0,1,0,0,0
2084,6,zeros-la-1-8,zeros-la-1,166,2084,6,364,256,0,4,16,4,0,2,8,32,0,0,32,256,0,0,2,8,6,2,2,2,1,2,0,0,1,0,0,0
2084,5,zeros-la-1-8,zeros-la-1,167,2084,5,366,256,0,2,16,4,0,0,8,32,0,4,32,256,0,2,2,8,5,3,2,2,1,2,0,0,1,0,0,0
2088,5,zeros-la-1-8,zeros-la-1,168,2088,5,368,256,2,16,4,2,8,32,0,0,4,32,256,0,4,8,0,0,5,2,3,2,1,2,0,0,1,0,0,0
2160,6,zeros-la-1-8,zeros-la-1,169,2160,6,370,256,0,0,2,0,2,16,0,0,8,64,4,0,8,8,256,2,6,3,1,3,1,0,1,0,1,0,0,0
2176,6,zeros-la-1-8,zeros-la-1,170,2176,6,372,256,2,0,0,0,2,16,0,0,8,64,4,2,16,256,2,0,6,4,1,1,2,0,1,0,1,0,0,0
2180,6,zeros-la-1-8,zeros-la-1,171,2180,6,376,256,0,0,0,0,4,16,0,4,8,64,4,0,16,256,2,2,6,2,3,1,2,0,1,0,1,0,0,0
2184,6,zeros-la-1-8,zeros-la-1,172,2184,6,378,256,0,2,0,0,0,4,16,4,0,8,64,4,0,16,256,4,6,1,4,1,2,0,1,0,1,0,0,0
2192,6,zeros-la-1-8,zeros-la-1,173,2192,6,380,256,0,2,16,8,0,4,64,4,0,8,256,2,0,16,0,0,6,2,2,2,2,0,1,0,1,0,0,0
2192,5,zeros-la-1-8,zeros-la-1,174,2192,5,382,256,0,2,0,0,2,4,16,8,0,8,64,4,0,16,256,2,5,3,2,2,2,0,1,0,1,0,0,0
2192,4,zeros-la-1-8,zeros-la-1,175,2192,4,386,256,2,4,0,0,2,4,16,8,8,64,4,0,16,256,2,0,4,3,3,2,2,0,1,0,1,0,0,0
2204,5,zeros-la-1-8,zeros-la-1,176,2204,5,388,256,4,8,16,8,8,64,4,0,16,256,2,0,0,0,0,2,5,2,2,3,2,0,1,0,1,0,0,0
2204,4,zeros-la-1-8,zeros-la-1,177,2204,4,390,256,4,8,16,8,0,8,64,4,0,16,256,2,0,2,0,2,4,3,2,3,2,0,1,0,1,0,0,0
2224,5,zeros-la-1-8,zeros-la-1,178,2224,5,392,256,4,16,16,8,2,16,64,4,0,2,256,4,0,0,0,0,5,2,3,1,3,0,1,0,1,0,0,0
2264,6,zeros-la-1-8,zeros-la-1,179,2264,6,396,256,4,32,16,8,2,2,64,8,0,0,256,0,0,4,0,0,6,2,2,2,1,1,1,0,1,0,0,0
2280,6,zeros-la-1-8,zeros-la-1,180,2280,6,398,256,4,32,16,16,2,2,64,0,0,4,256,0,0,2,0,0,6,3,2,0,2,1,1,0,1,0,0,0
2316,7,zeros-la-1-8,zeros-la-1,181,2316,7,400,256,0,4,32,32,0,0,4,64,0,0,4,256,2,0,0,2,7,2,3,0,0,2,1,0,1,0,0,0
2384,8,zeros-la-1-8,zeros-la-1,182,2384,8,402,256,4,64,0,0,4,64,0,0,4,256,2,0,4,0,0,0,8,1,4,0,0,0,2,0,1,0,0,0
2528,10,zeros-la-1-8,zeros-la-1,183,2528,10,404,256,0,0,0,2,0,0,0,0,8,128,0,0,8,256,2,0,10,2,0,2,0,0,0,1,1,0,0,0
2544,10,zeros-la-1-8,zeros-la-1,184,2544,10,406,256,0,2,0,0,0,0,0,0,0,128,0,0,16,256,2,2,10,3,0,0,1,0,0,1,1,0,0,0
2548,10,zeros-la-1-8,zeros-la-1,185,2548,10,408,256,2,0,0,0,0,2,0,0,128,0,0,0,16,256,4,0,10,2,1,0,1,0,0,1,1,0,0,0
2548,9,zeros-la-1-8,zeros-la-1,186,2548,9,410,256,2,0,0,0,2,2,0,0,128,0,0,0,16,256,4,0,9,3,1,0,1,0,0,1,1,0,0,0
2552,9,zeros-la-1-8,zeros-la-1,187,2552,9,412,256,0,0,0,2,0,0,0,4,0,0,0,128,2,16,256,4,9,2,2,0,1,0,0,1,1,0,0,0
2552,8,zeros-la-1-8,zeros-la-1,188,2552,8,414,256,0,0,0,2,0,0,0,4,0,0,2,128,2,16,256,4,8,3,2,0,1,0,0,1,1,0,0,0
2552,7,zeros-la-1-8,zeros-la-1,189,2552,7,416,256,2,16,2,2,0,0,256,4,0,0,0,128,2,0,0,4,7,4,2,0,1,0,0,1,1,0,0,0
2556,7,zeros-la-1-8,zeros-la-1,190,2556,7,418,256,0,2,16,4,2,0,256,4,0,0,0,128,0,0,2,4,7,3,3,0,1,0,0,1,1,0,0,0
2564,7,zeros-la-1-8,zeros-la-1,191,2564,7,420,256,2,2,16,8,0,0,256,128,0,0,2,4,0,0,0,2,7,4,1,1,1,0,0,1,1,0,0,0
2568,7,zeros-la-1-8,zeros-la-1,192,2568,7,422,256,4,16,8,0,256,128,0,0,2,4,2,0,2,0,0,0,7,3,2,1,1,0,0,1,1,0,0,0
2572,7,zeros-la-1-8,zeros-la-1,193,2572,7,424,256,0,0,0,0,4,16,0,0,256,128,8,2,4,4,2,0,7,2,3,1,1,0,0,1,1,0,0,0
2580,7,zeros-la-1-8,zeros-la-1,194,2580,7,426,256,0,0,2,0,0,0,4,16,256,128,8,2,0,0,8,2,7,3,1,2,1,0,0,1,1,0,0,0
2600,8,zeros-la-1-8,zeros-la-1,195,2600,8,428,256,256,128,2,16,0,0,4,4,0,0,16,2,0,0,0,0,8,2,2,0,2,0,0,1,1,0,0,0
2608,8,zeros-la-1-8,zeros-la-1,196,2608,8,430,256,256,128,2,16,8,0,0,0,16,2,0,0,0,2,0,0,8,3,0,1,2,0,0,1,1,0,0,0
2612,8,zeros-la-1-8,zeros-la-1,197,2612,8,432,256,256,128,2,16,8,4,2,0,16,0,0,0,0,0,0,0,8,2,1,1,2,0,0,1,1,0,0,0
2616,8,zeros-la-1-8,zeros-la-1,198,2616,8,434,256,0,0,0,0,256,0,0,2,8,128,0,0,16,4,4,16,8,1,2,1,2,0,0,1,1,0,0,0
2624,8,zeros-la-1-8,zeros-la-1,199,2624,8,438,256,0,0,0,4,0,0,256,2,0,0,8,128,0,16,8,16,8,1,1,2,2,0,0,1,1,0,0,0
2640,8,zeros-la-1-8,zeros-la-1,200,2640,8,440,256,0,0,0,4,0,0,0,2,0,0,256,128,2,16,16,16,8,2,1,0,3,0,0,1,1,0,0,0
2672,8,zeros-la-1-8,zeros-la-1,201,2672,8,442,256,0,0,0,4,2,0,0,2,0,0,256,128,0,2,16,32,8,3,1,0,1,1,0,1,1,0,0,0
2676,8,zeros-la-1-8,zeros-la-1,202,2676,8,444,256,0,0,2,4,0,0,0,4,0,0,256,128,0,2,16,32,8,2,2,0,1,1,0,1,1,0,0,0
2684,8,zeros-la-1-8,zeros-la-1,203,2684,8,446,256,0,0,0,0,0,0,2,8,0,0,256,128,2,2,16,32,8,3,0,1,1,1,0,1,1,0,0,0
2688,8,zeros-la-1-8,zeros-la-1,204,2688,8,448,256,0,0,0,0,2,8,0,0,256,128,0,0,4,16,32,2,8,2,1,1,1,1,0,1,1,0,0,0
2688,7,zeros-la-1-8,zeros-la-1,205,2688,7,450,256,2,0,0,0,2,8,0,0,256,128,0,0,4,16,32,2,7,3,1,1,1,1,0,1,1,0,0,0
2692,7,zeros-la-1-8,zeros-la-1,206,2692,7,452,256,4,8,32,2,256,128,0,0,4,16,0,0,2,0,0,0,7,2,2,1,1,1,0,1,1,0,0,0
2692,6,zeros-la-1-8,zeros-la-1,207,2692,6,454,256,4,8,32,2,2,0,256,128,0,0,4,16,0,0,0,2,6,3,2,1,1,1,0,1,1,0,0,0
2692,5,zeros-la-1-8,zeros-la-1,208,2692,5,456,256,4,8,32,2,2,2,256,128,0,0,4,16,0,0,0,2,5,4,2,1,1,1,0,1,1,0,0,0
2696,5,zeros-la-1-8,zeros-la-1,209,2696,5,458,256,4,8,32,2,4,256,128,0,4,16,2,0,2,0,0,0,5,3,3,1,1,1,0,1,1,0,0,0
2704,5,zeros-la-1-8,zeros-la-1,210,2704,5,460,256,8,8,32,2,4,256,128,0,2,16,2,0,0,0,2,0,5,4,1,2,1,1,0,1,1,0,0,0
2708,5,zeros-la-1-8,zeros-la-1,211,2708,5,462,256,0,0,0,0,8,8,32,0,4,256,128,2,2,16,4,2,5,3,2,2,1,1,0,1,1,0,0,0
2712,5,zeros-la-1-8,zeros-la-1,212,2712,5,464,256,2,0,0,0,8,8,32,0,4,256,128,0,2,16,4,4,5,2,3,2,1,1,0,1,1,0,0,0
2736,6,zeros-la-1-8,zeros-la-1,213,2736,6,466,256,2,0,0,0,16,32,0,0,4,256,128,0,2,16,8,2,6,3,1,1,2,1,0,1,1,0,0,0
2736,5,zeros-la-1-8,zeros-la-1,214,2736,5,468,256,2,0,0,2,16,32,0,0,4,256,128,0,2,16,8,2,5,4,1,1,2,1,0,1,1,0,0,0
2740,5,zeros-la-1-8,zeros-la-1,215,2740,5,470,256,4,2,0,0,16,32,0,0,4,256,128,0,2,16,8,2,5,3,2,1,2,1,0,1,1,0,0,0
2740,4,zeros-la-1-8,zeros-la-1,216,2740,4,472,256,4,2,2,0,16,32,0,0,4,256,128,0,2,16,8,2,4,4,2,1,2,1,0,1,1,0,0,0
2744,4,zeros-la-1-8,zeros-la-1,217,2744,4,476,256,4,4,4,0,16,32,0,0,4,256,128,0,2,16,8,2,4,2,4,1,2,1,0,1,1,0,0,0
2752,4,zeros-la-1-8,zeros-la-1,218,2752,4,478,256,8,4,0,0,16,32,2,0,4,256,128,0,2,16,8,2,4,3,2,2,2,1,0,1,1,0,0,0
2752,3,zeros-la-1-8,zeros-la-1,219,2752,3,480,256,8,4,2,2,16,32,128,2,4,256,8,0,2,16,0,0,3,4,2,2,2,1,0,1,1,0,0,0
2756,3,zeros-la-1-8,zeros-la-1,220,2756,3,482,256,8,4,4,2,16,32,128,2,4,256,8,0,2,16,0,0,3,3,3,2,2,1,0,1,1,0,0,0
2764,3,zeros-la-1-8,zeros-la-1,221,2764,3,484,256,8,8,2,0,16,32,128,2,4,256,8,2,2,16,0,0,3,4,1,3,2,1,0,1,1,0,0,0
2768,3,zeros-la-1-8,zeros-la-1,222,2768,3,488,256,8,8,0,0,16,32,2,4,4,256,128,0,2,16,8,4,3,2,3,3,2,1,0,1,1,0,0,0
2784,3,zeros-la-1-8,zeros-la-1,223,2784,3,490,256,16,0,0,0,16,32,2,4,4,256,128,2,2,16,8,4,3,3,3,1,3,1,0,1,1,0,0,0
2816,3,zeros-la-1-8,zeros-la-1,224,2816,3,492,256,32,32,2,4,4,256,128,2,2,16,8,4,0,0,0,2,3,4,3,1,1,2,0,1,1,0,0,0
2880,3,zeros-la-1-8,zeros-la-1,225,2880,3,494,256,64,2,4,0,4,256,128,2,2,16,8,4,2,0,2,0,3,5,3,1,1,0,1,1,1,0,0,0
2884,3,zeros-la-1-8,zeros-la-1,226,2884,3,498,256,64,2,4,2,4,256,128,4,4,16,8,0,0,0,2,4,3,3,5,1,1,0,1,1,1,0,0,0
2900,4,zeros-la-1-8,zeros-la-1,227,2900,4,500,256,2,0,4,0,0,2,128,0,64,256,8,2,8,16,2,8,4,4,1,3,1,0,1,1,1,0,0,0
2900,3,zeros-la-1-8,zeros-la-1,228,2900,3,502,256,0,0,2,4,2,0,2,128,64,256,8,2,8,16,2,8,3,5,1,3,1,0,1,1,1,0,0,0
2904,3,zeros-la-1-8,zeros-la-1,229,2904,3,504,256,2,256,4,4,64,16,8,128,8,0,2,2,0,2,0,8,3,4,2,3,1,0,1,1,1,0,0,0
2916,4,zeros-la-1-8,zeros-la-1,230,2916,4,506,256,0,2,256,8,64,16,8,128,0,2,8,4,0,0,2,8,4,3,1,4,1,0,1,1,1,0,0,0
2932,4,zeros-la-1-8,zeros-la-1,231,2932,4,508,256,0,0,0,8,0,2,256,128,2,16,16,4,64,2,2,8,4,4,1,2,2,0,1,1,1,0,0,0
2968,5,zeros-la-1-8,zeros-la-1,232,2968,5,510,256,0,0,0,8,2,2,256,128,0,2,32,4,0,64,4,8,5,3,2,2,0,1,1,1,1,0,0,0
2972,5,zeros-la-1-8,zeros-la-1,233,2972,5,512,256,0,2,0,8,0,4,256,128,0,2,32,4,0,64,4,8,5,2,3,2,0,1,1,1,1,0,0,0
2972,4,zeros-la-1-8,zeros-la-1,234,2972,4,514,256,0,2,256,8,0,4,32,128,0,2,4,4,2,64,0,8,4,3,3,2,0,1,1,1,1,0,0,0
2980,4,zeros-la-1-8,zeros-la-1,235,2980,4,516,256,2,2,256,8,0,4,32,128,0,0,2,8,0,2,64,8,4,4,1,3,0,1,1,1,1,0,0,0
2984,4,zeros-la-1-8,zeros-la-1,236,2984,4,518,256,0,4,256,8,0,4,32,128,0,0,2,8,2,2,64,8,4,3,2,3,0,1,1,1,1,0,0,0
3008,5,zeros-la-1-8,zeros-la-1,237,3008,5,520,256,2,8,256,8,0,2,32,128,0,2,2,16,0,0,64,0,5,4,0,2,1,1,1,1,1,0,0,0
3012,5,zeros-la-1-8,zeros-la-1,238,3012,5,522,256,2,8,256,8,0,4,32,128,2,0,2,16,0,0,64,0,5,3,1,2,1,1,1,1,1,0,0,0
3016,5,zeros-la-1-8,zeros-la-1,239,3016,5,524,256,2,8,256,8,4,32,128,2,4,16,0,0,64,0,0,0,5,2,2,2,1,1,1,1,1,0,0,0
3024,5,zeros-la-1-8,zeros-la-1,240,3024,5,526,256,0,2,0,0,2,8,0,0,8,32,256,8,64,16,128,2,5,3,0,3,1,1,1,1,1,0,0,0
3024,4,zeros-la-1-8,zeros-la-1,241,3024,4,528,256,2,2,256,8,8,8,128,2,64,32,2,0,0,16,0,0,4,4,0,3,1,1,1,1,1,0,0,0
3044,5,zeros-la-1-8,zeros-la-1,242,3044,5,530,256,4,256,8,0,16,128,2,0,64,32,2,0,16,0,0,2,5,3,1,1,2,1,1,1,1,0,0,0
3048,5,zeros-la-1-8,zeros-la-1,243,3048,5,532,256,4,0,0,0,16,256,2,0,64,128,8,0,16,32,4,2,5,2,2,1,2,1,1,1,1,0,0,0
3048,4,zeros-la-1-8,zeros-la-1,244,3048,4,534,256,4,256,2,2,16,128,8,0,64,32,4,2,16,0,0,0,4,3,2,1,2,1,1,1,1,0,0,0
3052,4,zeros-la-1-8,zeros-la-1,245,3052,4,536,256,4,0,2,0,16,256,2,0,64,128,8,0,16,32,4,4,4,2,3,1,2,1,1,1,1,0,0,0
3060,4,zeros-la-1-8,zeros-la-1,246,3060,4,538,256,0,2,4,2,0,16,256,2,0,64,128,8,0,16,32,8,4,3,1,2,2,1,1,1,1,0,0,0
3080,5,zeros-la-1-8,zeros-la-1,247,3080,5,540,256,0,2,4,4,0,16,256,16,0,64,128,0,2,16,32,0,5,2,2,0,3,1,1,1,1,0,0,0
3088,5,zeros-la-1-8,zeros-la-1,248,3088,5,542,256,0,0,2,8,0,16,256,16,0,2,64,128,0,2,16,32,5,3,0,1,3,1,1,1,1,0,0,0
3092,5,zeros-la-1-8,zeros-la-1,249,3092,5,544,256,2,0,2,8,0,0,256,16,0,16,64,128,0,4,16,32,5,2,1,1,3,1,1,1,1,0,0,0
3096,5,zeros-la-1-8,zeros-la-1,250,3096,5,546,256,0,0,4,8,2,0,256,16,0,16,64,128,0,4,16,32,5,1,2,1,3,1,1,1,1,0,0,0
3096,4,zeros-la-1-8,zeros-la-1,251,3096,4,548,256,0,0,4,8,2,0,256,16,0,16,64,128,2,4,16,32,4,2,2,1,3,1,1,1,1,0,0,0
3100,4,zeros-la-1-8,zeros-la-1,252,3100,4,550,256,0,0,4,8,0,2,256,16,0,16,64,128,4,4,16,32,4,1,3,1,3,1,1,1,1,0,0,0
3108,4,zeros-la-1-8,zeros-la-1,253,3108,4,552,256,4,8,0,0,2,256,16,2,16,64,128,0,8,16,32,0,4,2,1,2,3,1,1,1,1,0,0,0
3108,3,zeros-la-1-8,zeros-la-1,254,3108,3,554,256,0,0,4,8,2,256,16,2,2,16,64,128,0,8,16,32,3,3,1,2,3,1,1,1,1,0,0,0
3112,3,zeros-la-1-8,zeros-la-1,255,3112,3,556,256,4,256,4,8,0,16,16,2,2,8,64,128,0,0,16,32,3,2,2,2,3,1,1,1,1,0,0,0
3144,3,zeros-la-1-8,zeros-la-1,256,3144,3,558,256,4,256,4,8,32,2,2,0,2,8,64,128,16,32,0,0,3,3,2,2,1,2,1,1,1,0,0,0
3148,3,zeros-la-1-8,zeros-la-1,257,3148,3,560,256,4,256,4,8,32,4,0,2,2,8,64,128,16,32,0,0,3,2,3,2,1,2,1,1,1,0,0,0
3148,2,zeros-la-1-8,zeros-la-1,258,3148,2,562,256,4,256,4,8,0,32,4,2,2,8,64,128,0,2,16,32,2,3,3,2,1,2,1,1,1,0,0,0
3156,2,zeros-la-1-8,zeros-la-1,259,3156,2,564,256,4,256,8,8,2,32,64,2,0,8,16,128,0,2,2,32,2,4,1,3,1,2,1,1,1,0,0,0
3176,3,zeros-la-1-8,zeros-la-1,260,3176,3,566,256,4,256,16,2,2,32,64,2,8,16,128,0,4,32,0,0,3,3,2,1,2,2,1,1,1,0,0,0
3180,3,zeros-la-1-8,zeros-la-1,261,3180,3,568,256,4,256,16,4,2,32,64,0,8,16,128,0,4,32,2,0,3,2,3,1,2,2,1,1,1,0,0,0
3180,2,zeros-la-1-8,zeros-la-1,262,3180,2,570,256,4,256,16,2,2,32,64,0,8,16,128,0,4,32,2,4,2,3,3,1,2,2,1,1,1,0,0,0
3180,1,zeros-la-1-8,zeros-la-1,263,3180,1,572,256,4,256,16,2,2,2,32,64,0,8,16,128,4,32,2,4,1,4,3,1,2,2,1,1,1,0,0,0
3184,1,zeros-la-1-8,zeros-la-1,264,3184,1,574,256,4,256,16,2,4,32,64,0,8,16,128,2,4,32,2,4,1,3,4,1,2,2,1,1,1,0,0,0
3196,2,zeros-la-1-8,zeros-la-1,265,3196,2,576,256,0,256,16,0,8,32,64,2,8,16,128,4,4,32,2,4,2,2,3,2,2,2,1,1,1,0,0,0
3220,3,zeros-la-1-8,zeros-la-1,266,3220,3,578,256,2,256,16,0,0,32,64,0,16,16,128,2,4,32,2,8,3,3,1,1,3,2,1,1,1,0,0,0
3252,3,zeros-la-1-8,zeros-la-1,267,3252,3,580,256,0,2,256,16,2,0,32,64,0,32,128,2,4,32,2,8,3,4,1,1,1,3,1,1,1,0,0,0
3316,3,zeros-la-1-8,zeros-la-1,268,3316,3,582,256,0,0,256,16,2,0,32,64,2,2,128,2,4,64,2,8,3,5,1,1,1,1,2,1,1,0,0,0
3320,3,zeros-la-1-8,zeros-la-1,269,3320,3,584,256,256,16,0,2,2,32,64,0,4,128,2,0,4,64,2,8,3,4,2,1,1,1,2,1,1,0,0,0
3332,4,zeros-la-1-8,zeros-la-1,270,3332,4,586,256,0,16,0,0,256,32,0,2,2,128,64,2,8,64,4,8,4,3,1,2,1,1,2,1,1,0,0,0
3336,4,zeros-la-1-8,zeros-la-1,271,3336,4,588,256,0,16,2,0,256,32,0,0,2,128,64,4,8,64,4,8,4,2,2,2,1,1,2,1,1,0,0,0
3336,3,zeros-la-1-8,zeros-la-1,272,3336,3,590,256,16,2,0,2,256,32,0,0,2,128,64,4,8,64,4,8,3,3,2,2,1,1,2,1,1,0,0,0
3340,3,zeros-la-1-8,zeros-la-1,273,3340,3,592,256,16,4,0,0,256,32,2,0,2,128,64,4,8,64,4,8,3,2,3,2,1,1,2,1,1,0,0,0
3340,2,zeros-la-1-8,zeros-la-1,274,3340,2,594,256,16,4,2,0,256,32,2,0,2,128,64,4,8,64,4,8,2,3,3,2,1,1,2,1,1,0,0,0
3344,2,zeros-la-1-8,zeros-la-1,275,3344,2,596,256,16,4,4,4,256,32,64,8,2,128,4,0,8,64,2,0,2,2,4,2,1,1,2,1,1,0,0,0
3352,2,zeros-la-1-8,zeros-la-1,276,3352,2,598,256,0,16,4,8,256,32,64,8,0,2,128,4,2,8,64,2,2,3,2,3,1,1,2,1,1,0,0,0
3368,2,zeros-la-1-8,zeros-la-1,277,3368,2,600,256,256,16,4,16,2,32,64,4,0,2,128,2,0,8,64,2,2,4,2,1,2,1,2,1,1,0,0,0
3372,2,zeros-la-1-8,zeros-la-1,278,3372,2,602,256,256,16,4,16,2,32,64,4,2,2,128,4,0,8,64,0,2,3,3,1,2,1,2,1,1,0,0,0
3384,3,zeros-la-1-8,zeros-la-1,279,3384,3,604,256,256,16,4,16,4,32,64,8,0,2,128,0,0,8,64,2,3,2,2,2,2,1,2,1,1,0,0,0
3384,2,zeros-la-1-8,zeros-la-1,280,3384,2,606,256,256,16,4,16,4,32,64,8,0,2,128,2,0,8,64,2,2,3,2,2,2,1,2,1,1,0,0,0
3388,2,zeros-la-1-8,zeros-la-1,281,3388,2,608,256,256,16,4,16,4,32,64,8,0,2,128,4,2,8,64,0,2,2,3,2,2,1,2,1,1,0,0,0
3388,1,zeros-la-1-8,zeros-la-1,282,3388,1,610,256,256,16,4,16,4,32,64,8,0,2,128,4,2,2,8,64,1,3,3,2,2,1,2,1,1,0,0,0
3392,1,zeros-la-1-8,zeros-la-1,283,3392,1,612,256,2,0,4,16,256,16,64,8,4,32,128,4,2,4,8,64,1,2,4,2,2,1,2,1,1,0,0,0
3392,0,zeros-la-1-8,zeros-la-1,284,3392,0,614,256,2,16,4,16,256,32,64,8,4,4,128,4,2,2,8,64,0,3,4,2,2,1,2,1,1,0,0,0
3404,1,zeros-la-1-8,zeros-la-1,285,3404,1,616,256,2,16,4,16,256,32,64,8,2,8,128,4,0,4,8,64,1,2,3,3,2,1,2,1,1,0,0,0
3404,0,zeros-la-1-8,zeros-la-1,286,3404,0,618,256,2,16,4,16,256,32,64,8,2,8,128,4,2,4,8,64,0,3,3,3,2,1,2,1,1,0,0,0
3408,0,zeros-la-1-8,zeros-la-1,287,3408,0,620,256,2,16,4,16,256,32,64,8,4,8,128,4,2,4,8,64,0,2,4,3,2,1,2,1,1,0,0,0
0,14,zeros-la-1-9,zeros-la-1,0,0,14,4,2,0,0,0,0,0,0,0,0,2,0,0,0,0,0,0,2,14,2,0,0,0,0,0,0,0,0,0,0
0,13,zeros-la-1-9,zeros-la-1,1,0,13,6,2,0,0,0,0,0,0,0,0,0,0,0,0,2,2,0,2,13,3,0,0,0,0,0,0,0,0,0,0
4,13,zeros-la-1-9,zeros-la-1,2,4,13,8,4,0,0,0,0,0,0,0,0,0,0,2,0,0,0,2,4,13,2,1,0,0,0,0,0,0,0,0,0
8,13,zeros-la-1-9,zeros-la-1,3,8,13,10,4,0,0,0,0,0,0,0,0,2,0,0,0,0,0,4,4,13,1,2,0,0,0,0,0,0,0,0,0
16,13,zeros-la-1-9,zeros-la-1,4,16,13,12,8,0,0,0,0,0,0,0,2,0,0,0,2,0,0,0,8,13,2,0,1,0,0,0,0,0,0,0,0
20,13,zeros-la-1-9,zeros-la-1,5,20,13,14,8,0,0,0,0,0,0,0,2,0,0,0,4,0,0,0,8,13,1,1,1,0,0,0,0,0,0,0,0
20,12,zeros-la-1-9,zeros-la-1,6,20,12,16,8,0,0,0,2,0,0,0,4,2,0,0,8,0,0,0,0,12,2,1,1,0,0,0,0,0,0,0,0
20,11,zeros-la-1-9,zeros-la-1,7,20,11,20,8,0,0,0,0,0,0,4,2,0,0,0,4,2,0,0,8,11,2,2,1,0,0,0,0,0,0,0,0
20,10,zeros-la-1-9,zeros-la-1,8,20,10,22,8,0,0,0,0,4,2,0,0,4,2,0,0,2,8,0,0,10,3,2,1,0,0,0,0,0,0,0,0
32,11,zeros-la-1-9,zeros-la-1,9,32,11,26,8,0,0,0,0,0,0,0,0,8,4,4,0,2,8,0,0,11,1,2,2,0,0,0,0,0,0,0,0
40,11,zeros-la-1-9,zeros-la-1,10,40,11,28,8,0,0,2,0,0,0,0,0,0,0,8,8,0,0,2,8,11,2,0,3,0,0,0,0,0,0,0,0
56,11,zeros-la-1-9,zeros-la-1,11,56,11,32,16,0,0,2,16,0,4,8,0,0,0,2,0,0,0,0,0,11,2,1,1,1,0,0,0,0,0,0,0
56,10,zeros-la-1-9,zeros-la-1,12,56,10,34,16,0,0,2,16,0,0,4,8,0,0,2,2,0,0,0,0,10,3,1,1,1,0,0,0,0,0,0,0
60,10,zeros-la-1-9,zeros-la-1,13,60,10,38,16,2,16,0,0,4,8,0,0,4,4,0,0,0,0,0,0,10,1,3,1,1,0,0,0,0,0,0,0
68,10,zeros-la-1-9,zeros-la-1,14,68,10,40,16,2,16,0,0,8,8,0,0,0,4,2,0,0,0,0,0,10,2,1,2,1,0,0,0,0,0,0,0
84,10,zeros-la-1-9,zeros-la-1,15,84,10,42,16,0,0,2,16,0,0,0,16,0,0,4,2,0,0,2,0,10,3,1,0,2,0,0,0,0,0,0,0
116,10,zeros-la-1-9,zeros-la-1,16,116,10,44,32,0,0,0,0,0,0,2,0,0,0,4,32,0,2,2,2,10,4,1,0,0,1,0,0,0,0,0,0
120,10,zeros-la-1-9,zeros-la-1,17,120,10,46,32,0,0,0,0,2,0,0,0,4,32,0,0,4,2,2,0,10,3,2,0,0,1,0,0,0,0,0,0
124,10,zeros-la-1-9,zeros-la-1,18,124,10,48,32,0,0,2,0,2,0,0,0,4,32,0,0,4,4,0,0,10,2,3,0,0,1,0,0,0,0,0,0
132,10,zeros-la-1-9,zeros-la-1,19,132,10,52,32,0,0,0,2,0,0,4,2,0,0,4,32,0,0,0,8,10,2,2,1,0,1,0,0,0,0,0,0
144,11,zeros-la-1-9,zeros-la-1,20,144,11,54,32,0,0,0,2,0,0,0,4,0,0,0,32,0,0,8,8,11,1,1,2,0,1,0,0,0,0,0,0
160,11,zeros-la-1-9,zeros-la-1,21,160,11,56,32,0,0,0,2,2,0,0,4,0,0,0,32,0,0,0,16,11,2,1,0,1,1,0,0,0,0,0,0
160,10,zeros-la-1-9,zeros-la-1,22,160,10,58,32,2,0,0,0,2,4,0,2,32,0,0,0,16,0,0,0,10,3,1,0,1,1,0,0,0,0,0,0
164,10,zeros-la-1-9,zeros-la-1,23,164,10,60,32,0,0,0,0,4,0,0,0,32,2,0,0,16,4,0,2,10,2,2,0,1,1,0,0,0,0,0,0
164,9,zeros-la-1-9,zeros-la-1,24,164,9,62,32,4,2,0,2,32,4,0,0,16,2,0,0,0,0,0,0,9,3,2,0,1,1,0,0,0,0,0,0
168,9,zeros-la-1-9,zeros-la-1,25,168,9,64,32,0,0,4,4,0,0,32,4,2,0,16,2,0,0,0,0,9,2,3,0,1,1,0,0,0,0,0,0
176,9,zeros-la-1-9,zeros-la-1,26,176,9,66,32,0,0,0,8,0,2,32,4,0,2,16,2,0,0,0,0,9,3,1,1,1,1,0,0,0,0,0,0
180,9,zeros-la-1-9,zeros-la-1,27,180,9,68,32,0,4,32,8,0,0,16,4,2,0,0,2,0,0,0,0,9,2,2,1,1,1,0,0,0,0,0,0
184,9,zeros-la-1-9,zeros-la-1,28,184,9,70,32,2,4,32,8,0,0,16,4,0,0,0,4,0,0,0,0,9,1,3,1,1,1,0,0,0,0,0,0
192,9,zeros-la-1-9,zeros-la-1,29,192,9,72,32,0,0,0,0,0,0,0,2,0,0,32,8,2,4,16,8,9,2,1,2,1,1,0,0,0,0,0,0
208,9,zeros-la-1-9,zeros-la-1,30,208,9,74,32,2,4,32,2,0,0,16,16,0,0,0,2,0,0,0,0,9,3,1,0,2,1,0,0,0,0,0,0
240,9,zeros-la-1-9,zeros-la-1,31,240,9,76,32,2,4,32,2,32,0,0,0,2,0,0,0,0,2,0,0,9,4,1,0,0,2,0,0,0,0,0,0
240,8,zeros-la-1-9,zeros-la-1,32,240,8,78,32,0,0,0,0,2,0,2,0,32,4,0,0,2,2,32,2,8,5,1,0,0,2,0,0,0,0,0,0
248,9,zeros-la-1-9,zeros-la-1,33,248,9,80,32,0,0,0,0,0,0,0,4,0,2,32,4,0,4,32,2,9,2,3,0,0,2,0,0,0,0,0,0
320,10,zeros-la-1-9,zeros-la-1,34,320,10,82,64,0,0,0,0,0,2,0,0,0,2,0,8,0,4,64,2,10,3,1,1,0,0,1,0,0,0,0,0
324,10,zeros-la-1-9,zeros-la-1,35,324,10,84,64,0,4,64,8,0,4,0,2,0,0,0,0,2,0,0,0,10,2,2,1,0,0,1,0,0,0,0,0
332,10,zeros-la-1-9,zeros-la-1,36,332,10,88,64,2,8,64,8,0,0,0,2,0,0,0,0,0,0,0,4,10,2,1,2,0,0,1,0,0,0,0,0
332,9,zeros-la-1-9,zeros-la-1,37,332,9,90,64,2,8,64,8,2,0,0,0,2,0,0,0,4,0,0,0,9,3,1,2,0,0,1,0,0,0,0,0
336,9,zeros-la-1-9,zeros-la-1,38,336,9,92,64,4,8,64,8,2,0,2,0,4,0,0,0,0,0,0,0,9,2,2,2,0,0,1,0,0,0,0,0
340,9,zeros-la-1-9,zeros-la-1,39,340,9,94,64,4,8,64,8,2,0,0,4,0,0,0,4,0,0,0,0,9,1,3,2,0,0,1,0,0,0,0,0
348,9,zeros-la-1-9,zeros-la-1,40,348,9,96,64,4,8,64,8,2,0,2,8,0,0,0,0,0,0,0,0,9,2,1,3,0,0,1,0,0,0,0,0
364,9,zeros-la-1-9,zeros-la-1,41,364,9,98,64,4,8,64,16,2,0,2,0,0,0,0,0,2,0,0,0,9,3,1,1,1,0,1,0,0,0,0,0
368,9,zeros-la-1-9,zeros-la-1,42,368,9,100,64,4,8,64,16,4,0,0,0,2,0,0,0,2,0,0,0,9,2,2,1,1,0,1,0,0,0,0,0
380,10,zeros-la-1-9,zeros-la-1,43,380,10,102,64,8,8,64,16,4,2,0,0,0,0,0,0,0,0,0,0,10,1,1,2,1,0,1,0,0,0,0,0
396,10,zeros-la-1-9,zeros-la-1,44,396,10,104,64,16,64,16,0,4,2,0,0,0,0,0,0,0,2,0,0,10,2,1,0,2,0,1,0,0,0,0,0
400,10,zeros-la-1-9,zeros-la-1,45,400,10,108,64,0,0,0,0,0,0,0,0,16,64,4,0,4,4,16,0,10,0,3,0,2,0,1,0,0,0,0,0
408,10,zeros-la-1-9,zeros-la-1,46,408,10,110,64,0,0,0,0,0,2,0,0,16,64,4,0,8,16,0,0,10,1,1,1,2,0,1,0,0,0,0,0
408,9,zeros-la-1-9,zeros-la-1,47,408,9,112,64,0,0,0,0,2,0,2,0,16,64,4,0,8,16,0,0,9,2,1,1,2,0,1,0,0,0,0,0
412,9,zeros-la-1-9,zeros-la-1,48,412,9,114,64,0,0,0,0,0,0,2,4,0,16,64,4,0,0,8,16,9,1,2,1,2,0,1,0,0,0,0,0
420,9,zeros-la-1-9,zeros-la-1,49,420,9,116,64,0,0,0,0,2,0,2,0,0,0,64,8,0,16,8,16,9,2,0,2,2,0,1,0,0,0,0,0
424,9,zeros-la-1-9,zeros-la-1,50,424,9,120,64,0,0,0,0,4,0,4,0,64,8,0,0,16,8,16,0,9,0,2,2,2,0,1,0,0,0,0,0
440,9,zeros-la-1-9,zeros-la-1,51,440,9,122,64,0,0,2,0,4,0,0,0,64,0,4,0,16,16,16,0,9,1,2,0,3,0,1,0,0,0,0,0
472,9,zeros-la-1-9,zeros-la-1,52,472,9,124,64,0,0,0,2,0,0,2,4,0,0,64,4,0,0,16,32,9,2,2,0,1,1,1,0,0,0,0,0
480,9,zeros-la-1-9,zeros-la-1,53,480,9,126,64,0,0,0,0,0,0,2,2,0,2,64,8,0,0,16,32,9,3,0,1,1,1,1,0,0,0,0,0
484,9,zeros-la-1-9,zeros-la-1,54,484,9,128,64,0,0,0,0,0,0,0,4,2,2,64,8,0,0,16,32,9,2,1,1,1,1,1,0,0,0,0,0
488,9,zeros-la-1-9,zeros-la-1,55,488,9,130,64,0,0,0,0,4,0,0,0,4,64,8,2,16,32,0,0,9,1,2,1,1,1,1,0,0,0,0,0
496,9,zeros-la-1-9,zeros-la-1,56,496,9,132,64,8,64,8,2,16,32,0,0,0,0,0,2,0,0,0,0,9,2,0,2,1,1,1,0,0,0,0,0
500,9,zeros-la-1-9,zeros-la-1,57,500,9,136,64,0,0,0,0,0,0,0,0,8,64,0,4,16,32,8,4,9,0,2,2,1,1,1,0,0,0,0,0
508,9,zeros-la-1-9,zeros-la-1,58,508,9,138,64,8,64,8,8,16,32,2,0,0,0,0,0,0,0,0,0,9,1,0,3,1,1,1,0,0,0,0,0
524,9,zeros-la-1-9,zeros-la-1,59,524,9,140,64,8,64,16,0,16,32,2,0,0,0,0,0,2,0,0,0,9,2,0,1,2,1,1,0,0,0,0,0
524,8,zeros-la-1-9,zeros-la-1,60,524,8,142,64,0,8,64,16,0,16,32,2,0,0,0,0,0,0,2,2,8,3,0,1,2,1,1,0,0,0,0,0
528,8,zeros-la-1-9,zeros-la-1,61,528,8,144,64,0,0,0,0,0,0,64,0,0,8,32,16,2,16,2,4,8,2,1,1,2,1,1,0,0,0,0,0
528,7,zeros-la-1-9,zeros-la-1,62,528,7,146,64,2,8,64,16,0,16,32,4,0,0,2,0,2,0,0,0,7,3,1,1,2,1,1,0,0,0,0,0
532,7,zeros-la-1-9,zeros-la-1,63,532,7,148,64,0,0,2,0,0,0,64,0,0,8,32,16,4,16,2,4,7,2,2,1,2,1,1,0,0,0,0,0
532,6,zeros-la-1-9,zeros-la-1,64,532,6,150,64,0,0,2,2,0,0,0,64,0,8,32,16,4,16,2,4,6,3,2,1,2,1,1,0,0,0,0,0
536,6,zeros-la-1-9,zeros-la-1,65,536,6,152,64,0,0,0,4,0,0,2,64,0,8,32,16,4,16,2,4,6,2,3,1,2,1,1,0,0,0,0,0
536,5,zeros-la-1-9,zeros-la-1,66,536,5,154,64,4,8,2,4,0,16,32,64,0,0,2,16,0,0,2,4,5,3,3,1,2,1,1,0,0,0,0,0
540,5,zeros-la-1-9,zeros-la-1,67,540,5,156,64,0,2,0,4,0,0,2,64,0,8,32,16,4,16,4,4,5,2,4,1,2,1,1,0,0,0,0,0
548,5,zeros-la-1-9,zeros-la-1,68,548,5,160,64,0,0,2,4,4,0,2,64,0,8,32,16,0,4,16,8,5,2,3,2,2,1,1,0,0,0,0,0
552,5,zeros-la-1-9,zeros-la-1,69,552,5,162,64,4,8,4,4,2,4,32,64,0,0,16,16,0,0,0,8,5,1,4,2,2,1,1,0,0,0,0,0
592,6,zeros-la-1-9,zeros-la-1,70,592,6,164,64,0,4,8,8,2,4,32,64,0,0,0,32,0,2,0,8,6,2,2,3,0,2,1,0,0,0,0,0
600,6,zeros-la-1-9,zeros-la-1,71,600,6,166,64,0,2,0,8,0,0,0,64,0,8,8,32,2,2,32,8,6,3,0,4,0,2,1,0,0,0,0,0
620,7,zeros-la-1-9,zeros-la-1,72,620,7,168,64,2,8,0,0,64,0,0,0,16,32,2,0,4,32,8,0,7,2,1,2,1,2,1,0,0,0,0,0
684,7,zeros-la-1-9,zeros-la-1,73,684,7,172,64,2,8,2,0,64,64,8,0,16,0,4,0,4,0,0,0,7,2,2,2,1,0,2,0,0,0,0,0
812,7,zeros-la-1-9,zeros-la-1,74,812,7,174,128,2,8,2,0,128,8,0,0,16,4,0,0,4,0,2,0,7,3,2,2,1,0,0,1,0,0,0,0
832,8,zeros-la-1-9,zeros-la-1,75,832,8,176,128,2,2,0,0,128,0,0,0,16,16,0,0,4,4,4,0,8,2,3,0,2,0,0,1,0,0,0,0
876,10,zeros-la-1-9,zeros-la-1,76,876,10,180,128,4,0,0,0,128,0,0,0,32,4,0,0,8,4,0,0,10,0,3,1,0,1,0,1,0,0,0,0
884,10,zeros-la-1-9,zeros-la-1,77,884,10,184,128,4,4,0,0,128,0,0,0,32,0,0,0,8,8,0,0,10,0,2,2,0,1,0,1,0,0,0,0
908,11,zeros-la-1-9,zeros-la-1,78,908,11,186,128,8,0,0,0,128,0,0,0,32,0,0,0,16,2,0,0,11,1,0,1,1,1,0,1,0,0,0,0
908,10,zeros-la-1-9,zeros-la-1,79,908,10,188,128,0,0,0,8,0,0,0,128,0,2,0,32,0,0,16,2,10,2,0,1,1,1,0,1,0,0,0,0
908,9,zeros-la-1-9,zeros-la-1,80,908,9,192,128,4,0,0,8,0,0,0,128,0,0,0,32,0,2,16,2,9,2,1,1,1,1,0,1,0,0,0,0
908,8,zeros-la-1-9,zeros-la-1,81,908,8,194,128,4,2,16,8,0,0,0,128,0,0,2,32,0,0,0,2,8,3,1,1,1,1,0,1,0,0,0,0
908,7,zeros-la-1-9,zeros-la-1,82,908,7,198,128,4,2,16,8,0,0,0,128,0,4,2,32,0,0,0,2,7,3,2,1,1,1,0,1,0,0,0,0
908,6,zeros-la-1-9,zeros-la-1,83,908,6,200,128,0,0,0,8,0,2,0,128,0,2,16,32,4,4,2,2,6,4,2,1,1,1,0,1,0,0,0,0
920,7,zeros-la-1-9,zeros-la-1,84,920,7,204,128,8,4,0,0,2,128,0,0,2,16,32,0,8,4,0,0,7,2,2,2,1,1,0,1,0,0,0,0
924,7,zeros-la-1-9,zeros-la-1,85,924,7,206,128,8,4,32,0,4,128,0,0,8,16,0,0,0,4,2,0,7,1,3,2,1,1,0,1,0,0,0,0
924,6,zeros-la-1-9,zeros-la-1,86,924,6,208,128,0,8,4,32,0,0,4,128,2,0,8,16,0,0,4,2,6,2,3,2,1,1,0,1,0,0,0,0
932,6,zeros-la-1-9,zeros-la-1,87,932,6,210,128,2,8,8,32,0,0,8,128,0,0,4,16,2,0,0,2,6,3,1,3,1,1,0,1,0,0,0,0
952,7,zeros-la-1-9,zeros-la-1,88,952,7,214,128,0,0,0,32,4,0,0,128,0,0,16,16,4,8,4,2,7,1,3,1,2,1,0,1,0,0,0,0
960,7,zeros-la-1-9,zeros-la-1,89,960,7,216,128,0,0,0,32,0,0,0,128,2,0,16,16,8,8,4,2,7,2,1,2,2,1,0,1,0,0,0,0
1008,8,zeros-la-1-9,zeros-la-1,90,1008,8,218,128,32,2,0,0,128,0,0,0,2,32,0,0,16,4,2,0,8,3,1,0,1,2,0,1,0,0,0,0
1008,7,zeros-la-1-9,zeros-la-1,91,1008,7,220,128,32,2,2,0,128,32,0,0,2,4,0,0,16,0,2,0,7,4,1,0,1,2,0,1,0,0,0,0
1012,7,zeros-la-1-9,zeros-la-1,92,1012,7,222,128,32,0,0,0,128,2,0,2,2,32,0,0,16,4,4,0,7,3,2,0,1,2,0,1,0,0,0,0
1024,8,zeros-la-1-9,zeros-la-1,93,1024,8,224,128,32,0,0,0,128,4,0,0,2,32,0,2,16,8,0,0,8,2,1,1,1,2,0,1,0,0,0,0
1024,7,zeros-la-1-9,zeros-la-1,94,1024,7,226,128,32,0,0,0,128,4,0,2,2,32,0,0,16,8,0,2,7,3,1,1,1,2,0,1,0,0,0,0
1028,7,zeros-la-1-9,zeros-la-1,95,1028,7,228,128,32,4,0,4,128,32,0,0,2,8,2,0,16,0,0,0,7,2,2,1,1,2,0,1,0,0,0,0
1036,7,zeros-la-1-9,zeros-la-1,96,1036,7,230,128,32,8,0,2,128,32,0,0,2,8,2,0,16,0,0,0,7,3,0,2,1,2,0,1,0,0,0,0
1036,6,zeros-la-1-9,zeros-la-1,97,1036,6,232,128,32,0,0,0,128,8,0,0,2,32,2,0,16,8,2,2,6,4,0,2,1,2,0,1,0,0,0,0
1040,6,zeros-la-1-9,zeros-la-1,98,1040,6,234,128,32,8,4,2,128,32,0,0,2,8,0,0,16,0,2,0,6,3,1,2,1,2,0,1,0,0,0,0
1040,5,zeros-la-1-9,zeros-la-1,99,1040,5,236,128,32,0,0,0,128,8,0,2,2,32,4,0,16,8,2,2,5,4,1,2,1,2,0,1,0,0,0,0
1044,5,zeros-la-1-9,zeros-la-1,100,1044,5,238,128,32,8,4,4,128,32,2,0,2,8,0,0,16,0,2,0,5,3,2,2,1,2,0,1,0,0,0,0
1048,5,zeros-la-1-9,zeros-la-1,101,1048,5,240,128,32,0,0,0,128,8,0,0,2,32,4,2,16,8,4,4,5,2,3,2,1,2,0,1,0,0,0,0
1056,5,zeros-la-1-9,zeros-la-1,102,1056,5,242,128,32,0,2,0,128,8,0,0,2,32,4,2,16,8,8,0,5,3,1,3,1,2,0,1,0,0,0,0
1072,5,zeros-la-1-9,zeros-la-1,103,1072,5,244,128,32,2,0,0,128,8,0,0,2,32,4,2,16,16,2,0,5,4,1,1,2,2,0,1,0,0,0,0
1104,5,zeros-la-1-9,zeros-la-1,104,1104,5,246,128,32,2,0,0,128,8,0,0,2,32,4,2,32,2,0,2,5,5,1,1,0,3,0,1,0,0,0,0
1108,5,zeros-la-1-9,zeros-la-1,105,1108,5,248,128,32,2,4,4,128,8,0,2,2,32,0,0,32,2,0,0,5,4,2,1,0,3,0,1,0,0,0,0
1116,5,zeros-la-1-9,zeros-la-1,106,1116,5,250,128,32,2,8,0,128,8,2,0,2,32,0,0,32,2,2,0,5,5,0,2,0,3,0,1,0,0,0,0
1120,5,zeros-la-1-9,zeros-la-1,107,1120,5,252,128,32,2,0,0,128,8,2,0,2,32,8,0,32,2,4,0,5,4,1,2,0,3,0,1,0,0,0,0
1120,4,zeros-la-1-9,zeros-la-1,108,1120,4,254,128,32,2,2,0,128,8,8,2,2,32,4,0,32,2,0,0,4,5,1,2,0,3,0,1,0,0,0,0
1140,5,zeros-la-1-9,zeros-la-1,109,1140,5,256,128,0,0,32,4,0,128,16,2,0,2,32,4,2,0,32,2,5,4,2,0,1,3,0,1,0,0,0,0
1204,5,zeros-la-1-9,zeros-la-1,110,1204,5,258,128,2,128,32,4,0,2,16,2,0,0,64,4,0,0,2,2,5,5,2,0,1,1,1,1,0,0,0,0
1208,5,zeros-la-1-9,zeros-la-1,111,1208,5,260,128,2,128,32,4,2,16,2,0,64,4,0,0,4,2,0,0,5,4,3,0,1,1,1,1,0,0,0,0
1212,5,zeros-la-1-9,zeros-la-1,112,1212,5,262,128,4,128,32,4,64,16,2,0,4,4,2,0,0,2,0,0,5,3,4,0,1,1,1,1,0,0,0,0
1216,5,zeros-la-1-9,zeros-la-1,113,1216,5,264,128,4,128,32,4,64,16,4,0,4,4,0,0,0,2,0,2,5,2,5,0,1,1,1,1,0,0,0,0
1228,6,zeros-la-1-9,zeros-la-1,114,1228,6,266,128,4,128,32,4,0,64,16,4,0,0,2,8,0,0,0,4,6,1,4,1,1,1,1,1,0,0,0,0
1236,6,zeros-la-1-9,zeros-la-1,115,1236,6,268,128,4,128,32,8,0,64,16,8,0,0,2,4,0,0,0,2,6,2,2,2,1,1,1,1,0,0,0,0
1252,6,zeros-la-1-9,zeros-la-1,116,1252,6,270,128,4,128,32,16,0,64,16,4,0,0,2,2,0,0,2,0,6,3,2,0,2,1,1,1,0,0,0,0
1256,6,zeros-la-1-9,zeros-la-1,117,1256,6,272,128,4,128,32,16,0,64,16,4,2,0,0,4,0,0,0,2,6,2,3,0,2,1,1,1,0,0,0,0
1264,6,zeros-la-1-9,zeros-la-1,118,1264,6,274,128,4,128,32,16,2,64,16,8,0,0,2,2,0,0,0,0,6,3,1,1,2,1,1,1,0,0,0,0
1268,6,zeros-la-1-9,zeros-la-1,119,1268,6,276,128,4,128,32,16,2,64,16,8,0,0,0,4,0,2,0,0,6,2,2,1,2,1,1,1,0,0,0,0
1268,5,zeros-la-1-9,zeros-la-1,120,1268,5,278,128,4,128,32,16,2,64,16,8,0,2,0,4,2,0,0,0,5,3,2,1,2,1,1,1,0,0,0,0
1272,5,zeros-la-1-9,zeros-la-1,121,1272,5,280,128,4,128,32,16,4,64,16,8,0,2,2,4,0,0,0,0,5,2,3,1,2,1,1,1,0,0,0,0
1276,5,zeros-la-1-9,zeros-la-1,122,1276,5,282,128,4,128,32,16,4,64,16,8,0,0,4,4,0,0,0,2,5,1,4,1,2,1,1,1,0,0,0,0
1284,5,zeros-la-1-9,zeros-la-1,123,1284,5,284,128,4,128,32,16,4,64,16,8,0,0,0,8,0,0,2,2,5,2,2,2,2,1,1,1,0,0,0,0
1308,6,zeros-la-1-9,zeros-la-1,124,1308,6,286,128,8,128,32,16,0,64,16,16,0,0,2,2,0,0,0,2,6,3,0,1,3,1,1,1,0,0,0,0
1344,7,zeros-la-1-9,zeros-la-1,125,1344,7,288,128,8,128,32,32,0,64,16,4,0,2,2,0,0,0,0,0,7,2,1,1,1,2,1,1,0,0,0,0
1412,8,zeros-la-1-9,zeros-la-1,126,1412,8,290,128,0,8,128,64,2,64,16,4,0,0,0,4,0,0,0,0,8,1,2,1,1,0,2,1,0,0,0,0
1420,8,zeros-la-1-9,zeros-la-1,127,1420,8,292,128,0,0,0,0,0,0,0,2,0,8,128,64,2,64,16,8,8,2,0,2,1,0,2,1,0,0,0,0
1420,7,zeros-la-1-9,zeros-la-1,128,1420,7,294,128,2,8,128,2,0,64,16,64,2,0,0,8,0,0,0,0,7,3,0,2,1,0,2,1,0,0,0,0
1424,7,zeros-la-1-9,zeros-la-1,129,1424,7,296,128,2,0,0,0,0,0,0,2,0,8,128,64,4,64,16,8,7,2,1,2,1,0,2,1,0,0,0,0
1424,6,zeros-la-1-9,zeros-la-1,130,1424,6,298,128,2,0,0,2,2,0,0,0,8,128,64,0,4,64,16,8,6,3,1,2,1,0,2,1,0,0,0,0
1428,6,zeros-la-1-9,zeros-la-1,131,1428,6,300,128,4,0,2,0,2,0,0,0,8,128,64,0,4,64,16,8,6,2,2,2,1,0,2,1,0,0,0,0
1428,5,zeros-la-1-9,zeros-la-1,132,1428,5,302,128,0,0,4,2,0,0,0,2,2,8,128,64,4,64,16,8,5,3,2,2,1,0,2,1,0,0,0,0
1432,5,zeros-la-1-9,zeros-la-1,133,1432,5,304,128,0,0,0,0,2,0,4,4,2,8,128,64,4,64,16,8,5,2,3,2,1,0,2,1,0,0,0,0
1440,5,zeros-la-1-9,zeros-la-1,134,1440,5,306,128,0,2,0,0,2,8,0,0,2,8,128,64,4,64,16,8,5,3,1,3,1,0,2,1,0,0,0,0
1460,6,zeros-la-1-9,zeros-la-1,135,1460,6,308,128,4,2,128,64,4,16,16,8,0,64,0,0,0,0,0,2,6,2,2,1,2,0,2,1,0,0,0,0
1468,6,zeros-la-1-9,zeros-la-1,136,1468,6,310,128,8,2,128,64,0,16,16,8,0,64,0,2,0,0,2,0,6,3,0,2,2,0,2,1,0,0,0,0
1500,6,zeros-la-1-9,zeros-la-1,137,1500,6,312,128,8,2,128,64,0,2,32,8,0,0,64,2,0,0,0,2,6,4,0,2,0,1,2,1,0,0,0,0
1508,7,zeros-la-1-9,zeros-la-1,138,1508,7,314,128,0,0,0,0,0,0,128,64,0,2,32,8,8,4,64,4,7,1,2,2,0,1,2,1,0,0,0,0
1508,6,zeros-la-1-9,zeros-la-1,139,1508,6,316,128,8,2,128,64,0,4,32,8,2,0,64,4,0,0,0,0,6,2,2,2,0,1,2,1,0,0,0,0
1508,5,zeros-la-1-9,zeros-la-1,140,1508,5,318,128,8,2,128,64,4,32,8,0,2,64,4,0,0,0,0,2,5,3,2,2,0,1,2,1,0,0,0,0
1508,4,zeros-la-1-9,zeros-la-1,141,1508,4,320,128,8,2,128,64,4,32,8,2,2,64,4,0,2,0,0,0,4,4,2,2,0,1,2,1,0,0,0,0
1512,4,zeros-la-1-9,zeros-la-1,142,1512,4,322,128,0,0,2,0,8,2,128,0,4,32,8,64,4,64,4,2,4,3,3,2,0,1,2,1,0,0,0,0
1520,4,zeros-la-1-9,zeros-la-1,143,1520,4,324,128,8,2,2,64,8,32,128,2,0,64,8,2,0,0,4,0,4,4,1,3,0,1,2,1,0,0,0,0
1540,5,zeros-la-1-9,zeros-la-1,144,1540,5,326,128,16,2,2,64,0,32,128,4,0,64,8,0,2,0,4,0,5,3,2,1,1,1,2,1,0,0,0,0
1544,5,zeros-la-1-9,zeros-la-1,145,1544,5,328,128,0,16,4,64,0,32,128,4,2,0,64,8,0,0,2,4,5,2,3,1,1,1,2,1,0,0,0,0
1544,4,zeros-la-1-9,zeros-la-1,146,1544,4,330,128,0,16,4,64,0,32,128,4,2,2,64,8,0,0,2,4,4,3,3,1,1,1,2,1,0,0,0,0
1548,4,zeros-la-1-9,zeros-la-1,147,1548,4,332,128,0,16,4,64,0,32,128,4,0,4,64,8,0,2,2,4,4,2,4,1,1,1,2,1,0,0,0,0
1552,4,zeros-la-1-9,zeros-la-1,148,1552,4,336,128,16,4,64,0,32,128,4,0,4,64,8,4,4,4,0,0,4,0,6,1,1,1,2,1,0,0,0,0
1560,4,zeros-la-1-9,zeros-la-1,149,1560,4,338,128,2,16,4,64,0,32,128,4,4,64,8,4,0,0,0,8,4,1,4,2,1,1,2,1,0,0,0,0
1568,4,zeros-la-1-9,zeros-la-1,150,1568,4,340,128,0,0,0,2,0,16,4,64,2,32,128,8,4,64,8,8,4,2,2,3,1,1,2,1,0,0,0,0
1584,4,zeros-la-1-9,zeros-la-1,151,1584,4,344,128,0,0,0,0,4,16,4,2,2,32,128,64,4,64,8,16,4,2,3,1,2,1,2,1,0,0,0,0
1584,3,zeros-la-1-9,zeros-la-1,152,1584,3,346,128,0,0,0,2,4,16,4,2,2,32,128,64,4,64,8,16,3,3,3,1,2,1,2,1,0,0,0,0
1588,3,zeros-la-1-9,zeros-la-1,153,1588,3,348,128,0,0,0,2,4,16,4,4,2,32,128,64,4,64,8,16,3,2,4,1,2,1,2,1,0,0,0,0
1596,3,zeros-la-1-9,zeros-la-1,154,1596,3,350,128,2,0,0,0,4,16,8,2,2,32,128,64,4,64,8,16,3,3,2,2,2,1,2,1,0,0,0,0
1596,2,zeros-la-1-9,zeros-la-1,155,1596,2,352,128,0,0,2,2,4,16,8,2,2,32,128,64,4,64,8,16,2,4,2,2,2,1,2,1,0,0,0,0
1600,2,zeros-la-1-9,zeros-la-1,156,1600,2,354,128,4,2,0,0,4,16,8,2,2,32,128,64,4,64,8,16,2,3,3,2,2,1,2,1,0,0,0,0
1608,2,zeros-la-1-9,zeros-la-1,157,1608,2,356,128,8,2,8,2,2,16,128,64,4,32,8,16,0,64,2,0,2,4,1,3,2,1,2,1,0,0,0,0
1608,1,zeros-la-1-9,zeros-la-1,158,1608,1,358,128,8,2,8,2,2,16,128,64,4,32,8,16,64,2,0,2,1,5,1,3,2,1,2,1,0,0,0,0
1612,1,zeros-la-1-9,zeros-la-1,159,1612,1,360,128,8,2,8,2,2,16,128,64,4,32,8,16,2,0,64,4,1,4,2,3,2,1,2,1,0,0,0,0
1612,0,zeros-la-1-9,zeros-la-1,160,1612,0,364,128,8,2,8,2,2,16,128,64,4,32,8,16,4,2,64,4,0,4,3,3,2,1,2,1,0,0,0,0
1620,0,zeros-la-1-9,zeros-la-1,161,1620,0,366,128,2,2,8,2,8,16,128,64,2,32,8,16,8,2,64,4,0,5,1,4,2,1,2,1,0,0,0,0
1624,0,zeros-la-1-9,zeros-la-1,162,1624,0,368,128,2,4,8,2,8,16,128,64,2,32,8,16,8,2,64,4,0,4,2,4,2,1,2,1,0,0,0,0
0,13,zeros-la-2-0,zeros-la-2,0,0,13,6,2,2,0,2,0,0,0,0,0,0,0,0,0,2,0,0,0,13,3,0,0,0,0,0,0,0,0,0,0
4,13,zeros-la-2-0,zeros-la-2,1,4,13,8,4,0,0,0,0,0,0,0,2,0,0,0,0,4,0,2,0,13,2,1,0,0,0,0,0,0,0,0,0
4,12,zeros-la-2-0,zeros-la-2,2,4,12,10,4,0,0,0,0,0,2,0,0,0,0,0,0,4,0,2,2,12,3,1,0,0,0,0,0,0,0,0,0
8,12,zeros-la-2-0,zeros-la-2,3,8,12,12,4,0,0,2,0,2,0,0,0,0,0,0,0,4,4,0,0,12,2,2,0,0,0,0,0,0,0,0,0
16,12,zeros-la-2-0,zeros-la-2,4,16,12,16,8,4,0,0,2,0,0,0,2,0,0,0,0,0,0,0,8,12,2,1,1,0,0,0,0,0,0,0,0
20,12,zeros-la-2-0,zeros-la-2,5,20,12,18,8,4,0,2,4,0,0,0,8,0,0,0,0,0,0,0,0,12,1,2,1,0,0,0,0,0,0,0,0
20,11,zeros-la-2-0,zeros-la-2,6,20,11,20,8,4,0,2,4,0,0,0,8,0,2,0,0,0,0,0,0,11,2,2,1,0,0,0,0,0,0,0,0
20,10,zeros-la-2-0,zeros-la-2,7,20,10,22,8,0,0,0,0,0,0,2,0,0,0,0,4,4,2,2,8,10,3,2,1,0,0,0,0,0,0,0,0
24,10,zeros-la-2-0,zeros-la-2,8,24,10,24,8,2,0,0,0,2,0,0,0,4,0,0,0,4,4,8,0,10,2,3,1,0,0,0,0,0,0,0,0
36,11,zeros-la-2-0,zeros-la-2,9,36,11,26,8,4,4,8,0,8,0,0,2,0,0,0,0,0,0,0,0,11,1,2,2,0,0,0,0,0,0,0,0
44,11,zeros-la-2-0,zeros-la-2,10,44,11,28,8,8,8,0,0,8,2,0,0,0,0,0,0,0,0,2,0,11,2,0,3,0,0,0,0,0,0,0,0
60,11,zeros-la-2-0,zeros-la-2,11,60,11,30,16,16,0,0,0,8,2,0,0,0,0,2,0,2,0,0,0,11,3,0,1,1,0,0,0,0,0,0,0
60,10,zeros-la-2-0,zeros-la-2,12,60,10,32,16,16,2,2,0,8,0,0,0,2,0,2,0,0,0,0,0,10,4,0,1,1,0,0,0,0,0,0,0
68,11,zeros-la-2-0,zeros-la-2,13,68,11,34,16,16,4,0,0,8,0,0,0,4,0,0,0,0,2,0,0,11,1,2,1,1,0,0,0,0,0,0,0
68,10,zeros-la-2-0,zeros-la-2,14,68,10,36,16,16,4,0,0,8,2,0,2,4,0,0,0,0,0,0,0,10,2,2,1,1,0,0,0,0,0,0,0
72,10,zeros-la-2-0,zeros-la-2,15,72,10,38,16,16,4,0,0,8,4,0,0,4,0,0,0,0,0,0,2,10,1,3,1,1,0,0,0,0,0,0,0
80,10,zeros-la-2-0,zeros-la-2,16,80,10,40,16,0,0,0,0,16,0,0,0,8,0,0,2,4,8,0,2,10,2,1,2,1,0,0,0,0,0,0,0
80,9,zeros-la-2-0,zeros-la-2,17,80,9,44,16,4,0,0,0,0,0,0,16,0,0,8,2,0,4,8,2,9,2,2,2,1,0,0,0,0,0,0,0
100,10,zeros-la-2-0,zeros-la-2,18,100,10,46,16,4,4,16,16,0,0,0,4,0,0,0,0,2,0,0,0,10,1,3,0,2,0,0,0,0,0,0,0
140,11,zeros-la-2-0,zeros-la-2,19,140,11,48,32,0,0,8,32,0,0,0,4,0,0,0,2,0,0,0,2,11,2,1,1,0,1,0,0,0,0,0,0
144,11,zeros-la-2-0,zeros-la-2,20,144,11,50,32,0,0,0,2,0,0,0,32,0,0,0,4,0,0,8,4,11,1,2,1,0,1,0,0,0,0,0,0
152,11,zeros-la-2-0,zeros-la-2,21,152,11,54,32,0,0,0,0,4,0,0,2,0,0,0,32,0,0,8,8,11,1,1,2,0,1,0,0,0,0,0,0
168,11,zeros-la-2-0,zeros-la-2,22,168,11,56,32,0,0,0,0,4,2,0,0,32,0,0,0,16,2,0,0,11,2,1,0,1,1,0,0,0,0,0,0
172,11,zeros-la-2-0,zeros-la-2,23,172,11,58,32,4,4,0,0,32,0,0,0,16,0,0,0,0,0,2,0,11,1,2,0,1,1,0,0,0,0,0,0
180,11,zeros-la-2-0,zeros-la-2,24,180,11,60,32,0,0,0,8,2,0,0,32,0,0,0,16,0,0,0,2,11,2,0,1,1,1,0,0,0,0,0,0
180,10,zeros-la-2-0,zeros-la-2,25,180,10,62,32,0,0,0,8,0,0,0,32,0,0,0,16,2,0,2,2,10,3,0,1,1,1,0,0,0,0,0,0
184,10,zeros-la-2-0,zeros-la-2,26,184,10,64,32,0,0,0,8,0,0,0,32,0,0,0,16,0,2,2,4,10,2,1,1,1,1,0,0,0,0,0,0
188,10,zeros-la-2-0,zeros-la-2,27,188,10,66,32,0,0,2,8,0,0,0,32,0,0,0,16,0,0,4,4,10,1,2,1,1,1,0,0,0,0,0,0
196,10,zeros-la-2-0,zeros-la-2,28,196,10,68,32,0,0,2,8,0,0,0,32,0,0,0,16,2,0,0,8,10,2,0,2,1,1,0,0,0,0,0,0
196,9,zeros-la-2-0,zeros-la-2,29,196,9,70,32,0,0,2,8,0,0,0,32,0,0,0,16,0,2,2,8,9,3,0,2,1,1,0,0,0,0,0,0
200,9,zeros-la-2-0,zeros-la-2,30,200,9,72,32,0,0,2,8,0,0,0,32,0,2,0,16,0,0,4,8,9,2,1,2,1,1,0,0,0,0,0,0
200,8,zeros-la-2-0,zeros-la-2,31,200,8,74,32,2,2,2,8,0,0,4,32,0,0,0,16,0,0,0,8,8,3,1,2,1,1,0,0,0,0,0,0
204,8,zeros-la-2-0,zeros-la-2,32,204,8,76,32,0,2,4,8,2,0,4,32,0,0,0,16,0,0,0,8,8,2,2,2,1,1,0,0,0,0,0,0
212,8,zeros-la-2-0,zeros-la-2,33,212,8,78,32,0,0,2,8,0,0,0,32,0,0,0,16,2,2,8,8,8,3,0,3,1,1,0,0,0,0,0,0
232,9,zeros-la-2-0,zeros-la-2,34,232,9,80,32,2,0,2,8,0,0,0,32,0,0,0,16,0,0,4,16,9,2,1,1,2,1,0,0,0,0,0,0
264,9,zeros-la-2-0,zeros-la-2,35,264,9,82,32,2,0,0,0,0,0,0,8,0,0,2,32,2,0,4,32,9,3,1,1,0,2,0,0,0,0,0,0
332,10,zeros-la-2-0,zeros-la-2,36,332,10,84,64,0,0,0,0,0,0,0,0,2,0,2,8,4,0,4,64,10,2,2,1,0,0,1,0,0,0,0,0
344,11,zeros-la-2-0,zeros-la-2,37,344,11,88,64,0,4,0,0,0,0,0,0,4,8,0,0,8,64,0,0,11,0,2,2,0,0,1,0,0,0,0,0
344,10,zeros-la-2-0,zeros-la-2,38,344,10,90,64,4,4,0,0,8,8,0,0,0,64,0,0,0,0,2,0,10,1,2,2,0,0,1,0,0,0,0,0
368,11,zeros-la-2-0,zeros-la-2,39,368,11,92,64,0,0,0,8,0,2,0,16,0,0,0,64,0,0,0,2,11,2,0,1,1,0,1,0,0,0,0,0
368,10,zeros-la-2-0,zeros-la-2,40,368,10,94,64,0,0,0,8,0,0,2,16,2,0,0,64,0,0,0,2,10,3,0,1,1,0,1,0,0,0,0,0
368,9,zeros-la-2-0,zeros-la-2,41,368,9,96,64,2,0,2,8,2,0,0,16,0,0,0,64,0,0,0,2,9,4,0,1,1,0,1,0,0,0,0,0
372,9,zeros-la-2-0,zeros-la-2,42,372,9,98,64,2,0,0,8,0,0,0,16,0,0,0,64,4,0,2,2,9,3,1,1,1,0,1,0,0,0,0,0
376,9,zeros-la-2-0,zeros-la-2,43,376,9,100,64,0,0,2,8,0,0,2,16,0,0,0,64,0,0,4,4,9,2,2,1,1,0,1,0,0,0,0,0
380,9,zeros-la-2-0,zeros-la-2,44,380,9,102,64,0,0,0,8,0,0,0,16,0,0,4,64,2,0,4,4,9,1,3,1,1,0,1,0,0,0,0,0
388,9,zeros-la-2-0,zeros-la-2,45,388,9,104,64,2,0,8,8,0,2,0,16,0,0,0,64,0,0,0,4,9,2,1,2,1,0,1,0,0,0,0,0
404,9,zeros-la-2-0,zeros-la-2,46,404,9,108,64,2,16,0,0,2,16,4,0,64,0,0,0,4,0,0,0,9,2,2,0,2,0,1,0,0,0,0,0
440,10,zeros-la-2-0,zeros-la-2,47,440,10,110,64,4,32,4,0,64,2,0,0,4,0,0,0,0,0,0,0,10,1,3,0,0,1,1,0,0,0,0,0
440,9,zeros-la-2-0,zeros-la-2,48,440,9,112,64,4,32,4,0,64,2,0,0,4,0,0,0,0,0,0,2,9,2,3,0,0,1,1,0,0,0,0,0
440,8,zeros-la-2-0,zeros-la-2,49,440,8,114,64,0,0,0,0,4,0,2,0,64,32,0,0,4,2,4,2,8,3,3,0,0,1,1,0,0,0,0,0
440,7,zeros-la-2-0,zeros-la-2,50,440,7,118,64,0,0,0,0,0,0,4,2,4,0,64,32,4,2,4,2,7,3,4,0,0,1,1,0,0,0,0,0
448,7,zeros-la-2-0,zeros-la-2,51,448,7,120,64,8,2,4,2,0,0,64,32,0,0,4,2,0,0,0,2,7,4,2,1,0,1,1,0,0,0,0,0
452,7,zeros-la-2-0,zeros-la-2,52,452,7,122,64,0,0,0,0,0,2,4,2,0,0,64,32,8,2,4,4,7,3,3,1,0,1,1,0,0,0,0,0
456,7,zeros-la-2-0,zeros-la-2,53,456,7,124,64,8,4,4,2,0,0,64,32,2,0,4,4,0,0,0,0,7,2,4,1,0,1,1,0,0,0,0,0
472,8,zeros-la-2-0,zeros-la-2,54,472,8,126,64,2,8,8,2,0,0,64,32,0,0,2,8,0,0,0,0,8,3,0,3,0,1,1,0,0,0,0,0
488,8,zeros-la-2-0,zeros-la-2,55,488,8,128,64,2,16,2,0,64,32,0,0,2,8,0,0,2,0,0,0,8,4,0,1,1,1,1,0,0,0,0,0
492,8,zeros-la-2-0,zeros-la-2,56,492,8,130,64,0,0,0,0,2,16,2,0,64,32,0,0,4,8,2,0,8,3,1,1,1,1,1,0,0,0,0,0
496,8,zeros-la-2-0,zeros-la-2,57,496,8,134,64,0,0,4,0,2,16,0,0,64,32,0,0,4,8,4,0,8,1,3,1,1,1,1,0,0,0,0,0
504,8,zeros-la-2-0,zeros-la-2,58,504,8,136,64,0,2,0,0,2,16,0,0,64,32,0,0,4,8,8,0,8,2,1,2,1,1,1,0,0,0,0,0
520,8,zeros-la-2-0,zeros-la-2,59,520,8,138,64,2,0,2,0,2,16,0,0,64,32,0,0,4,16,0,0,8,3,1,0,2,1,1,0,0,0,0,0
524,8,zeros-la-2-0,zeros-la-2,60,524,8,140,64,2,0,0,0,4,16,0,0,64,32,0,0,4,16,2,0,8,2,2,0,2,1,1,0,0,0,0,0
524,7,zeros-la-2-0,zeros-la-2,61,524,7,142,64,2,2,0,0,4,16,0,0,64,32,0,0,4,16,2,0,7,3,2,0,2,1,1,0,0,0,0,0
528,7,zeros-la-2-0,zeros-la-2,62,528,7,144,64,4,2,0,0,4,16,0,0,64,32,0,0,4,16,2,0,7,2,3,0,2,1,1,0,0,0,0,0
536,7,zeros-la-2-0,zeros-la-2,63,536,7,146,64,8,2,2,0,64,16,0,0,4,32,2,0,0,16,0,0,7,3,1,1,2,1,1,0,0,0,0,0
540,7,zeros-la-2-0,zeros-la-2,64,540,7,148,64,8,4,0,0,64,16,0,0,4,32,2,0,16,0,2,0,7,2,2,1,2,1,1,0,0,0,0,0
544,7,zeros-la-2-0,zeros-la-2,65,544,7,150,64,8,4,4,0,64,16,0,0,4,32,0,0,16,0,2,0,7,1,3,1,2,1,1,0,0,0,0,0
552,7,zeros-la-2-0,zeros-la-2,66,552,7,152,64,8,8,0,0,64,16,0,0,4,32,0,0,16,2,2,0,7,2,1,2,2,1,1,0,0,0,0,0
572,8,zeros-la-2-0,zeros-la-2,67,572,8,154,64,0,0,0,16,0,0,64,16,0,0,4,32,2,0,16,4,8,1,2,0,3,1,1,0,0,0,0,0
604,8,zeros-la-2-0,zeros-la-2,68,604,8,156,64,2,0,64,32,0,0,4,32,0,0,16,4,0,2,0,0,8,2,2,0,1,2,1,0,0,0,0,0
668,8,zeros-la-2-0,zeros-la-2,69,668,8,158,64,2,2,64,64,2,0,4,4,0,0,16,0,0,0,0,0,8,3,2,0,1,0,2,0,0,0,0,0
808,10,zeros-la-2-0,zeros-la-2,70,808,10,160,128,0,0,4,128,0,2,2,8,0,0,0,16,0,0,0,0,10,2,1,1,1,0,0,1,0,0,0,0
812,10,zeros-la-2-0,zeros-la-2,71,812,10,162,128,0,2,4,128,0,0,4,8,0,0,0,16,0,0,0,0,10,1,2,1,1,0,0,1,0,0,0,0
820,10,zeros-la-2-0,zeros-la-2,72,820,10,164,128,0,2,8,128,0,0,0,8,0,2,0,16,0,0,0,0,10,2,0,2,1,0,0,1,0,0,0,0
824,10,zeros-la-2-0,zeros-la-2,73,824,10,166,128,0,2,0,0,0,0,0,128,0,0,0,8,0,4,8,16,10,1,1,2,1,0,0,1,0,0,0,0
824,9,zeros-la-2-0,zeros-la-2,74,824,9,168,128,0,0,2,0,0,0,0,128,0,2,0,8,0,4,8,16,9,2,1,2,1,0,0,1,0,0,0,0
824,8,zeros-la-2-0,zeros-la-2,75,824,8,170,128,0,2,2,128,0,4,8,8,2,0,0,16,0,0,0,0,8,3,1,2,1,0,0,1,0,0,0,0
844,9,zeros-la-2-0,zeros-la-2,76,844,9,172,128,4,128,2,0,4,16,0,0,2,16,0,0,0,0,0,0,9,2,2,0,2,0,0,1,0,0,0,0
884,10,zeros-la-2-0,zeros-la-2,77,884,10,174,128,2,0,0,0,0,0,0,0,8,128,0,0,2,32,2,0,10,3,0,1,0,1,0,1,0,0,0,0
884,9,zeros-la-2-0,zeros-la-2,78,884,9,176,128,2,0,0,0,0,0,2,0,8,128,0,0,2,32,2,0,9,4,0,1,0,1,0,1,0,0,0,0
888,9,zeros-la-2-0,zeros-la-2,79,888,9,178,128,2,128,4,0,8,32,2,0,2,0,0,0,0,0,0,0,9,3,1,1,0,1,0,1,0,0,0,0
888,8,zeros-la-2-0,zeros-la-2,80,888,8,180,128,0,2,128,4,2,8,32,2,0,0,0,2,0,0,0,0,8,4,1,1,0,1,0,1,0,0,0,0
892,8,zeros-la-2-0,zeros-la-2,81,892,8,182,128,2,2,128,4,0,8,32,4,0,0,0,0,0,0,2,0,8,3,2,1,0,1,0,1,0,0,0,0
896,8,zeros-la-2-0,zeros-la-2,82,896,8,184,128,4,128,4,0,8,32,4,0,0,0,0,0,2,0,2,0,8,2,3,1,0,1,0,1,0,0,0,0
900,8,zeros-la-2-0,zeros-la-2,83,900,8,186,128,0,4,128,4,0,8,32,4,0,0,0,0,0,0,2,4,8,1,4,1,0,1,0,1,0,0,0,0
908,8,zeros-la-2-0,zeros-la-2,84,908,8,188,128,0,4,128,8,0,8,32,4,0,0,2,0,0,2,0,0,8,2,2,2,0,1,0,1,0,0,0,0
908,7,zeros-la-2-0,zeros-la-2,85,908,7,190,128,0,4,128,8,2,8,32,4,0,0,0,2,0,0,0,2,7,3,2,2,0,1,0,1,0,0,0,0
912,7,zeros-la-2-0,zeros-la-2,86,912,7,192,128,2,4,128,8,0,8,32,4,0,2,0,4,0,0,0,0,7,2,3,2,0,1,0,1,0,0,0,0
920,7,zeros-la-2-0,zeros-la-2,87,920,7,194,128,0,0,0,0,0,4,0,0,2,8,128,8,2,2,32,8,7,3,1,3,0,1,0,1,0,0,0,0
940,8,zeros-la-2-0,zeros-la-2,88,940,8,196,128,4,4,128,16,0,8,32,2,0,2,0,0,0,0,0,0,8,2,2,1,1,1,0,1,0,0,0,0
948,8,zeros-la-2-0,zeros-la-2,89,948,8,200,128,0,8,128,16,0,8,32,2,0,0,0,2,0,0,4,0,8,2,1,2,1,1,0,1,0,0,0,0
968,9,zeros-la-2-0,zeros-la-2,90,968,9,204,128,4,0,0,0,0,0,128,0,0,0,32,16,0,16,4,4,9,0,3,0,2,1,0,1,0,0,0,0
976,9,zeros-la-2-0,zeros-la-2,91,976,9,206,128,4,0,0,0,128,2,0,0,32,16,0,0,16,8,0,0,9,1,1,1,2,1,0,1,0,0,0,0
976,8,zeros-la-2-0,zeros-la-2,92,976,8,208,128,4,2,0,0,128,2,0,0,32,16,0,0,16,8,0,0,8,2,1,1,2,1,0,1,0,0,0,0
980,8,zeros-la-2-0,zeros-la-2,93,980,8,210,128,4,4,2,0,128,16,0,0,32,8,0,0,16,0,0,0,8,1,2,1,2,1,0,1,0,0,0,0
988,8,zeros-la-2-0,zeros-la-2,94,988,8,214,128,0,0,8,2,0,0,128,16,4,0,32,8,0,0,0,16,8,1,1,2,2,1,0,1,0,0,0,0
988,7,zeros-la-2-0,zeros-la-2,95,988,7,216,128,0,0,0,2,0,0,8,16,0,0,128,8,4,2,32,16,7,2,1,2,2,1,0,1,0,0,0,0
988,6,zeros-la-2-0,zeros-la-2,96,988,6,218,128,0,0,0,2,0,0,8,16,2,0,128,8,4,2,32,16,6,3,1,2,2,1,0,1,0,0,0,0
988,5,zeros-la-2-0,zeros-la-2,97,988,5,220,128,0,0,0,2,2,0,8,16,2,0,128,8,4,2,32,16,5,4,1,2,2,1,0,1,0,0,0,0
992,5,zeros-la-2-0,zeros-la-2,98,992,5,222,128,4,2,8,2,4,0,128,16,0,0,32,8,0,2,0,16,5,3,2,2,2,1,0,1,0,0,0,0
1004,6,zeros-la-2-0,zeros-la-2,99,1004,6,224,128,2,0,0,2,0,0,8,16,0,0,128,8,8,4,32,16,6,2,1,3,2,1,0,1,0,0,0,0
1008,6,zeros-la-2-0,zeros-la-2,100,1008,6,226,128,4,0,0,2,8,16,0,0,128,8,0,0,8,4,32,16,6,1,2,3,2,1,0,1,0,0,0,0
1008,5,zeros-la-2-0,zeros-la-2,101,1008,5,228,128,4,16,32,2,8,8,0,16,128,4,0,0,8,2,0,0,5,2,2,3,2,1,0,1,0,0,0,0
1024,5,zeros-la-2-0,zeros-la-2,102,1024,5,230,128,4,16,32,2,16,16,2,0,128,4,0,0,8,2,0,0,5,3,2,1,3,1,0,1,0,0,0,0
1056,5,zeros-la-2-0,zeros-la-2,103,1056,5,232,128,4,16,32,2,0,0,32,2,0,0,128,4,2,0,8,2,5,4,2,1,1,2,0,1,0,0,0,0
1124,6,zeros-la-2-0,zeros-la-2,104,1124,6,234,128,4,16,64,4,2,0,128,4,0,0,8,2,0,0,2,0,6,3,3,1,1,0,1,1,0,0,0,0
1132,6,zeros-la-2-0,zeros-la-2,105,1132,6,236,128,0,0,64,0,0,2,128,0,4,0,8,8,2,16,2,2,6,4,1,2,1,0,1,1,0,0,0,0
1152,7,zeros-la-2-0,zeros-la-2,106,1152,7,238,128,2,0,0,64,0,0,2,128,0,0,4,16,0,2,16,4,7,3,2,0,2,0,1,1,0,0,0,0
1152,6,zeros-la-2-0,zeros-la-2,107,1152,6,240,128,2,2,2,64,0,0,4,128,2,0,16,16,0,0,0,4,6,4,2,0,2,0,1,1,0,0,0,0
1188,7,zeros-la-2-0,zeros-la-2,108,1188,7,242,128,0,2,4,64,0,0,4,128,0,0,2,32,0,0,2,4,7,3,3,0,0,1,1,1,0,0,0,0
1200,8,zeros-la-2-0,zeros-la-2,109,1200,8,244,128,0,2,0,64,0,0,0,128,0,0,8,32,0,2,4,4,8,2,2,1,0,1,1,1,0,0,0,0
1204,8,zeros-la-2-0,zeros-la-2,110,1204,8,246,128,0,0,0,64,2,0,0,128,0,0,8,32,0,4,4,4,8,1,3,1,0,1,1,1,0,0,0,0
1212,8,zeros-la-2-0,zeros-la-2,111,1212,8,248,128,64,0,2,0,2,128,0,0,8,32,0,0,8,4,0,0,8,2,1,2,0,1,1,1,0,0,0,0
1228,8,zeros-la-2-0,zeros-la-2,112,1228,8,250,128,0,0,0,0,64,128,2,0,2,32,0,0,16,4,2,0,8,3,1,0,1,1,1,1,0,0,0,0
1232,8,zeros-la-2-0,zeros-la-2,113,1232,8,252,128,2,0,0,0,64,128,0,0,2,32,0,0,16,4,4,0,8,2,2,0,1,1,1,1,0,0,0,0
1240,8,zeros-la-2-0,zeros-la-2,114,1240,8,254,128,2,0,0,0,64,128,0,0,2,32,0,2,16,8,0,0,8,3,0,1,1,1,1,1,0,0,0,0
1240,7,zeros-la-2-0,zeros-la-2,115,1240,7,256,128,2,0,0,0,64,128,2,0,2,32,0,0,16,8,0,2,7,4,0,1,1,1,1,1,0,0,0,0
1240,6,zeros-la-2-0,zeros-la-2,116,1240,6,258,128,2,128,2,2,64,32,0,0,2,8,0,0,16,0,0,2,6,5,0,1,1,1,1,1,0,0,0,0
1244,6,zeros-la-2-0,zeros-la-2,117,1244,6,260,128,0,2,128,4,0,2,64,32,0,0,2,8,0,0,16,2,6,4,1,1,1,1,1,1,0,0,0,0
1248,6,zeros-la-2-0,zeros-la-2,118,1248,6,262,128,2,0,128,4,0,0,64,32,0,0,2,8,0,4,16,2,6,3,2,1,1,1,1,1,0,0,0,0
1248,5,zeros-la-2-0,zeros-la-2,119,1248,5,264,128,0,0,128,4,0,0,64,32,2,0,2,8,2,4,16,2,5,4,2,1,1,1,1,1,0,0,0,0
1252,5,zeros-la-2-0,zeros-la-2,120,1252,5,266,128,4,4,128,4,0,0,64,32,2,0,2,8,0,0,16,2,5,3,3,1,1,1,1,1,0,0,0,0
1264,6,zeros-la-2-0,zeros-la-2,121,1264,6,268,128,8,128,4,0,64,32,0,0,4,8,2,0,16,2,0,0,6,2,2,2,1,1,1,1,0,0,0,0
1264,5,zeros-la-2-0,zeros-la-2,122,1264,5,270,128,8,128,4,0,64,32,2,0,4,8,2,0,16,2,0,0,5,3,2,2,1,1,1,1,0,0,0,0
1268,5,zeros-la-2-0,zeros-la-2,123,1268,5,272,128,8,128,4,0,64,32,4,0,4,8,0,0,16,2,2,0,5,2,3,2,1,1,1,1,0,0,0,0
1276,5,zeros-la-2-0,zeros-la-2,124,1276,5,274,128,8,128,2,0,64,32,0,0,4,8,8,0,16,2,2,0,5,3,1,3,1,1,1,1,0,0,0,0
1296,6,zeros-la-2-0,zeros-la-2,125,1296,6,276,128,8,128,2,0,64,32,2,0,4,16,0,0,16,4,0,0,6,2,2,1,2,1,1,1,0,0,0,0
1300,6,zeros-la-2-0,zeros-la-2,126,1300,6,278,128,8,128,0,0,64,32,2,0,4,16,0,0,16,4,4,0,6,1,3,1,2,1,1,1,0,0,0,0
1308,6,zeros-la-2-0,zeros-la-2,127,1308,6,280,128,8,128,0,0,64,32,2,0,4,16,0,2,16,8,0,0,6,2,1,2,2,1,1,1,0,0,0,0
1308,5,zeros-la-2-0,zeros-la-2,128,1308,5,282,128,0,0,8,128,0,64,32,2,0,4,16,2,2,0,16,8,5,3,1,2,2,1,1,1,0,0,0,0
1344,6,zeros-la-2-0,zeros-la-2,129,1344,6,284,128,0,0,0,0,0,2,8,128,0,64,32,4,2,4,32,8,6,2,2,2,0,2,1,1,0,0,0,0
1408,6,zeros-la-2-0,zeros-la-2,130,1408,6,286,128,2,2,8,128,0,64,64,4,0,4,2,8,0,0,0,0,6,3,2,2,0,0,2,1,0,0,0,0
1540,7,zeros-la-2-0,zeros-la-2,131,1540,7,288,128,0,4,8,128,0,0,128,4,2,4,2,8,0,0,0,0,7,2,3,2,0,0,0,2,0,0,0,0
1548,7,zeros-la-2-0,zeros-la-2,132,1548,7,290,128,2,8,8,128,0,0,128,4,0,0,2,8,2,0,0,0,7,3,1,3,0,0,0,2,0,0,0,0
1564,7,zeros-la-2-0,zeros-la-2,133,1564,7,292,128,2,2,16,128,0,0,128,4,0,0,2,8,0,0,0,2,7,4,1,1,1,0,0,2,0,0,0,0
1568,7,zeros-la-2-0,zeros-la-2,134,1568,7,294,128,4,16,128,0,128,4,0,0,2,8,2,0,2,0,0,0,7,3,2,1,1,0,0,2,0,0,0,0
1568,6,zeros-la-2-0,zeros-la-2,135,1568,6,296,128,0,4,16,128,0,0,128,4,2,2,8,2,0,0,0,2,6,4,2,1,1,0,0,2,0,0,0,0
1572,6,zeros-la-2-0,zeros-la-2,136,1572,6,298,128,2,4,16,128,0,2,128,4,2,0,8,4,0,0,0,0,6,3,3,1,1,0,0,2,0,0,0,0
1584,7,zeros-la-2-0,zeros-la-2,137,1584,7,300,128,4,4,16,128,0,2,128,8,0,0,8,2,0,0,0,0,7,2,2,2,1,0,0,2,0,0,0,0
1592,7,zeros-la-2-0,zeros-la-2,138,1592,7,302,128,0,8,16,128,0,2,128,8,0,0,8,2,0,0,0,2,7,3,0,3,1,0,0,2,0,0,0,0
1596,7,zeros-la-2-0,zeros-la-2,139,1596,7,304,128,2,8,16,128,0,2,128,8,0,0,8,4,0,0,0,0,7,2,1,3,1,0,0,2,0,0,0,0
1596,6,zeros-la-2-0,zeros-la-2,140,1596,6,306,128,2,0,0,0,0,0,16,128,0,8,128,8,2,2,8,4,6,3,1,3,1,0,0,2,0,0,0,0
1600,6,zeros-la-2-0,zeros-la-2,141,1600,6,310,128,0,0,4,2,0,0,16,128,0,8,128,8,0,4,8,4,6,1,3,3,1,0,0,2,0,0,0,0
1600,5,zeros-la-2-0,zeros-la-2,142,1600,5,312,128,4,2,0,0,16,128,0,0,8,128,8,2,4,8,4,0,5,2,3,3,1,0,0,2,0,0,0,0
1856,5,zeros-la-2-0,zeros-la-2,143,1856,5,314,256,4,2,8,2,16,256,4,0,8,8,0,2,4,0,0,0,5,3,3,3,1,0,0,0,1,0,0,0
1860,5,zeros-la-2-0,zeros-la-2,144,1860,5,316,256,4,0,0,0,16,2,0,2,8,256,8,0,4,8,4,4,5,2,4,3,1,0,0,0,1,0,0,0
1872,6,zeros-la-2-0,zeros-la-2,145,1872,6,318,256,2,0,0,4,0,0,16,4,0,8,256,8,0,4,8,8,6,1,3,4,1,0,0,0,1,0,0,0
1896,7,zeros-la-2-0,zeros-la-2,146,1896,7,320,256,2,8,16,8,0,4,256,16,2,0,8,0,0,0,0,0,7,2,1,3,2,0,0,0,1,0,0,0
1900,7,zeros-la-2-0,zeros-la-2,147,1900,7,322,256,0,0,0,0,2,0,16,0,0,8,256,8,4,4,8,16,7,1,2,3,2,0,0,0,1,0,0,0
1908,7,zeros-la-2-0,zeros-la-2,148,1908,7,324,256,0,0,0,0,0,0,2,16,0,8,256,8,2,8,8,16,7,2,0,4,2,0,0,0,1,0,0,0
1924,7,zeros-la-2-0,zeros-la-2,149,1924,7,326,256,0,0,0,0,0,2,2,16,0,8,256,8,0,2,16,16,7,3,0,2,3,0,0,0,1,0,0,0
1960,8,zeros-la-2-0,zeros-la-2,150,1960,8,328,256,0,0,0,2,0,0,4,16,0,8,256,8,0,0,2,32,8,2,1,2,1,1,0,0,1,0,0,0
1960,7,zeros-la-2-0,zeros-la-2,151,1960,7,330,256,2,0,0,0,4,16,0,0,8,256,8,0,2,32,0,2,7,3,1,2,1,1,0,0,1,0,0,0
1960,6,zeros-la-2-0,zeros-la-2,152,1960,6,332,256,2,2,0,0,4,16,0,0,8,256,0,0,2,32,8,2,6,4,1,2,1,1,0,0,1,0,0,0
1964,6,zeros-la-2-0,zeros-la-2,153,1964,6,334,256,2,0,0,4,0,0,4,16,0,0,8,256,2,32,8,2,6,3,2,2,1,1,0,0,1,0,0,0
1984,7,zeros-la-2-0,zeros-la-2,154,1984,7,336,256,4,32,4,4,2,0,16,16,0,0,0,256,0,0,0,2,7,2,3,0,2,1,0,0,1,0,0,0
2024,8,zeros-la-2-0,zeros-la-2,155,2024,8,338,256,0,4,32,8,0,0,2,32,0,0,2,256,0,0,0,2,8,3,1,1,0,2,0,0,1,0,0,0
2024,7,zeros-la-2-0,zeros-la-2,156,2024,7,340,256,4,32,8,0,2,32,0,2,2,256,0,0,2,0,0,0,7,4,1,1,0,2,0,0,1,0,0,0
2092,8,zeros-la-2-0,zeros-la-2,157,2092,8,342,256,4,64,8,2,4,256,0,0,2,0,0,2,0,0,0,0,8,3,2,1,0,0,1,0,1,0,0,0
2104,9,zeros-la-2-0,zeros-la-2,158,2104,9,346,256,8,64,8,4,2,256,0,0,0,0,0,0,0,0,0,4,9,1,2,2,0,0,1,0,1,0,0,0
2112,9,zeros-la-2-0,zeros-la-2,159,2112,9,348,256,8,64,8,8,2,256,0,2,0,0,0,0,0,0,0,0,9,2,0,3,0,0,1,0,1,0,0,0
2128,9,zeros-la-2-0,zeros-la-2,160,2128,9,350,256,8,64,16,0,2,256,2,0,2,0,0,0,0,0,0,0,9,3,0,1,1,0,1,0,1,0,0,0
2132,9,zeros-la-2-0,zeros-la-2,161,2132,9,352,256,8,64,16,0,4,256,2,2,0,0,0,0,0,0,0,0,9,2,1,1,1,0,1,0,1,0,0,0
2136,9,zeros-la-2-0,zeros-la-2,162,2136,9,354,256,8,64,16,0,4,256,4,0,2,0,0,0,0,0,0,0,9,1,2,1,1,0,1,0,1,0,0,0
2136,8,zeros-la-2-0,zeros-la-2,163,2136,8,356,256,8,64,16,0,4,256,4,0,2,0,0,2,0,0,0,0,8,2,2,1,1,0,1,0,1,0,0,0
2140,8,zeros-la-2-0,zeros-la-2,164,2140,8,358,256,8,64,16,2,4,256,4,0,4,0,0,0,0,0,0,0,8,1,3,1,1,0,1,0,1,0,0,0
2148,8,zeros-la-2-0,zeros-la-2,165,2148,8,360,256,8,64,16,2,8,256,4,0,0,0,2,0,0,0,0,0,8,2,1,2,1,0,1,0,1,0,0,0
2164,8,zeros-la-2-0,zeros-la-2,166,2164,8,362,256,0,0,2,0,0,0,16,0,0,64,4,0,16,256,2,2,8,3,1,0,2,0,1,0,1,0,0,0
2168,8,zeros-la-2-0,zeros-la-2,167,2168,8,364,256,0,0,0,2,0,0,0,16,2,0,64,4,0,16,256,4,8,2,2,0,2,0,1,0,1,0,0,0
2176,8,zeros-la-2-0,zeros-la-2,168,2176,8,366,256,0,0,0,0,2,0,0,2,0,0,64,16,2,16,256,8,8,3,0,1,2,0,1,0,1,0,0,0
2180,8,zeros-la-2-0,zeros-la-2,169,2180,8,368,256,0,0,2,0,0,0,0,2,0,0,64,16,4,16,256,8,8,2,1,1,2,0,1,0,1,0,0,0
2180,7,zeros-la-2-0,zeros-la-2,170,2180,7,370,256,2,0,0,0,2,2,0,0,64,16,0,0,4,16,256,8,7,3,1,1,2,0,1,0,1,0,0,0
2216,8,zeros-la-2-0,zeros-la-2,171,2216,8,372,256,4,2,256,8,64,32,2,0,4,0,0,0,0,0,0,0,8,2,2,1,0,1,1,0,1,0,0,0
2216,7,zeros-la-2-0,zeros-la-2,172,2216,7,374,256,0,0,2,0,4,0,0,0,64,2,256,0,4,32,2,8,7,3,2,1,0,1,1,0,1,0,0,0
2216,6,zeros-la-2-0,zeros-la-2,173,2216,6,378,256,4,2,2,8,64,32,256,0,4,4,2,0,0,0,0,0,6,3,3,1,0,1,1,0,1,0,0,0
2228,7,zeros-la-2-0,zeros-la-2,174,2228,7,380,256,4,4,8,0,64,32,256,0,8,2,0,0,0,0,2,0,7,2,2,2,0,1,1,0,1,0,0,0
2236,7,zeros-la-2-0,zeros-la-2,175,2236,7,382,256,0,0,8,8,0,64,32,256,0,0,8,2,0,0,2,2,7,3,0,3,0,1,1,0,1,0,0,0
2240,7,zeros-la-2-0,zeros-la-2,176,2240,7,384,256,0,64,8,8,0,0,32,256,0,0,8,4,2,0,2,0,7,2,1,3,0,1,1,0,1,0,0,0
2260,8,zeros-la-2-0,zeros-la-2,177,2260,8,386,256,2,0,64,16,0,0,32,256,0,0,8,4,0,0,0,4,8,1,2,1,1,1,1,0,1,0,0,0
2268,8,zeros-la-2-0,zeros-la-2,178,2268,8,388,256,2,0,64,16,0,0,32,256,2,0,8,8,0,0,0,0,8,2,0,2,1,1,1,0,1,0,0,0
2284,8,zeros-la-2-0,zeros-la-2,179,2284,8,390,256,0,2,64,16,0,0,32,256,0,0,2,16,0,0,0,2,8,3,0,0,2,1,1,0,1,0,0,0
2284,7,zeros-la-2-0,zeros-la-2,180,2284,7,392,256,0,2,64,16,0,0,32,256,0,0,2,16,0,2,0,2,7,4,0,0,2,1,1,0,1,0,0,0
2288,7,zeros-la-2-0,zeros-la-2,181,2288,7,394,256,0,4,64,16,0,0,32,256,0,0,2,16,0,0,2,2,7,3,1,0,2,1,1,0,1,0,0,0
2292,7,zeros-la-2-0,zeros-la-2,182,2292,7,396,256,0,0,0,16,0,0,64,256,0,2,32,16,0,4,4,2,7,2,2,0,2,1,1,0,1,0,0,0
2300,7,zeros-la-2-0,zeros-la-2,183,2300,7,398,256,0,0,0,16,0,2,64,256,0,2,32,16,0,0,8,2,7,3,0,1,2,1,1,0,1,0,0,0
2304,7,zeros-la-2-0,zeros-la-2,184,2304,7,400,256,0,4,64,16,0,0,32,256,2,0,8,16,0,0,0,2,7,2,1,1,2,1,1,0,1,0,0,0
2304,6,zeros-la-2-0,zeros-la-2,185,2304,6,402,256,2,0,0,16,0,0,64,256,0,0,32,16,2,4,8,2,6,3,1,1,2,1,1,0,1,0,0,0
2308,6,zeros-la-2-0,zeros-la-2,186,2308,6,404,256,4,4,64,16,0,0,32,256,0,2,8,16,0,0,0,2,6,2,2,1,2,1,1,0,1,0,0,0
2316,6,zeros-la-2-0,zeros-la-2,187,2316,6,406,256,8,64,16,0,32,256,0,0,2,8,16,2,2,0,0,0,6,3,0,2,2,1,1,0,1,0,0,0
2352,7,zeros-la-2-0,zeros-la-2,188,2352,7,408,256,8,64,32,2,32,256,0,0,4,8,0,0,0,2,0,0,7,2,1,2,0,2,1,0,1,0,0,0
2352,6,zeros-la-2-0,zeros-la-2,189,2352,6,410,256,8,64,32,2,0,0,32,256,0,0,4,8,2,0,0,2,6,3,1,2,0,2,1,0,1,0,0,0
2416,6,zeros-la-2-0,zeros-la-2,190,2416,6,412,256,8,64,64,2,2,0,4,256,0,0,0,8,0,0,2,2,6,4,1,2,0,0,2,0,1,0,0,0
2548,7,zeros-la-2-0,zeros-la-2,191,2548,7,414,256,8,128,2,0,2,4,256,0,8,2,0,0,4,0,0,0,7,3,2,2,0,0,0,1,1,0,0,0
2548,6,zeros-la-2-0,zeros-la-2,192,2548,6,416,256,0,8,128,2,0,2,4,256,0,0,8,2,2,0,0,4,6,4,2,2,0,0,0,1,1,0,0,0
2548,5,zeros-la-2-0,zeros-la-2,193,2548,5,418,256,2,8,128,2,0,2,4,256,0,0,8,2,0,0,2,4,5,5,2,2,0,0,0,1,1,0,0,0
2548,4,zeros-la-2-0,zeros-la-2,194,2548,4,420,256,2,0,128,2,0,0,4,256,0,8,8,2,2,2,2,4,4,6,2,2,0,0,0,1,1,0,0,0
2568,5,zeros-la-2-0,zeros-la-2,195,2568,5,422,256,0,2,128,2,0,0,4,256,0,0,16,2,2,2,4,4,5,5,3,0,1,0,0,1,1,0,0,0
2580,6,zeros-la-2-0,zeros-la-2,196,2580,6,424,256,2,2,128,2,0,0,4,256,0,0,16,2,0,0,4,8,6,4,2,1,1,0,0,1,1,0,0,0
2584,6,zeros-la-2-0,zeros-la-2,197,2584,6,426,256,4,128,2,2,4,256,0,0,16,2,0,0,4,8,0,0,6,3,3,1,1,0,0,1,1,0,0,0
2592,6,zeros-la-2-0,zeros-la-2,198,2592,6,428,256,8,128,2,2,16,256,0,0,4,2,0,0,2,8,0,0,6,4,1,2,1,0,0,1,1,0,0,0
2596,6,zeros-la-2-0,zeros-la-2,199,2596,6,430,256,8,128,4,0,16,256,0,0,4,2,0,0,2,8,2,0,6,3,2,2,1,0,0,1,1,0,0,0
2596,5,zeros-la-2-0,zeros-la-2,200,2596,5,432,256,0,8,128,4,0,0,16,256,0,2,4,2,0,2,8,2,5,4,2,2,1,0,0,1,1,0,0,0
2604,6,zeros-la-2-0,zeros-la-2,201,2604,6,434,256,0,8,128,4,0,4,16,256,0,0,4,4,2,0,8,0,6,1,4,2,1,0,0,1,1,0,0,0
2612,6,zeros-la-2-0,zeros-la-2,202,2612,6,436,256,0,8,128,4,0,4,16,256,0,0,0,8,0,2,2,8,6,2,2,3,1,0,0,1,1,0,0,0
2628,6,zeros-la-2-0,zeros-la-2,203,2628,6,438,256,0,0,0,2,0,8,128,4,0,4,16,256,0,2,2,16,6,3,2,1,2,0,0,1,1,0,0,0
2632,6,zeros-la-2-0,zeros-la-2,204,2632,6,440,256,2,0,2,0,8,128,4,0,4,16,256,0,4,16,0,0,6,2,3,1,2,0,0,1,1,0,0,0
2672,7,zeros-la-2-0,zeros-la-2,205,2672,7,442,256,0,0,0,2,2,0,2,0,8,128,4,0,8,32,256,0,7,3,1,2,0,1,0,1,1,0,0,0
2676,7,zeros-la-2-0,zeros-la-2,206,2676,7,444,256,2,0,2,0,4,0,0,0,8,128,4,0,8,32,256,0,7,2,2,2,0,1,0,1,1,0,0,0
2680,7,zeros-la-2-0,zeros-la-2,207,2680,7,446,256,4,0,2,0,4,0,0,0,8,128,4,0,8,32,256,0,7,1,3,2,0,1,0,1,1,0,0,0
2704,8,zeros-la-2-0,zeros-la-2,208,2704,8,448,256,0,0,0,2,0,0,2,0,8,128,4,0,16,32,256,0,8,2,1,1,1,1,0,1,1,0,0,0
2704,7,zeros-la-2-0,zeros-la-2,209,2704,7,450,256,8,128,2,2,16,32,4,0,0,0,256,0,0,0,2,0,7,3,1,1,1,1,0,1,1,0,0,0
2708,7,zeros-la-2-0,zeros-la-2,210,2708,7,452,256,8,128,4,0,16,32,4,0,256,0,0,0,2,2,0,0,7,2,2,1,1,1,0,1,1,0,0,0
2716,7,zeros-la-2-0,zeros-la-2,211,2716,7,456,256,8,0,0,0,16,128,0,0,256,32,0,4,2,2,8,0,7,2,1,2,1,1,0,1,1,0,0,0
2720,7,zeros-la-2-0,zeros-la-2,212,2720,7,458,256,0,0,0,8,0,0,16,128,0,256,32,4,2,0,4,8,7,1,2,2,1,1,0,1,1,0,0,0
2720,6,zeros-la-2-0,zeros-la-2,213,2720,6,460,256,2,256,16,8,0,0,32,128,0,0,4,4,0,0,2,8,6,2,2,2,1,1,0,1,1,0,0,0
2728,6,zeros-la-2-0,zeros-la-2,214,2728,6,462,256,2,256,16,8,0,0,32,128,0,0,2,8,0,0,2,8,6,3,0,3,1,1,0,1,1,0,0,0
2748,7,zeros-la-2-0,zeros-la-2,215,2748,7,464,256,2,256,16,8,0,2,32,128,0,0,4,16,0,0,0,0,7,2,1,1,2,1,0,1,1,0,0,0
2748,6,zeros-la-2-0,zeros-la-2,216,2748,6,466,256,0,0,0,2,0,0,16,8,0,256,32,128,2,2,4,16,6,3,1,1,2,1,0,1,1,0,0,0
2752,6,zeros-la-2-0,zeros-la-2,217,2752,6,468,256,0,0,0,2,0,2,16,8,0,256,32,128,0,4,4,16,6,2,2,1,2,1,0,1,1,0,0,0
2760,6,zeros-la-2-0,zeros-la-2,218,2760,6,470,256,2,0,0,2,2,16,8,0,256,32,128,0,8,16,0,0,6,3,0,2,2,1,0,1,1,0,0,0
2764,6,zeros-la-2-0,zeros-la-2,219,2764,6,472,256,0,0,0,2,4,16,0,0,256,32,8,0,8,16,128,2,6,2,1,2,2,1,0,1,1,0,0,0
2768,6,zeros-la-2-0,zeros-la-2,220,2768,6,474,256,0,0,0,0,4,16,0,2,256,32,8,0,8,16,128,4,6,1,2,2,2,1,0,1,1,0,0,0
2768,5,zeros-la-2-0,zeros-la-2,221,2768,5,476,256,4,16,8,2,256,32,128,4,8,16,0,0,0,2,0,0,5,2,2,2,2,1,0,1,1,0,0,0
2768,4,zeros-la-2-0,zeros-la-2,222,2768,4,478,256,4,16,8,2,256,32,128,4,0,0,8,16,2,0,0,2,4,3,2,2,2,1,0,1,1,0,0,0
2772,4,zeros-la-2-0,zeros-la-2,223,2772,4,480,256,4,16,8,2,256,32,128,4,8,16,0,0,4,2,0,0,4,2,3,2,2,1,0,1,1,0,0,0
2772,3,zeros-la-2-0,zeros-la-2,224,2772,3,482,256,4,16,8,2,256,32,128,4,8,16,2,0,4,2,0,0,3,3,3,2,2,1,0,1,1,0,0,0
2772,2,zeros-la-2-0,zeros-la-2,225,2772,2,484,256,4,16,0,2,256,32,8,0,8,16,128,2,4,2,2,4,2,4,3,2,2,1,0,1,1,0,0,0
2776,2,zeros-la-2-0,zeros-la-2,226,2776,2,486,256,4,16,8,4,256,32,128,4,8,16,2,0,4,2,0,2,2,3,4,2,2,1,0,1,1,0,0,0
2784,2,zeros-la-2-0,zeros-la-2,227,2784,2,488,256,4,16,8,8,256,32,128,2,8,16,2,0,4,2,0,2,2,4,2,3,2,1,0,1,1,0,0,0
2804,3,zeros-la-2-0,zeros-la-2,228,2804,3,490,256,4,16,16,0,256,32,128,2,8,16,2,0,4,4,2,0,3,3,3,1,3,1,0,1,1,0,0,0
2844,4,zeros-la-2-0,zeros-la-2,229,2844,4,492,256,4,32,0,0,256,32,128,2,8,16,2,2,8,2,0,0,4,4,1,2,1,2,0,1,1,0,0,0
2928,6,zeros-la-2-0,zeros-la-2,230,2928,6,494,256,4,64,128,4,256,16,2,0,16,2,0,2,0,0,0,0,6,3,2,0,2,0,1,1,1,0,0,0
2932,6,zeros-la-2-0,zeros-la-2,231,2932,6,496,256,4,64,128,4,0,256,16,2,0,0,16,4,0,0,2,0,6,2,3,0,2,0,1,1,1,0,0,0
2964,6,zeros-la-2-0,zeros-la-2,232,2964,6,498,256,4,64,128,4,0,256,32,2,0,2,2,4,0,0,0,0,6,3,3,0,0,1,1,1,1,0,0,0
2968,6,zeros-la-2-0,zeros-la-2,233,2968,6,500,256,4,64,128,4,256,32,2,0,4,4,0,0,0,2,0,0,6,2,4,0,0,1,1,1,1,0,0,0
2976,6,zeros-la-2-0,zeros-la-2,234,2976,6,502,256,4,64,128,4,0,256,32,2,0,0,0,8,0,0,2,2,6,3,2,1,0,1,1,1,1,0,0,0
2980,6,zeros-la-2-0,zeros-la-2,235,2980,6,504,256,4,64,128,4,256,32,2,0,8,0,0,0,4,0,2,0,6,2,3,1,0,1,1,1,1,0,0,0
2984,6,zeros-la-2-0,zeros-la-2,236,2984,6,506,256,4,64,128,4,256,32,4,0,8,0,0,0,4,0,2,0,6,1,4,1,0,1,1,1,1,0,0,0
2984,5,zeros-la-2-0,zeros-la-2,237,2984,5,508,256,4,64,128,4,0,256,32,4,0,0,0,8,2,0,4,2,5,2,4,1,0,1,1,1,1,0,0,0
2992,5,zeros-la-2-0,zeros-la-2,238,2992,5,510,256,4,64,128,8,2,256,32,8,0,0,4,2,0,0,0,2,5,3,2,2,0,1,1,1,1,0,0,0
3012,6,zeros-la-2-0,zeros-la-2,239,3012,6,514,256,0,0,0,4,0,0,128,0,4,64,32,16,2,256,4,4,6,1,4,0,1,1,1,1,1,0,0,0
3012,5,zeros-la-2-0,zeros-la-2,240,3012,5,516,256,4,64,128,4,2,256,32,16,0,0,4,4,0,0,0,2,5,2,4,0,1,1,1,1,1,0,0,0
3020,5,zeros-la-2-0,zeros-la-2,241,3020,5,518,256,4,64,128,4,2,256,32,16,0,0,0,8,2,0,0,2,5,3,2,1,1,1,1,1,1,0,0,0
3024,5,zeros-la-2-0,zeros-la-2,242,3024,5,520,256,4,64,128,4,4,256,32,16,0,0,0,8,0,2,0,2,5,2,3,1,1,1,1,1,1,0,0,0
3028,5,zeros-la-2-0,zeros-la-2,243,3028,5,522,256,4,64,128,4,4,256,32,16,8,0,2,0,4,0,0,0,5,1,4,1,1,1,1,1,1,0,0,0
3036,5,zeros-la-2-0,zeros-la-2,244,3036,5,524,256,8,64,128,4,8,256,32,16,4,0,2,0,0,0,2,0,5,2,2,2,1,1,1,1,1,0,0,0
3056,6,zeros-la-2-0,zeros-la-2,245,3056,6,526,256,0,0,0,0,0,2,128,0,16,64,32,4,4,256,4,16,6,1,3,0,2,1,1,1,1,0,0,0
3056,5,zeros-la-2-0,zeros-la-2,246,3056,5,528,256,2,0,0,0,2,128,0,0,16,64,32,4,4,256,4,16,5,2,3,0,2,1,1,1,1,0,0,0
3060,5,zeros-la-2-0,zeros-la-2,247,3060,5,530,256,4,128,32,4,16,64,4,16,4,256,0,2,0,0,0,0,5,1,4,0,2,1,1,1,1,0,0,0
3060,4,zeros-la-2-0,zeros-la-2,248,3060,4,532,256,4,128,32,4,16,64,4,16,0,4,256,2,0,0,2,0,4,2,4,0,2,1,1,1,1,0,0,0
3060,3,zeros-la-2-0,zeros-la-2,249,3060,3,534,256,0,0,32,2,0,128,4,4,4,64,256,16,16,4,2,2,3,3,4,0,2,1,1,1,1,0,0,0
3072,4,zeros-la-2-0,zeros-la-2,250,3072,4,536,256,32,2,2,0,128,8,0,0,4,64,256,16,16,4,4,0,4,2,3,1,2,1,1,1,1,0,0,0
3084,5,zeros-la-2-0,zeros-la-2,251,3084,5,540,256,0,4,32,4,0,0,128,8,4,64,256,16,0,0,16,8,5,0,3,2,2,1,1,1,1,0,0,0
3084,4,zeros-la-2-0,zeros-la-2,252,3084,4,542,256,4,4,32,4,0,64,128,8,2,0,256,16,0,0,16,8,4,1,3,2,2,1,1,1,1,0,0,0
3092,4,zeros-la-2-0,zeros-la-2,253,3092,4,544,256,0,8,32,4,0,64,128,8,2,2,256,16,0,0,16,8,4,2,1,3,2,1,1,1,1,0,0,0
3096,4,zeros-la-2-0,zeros-la-2,254,3096,4,546,256,2,8,32,4,0,64,128,8,0,4,256,16,0,0,16,8,4,1,2,3,2,1,1,1,1,0,0,0
3096,3,zeros-la-2-0,zeros-la-2,255,3096,3,548,256,2,8,32,4,2,64,128,8,0,4,256,16,0,0,16,8,3,2,2,3,2,1,1,1,1,0,0,0
3100,3,zeros-la-2-0,zeros-la-2,256,3100,3,550,256,0,2,32,4,0,8,128,8,0,64,256,16,4,4,16,8,3,1,3,3,2,1,1,1,1,0,0,0
3108,3,zeros-la-2-0,zeros-la-2,257,3108,3,552,256,2,2,32,4,0,8,128,8,0,64,256,16,0,8,16,8,3,2,1,4,2,1,1,1,1,0,0,0
3112,3,zeros-la-2-0,zeros-la-2,258,3112,3,554,256,4,32,4,0,8,128,8,2,64,256,16,0,8,16,8,0,3,1,2,4,2,1,1,1,1,0,0,0
3112,2,zeros-la-2-0,zeros-la-2,259,3112,2,556,256,4,32,4,0,8,128,8,0,64,256,16,2,8,16,8,2,2,2,2,4,2,1,1,1,1,0,0,0
3116,2,zeros-la-2-0,zeros-la-2,260,3116,2,558,256,4,32,4,4,8,128,8,2,64,256,16,0,8,16,8,0,2,1,3,4,2,1,1,1,1,0,0,0
3124,2,zeros-la-2-0,zeros-la-2,261,3124,2,560,256,4,32,8,0,8,128,8,2,64,256,16,2,8,16,8,0,2,2,1,5,2,1,1,1,1,0,0,0
3144,3,zeros-la-2-0,zeros-la-2,262,3144,3,562,256,4,32,16,4,8,128,16,0,64,256,8,0,8,16,0,2,3,1,2,3,3,1,1,1,1,0,0,0
3176,3,zeros-la-2-0,zeros-la-2,263,3176,3,564,256,4,32,32,4,8,128,8,2,64,256,0,2,8,16,0,0,3,2,2,3,1,2,1,1,1,0,0,0
3180,3,zeros-la-2-0,zeros-la-2,264,3180,3,568,256,4,32,32,4,8,128,8,4,64,256,0,4,8,16,0,0,3,0,4,3,1,2,1,1,1,0,0,0
3188,3,zeros-la-2-0,zeros-la-2,265,3188,3,570,256,4,32,0,0,8,128,0,2,64,256,32,4,8,16,8,8,3,1,2,4,1,2,1,1,1,0,0,0
3204,3,zeros-la-2-0,zeros-la-2,266,3204,3,572,256,4,32,0,0,8,128,2,2,64,256,32,4,8,16,16,0,3,2,2,2,2,2,1,1,1,0,0,0
3240,4,zeros-la-2-0,zeros-la-2,267,3240,4,574,256,0,0,4,32,0,8,128,4,64,256,32,4,2,0,8,32,4,1,3,2,0,3,1,1,1,0,0,0
3248,4,zeros-la-2-0,zeros-la-2,268,3248,4,576,256,64,8,4,32,2,256,128,8,0,2,32,32,0,0,8,0,4,2,1,3,0,3,1,1,1,0,0,0
3312,4,zeros-la-2-0,zeros-la-2,269,3312,4,580,256,64,8,4,32,2,256,128,8,0,0,2,64,0,0,4,8,4,2,2,3,0,1,2,1,1,0,0,0
3312,3,zeros-la-2-0,zeros-la-2,270,3312,3,582,256,64,8,4,32,2,256,128,8,0,0,2,64,2,0,4,8,3,3,2,3,0,1,2,1,1,0,0,0
3312,2,zeros-la-2-0,zeros-la-2,271,3312,2,584,256,64,8,4,32,2,256,128,8,2,0,2,64,0,2,4,8,2,4,2,3,0,1,2,1,1,0,0,0
3316,2,zeros-la-2-0,zeros-la-2,272,3316,2,586,256,64,8,4,32,2,256,128,8,0,2,4,64,0,2,4,8,2,3,3,3,0,1,2,1,1,0,0,0
3328,3,zeros-la-2-0,zeros-la-2,273,3328,3,588,256,0,2,0,32,0,8,4,8,64,256,128,64,2,4,8,8,3,2,2,4,0,1,2,1,1,0,0,0
3328,2,zeros-la-2-0,zeros-la-2,274,3328,2,590,256,0,2,2,32,0,8,4,8,64,256,128,64,2,4,8,8,2,3,2,4,0,1,2,1,1,0,0,0
3348,3,zeros-la-2-0,zeros-la-2,275,3348,3,592,256,2,0,4,32,0,8,4,8,64,256,128,64,0,2,4,16,3,2,3,2,1,1,2,1,1,0,0,0
3356,3,zeros-la-2-0,zeros-la-2,276,3356,3,594,256,2,8,8,32,64,256,128,8,0,2,4,64,0,0,2,16,3,3,1,3,1,1,2,1,1,0,0,0
3372,3,zeros-la-2-0,zeros-la-2,277,3372,3,596,256,2,16,32,0,64,256,128,8,2,4,64,0,2,16,0,2,3,4,1,1,2,1,2,1,1,0,0,0
3376,3,zeros-la-2-0,zeros-la-2,278,3376,3,598,256,2,16,32,8,64,256,128,2,4,4,64,2,0,16,0,0,3,3,2,1,2,1,2,1,1,0,0,0
3380,3,zeros-la-2-0,zeros-la-2,279,3380,3,602,256,2,16,32,8,64,256,128,4,4,4,64,0,0,16,4,0,3,1,4,1,2,1,2,1,1,0,0,0
3380,2,zeros-la-2-0,zeros-la-2,280,3380,2,604,256,0,16,32,0,2,256,128,2,64,4,64,8,4,16,4,4,2,2,4,1,2,1,2,1,1,0,0,0
3388,2,zeros-la-2-0,zeros-la-2,281,3388,2,606,256,2,0,16,32,2,256,128,2,64,4,64,8,0,4,16,8,2,3,2,2,2,1,2,1,1,0,0,0
3416,4,zeros-la-2-0,zeros-la-2,282,3416,4,608,256,0,0,16,0,0,2,128,32,4,256,64,2,64,8,16,16,4,2,1,1,3,1,2,1,1,0,0,0
3448,4,zeros-la-2-0,zeros-la-2,283,3448,4,610,256,0,0,0,16,0,2,128,32,4,256,64,2,2,64,8,32,4,3,1,1,1,2,2,1,1,0,0,0
3448,3,zeros-la-2-0,zeros-la-2,284,3448,3,612,256,4,2,128,16,2,256,64,32,0,64,8,2,0,2,0,32,3,4,1,1,1,2,2,1,1,0,0,0
3448,2,zeros-la-2-0,zeros-la-2,285,3448,2,614,256,0,2,2,16,0,256,128,32,4,64,64,2,2,2,8,32,2,5,1,1,1,2,2,1,1,0,0,0
3584,4,zeros-la-2-0,zeros-la-2,286,3584,4,616,256,0,2,4,16,0,256,128,32,0,4,128,2,0,4,8,32,4,2,3,1,1,2,0,2,1,0,0,0
3848,5,zeros-la-2-0,zeros-la-2,287,3848,5,618,256,2,2,4,16,0,256,256,32,0,8,8,2,0,0,0,32,5,3,1,2,1,2,0,0,2,0,0,0
4380,7,zeros-la-2-0,zeros-la-2,288,4380,7,620,512,0,4,4,16,0,2,512,32,0,0,16,2,0,0,0,32,7,2,2,0,2,2,0,0,0,1,0,0
4388,7,zeros-la-2-0,zeros-la-2,289,4388,7,622,512,0,0,8,16,0,2,512,32,0,0,16,2,2,0,0,32,7,3,0,1,2,2,0,0,0,1,0,0
4388,6,zeros-la-2-0,zeros-la-2,290,4388,6,624,512,0,2,8,16,0,2,512,32,0,0,16,2,0,0,2,32,6,4,0,1,2,2,0,0,0,1,0,0
4392,6,zeros-la-2-0,zeros-la-2,291,4392,6,626,512,0,4,8,16,0,0,512,32,2,0,16,2,0,0,2,32,6,3,1,1,2,2,0,0,0,1,0,0
4392,5,zeros-la-2-0,zeros-la-2,292,4392,5,628,512,4,8,16,0,512,32,0,0,2,16,2,0,2,32,0,2,5,4,1,1,2,2,0,0,0,1,0,0
4396,5,zeros-la-2-0,zeros-la-2,293,4396,5,630,512,0,8,0,2,4,32,0,0,512,16,16,0,4,32,2,2,5,3,2,1,2,2,0,0,0,1,0,0
4432,6,zeros-la-2-0,zeros-la-2,294,4432,6,632,512,8,2,0,0,4,32,0,2,512,32,0,0,4,32,4,0,6,2,3,1,0,3,0,0,0,1,0,0
4432,5,zeros-la-2-0,zeros-la-2,295,4432,5,634,512,0,0,8,2,0,4,32,2,0,0,512,32,2,4,32,4,5,3,3,1,0,3,0,0,0,1,0,0
4444,6,zeros-la-2-0,zeros-la-2,296,4444,6,636,512,2,8,8,4,0,0,32,32,0,0,512,4,0,0,32,2,6,2,2,2,0,3,0,0,0,1,0,0
4524,7,zeros-la-2-0,zeros-la-2,297,4524,7,638,512,0,2,16,4,2,0,0,64,0,0,512,4,0,0,32,2,7,3,2,0,1,1,1,0,0,1,0,0
4524,6,zeros-la-2-0,zeros-la-2,298,4524,6,640,512,0,2,16,4,2,0,2,64,0,0,512,4,0,0,32,2,6,4,2,0,1,1,1,0,0,1,0,0
4528,6,zeros-la-2-0,zeros-la-2,299,4528,6,642,512,0,2,16,4,0,0,4,64,0,0,512,4,2,0,32,2,6,3,3,0,1,1,1,0,0,1,0,0
4528,5,zeros-la-2-0,zeros-la-2,300,4528,5,646,512,0,2,16,4,0,0,4,64,4,0,512,4,0,2,32,2,5,3,4,0,1,1,1,0,0,1,0,0
4532,5,zeros-la-2-0,zeros-la-2,301,4532,5,648,512,0,2,16,4,0,0,4,64,0,0,512,4,4,4,32,2,5,2,5,0,1,1,1,0,0,1,0,0
4540,5,zeros-la-2-0,zeros-la-2,302,4540,5,650,512,0,2,16,4,2,0,4,64,0,0,512,4,0,8,32,2,5,3,3,1,1,1,1,0,0,1,0,0
4540,4,zeros-la-2-0,zeros-la-2,303,4540,4,654,512,2,16,4,0,2,4,64,0,512,4,0,4,8,32,2,0,4,3,4,1,1,1,1,0,0,1,0,0
4552,5,zeros-la-2-0,zeros-la-2,304,4552,5,656,512,4,16,4,4,512,8,64,2,8,32,2,0,0,0,0,0,5,2,3,2,1,1,1,0,0,1,0,0
4560,5,zeros-la-2-0,zeros-la-2,305,4560,5,658,512,0,4,16,8,512,8,64,2,0,8,32,2,0,2,0,0,5,3,1,3,1,1,1,0,0,1,0,0
4580,6,zeros-la-2-0,zeros-la-2,306,4580,6,660,512,512,4,16,8,0,16,64,4,0,2,32,0,0,0,0,2,6,2,2,1,2,1,1,0,0,1,0,0
4580,5,zeros-la-2-0,zeros-la-2,307,4580,5,662,512,512,4,16,8,0,16,64,4,0,0,2,32,2,0,0,2,5,3,2,1,2,1,1,0,0,1,0,0
4584,5,zeros-la-2-0,zeros-la-2,308,4584,5,664,512,512,4,16,8,0,16,64,4,0,2,2,32,0,0,0,4,5,2,3,1,2,1,1,0,0,1,0,0
4588,5,zeros-la-2-0,zeros-la-2,309,4588,5,666,512,512,4,16,8,16,64,4,0,4,32,0,0,4,2,0,0,5,1,4,1,2,1,1,0,0,1,0,0
4596,5,zeros-la-2-0,zeros-la-2,310,4596,5,668,512,512,4,16,8,16,64,4,2,8,32,0,0,0,2,0,0,5,2,2,2,2,1,1,0,0,1,0,0
4596,4,zeros-la-2-0,zeros-la-2,311,4596,4,670,512,512,4,16,8,16,64,4,2,8,32,2,0,2,0,0,0,4,3,2,2,2,1,1,0,0,1,0,0
4596,3,zeros-la-2-0,zeros-la-2,312,4596,3,672,512,512,4,16,8,16,64,4,2,8,32,2,0,2,2,0,0,3,4,2,2,2,1,1,0,0,1,0,0
4600,3,zeros-la-2-0,zeros-la-2,313,4600,3,674,512,512,4,16,8,16,64,4,2,0,8,32,2,2,0,0,4,3,3,3,2,2,1,1,0,0,1,0,0
4604,3,zeros-la-2-0,zeros-la-2,314,4604,3,676,512,512,4,16,8,16,64,4,4,2,8,32,4,0,0,2,0,3,2,4,2,2,1,1,0,0,1,0,0
4612,3,zeros-la-2-0,zeros-la-2,315,4612,3,680,512,512,4,16,8,0,16,64,8,2,8,32,4,4,0,0,2,3,2,3,3,2,1,1,0,0,1,0,0
4628,3,zeros-la-2-0,zeros-la-2,316,4628,3,682,512,512,4,16,16,2,16,64,4,4,8,32,2,0,0,2,0,3,3,3,1,3,1,1,0,0,1,0,0
4660,3,zeros-la-2-0,zeros-la-2,317,4660,3,686,512,0,512,4,32,2,16,64,4,4,8,32,2,4,0,0,2,3,3,4,1,1,2,1,0,0,1,0,0
4672,4,zeros-la-2-0,zeros-la-2,318,4672,4,688,512,0,0,0,2,0,512,4,32,2,16,64,4,8,8,32,4,4,2,3,2,1,2,1,0,0,1,0,0
4688,4,zeros-la-2-0,zeros-la-2,319,4688,4,690,512,0,0,2,2,0,512,4,32,2,16,64,4,0,16,32,4,4,3,3,0,2,2,1,0,0,1,0,0
4728,5,zeros-la-2-0,zeros-la-2,320,4728,5,694,512,0,4,2,0,0,0,4,2,0,512,64,32,2,32,32,8,5,3,2,1,0,3,1,0,0,1,0,0
4792,5,zeros-la-2-0,zeros-la-2,321,4792,5,696,512,0,0,4,2,0,0,4,2,2,512,64,32,0,2,64,8,5,4,2,1,0,1,2,0,0,1,0,0
4932,7,zeros-la-2-0,zeros-la-2,322,4932,7,698,512,0,0,0,0,0,0,2,4,0,512,8,32,2,2,128,8,7,3,1,2,0,1,0,1,0,1,0,0
4936,7,zeros-la-2-0,zeros-la-2,323,4936,7,700,512,0,2,0,0,2,4,0,0,512,8,32,0,4,128,8,0,7,2,2,2,0,1,0,1,0,1,0,0
4936,6,zeros-la-2-0,zeros-la-2,324,4936,6,704,512,2,4,0,0,2,4,0,0,512,8,32,0,4,128,8,0,6,2,3,2,0,1,0,1,0,1,0,0
4948,7,zeros-la-2-0,zeros-la-2,325,4948,7,708,512,4,8,32,0,512,8,8,0,4,128,0,0,0,0,0,4,7,0,3,3,0,1,0,1,0,1,0,0
4964,7,zeros-la-2-0,zeros-la-2,326,4964,7,710,512,4,8,32,0,512,16,0,2,4,128,0,0,4,0,0,0,7,1,3,1,1,1,0,1,0,1,0,0
4972,7,zeros-la-2-0,zeros-la-2,327,4972,7,712,512,0,0,2,0,4,8,0,0,512,16,0,0,8,128,32,2,7,2,1,2,1,1,0,1,0,1,0,0
4972,6,zeros-la-2-0,zeros-la-2,328,4972,6,714,512,0,0,2,2,0,0,4,8,0,0,512,16,8,128,32,2,6,3,1,2,1,1,0,1,0,1,0,0
4976,6,zeros-la-2-0,zeros-la-2,329,4976,6,716,512,4,0,0,0,4,8,2,0,512,16,0,0,8,128,32,2,6,2,2,2,1,1,0,1,0,1,0,0
4984,6,zeros-la-2-0,zeros-la-2,330,4984,6,718,512,8,8,2,2,512,16,32,0,8,128,0,2,0,0,0,0,6,3,0,3,1,1,0,1,0,1,0,0
5004,7,zeros-la-2-0,zeros-la-2,331,5004,7,720,512,0,0,16,4,0,512,16,32,0,8,128,2,0,2,0,0,7,2,1,1,2,1,0,1,0,1,0,0
5036,7,zeros-la-2-0,zeros-la-2,332,5036,7,722,512,0,512,32,4,2,8,128,32,0,2,0,2,0,0,0,0,7,3,1,1,0,2,0,1,0,1,0,0
5036,6,zeros-la-2-0,zeros-la-2,333,5036,6,724,512,0,0,0,0,2,512,0,4,0,8,32,32,2,2,128,2,6,4,1,1,0,2,0,1,0,1,0,0
5104,7,zeros-la-2-0,zeros-la-2,334,5104,7,726,512,0,0,0,0,2,512,4,0,8,64,2,0,4,128,2,0,7,3,2,1,0,0,1,1,0,1,0,0
5108,7,zeros-la-2-0,zeros-la-2,335,5108,7,728,512,0,0,0,0,2,512,2,0,8,64,4,0,4,128,4,0,7,2,3,1,0,0,1,1,0,1,0,0
5116,7,zeros-la-2-0,zeros-la-2,336,5116,7,730,512,0,0,0,0,2,512,0,0,8,64,2,0,4,128,8,2,7,3,1,2,0,0,1,1,0,1,0,0
5116,6,zeros-la-2-0,zeros-la-2,337,5116,6,732,512,0,0,0,0,0,2,2,512,0,8,64,2,4,128,8,2,6,4,1,2,0,0,1,1,0,1,0,0
5120,6,zeros-la-2-0,zeros-la-2,338,5120,6,734,512,0,0,0,2,4,512,0,0,8,64,2,0,4,128,8,2,6,3,2,2,0,0,1,1,0,1,0,0
5124,6,zeros-la-2-0,zeros-la-2,339,5124,6,736,512,2,0,0,0,4,512,0,0,8,64,2,0,4,128,8,4,6,2,3,2,0,0,1,1,0,1,0,0
5124,5,zeros-la-2-0,zeros-la-2,340,5124,5,738,512,2,0,0,0,4,512,0,2,8,64,2,0,4,128,8,4,5,3,3,2,0,0,1,1,0,1,0,0
5124,4,zeros-la-2-0,zeros-la-2,341,5124,4,740,512,2,0,0,0,4,512,2,0,8,64,2,2,4,128,8,4,4,4,3,2,0,0,1,1,0,1,0,0
5128,4,zeros-la-2-0,zeros-la-2,342,5128,4,742,512,0,0,0,2,0,4,512,2,2,8,64,4,4,128,8,4,4,3,4,2,0,0,1,1,0,1,0,0
5140,5,zeros-la-2-0,zeros-la-2,343,5140,5,744,512,0,2,0,0,0,4,512,0,2,8,64,4,4,128,8,8,5,2,3,3,0,0,1,1,0,1,0,0
5140,4,zeros-la-2-0,zeros-la-2,344,5140,4,746,512,2,2,512,4,4,4,64,8,0,8,8,0,2,128,0,0,4,3,3,3,0,0,1,1,0,1,0,0
5168,6,zeros-la-2-0,zeros-la-2,345,5168,6,748,512,0,4,512,4,0,8,64,8,0,2,0,16,0,0,2,128,6,2,2,2,1,0,1,1,0,1,0,0
5168,5,zeros-la-2-0,zeros-la-2,346,5168,5,750,512,0,4,512,4,0,8,64,8,2,2,2,16,0,0,0,128,5,3,2,2,1,0,1,1,0,1,0,0
5172,5,zeros-la-2-0,zeros-la-2,347,5172,5,752,512,2,4,512,4,0,8,64,8,0,2,4,16,0,0,0,128,5,2,3,2,1,0,1,1,0,1,0,0
5172,4,zeros-la-2-0,zeros-la-2,348,5172,4,754,512,2,0,0,4,0,4,512,8,0,8,64,16,2,2,4,128,4,3,3,2,1,0,1,1,0,1,0,0
5176,4,zeros-la-2-0,zeros-la-2,349,5176,4,756,512,0,0,2,4,0,4,512,8,2,8,64,16,0,4,4,128,4,2,4,2,1,0,1,1,0,1,0,0
5184,4,zeros-la-2-0,zeros-la-2,350,5184,4,758,512,0,0,2,4,0,4,512,8,2,8,64,16,0,2,8,128,4,3,2,3,1,0,1,1,0,1,0,0
5184,3,zeros-la-2-0,zeros-la-2,351,5184,3,760,512,2,0,2,4,0,4,512,8,0,8,64,16,2,2,8,128,3,4,2,3,1,0,1,1,0,1,0,0
5192,4,zeros-la-2-0,zeros-la-2,352,5192,4,762,512,4,4,0,0,4,512,8,2,8,64,16,0,4,8,128,0,4,1,4,3,1,0,1,1,0,1,0,0
5200,4,zeros-la-2-0,zeros-la-2,353,5200,4,764,512,8,4,8,2,8,512,16,0,4,64,128,2,0,8,0,0,4,2,2,4,1,0,1,1,0,1,0,0
5220,5,zeros-la-2-0,zeros-la-2,354,5220,5,766,512,16,4,8,4,4,512,16,0,0,64,128,0,0,8,2,0,5,1,3,2,2,0,1,1,0,1,0,0
5220,4,zeros-la-2-0,zeros-la-2,355,5220,4,768,512,16,4,8,4,0,4,512,16,0,0,64,128,2,0,8,2,4,2,3,2,2,0,1,1,0,1,0,0
5228,4,zeros-la-2-0,zeros-la-2,356,5228,4,770,512,16,8,8,4,2,2,512,16,0,0,64,128,0,0,8,2,4,3,1,3,2,0,1,1,0,1,0,0
5248,5,zeros-la-2-0,zeros-la-2,357,5248,5,772,512,16,16,4,0,4,512,16,0,64,128,0,2,8,2,0,0,5,2,2,1,3,0,1,1,0,1,0,0
5280,5,zeros-la-2-0,zeros-la-2,358,5280,5,776,512,32,4,4,0,4,512,16,0,64,128,2,0,8,2,0,0,5,2,3,1,1,1,1,1,0,1,0,0
5288,5,zeros-la-2-0,zeros-la-2,359,5288,5,778,512,32,8,0,0,4,512,16,0,64,128,2,2,8,2,0,0,5,3,1,2,1,1,1,1,0,1,0,0
5292,5,zeros-la-2-0,zeros-la-2,360,5292,5,780,512,32,8,0,0,4,512,16,0,64,128,4,2,8,2,0,0,5,2,2,2,1,1,1,1,0,1,0,0
5292,4,zeros-la-2-0,zeros-la-2,361,5292,4,782,512,0,2,32,8,0,4,512,16,64,128,4,2,0,0,8,2,4,3,2,2,1,1,1,1,0,1,0,0
5296,4,zeros-la-2-0,zeros-la-2,362,5296,4,784,512,0,0,32,0,2,2,512,8,0,4,4,16,64,128,8,4,4,2,3,2,1,1,1,1,0,1,0,0
5308,5,zeros-la-2-0,zeros-la-2,363,5308,5,786,512,32,0,2,0,4,512,8,0,8,16,0,0,64,128,8,4,5,1,2,3,1,1,1,1,0,1,0,0
5324,5,zeros-la-2-0,zeros-la-2,364,5324,5,788,512,32,512,2,4,4,16,16,0,8,128,2,0,64,0,0,0,5,2,2,1,2,1,1,1,0,1,0,0
5356,5,zeros-la-2-0,zeros-la-2,365,5356,5,792,512,32,512,2,4,4,32,0,0,8,128,2,0,64,4,0,0,5,2,3,1,0,2,1,1,0,1,0,0
5360,5,zeros-la-2-0,zeros-la-2,366,5360,5,794,512,32,512,4,4,4,32,0,0,8,128,0,0,64,4,0,2,5,1,4,1,0,2,1,1,0,1,0,0
5368,5,zeros-la-2-0,zeros-la-2,367,5368,5,796,512,32,512,8,2,4,32,0,0,8,128,0,0,64,4,2,0,5,2,2,2,0,2,1,1,0,1,0,0
5368,4,zeros-la-2-0,zeros-la-2,368,5368,4,798,512,32,512,0,0,4,32,0,0,8,128,8,2,64,4,2,2,4,3,2,2,0,2,1,1,0,1,0,0
5372,4,zeros-la-2-0,zeros-la-2,369,5372,4,800,512,32,512,0,0,4,32,2,0,8,128,8,2,64,4,4,0,4,2,3,2,0,2,1,1,0,1,0,0
5380,4,zeros-la-2-0,zeros-la-2,370,5380,4,802,512,0,0,32,512,0,4,32,2,8,128,8,2,2,0,64,8,4,3,1,3,0,2,1,1,0,1,0,0
5448,5,zeros-la-2-0,zeros-la-2,371,5448,5,806,512,8,4,64,512,2,128,8,4,0,0,64,8,0,4,0,0,5,1,3,3,0,0,2,1,0,1,0,0
5448,4,zeros-la-2-0,zeros-la-2,372,5448,4,808,512,8,4,64,512,2,128,8,4,0,4,64,8,2,0,0,0,4,2,3,3,0,0,2,1,0,1,0,0
5452,4,zeros-la-2-0,zeros-la-2,373,5452,4,810,512,0,0,0,0,2,4,64,512,8,128,8,4,4,4,64,8,4,1,4,3,0,0,2,1,0,1,0,0
5460,4,zeros-la-2-0,zeros-la-2,374,5460,4,814,512,0,0,0,4,2,4,64,512,8,128,8,4,8,64,8,0,4,1,3,4,0,0,2,1,0,1,0,0
5492,5,zeros-la-2-0,zeros-la-2,375,5492,5,816,512,0,0,0,0,2,4,0,4,2,128,64,512,16,64,16,4,5,2,3,0,2,0,2,1,0,1,0,0
5500,5,zeros-la-2-0,zeros-la-2,376,5500,5,818,512,0,0,0,2,2,8,0,0,2,128,64,512,16,64,16,4,5,3,1,1,2,0,2,1,0,1,0,0
5500,4,zeros-la-2-0,zeros-la-2,377,5500,4,820,512,0,0,0,2,0,2,2,8,2,128,64,512,16,64,16,4,4,4,1,1,2,0,2,1,0,1,0,0
5504,4,zeros-la-2-0,zeros-la-2,378,5504,4,822,512,2,0,0,2,0,0,4,8,2,128,64,512,16,64,16,4,4,3,2,1,2,0,2,1,0,1,0,0
5508,4,zeros-la-2-0,zeros-la-2,379,5508,4,824,512,4,128,4,2,16,64,64,8,0,2,16,512,0,0,0,4,4,2,3,1,2,0,2,1,0,1,0,0
5636,4,zeros-la-2-0,zeros-la-2,380,5636,4,826,512,4,128,4,2,16,128,8,0,2,16,512,0,4,2,0,0,4,3,3,1,2,0,0,2,0,1,0,0
5892,4,zeros-la-2-0,zeros-la-2,381,5892,4,828,512,4,256,4,2,16,16,8,0,2,2,512,0,4,0,0,2,4,4,3,1,2,0,0,0,1,1,0,0
5928,5,zeros-la-2-0,zeros-la-2,382,5928,5,830,512,4,256,4,2,32,8,2,0,4,512,0,0,4,2,0,0,5,3,4,1,0,1,0,0,1,1,0,0
5936,5,zeros-la-2-0,zeros-la-2,383,5936,5,832,512,4,256,4,2,32,8,2,0,8,512,0,2,0,2,0,0,5,4,2,2,0,1,0,0,1,1,0,0
5940,5,zeros-la-2-0,zeros-la-2,384,5940,5,834,512,4,256,4,4,32,8,2,0,8,512,0,0,0,2,0,2,5,3,3,2,0,1,0,0,1,1,0,0
5952,6,zeros-la-2-0,zeros-la-2,385,5952,6,836,512,0,4,256,8,0,32,8,2,0,0,8,512,2,0,0,4,6,2,2,3,0,1,0,0,1,1,0,0
5968,6,zeros-la-2-0,zeros-la-2,386,5968,6,838,512,2,4,256,8,0,32,16,2,0,0,0,512,0,0,2,4,6,3,2,1,1,1,0,0,1,1,0,0
5968,5,zeros-la-2-0,zeros-la-2,387,5968,5,840,512,2,4,256,8,32,16,2,0,512,2,0,0,2,4,0,0,5,4,2,1,1,1,0,0,1,1,0,0
5968,4,zeros-la-2-0,zeros-la-2,388,5968,4,842,512,2,4,256,8,0,32,16,2,2,0,512,2,0,0,2,4,4,5,2,1,1,1,0,0,1,1,0,0
5976,5,zeros-la-2-0,zeros-la-2,389,5976,5,844,512,4,4,256,8,2,32,16,4,0,0,512,4,0,0,2,0,5,2,4,1,1,1,0,0,1,1,0,0
5984,5,zeros-la-2-0,zeros-la-2,390,5984,5,846,512,0,2,256,0,0,0,16,0,4,4,512,8,2,32,2,8,5,3,2,2,1,1,0,0,1,1,0,0
5992,5,zeros-la-2-0,zeros-la-2,391,5992,5,848,512,0,0,2,256,0,0,2,16,0,8,512,8,2,32,2,8,5,4,0,3,1,1,0,0,1,1,0,0
6012,6,zeros-la-2-0,zeros-la-2,392,6012,6,850,512,2,8,4,256,2,32,512,16,0,0,2,16,0,0,0,0,6,3,1,1,2,1,0,0,1,1,0,0
6048,7,zeros-la-2-0,zeros-la-2,393,6048,7,852,512,0,0,0,2,0,0,4,0,0,8,512,256,4,32,2,32,7,2,2,1,0,2,0,0,1,1,0,0
6048,6,zeros-la-2-0,zeros-la-2,394,6048,6,856,512,2,0,0,0,4,0,0,4,8,512,256,0,4,32,2,32,6,2,3,1,0,2,0,0,1,1,0,0
6056,6,zeros-la-2-0,zeros-la-2,395,6056,6,858,512,2,0,0,0,8,0,0,0,8,512,256,2,4,32,2,32,6,3,1,2,0,2,0,0,1,1,0,0
6072,6,zeros-la-2-0,zeros-la-2,396,6072,6,860,512,2,512,256,2,16,32,2,32,4,2,0,0,0,0,0,0,6,4,1,0,1,2,0,0,1,1,0,0
6072,5,zeros-la-2-0,zeros-la-2,397,6072,5,862,512,0,0,2,0,2,512,0,0,16,32,256,2,4,2,2,32,5,5,1,0,1,2,0,0,1,1,0,0
6076,5,zeros-la-2-0,zeros-la-2,398,6076,5,864,512,0,2,0,2,0,0,2,512,16,32,256,2,0,4,4,32,5,4,2,0,1,2,0,0,1,1,0,0
6088,6,zeros-la-2-0,zeros-la-2,399,6088,6,866,512,4,0,0,2,2,512,0,0,16,32,256,2,8,32,0,0,6,3,1,1,1,2,0,0,1,1,0,0
6156,7,zeros-la-2-0,zeros-la-2,400,6156,7,868,512,4,0,0,0,2,2,0,0,16,512,0,0,8,64,256,4,7,2,2,1,1,0,1,0,1,1,0,0
6160,7,zeros-la-2-0,zeros-la-2,401,6160,7,870,512,0,0,0,4,0,2,0,4,0,0,16,512,8,64,256,4,7,1,3,1,1,0,1,0,1,1,0,0
6168,7,zeros-la-2-0,zeros-la-2,402,6168,7,872,512,8,2,16,8,2,64,256,512,0,0,0,4,0,0,0,0,7,2,1,2,1,0,1,0,1,1,0,0
6168,6,zeros-la-2-0,zeros-la-2,403,6168,6,876,512,0,0,0,0,0,0,4,8,8,2,16,512,2,64,256,4,6,2,2,2,1,0,1,0,1,1,0,0
6168,5,zeros-la-2-0,zeros-la-2,404,6168,5,878,512,8,2,4,8,2,64,16,512,0,0,256,4,0,2,0,0,5,3,2,2,1,0,1,0,1,1,0,0
6168,4,zeros-la-2-0,zeros-la-2,405,6168,4,880,512,0,2,0,0,0,2,4,8,8,64,16,512,2,2,256,4,4,4,2,2,1,0,1,0,1,1,0,0
6172,4,zeros-la-2-0,zeros-la-2,406,6172,4,882,512,2,0,0,0,0,4,4,8,8,64,16,512,2,2,256,4,4,3,3,2,1,0,1,0,1,1,0,0
6184,5,zeros-la-2-0,zeros-la-2,407,6184,5,884,512,2,0,0,0,8,8,2,0,8,64,16,512,4,256,4,0,5,2,2,3,1,0,1,0,1,1,0,0
6200,5,zeros-la-2-0,zeros-la-2,408,6200,5,886,512,0,0,0,2,0,2,16,2,8,64,16,512,0,4,256,4,5,3,2,1,2,0,1,0,1,1,0,0
6236,6,zeros-la-2-0,zeros-la-2,409,6236,6,888,512,8,2,32,4,0,64,256,512,0,4,0,4,0,0,2,0,6,2,3,1,0,1,1,0,1,1,0,0
6244,6,zeros-la-2-0,zeros-la-2,410,6244,6,890,512,8,2,32,4,64,256,512,0,8,0,0,0,2,0,2,0,6,3,1,2,0,1,1,0,1,1,0,0
6248,6,zeros-la-2-0,zeros-la-2,411,6248,6,892,512,8,2,32,4,64,256,512,0,8,0,0,0,4,2,0,0,6,2,2,2,0,1,1,0,1,1,0,0
6248,5,zeros-la-2-0,zeros-la-2,412,6248,5,894,512,8,2,32,4,64,256,512,0,8,2,0,2,4,0,0,0,5,3,2,2,0,1,1,0,1,1,0,0
6252,5,zeros-la-2-0,zeros-la-2,413,6252,5,896,512,8,2,32,4,2,64,256,512,0,0,8,4,0,0,0,4,5,2,3,2,0,1,1,0,1,1,0,0
6260,5,zeros-la-2-0,zeros-la-2,414,6260,5,898,512,0,2,0,0,0,0,32,4,8,2,256,512,2,64,8,8,5,3,1,3,0,1,1,0,1,1,0,0
6264,5,zeros-la-2-0,zeros-la-2,415,6264,5,900,512,0,0,0,0,0,2,32,4,8,4,256,512,2,64,8,8,5,2,2,3,0,1,1,0,1,1,0,0
6280,5,zeros-la-2-0,zeros-la-2,416,6280,5,902,512,0,2,0,0,0,2,32,4,8,4,256,512,0,2,64,16,5,3,2,1,1,1,1,0,1,1,0,0
6284,5,zeros-la-2-0,zeros-la-2,417,6284,5,904,512,8,4,32,4,0,4,256,512,0,2,64,16,2,0,0,0,5,2,3,1,1,1,1,0,1,1,0,0
6292,5,zeros-la-2-0,zeros-la-2,418,6292,5,906,512,8,8,32,4,2,2,256,512,0,2,64,16,0,0,0,0,5,3,1,2,1,1,1,0,1,1,0,0
6312,6,zeros-la-2-0,zeros-la-2,419,6312,6,908,512,16,32,4,0,4,256,512,0,2,64,16,0,2,0,0,0,6,2,2,0,2,1,1,0,1,1,0,0
6316,6,zeros-la-2-0,zeros-la-2,420,6316,6,910,512,16,32,4,0,4,256,512,0,4,64,16,0,0,2,0,0,6,1,3,0,2,1,1,0,1,1,0,0
6324,6,zeros-la-2-0,zeros-la-2,421,6324,6,912,512,16,32,4,0,8,256,512,0,0,64,16,0,0,2,2,0,6,2,1,1,2,1,1,0,1,1,0,0
6328,6,zeros-la-2-0,zeros-la-2,422,6328,6,914,512,16,32,4,0,8,256,512,0,64,16,0,0,4,0,0,2,6,1,2,1,2,1,1,0,1,1,0,0
6328,5,zeros-la-2-0,zeros-la-2,423,6328,5,918,512,16,32,4,2,8,256,512,0,64,16,0,0,4,4,0,0,5,1,3,1,2,1,1,0,1,1,0,0
6336,5,zeros-la-2-0,zeros-la-2,424,6336,5,922,512,16,32,4,2,8,256,512,4,64,16,0,0,8,0,0,0,5,1,2,2,2,1,1,0,1,1,0,0
6336,4,zeros-la-2-0,zeros-la-2,425,6336,4,924,512,16,32,4,2,8,256,512,4,2,0,64,16,0,0,0,8,4,2,2,2,2,1,1,0,1,1,0,0
6336,3,zeros-la-2-0,zeros-la-2,426,6336,3,926,512,0,0,2,2,16,0,4,4,8,32,512,16,2,256,64,8,3,3,2,2,2,1,1,0,1,1,0,0
6348,4,zeros-la-2-0,zeros-la-2,427,6348,4,928,512,4,2,0,0,16,8,0,0,8,32,512,16,2,256,64,8,4,2,1,3,2,1,1,0,1,1,0,0
6348,3,zeros-la-2-0,zeros-la-2,428,6348,3,930,512,4,2,0,2,16,8,0,0,8,32,512,16,2,256,64,8,3,3,1,3,2,1,1,0,1,1,0,0
6352,3,zeros-la-2-0,zeros-la-2,429,6352,3,932,512,0,2,4,4,0,0,16,8,8,32,512,16,2,256,64,8,3,2,2,3,2,1,1,0,1,1,0,0
6360,3,zeros-la-2-0,zeros-la-2,430,6360,3,934,512,0,0,2,8,0,2,16,8,8,32,512,16,2,256,64,8,3,3,0,4,2,1,1,0,1,1,0,0
6376,3,zeros-la-2-0,zeros-la-2,431,6376,3,936,512,8,2,2,16,2,32,16,16,0,256,512,8,0,2,64,0,3,4,0,2,3,1,1,0,1,1,0,0
6412,4,zeros-la-2-0,zeros-la-2,432,6412,4,938,512,2,8,4,16,0,2,32,32,0,256,512,8,0,0,2,64,4,3,1,2,1,2,1,0,1,1,0,0
6476,4,zeros-la-2-0,zeros-la-2,433,6476,4,940,512,2,8,4,16,0,0,2,64,0,256,512,8,2,0,2,64,4,4,1,2,1,0,2,0,1,1,0,0
6480,4,zeros-la-2-0,zeros-la-2,434,6480,4,942,512,2,8,4,16,2,64,0,2,256,512,8,0,4,64,0,0,4,3,2,2,1,0,2,0,1,1,0,0
6484,4,zeros-la-2-0,zeros-la-2,435,6484,4,944,512,0,8,0,0,4,64,0,2,256,512,4,16,4,64,8,2,4,2,3,2,1,0,2,0,1,1,0,0
6484,3,zeros-la-2-0,zeros-la-2,436,6484,3,946,512,8,0,2,0,4,64,2,0,256,512,4,16,4,64,8,2,3,3,3,2,1,0,2,0,1,1,0,0
6488,3,zeros-la-2-0,zeros-la-2,437,6488,3,948,512,8,0,0,2,4,64,4,0,256,512,4,16,4,64,8,2,3,2,4,2,1,0,2,0,1,1,0,0
6496,3,zeros-la-2-0,zeros-la-2,438,6496,3,950,512,8,64,8,2,4,512,8,16,256,64,2,2,4,0,0,0,3,3,2,3,1,0,2,0,1,1,0,0
6512,3,zeros-la-2-0,zeros-la-2,439,6512,3,952,512,8,2,0,0,4,64,0,2,256,512,16,16,4,64,2,2,3,4,2,1,2,0,2,0,1,1,0,0
6548,4,zeros-la-2-0,zeros-la-2,440,6548,4,954,512,0,0,8,2,0,4,64,2,2,256,512,32,0,4,64,4,4,3,3,1,0,1,2,0,1,1,0,0
6552,4,zeros-la-2-0,zeros-la-2,441,6552,4,956,512,2,4,8,4,0,256,64,32,0,4,512,4,0,0,64,2,4,2,4,1,0,1,2,0,1,1,0,0
6552,3,zeros-la-2-0,zeros-la-2,442,6552,3,958,512,2,4,8,4,0,256,64,32,2,4,512,4,0,0,64,2,3,3,4,1,0,1,2,0,1,1,0,0
6556,3,zeros-la-2-0,zeros-la-2,443,6556,3,960,512,4,4,8,4,2,256,64,32,0,4,512,4,0,0,64,2,3,2,5,1,0,1,2,0,1,1,0,0
6564,3,zeros-la-2-0,zeros-la-2,444,6564,3,962,512,8,8,4,0,2,256,64,32,4,512,4,0,64,2,2,0,3,3,3,2,0,1,2,0,1,1,0,0
6584,4,zeros-la-2-0,zeros-la-2,445,6584,4,964,512,0,0,16,4,2,256,64,32,0,4,512,4,0,2,64,4,4,2,4,0,1,1,2,0,1,1,0,0
6592,4,zeros-la-2-0,zeros-la-2,446,6592,4,966,512,2,256,16,4,0,4,64,32,0,2,512,8,0,2,64,0,4,3,2,1,1,1,2,0,1,1,0,0
6596,4,zeros-la-2-0,zeros-la-2,447,6596,4,968,512,2,256,16,4,0,4,64,32,0,4,512,8,0,0,64,2,4,2,3,1,1,1,2,0,1,1,0,0
6604,4,zeros-la-2-0,zeros-la-2,448,6604,4,970,512,2,0,16,4,0,0,64,32,0,256,512,8,2,8,64,2,4,3,1,2,1,1,2,0,1,1,0,0
6608,4,zeros-la-2-0,zeros-la-2,449,6608,4,972,512,0,0,16,4,0,0,64,32,2,256,512,8,4,8,64,2,4,2,2,2,1,1,2,0,1,1,0,0
6608,3,zeros-la-2-0,zeros-la-2,450,6608,3,974,512,0,0,16,4,2,0,64,32,2,256,512,8,4,8,64,2,3,3,2,2,1,1,2,0,1,1,0,0
6612,3,zeros-la-2-0,zeros-la-2,451,6612,3,976,512,2,0,16,4,0,0,64,32,4,256,512,8,4,8,64,2,3,2,3,2,1,1,2,0,1,1,0,0
6620,3,zeros-la-2-0,zeros-la-2,452,6620,3,978,512,0,0,16,4,2,0,64,32,2,256,512,8,8,8,64,2,3,3,1,3,1,1,2,0,1,1,0,0
6624,3,zeros-la-2-0,zeros-la-2,453,6624,3,980,512,0,2,16,4,0,0,64,32,4,256,512,8,8,8,64,2,3,2,2,3,1,1,2,0,1,1,0,0
6640,3,zeros-la-2-0,zeros-la-2,454,6640,3,984,512,0,2,16,4,0,0,64,32,4,256,512,8,4,16,64,2,3,2,3,1,2,1,2,0,1,1,0,0
6648,3,zeros-la-2-0,zeros-la-2,455,6648,3,986,512,0,0,16,4,0,2,64,32,2,256,512,8,8,16,64,2,3,3,1,2,2,1,2,0,1,1,0,0
6648,2,zeros-la-2-0,zeros-la-2,456,6648,2,988,512,0,2,16,4,0,2,64,32,2,256,512,8,8,16,64,2,2,4,1,2,2,1,2,0,1,1,0,0
6648,1,zeros-la-2-0,zeros-la-2,457,6648,1,992,512,0,2,16,4,4,2,64,32,2,256,512,8,8,16,64,2,1,4,2,2,2,1,2,0,1,1,0,0
6652,1,zeros-la-2-0,zeros-la-2,458,6652,1,994,512,4,4,16,4,2,256,64,32,8,16,512,8,0,2,64,2,1,3,3,2,2,1,2,0,1,1,0,0
6660,1,zeros-la-2-0,zeros-la-2,459,6660,1,998,512,4,8,16,4,2,256,64,32,8,16,512,8,0,2,64,2,1,3,2,3,2,1,2,0,1,1,0,0
6660,0,zeros-la-2-0,zeros-la-2,460,6660,0,1000,512,4,8,16,4,2,256,64,32,8,16,512,8,2,2,64,2,0,4,2,3,2,1,2,0,1,1,0,0
6664,0,zeros-la-2-0,zeros-la-2,461,6664,0,1002,512,4,8,16,4,2,256,64,32,8,16,512,8,4,64,2,2,0,3,3,3,2,1,2,0,1,1,0,0
6668,0,zeros-la-2-0,zeros-la-2,462,6668,0,1004,512,4,8,16,4,2,256,64,32,8,16,512,8,2,4,64,4,0,2,4,3,2,1,2,0,1,1,0,0
0,13,zeros-la-2-1,zeros-la-2,0,0,13,6,2,0,0,0,0,0,2,0,2,0,0,0,2,0,0,0,0,13,3,0,0,0,0,0,0,0,0,0,0
4,13,zeros-la-2-1,zeros-la-2,1,4,13,8,4,0,0,2,0,0,0,0,0,0,0,0,0,0,2,0,4,13,2,1,0,0,0,0,0,0,0,0,0
4,12,zeros-la-2-1,zeros-la-2,2,4,12,10,4,0,0,0,0,0,0,0,0,2,0,0,0,0,2,2,4,12,3,1,0,0,0,0,0,0,0,0,0
8,12,zeros-la-2-1,zeros-la-2,3,8,12,12,4,0,0,0,0,0,0,0,0,2,2,0,0,4,4,0,0,12,2,2,0,0,0,0,0,0,0,0,0
20,13,zeros-la-2-1,zeros-la-2,4,20,13,14,8,0,0,0,0,0,0,2,0,4,0,0,0,8,0,0,0,13,1,1,1,0,0,0,0,0,0,0,0
20,12,zeros-la-2-1,zeros-la-2,5,20,12,18,8,0,0,4,0,0,0,0,0,4,0,0,0,8,0,2,0,12,1,2,1,0,0,0,0,0,0,0,0
20,11,zeros-la-2-1,zeros-la-2,6,20,11,20,8,4,0,4,2,8,0,2,0,0,0,0,0,0,0,0,0,11,2,2,1,0,0,0,0,0,0,0,0
28,11,zeros-la-2-1,zeros-la-2,7,28,11,22,8,0,0,8,2,0,0,8,2,0,0,0,0,0,2,0,0,11,3,0,2,0,0,0,0,0,0,0,0
48,12,zeros-la-2-1,zeros-la-2,8,48,12,24,16,0,0,0,0,0,0,0,0,0,2,0,0,0,2,16,4,12,2,1,0,1,0,0,0,0,0,0,0
52,12,zeros-la-2-1,zeros-la-2,9,52,12,26,16,0,4,16,4,0,0,0,0,2,0,0,0,0,0,0,0,12,1,2,0,1,0,0,0,0,0,0,0
52,11,zeros-la-2-1,zeros-la-2,10,52,11,30,16,4,16,4,4,0,0,0,0,2,0,0,0,0,0,0,0,11,1,3,0,1,0,0,0,0,0,0,0
60,11,zeros-la-2-1,zeros-la-2,11,60,11,32,16,4,16,8,0,0,0,0,0,2,0,0,0,0,2,0,0,11,2,1,1,1,0,0,0,0,0,0,0
60,10,zeros-la-2-1,zeros-la-2,12,60,10,34,16,0,4,16,8,2,0,0,0,0,0,0,2,0,0,0,2,10,3,1,1,1,0,0,0,0,0,0,0
64,10,zeros-la-2-1,zeros-la-2,13,64,10,36,16,2,4,16,8,0,0,0,4,0,0,0,0,0,0,0,2,10,2,2,1,1,0,0,0,0,0,0,0
64,9,zeros-la-2-1,zeros-la-2,14,64,9,38,16,2,4,16,8,0,2,0,4,0,0,0,2,0,0,0,0,9,3,2,1,1,0,0,0,0,0,0,0
64,8,zeros-la-2-1,zeros-la-2,15,64,8,40,16,0,0,0,0,0,0,0,8,0,4,2,4,2,2,16,2,8,4,2,1,1,0,0,0,0,0,0,0
68,8,zeros-la-2-1,zeros-la-2,16,68,8,42,16,0,2,0,0,0,0,0,8,0,4,2,4,0,4,16,2,8,3,3,1,1,0,0,0,0,0,0,0
76,8,zeros-la-2-1,zeros-la-2,17,76,8,44,16,0,0,0,0,0,2,0,8,0,2,2,4,0,8,16,2,8,4,1,2,1,0,0,0,0,0,0,0
80,8,zeros-la-2-1,zeros-la-2,18,80,8,46,16,0,0,0,0,0,0,2,8,2,0,4,4,0,8,16,2,8,3,2,2,1,0,0,0,0,0,0,0
88,8,zeros-la-2-1,zeros-la-2,19,88,8,48,16,0,0,0,0,0,0,2,8,0,2,2,8,0,8,16,2,8,4,0,3,1,0,0,0,0,0,0,0
108,9,zeros-la-2-1,zeros-la-2,20,108,9,50,16,0,2,4,16,0,8,16,2,0,0,2,0,0,0,0,0,9,3,1,1,2,0,0,0,0,0,0,0
108,8,zeros-la-2-1,zeros-la-2,21,108,8,52,16,0,0,0,0,0,0,4,0,0,2,16,16,2,8,2,2,8,4,1,1,2,0,0,0,0,0,0,0
144,9,zeros-la-2-1,zeros-la-2,22,144,9,54,32,0,0,0,0,0,2,0,4,0,0,2,32,0,2,8,4,9,3,2,1,0,1,0,0,0,0,0,0
148,9,zeros-la-2-1,zeros-la-2,23,148,9,56,32,0,0,0,0,0,0,0,4,2,0,2,32,0,4,8,4,9,2,3,1,0,1,0,0,0,0,0,0
152,9,zeros-la-2-1,zeros-la-2,24,152,9,58,32,0,2,0,0,4,0,0,0,4,32,0,0,4,8,4,0,9,1,4,1,0,1,0,0,0,0,0,0
160,9,zeros-la-2-1,zeros-la-2,25,160,9,60,32,0,0,0,0,0,2,0,0,4,32,0,0,8,8,4,2,9,2,2,2,0,1,0,0,0,0,0,0
176,9,zeros-la-2-1,zeros-la-2,26,176,9,62,32,0,0,0,0,0,0,0,2,0,2,4,32,0,16,4,2,9,3,2,0,1,1,0,0,0,0,0,0
184,9,zeros-la-2-1,zeros-la-2,27,184,9,64,32,0,2,8,2,0,16,0,32,0,0,0,2,0,0,0,2,9,4,0,1,1,1,0,0,0,0,0,0
184,8,zeros-la-2-1,zeros-la-2,28,184,8,66,32,2,8,2,0,16,32,2,0,2,0,0,0,2,0,0,0,8,5,0,1,1,1,0,0,0,0,0,0
192,9,zeros-la-2-1,zeros-la-2,29,192,9,68,32,0,0,0,0,2,0,0,0,16,8,0,0,4,32,4,2,9,2,2,1,1,1,0,0,0,0,0,0
192,8,zeros-la-2-1,zeros-la-2,30,192,8,70,32,2,8,4,2,16,32,0,0,4,0,0,0,0,0,0,2,8,3,2,1,1,1,0,0,0,0,0,0
196,8,zeros-la-2-1,zeros-la-2,31,196,8,72,32,2,8,4,4,16,32,0,0,4,0,0,0,0,0,0,2,8,2,3,1,1,1,0,0,0,0,0,0
204,8,zeros-la-2-1,zeros-la-2,32,204,8,74,32,0,2,8,8,0,0,16,32,2,0,0,4,0,0,0,2,8,3,1,2,1,1,0,0,0,0,0,0
220,8,zeros-la-2-1,zeros-la-2,33,220,8,76,32,0,2,2,16,0,0,16,32,0,0,2,4,0,0,0,2,8,4,1,0,2,1,0,0,0,0,0,0
224,8,zeros-la-2-1,zeros-la-2,34,224,8,78,32,4,16,0,0,16,32,0,0,2,4,0,0,2,2,0,0,8,3,2,0,2,1,0,0,0,0,0,0
228,8,zeros-la-2-1,zeros-la-2,35,228,8,80,32,0,0,4,16,0,2,16,32,0,0,2,4,0,0,0,4,8,2,3,0,2,1,0,0,0,0,0,0
236,8,zeros-la-2-1,zeros-la-2,36,236,8,82,32,0,0,0,0,0,0,4,16,2,0,16,32,0,2,2,8,8,3,1,1,2,1,0,0,0,0,0,0
240,8,zeros-la-2-1,zeros-la-2,37,240,8,84,32,0,0,2,0,4,16,0,0,2,16,32,0,4,8,0,0,8,2,2,1,2,1,0,0,0,0,0,0
272,8,zeros-la-2-1,zeros-la-2,38,272,8,86,32,4,32,2,0,2,8,32,0,4,0,0,0,2,0,0,0,8,3,2,1,0,2,0,0,0,0,0,0
272,7,zeros-la-2-1,zeros-la-2,39,272,7,88,32,4,32,2,0,2,8,32,2,4,0,0,0,2,0,0,0,7,4,2,1,0,2,0,0,0,0,0,0
272,6,zeros-la-2-1,zeros-la-2,40,272,6,90,32,0,4,32,2,2,8,32,2,0,0,2,4,0,0,0,2,6,5,2,1,0,2,0,0,0,0,0,0
340,7,zeros-la-2-1,zeros-la-2,41,340,7,92,64,0,0,0,0,0,0,2,4,0,4,64,4,2,8,2,2,7,4,3,1,0,0,1,0,0,0,0,0
344,7,zeros-la-2-1,zeros-la-2,42,344,7,94,64,0,0,0,0,2,0,2,4,0,4,64,4,0,2,8,4,7,3,4,1,0,0,1,0,0,0,0,0
348,7,zeros-la-2-1,zeros-la-2,43,348,7,96,64,0,0,0,0,4,4,0,0,4,64,4,0,2,8,4,2,7,2,5,1,0,0,1,0,0,0,0,0
364,8,zeros-la-2-1,zeros-la-2,44,364,8,100,64,4,0,0,0,0,4,0,0,8,64,0,0,2,8,8,2,8,2,2,3,0,0,1,0,0,0,0,0
380,8,zeros-la-2-1,zeros-la-2,45,380,8,102,64,4,0,0,0,4,0,0,0,8,64,0,2,2,16,2,0,8,3,2,1,1,0,1,0,0,0,0,0
388,8,zeros-la-2-1,zeros-la-2,46,388,8,104,64,8,64,2,2,8,16,0,0,2,0,0,0,2,0,0,0,8,4,0,2,1,0,1,0,0,0,0,0
408,9,zeros-la-2-1,zeros-la-2,47,408,9,106,64,0,0,0,0,0,0,0,0,16,64,2,0,4,16,2,2,9,3,1,0,2,0,1,0,0,0,0,0
412,9,zeros-la-2-1,zeros-la-2,48,412,9,108,64,0,0,0,0,2,0,0,0,16,64,0,0,4,16,4,2,9,2,2,0,2,0,1,0,0,0,0,0
412,8,zeros-la-2-1,zeros-la-2,49,412,8,110,64,2,64,4,2,16,16,0,0,4,0,0,0,0,0,2,0,8,3,2,0,2,0,1,0,0,0,0,0
444,8,zeros-la-2-1,zeros-la-2,50,444,8,112,64,2,64,4,2,0,0,0,32,0,0,0,4,2,0,0,2,8,4,2,0,0,1,1,0,0,0,0,0
448,8,zeros-la-2-1,zeros-la-2,51,448,8,114,64,2,64,4,2,32,0,2,0,4,0,0,0,4,0,0,0,8,3,3,0,0,1,1,0,0,0,0,0
456,8,zeros-la-2-1,zeros-la-2,52,456,8,116,64,0,0,0,2,2,0,0,0,32,0,4,0,8,64,2,2,8,4,1,1,0,1,1,0,0,0,0,0
460,8,zeros-la-2-1,zeros-la-2,53,460,8,118,64,0,2,0,2,0,0,0,2,0,0,32,4,0,8,64,4,8,3,2,1,0,1,1,0,0,0,0,0
472,9,zeros-la-2-1,zeros-la-2,54,472,9,120,64,0,2,32,4,2,8,64,8,0,0,0,0,0,0,0,0,9,2,1,2,0,1,1,0,0,0,0,0
472,8,zeros-la-2-1,zeros-la-2,55,472,8,122,64,2,2,32,4,0,8,64,8,0,0,0,2,0,0,0,0,8,3,1,2,0,1,1,0,0,0,0,0
476,8,zeros-la-2-1,zeros-la-2,56,476,8,124,64,0,4,32,4,0,8,64,8,0,0,0,2,0,0,2,0,8,2,2,2,0,1,1,0,0,0,0,0
476,7,zeros-la-2-1,zeros-la-2,57,476,7,126,64,0,4,32,4,0,8,64,8,0,0,0,2,0,0,2,2,7,3,2,2,0,1,1,0,0,0,0,0
480,7,zeros-la-2-1,zeros-la-2,58,480,7,130,64,0,4,32,4,0,8,64,8,0,0,2,4,0,4,0,0,7,1,4,2,0,1,1,0,0,0,0,0
480,6,zeros-la-2-1,zeros-la-2,59,480,6,132,64,0,4,32,4,0,8,64,8,0,0,2,4,0,2,0,4,6,2,4,2,0,1,1,0,0,0,0,0
488,6,zeros-la-2-1,zeros-la-2,60,488,6,134,64,0,0,0,0,0,4,32,4,0,8,64,8,2,2,2,8,6,3,2,3,0,1,1,0,0,0,0,0
504,6,zeros-la-2-1,zeros-la-2,61,504,6,136,64,2,4,32,4,0,8,64,16,2,2,2,0,0,0,0,0,6,4,2,1,1,1,1,0,0,0,0,0
508,6,zeros-la-2-1,zeros-la-2,62,508,6,138,64,4,4,32,4,2,8,64,16,0,2,2,0,0,0,0,0,6,3,3,1,1,1,1,0,0,0,0,0
520,7,zeros-la-2-1,zeros-la-2,63,520,7,142,64,0,8,32,4,2,8,64,16,0,0,0,4,0,4,0,0,7,1,3,2,1,1,1,0,0,0,0,0
536,7,zeros-la-2-1,zeros-la-2,64,536,7,144,64,2,16,32,4,0,4,64,16,0,2,0,4,0,0,0,0,7,2,3,0,2,1,1,0,0,0,0,0
536,6,zeros-la-2-1,zeros-la-2,65,536,6,146,64,0,0,0,0,2,16,0,4,0,4,32,16,2,2,64,4,6,3,3,0,2,1,1,0,0,0,0,0
540,6,zeros-la-2-1,zeros-la-2,66,540,6,148,64,4,16,32,4,0,4,64,16,0,2,0,4,0,2,0,0,6,2,4,0,2,1,1,0,0,0,0,0
544,6,zeros-la-2-1,zeros-la-2,67,544,6,150,64,4,16,32,4,0,4,64,16,0,4,0,4,2,0,0,0,6,1,5,0,2,1,1,0,0,0,0,0
552,6,zeros-la-2-1,zeros-la-2,68,552,6,152,64,4,16,32,4,4,64,16,0,8,0,0,2,2,0,0,0,6,2,3,1,2,1,1,0,0,0,0,0
560,6,zeros-la-2-1,zeros-la-2,69,560,6,154,64,8,16,32,4,8,64,16,2,2,2,0,0,0,0,0,0,6,3,1,2,2,1,1,0,0,0,0,0
576,6,zeros-la-2-1,zeros-la-2,70,576,6,156,64,16,16,32,4,2,64,16,2,0,2,2,0,0,0,0,0,6,4,1,0,3,1,1,0,0,0,0,0
612,7,zeros-la-2-1,zeros-la-2,71,612,7,158,64,32,32,4,0,2,64,16,2,4,0,0,0,0,2,0,0,7,3,2,0,1,2,1,0,0,0,0,0
676,7,zeros-la-2-1,zeros-la-2,72,676,7,160,64,0,2,64,4,2,64,16,2,0,0,0,4,0,0,0,2,7,4,2,0,1,0,2,0,0,0,0,0
676,6,zeros-la-2-1,zeros-la-2,73,676,6,162,64,2,64,4,0,2,64,16,2,4,0,0,0,2,0,2,0,6,5,2,0,1,0,2,0,0,0,0,0
808,7,zeros-la-2-1,zeros-la-2,74,808,7,164,128,0,0,0,2,4,0,4,0,4,0,16,0,2,128,2,2,7,4,3,0,1,0,0,1,0,0,0,0
820,8,zeros-la-2-1,zeros-la-2,75,820,8,166,128,8,128,4,4,2,0,16,2,0,0,2,0,0,0,0,0,8,3,2,1,1,0,0,1,0,0,0,0
828,8,zeros-la-2-1,zeros-la-2,76,828,8,170,128,0,8,128,8,0,2,16,2,0,0,0,2,0,4,0,0,8,3,1,2,1,0,0,1,0,0,0,0
828,7,zeros-la-2-1,zeros-la-2,77,828,7,172,128,0,8,128,8,0,2,16,2,2,0,0,2,0,0,0,4,7,4,1,2,1,0,0,1,0,0,0,0
832,7,zeros-la-2-1,zeros-la-2,78,832,7,174,128,0,0,0,0,0,0,0,8,2,8,128,4,2,2,16,4,7,3,2,2,1,0,0,1,0,0,0,0
844,8,zeros-la-2-1,zeros-la-2,79,844,8,176,128,4,8,128,8,0,2,16,8,0,0,2,0,0,0,0,0,8,2,1,3,1,0,0,1,0,0,0,0
860,8,zeros-la-2-1,zeros-la-2,80,860,8,178,128,0,0,0,0,0,0,128,0,0,8,16,2,4,2,2,16,8,3,1,1,2,0,0,1,0,0,0,0
864,8,zeros-la-2-1,zeros-la-2,81,864,8,180,128,0,0,0,0,128,2,0,0,8,16,2,0,4,4,16,0,8,2,2,1,2,0,0,1,0,0,0,0
872,8,zeros-la-2-1,zeros-la-2,82,872,8,182,128,0,0,0,2,128,2,0,0,8,16,2,0,8,16,0,0,8,3,0,2,2,0,0,1,0,0,0,0
920,9,zeros-la-2-1,zeros-la-2,83,920,9,184,128,0,0,0,2,0,0,0,0,128,2,0,0,16,32,2,2,9,4,0,0,1,1,0,1,0,0,0,0
924,9,zeros-la-2-1,zeros-la-2,84,924,9,186,128,128,2,2,4,16,32,0,0,0,0,0,0,0,2,0,0,9,3,1,0,1,1,0,1,0,0,0,0
928,9,zeros-la-2-1,zeros-la-2,85,928,9,188,128,128,4,4,0,16,32,0,0,0,0,0,2,2,0,0,0,9,2,2,0,1,1,0,1,0,0,0,0
936,9,zeros-la-2-1,zeros-la-2,86,936,9,190,128,128,8,0,0,16,32,0,0,2,0,2,0,2,0,0,0,9,3,0,1,1,1,0,1,0,0,0,0
940,9,zeros-la-2-1,zeros-la-2,87,940,9,192,128,128,8,2,2,16,32,0,0,4,0,0,0,0,0,0,0,9,2,1,1,1,1,0,1,0,0,0,0
944,9,zeros-la-2-1,zeros-la-2,88,944,9,194,128,0,128,8,4,0,0,16,32,0,0,2,4,0,0,0,0,9,1,2,1,1,1,0,1,0,0,0,0
944,8,zeros-la-2-1,zeros-la-2,89,944,8,196,128,0,0,0,0,0,0,8,4,2,0,16,32,0,128,2,4,8,2,2,1,1,1,0,1,0,0,0,0
944,7,zeros-la-2-1,zeros-la-2,90,944,7,198,128,0,0,0,0,2,0,8,4,0,0,16,32,2,128,2,4,7,3,2,1,1,1,0,1,0,0,0,0
948,7,zeros-la-2-1,zeros-la-2,91,948,7,200,128,4,128,8,4,0,0,16,32,2,0,2,4,0,0,0,0,7,2,3,1,1,1,0,1,0,0,0,0
952,7,zeros-la-2-1,zeros-la-2,92,952,7,202,128,4,128,8,4,16,32,0,0,4,4,0,0,0,0,0,2,7,1,4,1,1,1,0,1,0,0,0,0
960,7,zeros-la-2-1,zeros-la-2,93,960,7,204,128,4,128,8,4,0,2,16,32,0,0,0,8,0,0,0,2,7,2,2,2,1,1,0,1,0,0,0,0
960,6,zeros-la-2-1,zeros-la-2,94,960,6,206,128,4,128,8,4,0,2,16,32,2,0,0,8,0,0,0,2,6,3,2,2,1,1,0,1,0,0,0,0
960,5,zeros-la-2-1,zeros-la-2,95,960,5,208,128,4,128,8,4,2,2,16,32,0,0,0,8,0,2,0,2,5,4,2,2,1,1,0,1,0,0,0,0
968,6,zeros-la-2-1,zeros-la-2,96,968,6,210,128,4,128,8,4,4,16,32,0,8,0,2,0,4,0,0,0,6,1,4,2,1,1,0,1,0,0,0,0
976,6,zeros-la-2-1,zeros-la-2,97,976,6,212,128,0,0,2,0,8,0,8,0,8,128,32,0,4,16,2,4,6,2,2,3,1,1,0,1,0,0,0,0
992,6,zeros-la-2-1,zeros-la-2,98,992,6,214,128,16,128,2,4,4,16,8,0,0,0,32,0,0,2,2,0,6,3,2,1,2,1,0,1,0,0,0,0
992,5,zeros-la-2-1,zeros-la-2,99,992,5,216,128,2,0,2,0,0,128,8,0,16,16,32,0,4,2,2,4,5,4,2,1,2,1,0,1,0,0,0,0
1032,7,zeros-la-2-1,zeros-la-2,100,1032,7,218,128,0,2,0,4,0,0,128,8,0,0,32,32,0,4,4,4,7,1,4,1,0,2,0,1,0,0,0,0
1104,8,zeros-la-2-1,zeros-la-2,101,1104,8,220,128,0,0,2,4,2,0,128,8,0,0,0,64,0,0,4,8,8,2,2,2,0,0,1,1,0,0,0,0
1104,7,zeros-la-2-1,zeros-la-2,102,1104,7,222,128,2,2,2,4,0,0,128,8,0,0,4,64,0,0,0,8,7,3,2,2,0,0,1,1,0,0,0,0
1108,7,zeros-la-2-1,zeros-la-2,103,1108,7,224,128,0,2,4,4,0,0,128,8,0,2,4,64,0,0,0,8,7,2,3,2,0,0,1,1,0,0,0,0
1116,7,zeros-la-2-1,zeros-la-2,104,1116,7,226,128,0,0,2,8,0,0,128,8,0,2,4,64,2,0,0,8,7,3,1,3,0,0,1,1,0,0,0,0
1132,7,zeros-la-2-1,zeros-la-2,105,1132,7,228,128,2,2,2,16,0,0,128,64,0,0,4,8,0,0,0,2,7,4,1,1,1,0,1,1,0,0,0,0
1136,7,zeros-la-2-1,zeros-la-2,106,1136,7,230,128,2,2,4,16,0,0,128,64,0,0,4,8,0,0,0,2,7,3,2,1,1,0,1,1,0,0,0,0
1140,7,zeros-la-2-1,zeros-la-2,107,1140,7,234,128,4,4,16,4,128,64,0,0,4,8,0,0,2,0,0,0,7,1,4,1,1,0,1,1,0,0,0,0
1148,7,zeros-la-2-1,zeros-la-2,108,1148,7,238,128,8,16,4,0,128,64,4,0,4,8,0,0,2,0,0,0,7,1,3,2,1,0,1,1,0,0,0,0
1156,7,zeros-la-2-1,zeros-la-2,109,1156,7,240,128,8,0,0,0,128,16,0,0,4,64,0,2,2,8,8,0,7,2,1,3,1,0,1,1,0,0,0,0
1172,7,zeros-la-2-1,zeros-la-2,110,1172,7,242,128,8,0,0,2,128,16,0,0,4,64,2,0,2,16,0,0,7,3,1,1,2,0,1,1,0,0,0,0
1172,6,zeros-la-2-1,zeros-la-2,111,1172,6,244,128,8,16,2,2,128,64,0,0,4,16,0,2,2,0,0,0,6,4,1,1,2,0,1,1,0,0,0,0
1176,6,zeros-la-2-1,zeros-la-2,112,1176,6,246,128,8,0,0,0,128,16,0,0,4,64,2,0,2,16,2,4,6,3,2,1,2,0,1,1,0,0,0,0
1180,6,zeros-la-2-1,zeros-la-2,113,1180,6,248,128,8,16,4,4,128,64,0,0,4,16,2,0,2,0,0,0,6,2,3,1,2,0,1,1,0,0,0,0
1188,6,zeros-la-2-1,zeros-la-2,114,1188,6,250,128,0,8,16,8,0,2,128,64,0,4,16,2,0,0,0,2,6,3,1,2,2,0,1,1,0,0,0,0
1192,6,zeros-la-2-1,zeros-la-2,115,1192,6,252,128,0,8,16,8,0,2,128,64,0,4,16,4,0,2,0,0,6,2,2,2,2,0,1,1,0,0,0,0
1192,5,zeros-la-2-1,zeros-la-2,116,1192,5,254,128,8,16,8,0,2,128,64,0,4,16,4,0,2,0,2,0,5,3,2,2,2,0,1,1,0,0,0,0
1196,5,zeros-la-2-1,zeros-la-2,117,1196,5,256,128,8,16,8,0,2,128,64,2,4,16,4,0,4,0,0,0,5,2,3,2,2,0,1,1,0,0,0,0
1204,5,zeros-la-2-1,zeros-la-2,118,1204,5,258,128,0,0,2,0,8,16,8,0,2,128,64,0,8,16,4,2,5,3,1,3,2,0,1,1,0,0,0,0
1204,4,zeros-la-2-1,zeros-la-2,119,1204,4,260,128,8,16,2,2,2,128,8,0,8,16,64,0,2,0,4,0,4,4,1,3,2,0,1,1,0,0,0,0
1208,4,zeros-la-2-1,zeros-la-2,120,1208,4,262,128,0,8,16,4,2,2,128,8,0,8,16,64,0,0,2,4,4,3,2,3,2,0,1,1,0,0,0,0
1212,4,zeros-la-2-1,zeros-la-2,121,1212,4,264,128,0,8,16,4,2,4,128,8,0,8,16,64,0,0,2,4,4,2,3,3,2,0,1,1,0,0,0,0
1212,3,zeros-la-2-1,zeros-la-2,122,1212,3,266,128,2,8,16,4,0,4,128,8,0,8,16,64,2,0,2,4,3,3,3,3,2,0,1,1,0,0,0,0
1216,3,zeros-la-2-1,zeros-la-2,123,1216,3,268,128,2,8,16,4,0,4,128,8,0,8,16,64,2,0,4,4,3,2,4,3,2,0,1,1,0,0,0,0
1220,3,zeros-la-2-1,zeros-la-2,124,1220,3,270,128,0,0,16,4,2,8,128,8,0,4,16,64,4,8,4,4,3,1,5,3,2,0,1,1,0,0,0,0
1228,3,zeros-la-2-1,zeros-la-2,125,1228,3,272,128,0,0,16,4,2,8,128,8,2,4,16,64,0,4,8,8,3,2,3,4,2,0,1,1,0,0,0,0
1240,4,zeros-la-2-1,zeros-la-2,126,1240,4,274,128,4,8,16,4,0,8,128,8,0,0,16,64,2,0,8,8,4,1,2,5,2,0,1,1,0,0,0,0
1256,4,zeros-la-2-1,zeros-la-2,127,1256,4,276,128,4,16,16,4,2,0,128,8,0,0,16,64,2,0,8,8,4,2,2,3,3,0,1,1,0,0,0,0
1304,5,zeros-la-2-1,zeros-la-2,128,1304,5,278,128,0,4,32,4,0,2,128,8,2,0,16,64,0,0,2,16,5,3,2,1,2,1,1,1,0,0,0,0
1304,4,zeros-la-2-1,zeros-la-2,129,1304,4,280,128,4,32,4,0,2,128,8,2,2,16,64,0,2,16,0,0,4,4,2,1,2,1,1,1,0,0,0,0
1340,5,zeros-la-2-1,zeros-la-2,130,1340,5,282,128,4,32,4,2,4,128,8,2,2,32,64,0,0,0,0,0,5,3,3,1,0,2,1,1,0,0,0,0
1352,6,zeros-la-2-1,zeros-la-2,131,1352,6,284,128,8,32,4,4,2,128,8,0,0,32,64,0,0,0,0,2,6,2,2,2,0,2,1,1,0,0,0,0
1360,6,zeros-la-2-1,zeros-la-2,132,1360,6,286,128,0,8,32,8,0,2,128,8,0,0,32,64,2,0,0,2,6,3,0,3,0,2,1,1,0,0,0,0
1364,6,zeros-la-2-1,zeros-la-2,133,1364,6,288,128,8,32,8,0,2,128,8,0,32,64,0,0,4,0,2,0,6,2,1,3,0,2,1,1,0,0,0,0
1380,6,zeros-la-2-1,zeros-la-2,134,1380,6,290,128,8,32,16,0,2,128,2,0,32,64,2,0,4,0,0,0,6,3,1,1,1,2,1,1,0,0,0,0
1384,6,zeros-la-2-1,zeros-la-2,135,1384,6,292,128,8,32,16,2,2,128,4,0,32,64,0,0,4,0,0,0,6,2,2,1,1,2,1,1,0,0,0,0
1384,5,zeros-la-2-1,zeros-la-2,136,1384,5,294,128,8,32,16,2,0,2,128,4,0,0,32,64,0,2,0,4,5,3,2,1,1,2,1,1,0,0,0,0
1388,5,zeros-la-2-1,zeros-la-2,137,1388,5,296,128,2,0,0,2,0,0,16,4,0,32,128,64,8,4,32,4,5,2,3,1,1,2,1,1,0,0,0,0
1392,5,zeros-la-2-1,zeros-la-2,138,1392,5,298,128,0,0,0,4,0,0,16,4,2,32,128,64,8,4,32,4,5,1,4,1,1,2,1,1,0,0,0,0
1400,5,zeros-la-2-1,zeros-la-2,139,1400,5,300,128,2,32,16,8,8,4,128,64,0,0,32,4,0,0,0,2,5,2,2,2,1,2,1,1,0,0,0,0
1400,4,zeros-la-2-1,zeros-la-2,140,1400,4,302,128,2,32,16,8,8,4,128,64,32,4,0,2,2,0,0,0,4,3,2,2,1,2,1,1,0,0,0,0
1408,4,zeros-la-2-1,zeros-la-2,141,1408,4,304,128,2,2,0,0,8,0,0,8,32,32,16,64,2,8,128,2,4,4,0,3,1,2,1,1,0,0,0,0
1492,6,zeros-la-2-1,zeros-la-2,142,1492,6,306,128,0,0,0,4,0,2,0,16,0,64,16,64,2,8,128,2,6,3,1,1,2,0,2,1,0,0,0,0
1492,5,zeros-la-2-1,zeros-la-2,143,1492,5,308,128,2,2,16,4,0,64,128,16,0,8,2,64,0,0,0,2,5,4,1,1,2,0,2,1,0,0,0,0
1496,5,zeros-la-2-1,zeros-la-2,144,1496,5,310,128,4,16,4,0,64,128,16,0,8,2,64,0,2,2,0,0,5,3,2,1,2,0,2,1,0,0,0,0
1500,5,zeros-la-2-1,zeros-la-2,145,1500,5,312,128,0,4,16,4,2,64,128,16,0,8,2,64,0,0,0,4,5,2,3,1,2,0,2,1,0,0,0,0
1500,4,zeros-la-2-1,zeros-la-2,146,1500,4,314,128,0,2,0,4,0,4,16,16,0,64,128,64,2,8,2,4,4,3,3,1,2,0,2,1,0,0,0,0
1500,3,zeros-la-2-1,zeros-la-2,147,1500,3,316,128,2,2,0,4,0,4,16,16,0,64,128,64,2,8,2,4,3,4,3,1,2,0,2,1,0,0,0,0
1536,4,zeros-la-2-1,zeros-la-2,148,1536,4,318,128,2,0,4,4,0,0,4,32,0,64,128,64,2,8,2,4,4,3,4,1,0,1,2,1,0,0,0,0
1548,5,zeros-la-2-1,zeros-la-2,149,1548,5,320,128,4,64,8,4,2,8,128,32,0,0,2,64,0,0,0,4,5,2,3,2,0,1,2,1,0,0,0,0
1548,4,zeros-la-2-1,zeros-la-2,150,1548,4,322,128,4,64,8,4,2,8,128,32,2,64,0,0,4,0,2,0,4,3,3,2,0,1,2,1,0,0,0,0
1552,4,zeros-la-2-1,zeros-la-2,151,1552,4,324,128,4,64,8,4,4,8,128,32,4,64,2,0,2,0,0,0,4,2,4,2,0,1,2,1,0,0,0,0
1560,4,zeros-la-2-1,zeros-la-2,152,1560,4,328,128,0,0,0,0,4,64,8,4,8,8,128,4,2,64,2,32,4,2,3,3,0,1,2,1,0,0,0,0
1568,4,zeros-la-2-1,zeros-la-2,153,1568,4,330,128,4,64,8,8,8,8,128,32,2,64,2,0,0,2,0,0,4,3,1,4,0,1,2,1,0,0,0,0
1600,5,zeros-la-2-1,zeros-la-2,154,1600,5,332,128,0,4,64,16,0,16,128,32,0,2,64,2,0,2,0,2,5,4,1,0,2,1,2,1,0,0,0,0
1608,6,zeros-la-2-1,zeros-la-2,155,1608,6,334,128,0,4,64,16,0,16,128,32,0,4,64,4,2,0,0,0,6,1,3,0,2,1,2,1,0,0,0,0
1608,5,zeros-la-2-1,zeros-la-2,156,1608,5,336,128,2,0,0,0,0,4,64,16,0,16,128,32,2,4,64,4,5,2,3,0,2,1,2,1,0,0,0,0
1612,5,zeros-la-2-1,zeros-la-2,157,1612,5,338,128,0,0,0,2,0,4,64,16,0,16,128,32,4,4,64,4,5,1,4,0,2,1,2,1,0,0,0,0
1620,5,zeros-la-2-1,zeros-la-2,158,1620,5,340,128,2,0,0,0,4,64,16,0,16,128,32,2,8,64,4,0,5,2,2,1,2,1,2,1,0,0,0,0
1620,4,zeros-la-2-1,zeros-la-2,159,1620,4,342,128,2,0,0,0,4,64,16,0,16,128,32,2,8,64,4,2,4,3,2,1,2,1,2,1,0,0,0,0
1624,4,zeros-la-2-1,zeros-la-2,160,1624,4,344,128,2,2,0,0,4,64,16,0,16,128,32,0,8,64,4,4,4,2,3,1,2,1,2,1,0,0,0,0
1636,5,zeros-la-2-1,zeros-la-2,161,1636,5,346,128,4,2,0,0,4,64,16,0,16,128,32,0,8,64,8,0,5,1,2,2,2,1,2,1,0,0,0,0
1644,5,zeros-la-2-1,zeros-la-2,162,1644,5,348,128,0,2,0,0,8,64,16,0,16,128,32,2,8,64,8,0,5,2,0,3,2,1,2,1,0,0,0,0
1644,4,zeros-la-2-1,zeros-la-2,163,1644,4,350,128,2,0,0,0,8,64,16,2,16,128,32,2,8,64,8,0,4,3,0,3,2,1,2,1,0,0,0,0
1648,4,zeros-la-2-1,zeros-la-2,164,1648,4,352,128,2,0,0,2,8,64,16,0,16,128,32,0,8,64,8,4,4,2,1,3,2,1,2,1,0,0,0,0
1652,4,zeros-la-2-1,zeros-la-2,165,1652,4,354,128,4,0,0,2,8,64,16,0,16,128,32,0,8,64,8,4,4,1,2,3,2,1,2,1,0,0,0,0
1652,3,zeros-la-2-1,zeros-la-2,166,1652,3,356,128,4,2,2,0,8,64,16,0,16,128,32,0,8,64,8,4,3,2,2,3,2,1,2,1,0,0,0,0
1656,3,zeros-la-2-1,zeros-la-2,167,1656,3,358,128,4,4,0,0,8,64,16,0,16,128,32,2,8,64,8,4,3,1,3,3,2,1,2,1,0,0,0,0
1664,3,zeros-la-2-1,zeros-la-2,168,1664,3,360,128,8,0,0,0,8,64,16,2,16,128,32,2,8,64,8,4,3,2,1,4,2,1,2,1,0,0,0,0
1684,4,zeros-la-2-1,zeros-la-2,169,1684,4,362,128,16,64,16,4,16,128,32,4,8,64,8,0,2,0,0,0,4,1,2,2,3,1,2,1,0,0,0,0
1724,5,zeros-la-2-1,zeros-la-2,170,1724,5,364,128,0,0,0,0,32,64,16,0,8,128,32,2,2,64,8,8,5,2,0,3,1,2,2,1,0,0,0,0
1740,5,zeros-la-2-1,zeros-la-2,171,1740,5,366,128,0,0,2,0,0,32,64,16,8,128,32,2,0,2,64,16,5,3,0,1,2,2,2,1,0,0,0,0
1740,4,zeros-la-2-1,zeros-la-2,172,1740,4,368,128,2,0,0,2,32,64,16,0,8,128,32,2,2,64,16,0,4,4,0,1,2,2,2,1,0,0,0,0
1744,4,zeros-la-2-1,zeros-la-2,173,1744,4,370,128,4,2,0,0,32,64,16,0,8,128,32,2,2,64,16,0,4,3,1,1,2,2,2,1,0,0,0,0
1744,3,zeros-la-2-1,zeros-la-2,174,1744,3,374,128,4,2,0,0,32,64,16,4,8,128,32,2,2,64,16,0,3,3,2,1,2,2,2,1,0,0,0,0
1744,2,zeros-la-2-1,zeros-la-2,175,1744,2,376,128,4,2,2,0,32,64,16,4,8,128,32,2,2,64,16,0,2,4,2,1,2,2,2,1,0,0,0,0
1748,2,zeros-la-2-1,zeros-la-2,176,1748,2,378,128,4,4,2,0,32,64,16,4,8,128,32,2,2,64,16,0,2,3,3,1,2,2,2,1,0,0,0,0
1756,2,zeros-la-2-1,zeros-la-2,177,1756,2,382,128,8,2,4,0,32,64,16,4,8,128,32,2,2,64,16,0,2,3,2,2,2,2,2,1,0,0,0,0
1756,1,zeros-la-2-1,zeros-la-2,178,1756,1,384,128,2,8,2,4,32,64,16,4,8,128,32,2,0,2,64,16,1,4,2,2,2,2,2,1,0,0,0,0
1764,1,zeros-la-2-1,zeros-la-2,179,1764,1,386,128,2,8,2,0,2,64,16,8,32,128,32,2,8,2,64,16,1,5,0,3,2,2,2,1,0,0,0,0
1768,1,zeros-la-2-1,zeros-la-2,180,1768,1,388,128,2,8,2,0,4,64,16,8,32,128,32,2,8,2,64,16,1,4,1,3,2,2,2,1,0,0,0,0
1768,0,zeros-la-2-1,zeros-la-2,181,1768,0,390,128,2,8,2,2,4,64,16,8,32,128,32,2,8,2,64,16,0,5,1,3,2,2,2,1,0,0,0,0
1772,0,zeros-la-2-1,zeros-la-2,182,1772,0,392,128,2,8,4,2,4,64,16,8,32,128,32,2,8,2,64,16,0,4,2,3,2,2,2,1,0,0,0,0
0,13,zeros-la-2-2,zeros-la-2,0,0,13,10,4,0,4,0,4,0,0,0,2,0,0,0,0,0,0,0,0,13,1,2,0,0,0,0,0,0,0,0,0
8,13,zeros-la-2-2,zeros-la-2,1,8,13,12,8,0,0,0,8,0,0,0,2,0,2,0,0,0,0,0,0,13,2,0,1,0,0,0,0,0,0,0,0
8,12,zeros-la-2-2,zeros-la-2,2,8,12,14,8,8,0,0,0,2,0,0,0,2,0,0,2,0,0,0,0,12,3,0,1,0,0,0,0,0,0,0,0
12,12,zeros-la-2-2,zeros-la-2,3,12,12,18,8,8,0,0,0,2,0,0,0,4,4,0,0,0,0,0,0,12,1,2,1,0,0,0,0,0,0,0,0
20,12,zeros-la-2-2,zeros-la-2,4,20,12,20,8,0,0,0,8,0,0,0,2,0,0,2,8,0,0,0,0,12,2,0,2,0,0,0,0,0,0,0,0
20,11,zeros-la-2-2,zeros-la-2,5,20,11,22,8,8,0,0,0,2,0,2,0,2,8,0,0,0,0,0,0,11,3,0,2,0,0,0,0,0,0,0,0
24,11,zeros-la-2-2,zeros-la-2,6,24,11,24,8,8,8,2,0,4,0,0,0,0,0,0,0,0,0,0,2,11,2,1,2,0,0,0,0,0,0,0,0
24,10,zeros-la-2-2,zeros-la-2,7,24,10,26,8,8,8,2,2,4,0,2,0,0,0,0,0,0,0,0,0,10,3,1,2,0,0,0,0,0,0,0,0
44,11,zeros-la-2-2,zeros-la-2,8,44,11,28,16,16,4,0,0,4,2,0,0,0,0,0,0,2,0,0,0,11,2,2,0,1,0,0,0,0,0,0,0
44,10,zeros-la-2-2,zeros-la-2,9,44,10,30,16,0,0,2,0,16,0,0,0,4,4,0,0,2,2,0,0,10,3,2,0,1,0,0,0,0,0,0,0
56,11,zeros-la-2-2,zeros-la-2,10,56,11,34,16,2,0,0,0,16,0,0,4,8,0,0,0,4,0,0,0,11,1,2,1,1,0,0,0,0,0,0,0
56,10,zeros-la-2-2,zeros-la-2,11,56,10,36,16,0,0,0,2,0,0,16,4,2,0,0,8,0,0,0,4,10,2,2,1,1,0,0,0,0,0,0,0
56,9,zeros-la-2-2,zeros-la-2,12,56,9,38,16,2,0,0,2,0,0,0,4,0,0,0,8,2,0,16,4,9,3,2,1,1,0,0,0,0,0,0,0
60,9,zeros-la-2-2,zeros-la-2,13,60,9,40,16,0,0,0,4,0,0,2,4,0,0,0,8,0,2,16,4,9,2,3,1,1,0,0,0,0,0,0,0
68,9,zeros-la-2-2,zeros-la-2,14,68,9,42,16,0,2,2,8,0,0,16,8,0,0,0,4,0,2,0,0,9,3,1,2,1,0,0,0,0,0,0,0
72,9,zeros-la-2-2,zeros-la-2,15,72,9,44,16,0,0,4,8,0,0,16,8,0,0,0,4,0,0,2,2,9,2,2,2,1,0,0,0,0,0,0,0
76,9,zeros-la-2-2,zeros-la-2,16,76,9,46,16,4,8,0,0,16,8,0,0,4,0,0,2,4,0,0,0,9,1,3,2,1,0,0,0,0,0,0,0
100,10,zeros-la-2-2,zeros-la-2,17,100,10,48,16,0,2,0,0,4,0,0,0,16,0,0,0,8,16,0,2,10,2,1,1,2,0,0,0,0,0,0,0
100,9,zeros-la-2-2,zeros-la-2,18,100,9,50,16,4,2,0,2,16,16,0,0,8,0,0,2,0,0,0,0,9,3,1,1,2,0,0,0,0,0,0,0
136,10,zeros-la-2-2,zeros-la-2,19,136,10,52,32,0,0,4,4,0,0,0,32,2,0,8,2,0,0,0,0,10,2,2,1,0,1,0,0,0,0,0,0
144,10,zeros-la-2-2,zeros-la-2,20,144,10,54,32,0,0,0,8,0,0,0,32,0,2,8,2,0,0,2,0,10,3,0,2,0,1,0,0,0,0,0,0
144,9,zeros-la-2-2,zeros-la-2,21,144,9,56,32,0,2,8,8,0,0,2,32,0,2,0,2,0,0,0,0,9,4,0,2,0,1,0,0,0,0,0,0
164,10,zeros-la-2-2,zeros-la-2,22,164,10,58,32,2,16,0,0,2,32,0,0,4,0,2,0,0,0,0,0,10,3,1,0,1,1,0,0,0,0,0,0
168,10,zeros-la-2-2,zeros-la-2,23,168,10,60,32,4,16,2,0,4,32,0,0,0,0,0,2,0,0,0,0,10,2,2,0,1,1,0,0,0,0,0,0
176,10,zeros-la-2-2,zeros-la-2,24,176,10,62,32,2,0,0,0,0,0,0,0,0,16,0,0,8,32,2,2,10,3,0,1,1,1,0,0,0,0,0,0
180,10,zeros-la-2-2,zeros-la-2,25,180,10,64,32,0,0,0,2,0,0,2,0,0,0,0,16,0,8,32,4,10,2,1,1,1,1,0,0,0,0,0,0
180,9,zeros-la-2-2,zeros-la-2,26,180,9,66,32,0,0,0,2,0,0,0,2,0,0,0,16,2,8,32,4,9,3,1,1,1,1,0,0,0,0,0,0
180,8,zeros-la-2-2,zeros-la-2,27,180,8,68,32,0,0,0,2,0,0,0,2,0,2,0,16,2,8,32,4,8,4,1,1,1,1,0,0,0,0,0,0
184,8,zeros-la-2-2,zeros-la-2,28,184,8,70,32,2,2,32,4,0,8,0,16,0,2,0,4,0,0,0,0,8,3,2,1,1,1,0,0,0,0,0,0
188,8,zeros-la-2-2,zeros-la-2,29,188,8,72,32,0,4,32,4,0,0,8,16,2,0,2,4,0,0,0,0,8,2,3,1,1,1,0,0,0,0,0,0
192,8,zeros-la-2-2,zeros-la-2,30,192,8,74,32,4,32,4,0,8,16,0,0,4,4,0,0,0,0,2,0,8,1,4,1,1,1,0,0,0,0,0,0
200,8,zeros-la-2-2,zeros-la-2,31,200,8,76,32,4,32,4,0,8,16,2,0,8,0,0,0,2,0,0,0,8,2,2,2,1,1,0,0,0,0,0,0
216,8,zeros-la-2-2,zeros-la-2,32,216,8,78,32,4,32,4,2,16,16,2,0,2,0,0,0,0,0,0,0,8,3,2,0,2,1,0,0,0,0,0,0
248,8,zeros-la-2-2,zeros-la-2,33,248,8,80,32,4,32,4,2,0,0,32,2,0,0,2,2,0,0,0,0,8,4,2,0,0,2,0,0,0,0,0,0
252,8,zeros-la-2-2,zeros-la-2,34,252,8,82,32,4,32,4,2,32,2,0,0,4,0,0,2,0,0,0,0,8,3,3,0,0,2,0,0,0,0,0,0
256,8,zeros-la-2-2,zeros-la-2,35,256,8,84,32,4,32,4,4,32,2,0,0,4,0,0,2,0,0,0,0,8,2,4,0,0,2,0,0,0,0,0,0
264,8,zeros-la-2-2,zeros-la-2,36,264,8,86,32,0,4,32,8,0,0,32,2,0,0,4,2,0,0,0,2,8,3,2,1,0,2,0,0,0,0,0,0
332,9,zeros-la-2-2,zeros-la-2,37,332,9,88,64,2,4,64,8,0,0,4,4,0,0,0,2,0,0,0,0,9,2,3,1,0,0,1,0,0,0,0,0
340,9,zeros-la-2-2,zeros-la-2,38,340,9,90,64,2,4,64,8,0,0,0,8,0,2,0,2,0,0,0,0,9,3,1,2,0,0,1,0,0,0,0,0
356,9,zeros-la-2-2,zeros-la-2,39,356,9,94,64,0,0,0,0,0,0,0,0,4,4,0,16,2,2,64,2,9,3,2,0,1,0,1,0,0,0,0,0
368,10,zeros-la-2-2,zeros-la-2,40,368,10,96,64,0,0,0,0,0,0,2,0,8,16,0,0,4,64,2,0,10,2,1,1,1,0,1,0,0,0,0,0
372,10,zeros-la-2-2,zeros-la-2,41,372,10,98,64,8,16,4,0,4,64,0,0,0,0,0,0,0,0,2,0,10,1,2,1,1,0,1,0,0,0,0,0
372,9,zeros-la-2-2,zeros-la-2,42,372,9,100,64,0,8,16,4,0,2,4,64,0,0,0,0,0,0,0,2,9,2,2,1,1,0,1,0,0,0,0,0
372,8,zeros-la-2-2,zeros-la-2,43,372,8,102,64,0,8,16,4,0,2,4,64,0,0,0,2,0,0,0,2,8,3,2,1,1,0,1,0,0,0,0,0
376,8,zeros-la-2-2,zeros-la-2,44,376,8,106,64,0,8,16,4,0,2,4,64,0,0,4,4,0,0,0,0,8,1,4,1,1,0,1,0,0,0,0,0
384,8,zeros-la-2-2,zeros-la-2,45,384,8,108,64,0,8,16,4,0,2,4,64,0,0,2,8,0,0,0,0,8,2,2,2,1,0,1,0,0,0,0,0
384,7,zeros-la-2-2,zeros-la-2,46,384,7,110,64,8,16,4,0,2,4,64,0,2,8,2,0,0,0,0,0,7,3,2,2,1,0,1,0,0,0,0,0
388,7,zeros-la-2-2,zeros-la-2,47,388,7,112,64,8,16,4,0,4,4,64,0,0,8,2,0,0,0,0,2,7,2,3,2,1,0,1,0,0,0,0,0
396,7,zeros-la-2-2,zeros-la-2,48,396,7,114,64,0,8,16,4,0,0,8,64,2,0,8,2,0,0,0,2,7,3,1,3,1,0,1,0,0,0,0,0
416,8,zeros-la-2-2,zeros-la-2,49,416,8,116,64,2,8,16,4,0,0,16,64,2,0,0,4,0,0,0,0,8,2,2,1,2,0,1,0,0,0,0,0
452,9,zeros-la-2-2,zeros-la-2,50,452,9,118,64,4,8,32,4,0,0,0,64,2,0,0,4,0,0,0,0,9,1,3,1,0,1,1,0,0,0,0,0
452,8,zeros-la-2-2,zeros-la-2,51,452,8,120,64,4,8,32,4,2,0,0,64,0,0,2,4,0,0,0,0,8,2,3,1,0,1,1,0,0,0,0,0
452,7,zeros-la-2-2,zeros-la-2,52,452,7,122,64,4,8,32,4,2,0,2,64,0,0,2,4,0,0,0,0,7,3,3,1,0,1,1,0,0,0,0,0
456,7,zeros-la-2-2,zeros-la-2,53,456,7,124,64,0,0,0,0,0,0,0,4,4,2,32,64,2,8,4,4,7,2,4,1,0,1,1,0,0,0,0,0
464,7,zeros-la-2-2,zeros-la-2,54,464,7,126,64,0,0,0,0,0,0,0,4,4,2,32,64,2,2,8,8,7,3,2,2,0,1,1,0,0,0,0,0
484,8,zeros-la-2-2,zeros-la-2,55,484,8,128,64,0,0,0,0,4,0,2,0,4,2,32,64,4,16,0,0,8,2,3,0,1,1,1,0,0,0,0,0
492,8,zeros-la-2-2,zeros-la-2,56,492,8,130,64,0,0,0,0,0,2,0,0,4,2,2,0,8,16,32,64,8,3,1,1,1,1,1,0,0,0,0,0
496,8,zeros-la-2-2,zeros-la-2,57,496,8,132,64,0,0,0,0,0,0,2,0,4,4,2,0,8,16,32,64,8,2,2,1,1,1,1,0,0,0,0,0
504,8,zeros-la-2-2,zeros-la-2,58,504,8,134,64,0,0,0,0,2,0,0,0,8,2,2,0,8,16,32,64,8,3,0,2,1,1,1,0,0,0,0,0
520,8,zeros-la-2-2,zeros-la-2,59,520,8,136,64,0,0,0,0,0,0,2,0,2,2,2,0,16,16,32,64,8,4,0,0,2,1,1,0,0,0,0,0
556,9,zeros-la-2-2,zeros-la-2,60,556,9,140,64,0,0,0,0,0,0,0,2,0,4,2,4,0,32,32,64,9,2,2,0,0,2,1,0,0,0,0,0
620,9,zeros-la-2-2,zeros-la-2,61,620,9,144,64,0,0,0,0,2,4,0,0,4,2,4,0,64,64,0,0,9,2,3,0,0,0,2,0,0,0,0,0
748,9,zeros-la-2-2,zeros-la-2,62,748,9,146,128,0,0,0,0,0,0,2,4,2,4,2,4,0,0,0,128,9,3,3,0,0,0,0,1,0,0,0,0
760,10,zeros-la-2-2,zeros-la-2,63,760,10,148,128,2,4,4,8,0,0,0,128,0,0,0,0,2,0,0,0,10,2,2,1,0,0,0,1,0,0,0,0
768,10,zeros-la-2-2,zeros-la-2,64,768,10,150,128,0,2,8,8,0,0,0,128,0,2,0,0,0,0,0,2,10,3,0,2,0,0,0,1,0,0,0,0
784,10,zeros-la-2-2,zeros-la-2,65,784,10,152,128,0,0,2,16,2,0,0,128,0,0,0,2,0,0,0,2,10,4,0,0,1,0,0,1,0,0,0,0
788,10,zeros-la-2-2,zeros-la-2,66,788,10,154,128,2,0,2,16,0,0,0,128,2,0,0,4,0,0,0,0,10,3,1,0,1,0,0,1,0,0,0,0
792,10,zeros-la-2-2,zeros-la-2,67,792,10,156,128,4,0,2,16,0,0,0,128,2,0,0,4,0,0,0,0,10,2,2,0,1,0,0,1,0,0,0,0
792,9,zeros-la-2-2,zeros-la-2,68,792,9,158,128,0,4,2,16,2,0,0,128,0,0,2,4,0,0,0,0,9,3,2,0,1,0,0,1,0,0,0,0
796,9,zeros-la-2-2,zeros-la-2,69,796,9,160,128,2,4,4,16,2,0,0,128,0,0,0,4,0,0,0,0,9,2,3,0,1,0,0,1,0,0,0,0
800,9,zeros-la-2-2,zeros-la-2,70,800,9,162,128,0,2,0,0,0,0,0,16,0,0,0,128,4,4,4,4,9,1,4,0,1,0,0,1,0,0,0,0
816,10,zeros-la-2-2,zeros-la-2,71,816,10,164,128,2,0,0,0,16,0,0,0,128,0,0,0,8,8,2,0,10,2,0,2,1,0,0,1,0,0,0,0
832,10,zeros-la-2-2,zeros-la-2,72,832,10,166,128,0,0,0,2,0,0,2,16,0,0,0,128,0,0,16,2,10,3,0,0,2,0,0,1,0,0,0,0
832,9,zeros-la-2-2,zeros-la-2,73,832,9,170,128,4,0,2,2,0,0,16,16,0,0,0,128,0,0,0,2,9,3,1,0,2,0,0,1,0,0,0,0
868,10,zeros-la-2-2,zeros-la-2,74,868,10,172,128,4,4,0,0,32,0,0,0,128,0,0,0,2,0,2,0,10,2,2,0,0,1,0,1,0,0,0,0
880,11,zeros-la-2-2,zeros-la-2,75,880,11,174,128,8,2,0,0,32,0,0,0,128,0,0,0,4,0,0,0,11,1,1,1,0,1,0,1,0,0,0,0
880,10,zeros-la-2-2,zeros-la-2,76,880,10,176,128,8,2,0,0,32,0,0,0,128,2,0,0,4,0,0,0,10,2,1,1,0,1,0,1,0,0,0,0
884,10,zeros-la-2-2,zeros-la-2,77,884,10,178,128,8,0,0,0,32,0,0,2,128,0,0,0,4,4,0,0,10,1,2,1,0,1,0,1,0,0,0,0
892,10,zeros-la-2-2,zeros-la-2,78,892,10,180,128,8,0,2,0,32,2,0,0,128,0,0,0,8,0,0,0,10,2,0,2,0,1,0,1,0,0,0,0
892,9,zeros-la-2-2,zeros-la-2,79,892,9,182,128,8,0,0,2,32,0,0,0,128,0,0,0,8,2,2,0,9,3,0,2,0,1,0,1,0,0,0,0
896,9,zeros-la-2-2,zeros-la-2,80,896,9,184,128,2,0,8,2,0,0,0,32,0,0,0,128,0,0,8,4,9,2,1,2,0,1,0,1,0,0,0,0
912,9,zeros-la-2-2,zeros-la-2,81,912,9,186,128,2,0,16,2,0,0,0,32,0,2,0,128,0,0,0,4,9,3,1,0,1,1,0,1,0,0,0,0
912,8,zeros-la-2-2,zeros-la-2,82,912,8,188,128,2,2,16,2,0,0,0,32,0,0,0,128,2,0,0,4,8,4,1,0,1,1,0,1,0,0,0,0
916,8,zeros-la-2-2,zeros-la-2,83,916,8,190,128,0,4,16,2,0,0,0,32,0,2,0,128,0,0,2,4,8,3,2,0,1,1,0,1,0,0,0,0
916,7,zeros-la-2-2,zeros-la-2,84,916,7,192,128,4,16,2,0,32,0,0,0,2,128,0,0,2,4,2,0,7,4,2,0,1,1,0,1,0,0,0,0
924,8,zeros-la-2-2,zeros-la-2,85,924,8,194,128,0,0,0,0,4,16,0,0,32,128,2,0,4,4,4,0,8,1,4,0,1,1,0,1,0,0,0,0
924,7,zeros-la-2-2,zeros-la-2,86,924,7,196,128,4,16,2,0,32,128,4,0,4,4,0,0,0,0,0,2,7,2,4,0,1,1,0,1,0,0,0,0
932,7,zeros-la-2-2,zeros-la-2,87,932,7,198,128,4,16,2,0,32,128,4,0,8,0,0,0,2,0,0,2,7,3,2,1,1,1,0,1,0,0,0,0
932,6,zeros-la-2-2,zeros-la-2,88,932,6,200,128,4,16,2,2,32,128,4,2,8,0,0,0,2,0,0,0,6,4,2,1,1,1,0,1,0,0,0,0
936,6,zeros-la-2-2,zeros-la-2,89,936,6,202,128,4,0,0,2,32,0,0,0,8,16,2,0,2,128,4,4,6,3,3,1,1,1,0,1,0,0,0,0
936,5,zeros-la-2-2,zeros-la-2,90,936,5,204,128,4,16,2,2,32,128,4,4,8,0,0,0,2,2,0,0,5,4,3,1,1,1,0,1,0,0,0,0
952,7,zeros-la-2-2,zeros-la-2,91,952,7,208,128,0,4,16,4,0,32,128,8,0,0,4,8,0,0,0,4,7,0,4,2,1,1,0,1,0,0,0,0
968,7,zeros-la-2-2,zeros-la-2,92,968,7,210,128,0,4,16,4,0,32,128,16,0,0,4,4,0,2,0,0,7,1,4,0,2,1,0,1,0,0,0,0
976,7,zeros-la-2-2,zeros-la-2,93,976,7,212,128,0,4,16,4,0,32,128,16,0,2,0,8,0,0,0,2,7,2,2,1,2,1,0,1,0,0,0,0
976,6,zeros-la-2-2,zeros-la-2,94,976,6,214,128,0,4,16,4,0,32,128,16,0,0,2,8,0,0,2,2,6,3,2,1,2,1,0,1,0,0,0,0
980,6,zeros-la-2-2,zeros-la-2,95,980,6,216,128,0,4,16,4,0,32,128,16,0,2,4,8,0,0,0,2,6,2,3,1,2,1,0,1,0,0,0,0
980,5,zeros-la-2-2,zeros-la-2,96,980,5,218,128,4,16,4,0,32,128,16,0,2,4,8,0,2,2,0,0,5,3,3,1,2,1,0,1,0,0,0,0
984,5,zeros-la-2-2,zeros-la-2,97,984,5,220,128,0,4,16,4,0,32,128,16,0,2,4,8,0,2,0,4,5,2,4,1,2,1,0,1,0,0,0,0
988,5,zeros-la-2-2,zeros-la-2,98,988,5,222,128,0,0,0,4,0,4,16,16,0,32,128,8,2,4,4,4,5,1,5,1,2,1,0,1,0,0,0,0
1028,6,zeros-la-2-2,zeros-la-2,99,1028,6,224,128,0,0,2,4,0,0,4,32,0,32,128,8,0,2,4,8,6,2,3,2,0,2,0,1,0,0,0,0
1044,6,zeros-la-2-2,zeros-la-2,100,1044,6,226,128,2,32,2,4,0,2,4,32,0,0,128,16,0,0,4,0,6,3,3,0,1,2,0,1,0,0,0,0
1044,5,zeros-la-2-2,zeros-la-2,101,1044,5,230,128,4,0,2,0,0,0,4,4,0,32,128,32,2,2,4,16,5,3,4,0,1,2,0,1,0,0,0,0
1056,6,zeros-la-2-2,zeros-la-2,102,1056,6,234,128,4,2,4,0,8,0,0,0,32,128,32,0,4,4,16,0,6,1,4,1,1,2,0,1,0,0,0,0
1064,6,zeros-la-2-2,zeros-la-2,103,1064,6,236,128,4,2,4,0,8,0,0,2,32,128,32,0,8,16,0,0,6,2,2,2,1,2,0,1,0,0,0,0
1064,5,zeros-la-2-2,zeros-la-2,104,1064,5,238,128,4,2,0,0,8,2,0,0,32,128,4,0,8,16,32,2,5,3,2,2,1,2,0,1,0,0,0,0
1068,5,zeros-la-2-2,zeros-la-2,105,1068,5,240,128,4,0,2,0,8,4,0,0,32,128,4,0,8,16,32,2,5,2,3,2,1,2,0,1,0,0,0,0
1068,4,zeros-la-2-2,zeros-la-2,106,1068,4,242,128,4,4,2,2,8,128,4,0,32,16,32,2,8,0,0,0,4,3,3,2,1,2,0,1,0,0,0,0
1080,5,zeros-la-2-2,zeros-la-2,107,1080,5,244,128,8,4,0,0,8,128,4,0,32,16,32,2,8,0,2,0,5,2,2,3,1,2,0,1,0,0,0,0
1096,5,zeros-la-2-2,zeros-la-2,108,1096,5,246,128,0,0,0,0,16,4,4,0,32,128,32,2,8,16,2,2,5,3,2,1,2,2,0,1,0,0,0,0
1108,6,zeros-la-2-2,zeros-la-2,109,1108,6,248,128,0,0,0,0,16,8,0,0,32,128,32,2,8,16,4,2,6,2,1,2,2,2,0,1,0,0,0,0
1112,6,zeros-la-2-2,zeros-la-2,110,1112,6,250,128,0,0,0,0,16,8,2,0,32,128,32,0,8,16,4,4,6,1,2,2,2,2,0,1,0,0,0,0
1120,6,zeros-la-2-2,zeros-la-2,111,1120,6,252,128,0,0,2,0,16,8,2,0,32,128,32,0,8,16,8,0,6,2,0,3,2,2,0,1,0,0,0,0
1124,6,zeros-la-2-2,zeros-la-2,112,1124,6,254,128,0,0,0,0,16,8,4,0,32,128,32,2,8,16,8,0,6,1,1,3,2,2,0,1,0,0,0,0
1124,5,zeros-la-2-2,zeros-la-2,113,1124,5,256,128,0,0,0,0,16,8,4,0,32,128,32,2,8,16,8,2,5,2,1,3,2,2,0,1,0,0,0,0
1128,5,zeros-la-2-2,zeros-la-2,114,1128,5,258,128,16,8,4,4,32,128,32,0,8,16,8,2,0,0,0,0,5,1,2,3,2,2,0,1,0,0,0,0
1136,5,zeros-la-2-2,zeros-la-2,115,1136,5,260,128,16,8,8,0,32,128,32,0,8,16,8,2,0,0,0,2,5,2,0,4,2,2,0,1,0,0,0,0
1140,5,zeros-la-2-2,zeros-la-2,116,1140,5,262,128,0,0,0,0,16,8,8,2,32,128,32,0,8,16,8,4,5,1,1,4,2,2,0,1,0,0,0,0
1156,5,zeros-la-2-2,zeros-la-2,117,1156,5,264,128,0,0,0,2,16,16,2,0,32,128,32,0,8,16,8,4,5,2,1,2,3,2,0,1,0,0,0,0
1188,5,zeros-la-2-2,zeros-la-2,118,1188,5,266,128,2,0,0,0,32,2,0,0,32,128,32,2,8,16,8,4,5,3,1,2,1,3,0,1,0,0,0,0
1252,5,zeros-la-2-2,zeros-la-2,119,1252,5,268,128,0,0,0,0,2,2,2,0,64,128,32,2,8,16,8,4,5,4,1,2,1,1,1,1,0,0,0,0
1256,5,zeros-la-2-2,zeros-la-2,120,1256,5,270,128,2,0,0,0,4,2,0,0,64,128,32,2,8,16,8,4,5,3,2,2,1,1,1,1,0,0,0,0
1256,4,zeros-la-2-2,zeros-la-2,121,1256,4,272,128,2,0,0,0,4,2,0,2,64,128,32,2,8,16,8,4,4,4,2,2,1,1,1,1,0,0,0,0
1260,4,zeros-la-2-2,zeros-la-2,122,1260,4,274,128,2,0,0,0,4,2,2,0,64,128,32,4,8,16,8,4,4,3,3,2,1,1,1,1,0,0,0,0
1268,4,zeros-la-2-2,zeros-la-2,123,1268,4,276,128,2,2,0,0,4,2,2,0,64,128,32,0,8,16,8,8,4,4,1,3,1,1,1,1,0,0,0,0
1292,6,zeros-la-2-2,zeros-la-2,124,1292,6,278,128,4,0,0,0,4,4,0,2,64,128,32,0,8,16,16,0,6,1,3,1,2,1,1,1,0,0,0,0
1332,7,zeros-la-2-2,zeros-la-2,125,1332,7,280,128,2,0,0,4,0,0,8,2,0,64,128,32,0,0,8,32,7,2,1,2,0,2,1,1,0,0,0,0
1396,7,zeros-la-2-2,zeros-la-2,126,1396,7,282,128,2,64,8,4,0,0,128,2,0,0,8,64,2,0,0,0,7,3,1,2,0,0,2,1,0,0,0,0
1400,7,zeros-la-2-2,zeros-la-2,127,1400,7,284,128,4,64,8,4,0,0,128,2,0,2,8,64,0,0,0,0,7,2,2,2,0,0,2,1,0,0,0,0
1400,6,zeros-la-2-2,zeros-la-2,128,1400,6,286,128,4,64,8,4,0,2,128,2,0,0,8,64,0,2,0,0,6,3,2,2,0,0,2,1,0,0,0,0
1404,6,zeros-la-2-2,zeros-la-2,129,1404,6,288,128,2,0,0,0,0,0,8,4,0,64,128,2,4,4,8,64,6,2,3,2,0,0,2,1,0,0,0,0
1412,6,zeros-la-2-2,zeros-la-2,130,1412,6,290,128,2,0,0,2,8,4,0,0,64,128,2,0,8,8,64,0,6,3,1,3,0,0,2,1,0,0,0,0
1432,7,zeros-la-2-2,zeros-la-2,131,1432,7,294,128,0,0,0,4,4,0,8,4,0,64,128,2,0,0,16,64,7,1,3,1,1,0,2,1,0,0,0,0
1440,7,zeros-la-2-2,zeros-la-2,132,1440,7,296,128,0,0,0,0,0,0,8,8,2,0,128,2,4,64,16,64,7,2,1,2,1,0,2,1,0,0,0,0
1456,7,zeros-la-2-2,zeros-la-2,133,1456,7,298,128,0,2,0,0,0,0,0,16,0,2,128,2,4,64,16,64,7,3,1,0,2,0,2,1,0,0,0,0
1460,7,zeros-la-2-2,zeros-la-2,134,1460,7,300,128,4,4,128,16,0,64,16,2,0,0,0,64,0,2,0,0,7,2,2,0,2,0,2,1,0,0,0,0
1468,7,zeros-la-2-2,zeros-la-2,135,1468,7,302,128,8,128,16,0,64,16,2,2,64,0,0,0,2,0,0,0,7,3,0,1,2,0,2,1,0,0,0,0
1596,7,zeros-la-2-2,zeros-la-2,136,1596,7,304,128,0,0,2,0,8,0,0,0,128,128,16,0,2,16,2,2,7,4,0,1,2,0,0,2,0,0,0,0
1856,8,zeros-la-2-2,zeros-la-2,137,1856,8,306,256,0,0,0,2,0,0,0,8,0,2,256,16,0,2,16,4,8,3,1,1,2,0,0,0,1,0,0,0
1860,8,zeros-la-2-2,zeros-la-2,138,1860,8,310,256,0,0,0,2,4,0,0,8,0,0,256,16,0,4,16,4,8,1,3,1,2,0,0,0,1,0,0,0
1860,7,zeros-la-2-2,zeros-la-2,139,1860,7,312,256,2,0,0,2,0,0,0,8,0,0,256,16,4,4,16,4,7,2,3,1,2,0,0,0,1,0,0,0
1872,8,zeros-la-2-2,zeros-la-2,140,1872,8,314,256,4,0,0,2,8,0,0,0,256,16,0,0,8,16,4,0,8,1,2,2,2,0,0,0,1,0,0,0
1904,8,zeros-la-2-2,zeros-la-2,141,1904,8,316,256,4,32,4,2,8,0,0,0,256,2,0,0,8,0,0,0,8,2,2,2,0,1,0,0,1,0,0,0
1904,7,zeros-la-2-2,zeros-la-2,142,1904,7,320,256,4,32,4,2,8,2,0,0,256,0,0,4,8,0,0,0,7,2,3,2,0,1,0,0,1,0,0,0
1904,6,zeros-la-2-2,zeros-la-2,143,1904,6,322,256,4,32,4,2,0,0,8,2,0,2,256,4,0,0,0,8,6,3,3,2,0,1,0,0,1,0,0,0
1908,6,zeros-la-2-2,zeros-la-2,144,1908,6,324,256,4,32,4,4,0,2,8,4,0,0,256,8,0,2,0,0,6,2,4,2,0,1,0,0,1,0,0,0
1920,7,zeros-la-2-2,zeros-la-2,145,1920,7,326,256,2,0,0,0,0,0,4,0,0,32,8,8,4,4,256,8,7,1,3,3,0,1,0,0,1,0,0,0
1944,8,zeros-la-2-2,zeros-la-2,146,1944,8,328,256,0,0,0,2,0,2,0,4,0,0,32,16,0,8,256,8,8,2,1,2,1,1,0,0,1,0,0,0
1944,7,zeros-la-2-2,zeros-la-2,147,1944,7,330,256,2,2,0,0,2,4,0,0,32,16,0,0,8,256,8,0,7,3,1,2,1,1,0,0,1,0,0,0
1948,7,zeros-la-2-2,zeros-la-2,148,1948,7,332,256,0,2,0,0,4,4,0,2,32,16,0,0,8,256,8,0,7,2,2,2,1,1,0,0,1,0,0,0
1956,7,zeros-la-2-2,zeros-la-2,149,1956,7,334,256,0,0,0,2,0,0,8,2,0,2,32,16,0,8,256,8,7,3,0,3,1,1,0,0,1,0,0,0
1960,7,zeros-la-2-2,zeros-la-2,150,1960,7,336,256,0,0,2,0,0,0,8,4,0,2,32,16,0,8,256,8,7,2,1,3,1,1,0,0,1,0,0,0
1960,6,zeros-la-2-2,zeros-la-2,151,1960,6,338,256,2,2,2,4,0,8,8,16,0,0,32,8,0,0,256,0,6,3,1,3,1,1,0,0,1,0,0,0
1980,7,zeros-la-2-2,zeros-la-2,152,1980,7,340,256,0,2,4,4,0,2,16,16,0,0,32,8,0,0,0,256,7,2,2,1,2,1,0,0,1,0,0,0
2020,8,zeros-la-2-2,zeros-la-2,153,2020,8,342,256,2,8,0,0,2,32,0,0,32,8,2,0,256,0,0,0,8,3,0,2,0,2,0,0,1,0,0,0
2024,8,zeros-la-2-2,zeros-la-2,154,2024,8,344,256,4,8,2,0,32,32,0,0,256,8,0,0,0,0,2,0,8,2,1,2,0,2,0,0,1,0,0,0
2088,8,zeros-la-2-2,zeros-la-2,155,2088,8,346,256,4,8,2,0,64,0,0,0,256,8,0,0,2,2,0,0,8,3,1,2,0,0,1,0,1,0,0,0
2104,8,zeros-la-2-2,zeros-la-2,156,2104,8,348,256,4,0,0,0,64,0,0,0,256,16,0,0,2,2,2,2,8,4,1,0,1,0,1,0,1,0,0,0
2112,9,zeros-la-2-2,zeros-la-2,157,2112,9,350,256,0,0,0,4,2,0,0,64,0,0,256,16,0,0,4,4,9,1,3,0,1,0,1,0,1,0,0,0
2120,9,zeros-la-2-2,zeros-la-2,158,2120,9,354,256,0,0,0,4,0,4,2,64,0,0,256,16,0,0,0,8,9,1,2,1,1,0,1,0,1,0,0,0
2120,8,zeros-la-2-2,zeros-la-2,159,2120,8,356,256,4,0,0,0,4,2,64,0,256,16,0,0,8,0,0,2,8,2,2,1,1,0,1,0,1,0,0,0
2128,8,zeros-la-2-2,zeros-la-2,160,2128,8,358,256,8,2,64,2,256,16,0,0,8,0,0,0,0,0,2,0,8,3,0,2,1,0,1,0,1,0,0,0
2128,7,zeros-la-2-2,zeros-la-2,161,2128,7,360,256,8,2,64,2,256,16,0,0,8,0,2,0,2,0,0,0,7,4,0,2,1,0,1,0,1,0,0,0
2128,6,zeros-la-2-2,zeros-la-2,162,2128,6,364,256,8,2,64,2,0,0,256,16,0,0,8,2,0,4,0,2,6,4,1,2,1,0,1,0,1,0,0,0
2132,6,zeros-la-2-2,zeros-la-2,163,2132,6,366,256,2,0,0,0,0,0,64,2,0,2,256,16,8,4,8,4,6,3,2,2,1,0,1,0,1,0,0,0
2132,5,zeros-la-2-2,zeros-la-2,164,2132,5,368,256,2,0,0,0,0,0,64,2,2,2,256,16,8,4,8,4,5,4,2,2,1,0,1,0,1,0,0,0
2136,5,zeros-la-2-2,zeros-la-2,165,2136,5,370,256,0,0,2,2,0,0,64,2,0,4,256,16,8,4,8,4,5,3,3,2,1,0,1,0,1,0,0,0
2148,6,zeros-la-2-2,zeros-la-2,166,2148,6,372,256,8,8,2,4,0,0,64,16,0,0,256,4,0,0,8,2,6,2,2,3,1,0,1,0,1,0,0,0
2164,6,zeros-la-2-2,zeros-la-2,167,2164,6,374,256,16,2,4,2,64,16,0,0,256,4,0,0,8,2,0,0,6,3,2,1,2,0,1,0,1,0,0,0
2164,5,zeros-la-2-2,zeros-la-2,168,2164,5,376,256,16,2,0,0,64,16,0,0,256,4,0,2,8,2,4,2,5,4,2,1,2,0,1,0,1,0,0,0
2168,5,zeros-la-2-2,zeros-la-2,169,2168,5,378,256,16,2,0,0,64,16,0,0,256,4,0,2,8,2,4,4,5,3,3,1,2,0,1,0,1,0,0,0
2176,5,zeros-la-2-2,zeros-la-2,170,2176,5,380,256,16,2,0,0,64,16,2,0,256,4,2,0,8,2,8,0,5,4,1,2,2,0,1,0,1,0,0,0
2180,5,zeros-la-2-2,zeros-la-2,171,2180,5,382,256,16,2,2,0,64,16,0,0,256,4,4,0,8,2,8,0,5,3,2,2,2,0,1,0,1,0,0,0
2192,6,zeros-la-2-2,zeros-la-2,172,2192,6,384,256,2,0,16,4,0,0,64,16,0,0,256,8,0,8,2,8,6,2,1,3,2,0,1,0,1,0,0,0
2208,6,zeros-la-2-2,zeros-la-2,173,2208,6,388,256,2,8,16,4,0,0,64,16,0,0,256,16,0,0,2,4,6,2,2,1,3,0,1,0,1,0,0,0
2240,6,zeros-la-2-2,zeros-la-2,174,2240,6,392,256,2,8,16,4,0,0,64,32,0,0,256,4,0,4,2,0,6,2,3,1,1,1,1,0,1,0,0,0
2240,5,zeros-la-2-2,zeros-la-2,175,2240,5,394,256,2,8,16,4,64,32,0,0,256,4,0,0,4,2,2,0,5,3,3,1,1,1,1,0,1,0,0,0
2244,5,zeros-la-2-2,zeros-la-2,176,2244,5,396,256,2,8,16,4,2,0,64,32,0,0,256,4,0,0,4,4,5,2,4,1,1,1,1,0,1,0,0,0
2256,6,zeros-la-2-2,zeros-la-2,177,2256,6,400,256,4,8,16,4,4,0,64,32,0,0,256,8,0,0,4,0,6,0,4,2,1,1,1,0,1,0,0,0
2264,6,zeros-la-2-2,zeros-la-2,178,2264,6,402,256,8,8,16,4,0,0,64,32,0,0,256,8,2,0,4,0,6,1,2,3,1,1,1,0,1,0,0,0
2280,6,zeros-la-2-2,zeros-la-2,179,2280,6,406,256,16,16,4,0,64,32,0,0,256,8,0,0,2,4,4,0,6,1,3,1,2,1,1,0,1,0,0,0
2320,7,zeros-la-2-2,zeros-la-2,180,2320,7,408,256,0,2,32,4,0,0,64,32,0,0,256,8,0,0,2,8,7,2,1,2,0,2,1,0,1,0,0,0
2336,7,zeros-la-2-2,zeros-la-2,181,2336,7,410,256,0,2,32,4,0,2,64,32,0,0,256,16,0,0,2,0,7,3,1,0,1,2,1,0,1,0,0,0
2340,7,zeros-la-2-2,zeros-la-2,182,2340,7,412,256,0,4,32,4,0,0,64,32,0,0,256,16,2,0,2,0,7,2,2,0,1,2,1,0,1,0,0,0
2344,7,zeros-la-2-2,zeros-la-2,183,2344,7,414,256,4,32,4,0,64,32,0,2,256,16,0,0,4,0,0,0,7,1,3,0,1,2,1,0,1,0,0,0
2408,7,zeros-la-2-2,zeros-la-2,184,2408,7,416,256,4,0,0,0,64,0,0,0,256,64,0,2,4,16,4,2,7,2,3,0,1,0,2,0,1,0,0,0
2412,7,zeros-la-2-2,zeros-la-2,185,2412,7,418,256,4,0,0,0,64,0,0,0,256,64,0,2,4,16,4,4,7,1,4,0,1,0,2,0,1,0,0,0
2412,6,zeros-la-2-2,zeros-la-2,186,2412,6,420,256,4,2,0,0,64,0,0,0,256,64,0,2,4,16,4,4,6,2,4,0,1,0,2,0,1,0,0,0
2420,6,zeros-la-2-2,zeros-la-2,187,2420,6,424,256,4,2,0,0,64,0,0,4,256,64,2,0,4,16,8,0,6,2,3,1,1,0,2,0,1,0,0,0
2420,5,zeros-la-2-2,zeros-la-2,188,2420,5,426,256,4,2,2,4,64,64,8,2,256,16,0,0,4,0,0,0,5,3,3,1,1,0,2,0,1,0,0,0
2552,6,zeros-la-2-2,zeros-la-2,189,2552,6,428,256,4,4,4,0,128,8,2,2,256,16,0,0,4,0,0,0,6,2,4,1,1,0,0,1,1,0,0,0
2564,7,zeros-la-2-2,zeros-la-2,190,2564,7,430,256,8,4,2,0,128,8,4,0,256,16,0,0,4,0,0,0,7,1,3,2,1,0,0,1,1,0,0,0
2564,6,zeros-la-2-2,zeros-la-2,191,2564,6,432,256,8,4,2,0,128,8,4,0,256,16,0,2,4,0,0,0,6,2,3,2,1,0,0,1,1,0,0,0
2564,5,zeros-la-2-2,zeros-la-2,192,2564,5,434,256,8,4,2,2,128,8,4,0,256,16,0,2,4,0,0,0,5,3,3,2,1,0,0,1,1,0,0,0
2568,5,zeros-la-2-2,zeros-la-2,193,2568,5,436,256,8,4,4,0,128,8,4,0,256,16,2,0,4,0,2,0,5,2,4,2,1,0,0,1,1,0,0,0
2576,5,zeros-la-2-2,zeros-la-2,194,2576,5,438,256,0,0,8,8,0,128,8,4,2,256,16,2,0,0,4,2,5,3,2,3,1,0,0,1,1,0,0,0
2596,6,zeros-la-2-2,zeros-la-2,195,2596,6,440,256,2,0,0,0,0,0,16,8,0,128,16,4,2,256,4,4,6,2,3,1,2,0,0,1,1,0,0,0
2640,8,zeros-la-2-2,zeros-la-2,196,2640,8,442,256,4,128,32,8,0,256,4,8,0,0,0,2,0,0,0,0,8,1,2,2,0,1,0,1,1,0,0,0
2656,8,zeros-la-2-2,zeros-la-2,197,2656,8,444,256,0,0,0,2,0,0,0,0,0,128,32,16,4,256,4,2,8,2,2,0,1,1,0,1,1,0,0,0
2656,7,zeros-la-2-2,zeros-la-2,198,2656,7,446,256,0,0,0,0,0,0,2,2,0,128,32,16,4,256,4,2,7,3,2,0,1,1,0,1,1,0,0,0
2660,7,zeros-la-2-2,zeros-la-2,199,2660,7,448,256,0,0,0,2,4,0,0,0,128,32,16,0,4,256,4,2,7,2,3,0,1,1,0,1,1,0,0,0
2664,7,zeros-la-2-2,zeros-la-2,200,2664,7,450,256,0,0,0,2,4,0,0,0,128,32,16,0,4,256,4,4,7,1,4,0,1,1,0,1,1,0,0,0
2672,7,zeros-la-2-2,zeros-la-2,201,2672,7,452,256,2,0,0,2,4,0,0,0,128,32,16,0,4,256,8,0,7,2,2,1,1,1,0,1,1,0,0,0
2676,7,zeros-la-2-2,zeros-la-2,202,2676,7,454,256,0,0,0,4,0,0,0,4,0,128,32,16,2,4,256,8,7,1,3,1,1,1,0,1,1,0,0,0
2684,7,zeros-la-2-2,zeros-la-2,203,2684,7,456,256,2,128,32,8,2,4,256,16,0,0,0,8,0,0,0,0,7,2,1,2,1,1,0,1,1,0,0,0
2688,7,zeros-la-2-2,zeros-la-2,204,2688,7,458,256,0,0,0,0,0,2,0,8,0,128,32,16,4,4,256,8,7,1,2,2,1,1,0,1,1,0,0,0
2696,7,zeros-la-2-2,zeros-la-2,205,2696,7,460,256,0,0,0,2,2,8,0,0,128,32,16,0,8,256,8,0,7,2,0,3,1,1,0,1,1,0,0,0
2696,6,zeros-la-2-2,zeros-la-2,206,2696,6,462,256,2,0,0,0,2,8,0,0,128,32,16,2,8,256,8,0,6,3,0,3,1,1,0,1,1,0,0,0
2700,6,zeros-la-2-2,zeros-la-2,207,2700,6,466,256,4,8,16,2,128,32,8,0,8,256,0,0,4,0,0,0,6,1,2,3,1,1,0,1,1,0,0,0
2700,5,zeros-la-2-2,zeros-la-2,208,2700,5,468,256,4,8,16,2,0,128,32,8,0,0,8,256,0,2,0,4,5,2,2,3,1,1,0,1,1,0,0,0
2700,4,zeros-la-2-2,zeros-la-2,209,2700,4,470,256,2,0,0,2,0,8,16,8,0,128,32,256,4,2,8,4,4,3,2,3,1,1,0,1,1,0,0,0
2704,4,zeros-la-2-2,zeros-la-2,210,2704,4,472,256,0,2,0,4,0,8,16,8,0,128,32,256,4,2,8,4,4,2,3,3,1,1,0,1,1,0,0,0
2704,3,zeros-la-2-2,zeros-la-2,211,2704,3,474,256,4,2,16,4,2,8,32,8,0,128,8,256,0,2,0,4,3,3,3,3,1,1,0,1,1,0,0,0
2704,2,zeros-la-2-2,zeros-la-2,212,2704,2,476,256,2,2,0,4,0,8,16,8,4,128,32,256,2,2,8,4,2,4,3,3,1,1,0,1,1,0,0,0
2712,3,zeros-la-2-2,zeros-la-2,213,2712,3,478,256,4,4,0,0,8,16,8,0,4,128,32,256,4,8,4,2,3,1,5,3,1,1,0,1,1,0,0,0
2720,3,zeros-la-2-2,zeros-la-2,214,2720,3,480,256,4,4,8,256,8,16,32,2,8,128,4,0,2,8,0,0,3,2,3,4,1,1,0,1,1,0,0,0
2728,3,zeros-la-2-2,zeros-la-2,215,2728,3,482,256,8,8,256,0,8,16,32,2,8,128,4,0,2,8,2,0,3,3,1,5,1,1,0,1,1,0,0,0
2744,3,zeros-la-2-2,zeros-la-2,216,2744,3,486,256,16,256,4,0,8,16,32,2,8,128,4,0,2,8,2,0,3,3,2,3,2,1,0,1,1,0,0,0
2760,3,zeros-la-2-2,zeros-la-2,217,2760,3,488,256,0,256,4,0,16,16,32,2,16,128,4,0,2,8,2,2,3,4,2,1,3,1,0,1,1,0,0,0
2796,4,zeros-la-2-2,zeros-la-2,218,2796,4,492,256,256,4,0,0,32,32,2,0,16,128,4,0,2,8,4,4,4,2,4,1,1,2,0,1,1,0,0,0
2868,5,zeros-la-2-2,zeros-la-2,219,2868,5,494,256,256,4,0,0,64,2,0,0,16,128,4,2,2,8,8,0,5,3,2,2,1,0,1,1,1,0,0,0
2884,5,zeros-la-2-2,zeros-la-2,220,2884,5,496,256,0,2,256,4,0,0,64,2,16,128,4,2,0,0,2,16,5,4,2,0,2,0,1,1,1,0,0,0
2888,5,zeros-la-2-2,zeros-la-2,221,2888,5,498,256,0,0,256,0,0,2,64,4,0,2,4,4,16,128,2,16,5,3,3,0,2,0,1,1,1,0,0,0
2900,6,zeros-la-2-2,zeros-la-2,222,2900,6,500,256,0,0,256,0,0,0,64,2,0,4,4,8,16,128,2,16,6,2,2,1,2,0,1,1,1,0,0,0
2908,6,zeros-la-2-2,zeros-la-2,223,2908,6,502,256,256,2,0,0,64,2,0,0,8,8,0,0,16,128,2,16,6,3,0,2,2,0,1,1,1,0,0,0
2924,6,zeros-la-2-2,zeros-la-2,224,2924,6,504,256,256,2,0,2,64,2,0,0,16,0,0,0,16,128,2,16,6,4,0,0,3,0,1,1,1,0,0,0
2960,7,zeros-la-2-2,zeros-la-2,225,2960,7,506,256,256,4,2,2,64,128,0,16,32,0,0,0,0,0,2,0,7,3,1,0,1,1,1,1,1,0,0,0
2964,7,zeros-la-2-2,zeros-la-2,226,2964,7,508,256,256,4,4,0,64,128,16,0,32,0,0,2,2,0,0,0,7,2,2,0,1,1,1,1,1,0,0,0
2972,7,zeros-la-2-2,zeros-la-2,227,2972,7,510,256,0,0,256,8,0,64,128,16,2,0,32,2,0,0,0,2,7,3,0,1,1,1,1,1,1,0,0,0
2976,7,zeros-la-2-2,zeros-la-2,228,2976,7,512,256,0,0,0,0,0,0,256,8,0,2,128,16,2,64,32,4,7,2,1,1,1,1,1,1,1,0,0,0
2976,6,zeros-la-2-2,zeros-la-2,229,2976,6,514,256,2,2,256,8,0,64,128,16,0,2,32,4,0,0,0,0,6,3,1,1,1,1,1,1,1,0,0,0
2980,6,zeros-la-2-2,zeros-la-2,230,2980,6,516,256,0,4,256,8,0,64,128,16,0,2,32,4,2,0,0,0,6,2,2,1,1,1,1,1,1,0,0,0
2980,5,zeros-la-2-2,zeros-la-2,231,2980,5,520,256,4,256,8,0,64,128,16,0,2,32,4,0,2,4,0,0,5,2,3,1,1,1,1,1,1,0,0,0
2984,5,zeros-la-2-2,zeros-la-2,232,2984,5,522,256,0,256,0,0,4,128,8,2,64,32,16,0,4,4,4,0,5,1,4,1,1,1,1,1,1,0,0,0
2992,5,zeros-la-2-2,zeros-la-2,233,2992,5,524,256,256,2,0,0,4,128,8,2,64,32,16,0,8,4,0,0,5,2,2,2,1,1,1,1,1,0,0,0
2992,4,zeros-la-2-2,zeros-la-2,234,2992,4,526,256,0,0,256,2,4,128,8,2,0,64,32,16,0,2,8,4,4,3,2,2,1,1,1,1,1,0,0,0
2992,3,zeros-la-2-2,zeros-la-2,235,2992,3,528,256,0,0,256,2,4,128,8,2,2,64,32,16,0,2,8,4,3,4,2,2,1,1,1,1,1,0,0,0
2996,3,zeros-la-2-2,zeros-la-2,236,2996,3,530,256,4,128,256,4,2,64,8,16,0,2,32,4,2,0,8,0,3,3,3,2,1,1,1,1,1,0,0,0
3000,3,zeros-la-2-2,zeros-la-2,237,3000,3,532,256,4,128,256,4,4,64,8,16,0,2,32,4,2,0,8,0,3,2,4,2,1,1,1,1,1,0,0,0
3008,3,zeros-la-2-2,zeros-la-2,238,3008,3,534,256,0,2,256,0,0,128,8,4,8,64,32,16,2,2,8,4,3,3,2,3,1,1,1,1,1,0,0,0
3012,3,zeros-la-2-2,zeros-la-2,239,3012,3,538,256,0,4,2,256,0,128,8,4,8,64,32,16,0,4,8,4,3,1,4,3,1,1,1,1,1,0,0,0
3012,2,zeros-la-2-2,zeros-la-2,240,3012,2,540,256,0,4,2,256,0,128,8,4,8,64,32,16,2,4,8,4,2,2,4,3,1,1,1,1,1,0,0,0
3012,1,zeros-la-2-2,zeros-la-2,241,3012,1,544,256,8,4,2,256,2,128,8,4,0,64,32,16,4,4,8,4,1,2,5,3,1,1,1,1,1,0,0,0
3020,1,zeros-la-2-2,zeros-la-2,242,3020,1,546,256,8,4,2,256,2,128,8,4,2,64,32,16,0,8,8,4,1,3,3,4,1,1,1,1,1,0,0,0
3024,1,zeros-la-2-2,zeros-la-2,243,3024,1,548,256,0,4,2,256,2,128,8,4,8,64,32,16,4,8,8,4,1,2,4,4,1,1,1,1,1,0,0,0
3040,1,zeros-la-2-2,zeros-la-2,244,3040,1,550,256,0,4,2,256,2,128,8,4,8,64,32,16,2,4,16,4,1,3,4,2,2,1,1,1,1,0,0,0
3040,0,zeros-la-2-2,zeros-la-2,245,3040,0,552,256,2,4,2,256,2,128,8,4,8,64,32,16,2,4,16,4,0,4,4,2,2,1,1,1,1,0,0,0
3044,0,zeros-la-2-2,zeros-la-2,246,3044,0,554,256,4,4,2,256,8,128,8,4,2,64,32,16,2,4,16,4,0,3,5,2,2,1,1,1,1,0,0,0
3052,0,zeros-la-2-2,zeros-la-2,247,3052,0,556,256,8,2,256,2,8,128,8,4,2,64,32,16,2,4,16,4,0,4,3,3,2,1,1,1,1,0,0,0
3072,1,zeros-la-2-2,zeros-la-2,248,3072,1,558,256,2,2,256,2,0,128,8,4,16,64,32,16,4,4,16,4,1,3,4,1,3,1,1,1,1,0,0,0
3084,2,zeros-la-2-2,zeros-la-2,249,3084,2,560,256,0,4,256,2,2,128,8,4,16,64,32,16,0,8,16,4,2,2,3,2,3,1,1,1,1,0,0,0
3084,1,zeros-la-2-2,zeros-la-2,250,3084,1,562,256,0,4,256,2,2,128,8,4,2,64,32,16,16,8,16,4,1,3,3,2,3,1,1,1,1,0,0,0
3088,1,zeros-la-2-2,zeros-la-2,251,3088,1,564,256,4,4,256,2,16,128,8,4,0,64,32,16,2,8,16,4,1,2,4,2,3,1,1,1,1,0,0,0
3096,1,zeros-la-2-2,zeros-la-2,252,3096,1,566,256,8,256,2,0,16,128,8,4,64,32,16,2,2,8,16,4,1,3,2,3,3,1,1,1,1,0,0,0
3128,1,zeros-la-2-2,zeros-la-2,253,3128,1,568,256,8,256,2,4,16,128,8,2,64,32,32,4,2,8,2,0,1,4,2,3,1,2,1,1,1,0,0,0
3192,1,zeros-la-2-2,zeros-la-2,254,3192,1,570,256,8,256,2,4,16,128,8,2,64,64,4,2,2,8,2,0,1,5,2,3,1,0,2,1,1,0,0,0
3196,1,zeros-la-2-2,zeros-la-2,255,3196,1,572,256,8,256,2,2,16,128,8,0,64,64,4,4,2,8,2,4,1,4,3,3,1,0,2,1,1,0,0,0
3336,3,zeros-la-2-2,zeros-la-2,256,3336,3,574,256,2,8,256,4,0,16,128,8,0,0,128,8,2,8,2,4,3,3,2,4,1,0,0,2,1,0,0,0
3612,5,zeros-la-2-2,zeros-la-2,257,3612,5,576,256,0,0,0,0,0,8,256,4,2,16,256,16,4,8,2,4,5,2,3,2,2,0,0,0,2,0,0,0
3612,4,zeros-la-2-2,zeros-la-2,258,3612,4,578,256,0,0,0,0,2,8,256,4,2,16,256,16,4,8,2,4,4,3,3,2,2,0,0,0,2,0,0,0
4128,5,zeros-la-2-2,zeros-la-2,259,4128,5,580,512,2,0,0,0,0,8,0,4,4,16,512,16,4,8,2,4,5,2,4,2,2,0,0,0,0,1,0,0
4136,5,zeros-la-2-2,zeros-la-2,260,4136,5,584,512,4,0,0,0,0,8,0,4,2,16,512,16,8,8,2,4,5,2,3,3,2,0,0,0,0,1,0,0
4152,5,zeros-la-2-2,zeros-la-2,261,4152,5,586,512,0,0,0,4,0,2,8,4,2,16,512,16,0,16,2,4,5,3,3,1,3,0,0,0,0,1,0,0
4192,6,zeros-la-2-2,zeros-la-2,262,4192,6,590,512,2,2,8,8,0,32,512,16,0,0,2,4,0,4,0,0,6,3,2,2,1,1,0,0,0,1,0,0
4212,7,zeros-la-2-2,zeros-la-2,263,4212,7,594,512,0,4,4,16,0,32,512,16,0,0,2,4,0,0,0,4,7,1,4,0,2,1,0,0,0,1,0,0
4252,8,zeros-la-2-2,zeros-la-2,264,4252,8,596,512,0,4,4,32,2,32,512,8,0,0,2,0,0,0,0,0,8,2,2,1,0,2,0,0,0,1,0,0
4260,8,zeros-la-2-2,zeros-la-2,265,4260,8,598,512,8,32,0,0,2,32,512,8,2,0,2,0,0,0,0,0,8,3,0,2,0,2,0,0,0,1,0,0
4328,9,zeros-la-2-2,zeros-la-2,266,4328,9,600,512,8,64,512,8,4,0,2,0,0,0,0,0,0,2,0,0,9,2,1,2,0,0,1,0,0,1,0,0
4328,8,zeros-la-2-2,zeros-la-2,267,4328,8,602,512,8,64,512,8,0,0,4,2,0,0,0,2,0,0,0,2,8,3,1,2,0,0,1,0,0,1,0,0
4332,8,zeros-la-2-2,zeros-la-2,268,4332,8,604,512,8,64,512,8,0,0,4,4,2,0,0,2,0,0,0,0,8,2,2,2,0,0,1,0,0,1,0,0
4344,9,zeros-la-2-2,zeros-la-2,269,4344,9,606,512,8,64,512,8,8,0,2,0,4,0,0,0,0,0,0,0,9,1,1,3,0,0,1,0,0,1,0,0
4360,9,zeros-la-2-2,zeros-la-2,270,4360,9,608,512,16,64,512,8,4,0,2,0,0,0,0,2,0,0,0,0,9,2,1,1,1,0,1,0,0,1,0,0
4360,8,zeros-la-2-2,zeros-la-2,271,4360,8,610,512,16,64,512,8,4,0,2,2,0,0,0,0,0,2,0,0,8,3,1,1,1,0,1,0,0,1,0,0
4364,8,zeros-la-2-2,zeros-la-2,272,4364,8,612,512,16,64,512,8,4,4,0,0,0,0,0,0,2,0,2,0,8,2,2,1,1,0,1,0,0,1,0,0
4376,9,zeros-la-2-2,zeros-la-2,273,4376,9,614,512,16,64,512,8,2,0,0,8,0,0,0,0,0,0,0,4,9,1,1,2,1,0,1,0,0,1,0,0
4392,9,zeros-la-2-2,zeros-la-2,274,4392,9,616,512,16,64,512,16,2,0,0,4,0,0,0,0,2,0,0,0,9,2,1,0,2,0,1,0,0,1,0,0
4396,9,zeros-la-2-2,zeros-la-2,275,4396,9,618,512,0,2,0,0,0,0,0,0,16,0,0,16,4,64,512,4,9,1,2,0,2,0,1,0,0,1,0,0
4428,9,zeros-la-2-2,zeros-la-2,276,4428,9,620,512,2,2,0,0,0,0,0,0,32,0,0,0,4,64,512,4,9,2,2,0,0,1,1,0,0,1,0,0
4432,9,zeros-la-2-2,zeros-la-2,277,4432,9,622,512,0,0,0,4,0,0,0,2,0,0,0,32,4,64,512,4,9,1,3,0,0,1,1,0,0,1,0,0
4432,8,zeros-la-2-2,zeros-la-2,278,4432,8,624,512,0,0,0,4,2,0,0,2,0,0,0,32,4,64,512,4,8,2,3,0,0,1,1,0,0,1,0,0
4436,8,zeros-la-2-2,zeros-la-2,279,4436,8,626,512,4,0,0,0,4,0,0,2,32,0,0,0,4,64,512,4,8,1,4,0,0,1,1,0,0,1,0,0
4444,8,zeros-la-2-2,zeros-la-2,280,4444,8,628,512,0,0,0,0,8,0,0,2,32,0,0,2,4,64,512,4,8,2,2,1,0,1,1,0,0,1,0,0
4448,8,zeros-la-2-2,zeros-la-2,281,4448,8,630,512,8,64,512,4,32,0,0,4,4,0,0,2,0,0,0,0,8,1,3,1,0,1,1,0,0,1,0,0
4456,8,zeros-la-2-2,zeros-la-2,282,4456,8,632,512,8,64,512,8,32,0,0,2,4,0,0,0,0,0,2,0,8,2,1,2,0,1,1,0,0,1,0,0
4456,7,zeros-la-2-2,zeros-la-2,283,4456,7,634,512,8,64,512,8,32,0,2,2,4,0,0,0,0,0,0,2,7,3,1,2,0,1,1,0,0,1,0,0
4460,7,zeros-la-2-2,zeros-la-2,284,4460,7,636,512,8,64,512,8,0,0,32,4,0,0,0,4,2,0,0,2,7,2,2,2,0,1,1,0,0,1,0,0
4468,7,zeros-la-2-2,zeros-la-2,285,4468,7,638,512,8,64,512,8,2,0,32,8,0,0,0,2,0,0,2,0,7,3,0,3,0,1,1,0,0,1,0,0
4484,7,zeros-la-2-2,zeros-la-2,286,4484,7,640,512,0,0,0,2,0,0,512,0,8,0,32,16,2,64,2,2,7,4,0,1,1,1,1,0,0,1,0,0
4488,7,zeros-la-2-2,zeros-la-2,287,4488,7,642,512,0,0,2,2,0,0,0,512,0,8,32,16,0,2,64,4,7,3,1,1,1,1,1,0,0,1,0,0
4492,7,zeros-la-2-2,zeros-la-2,288,4492,7,644,512,0,0,0,4,2,0,0,512,0,8,32,16,0,2,64,4,7,2,2,1,1,1,1,0,0,1,0,0
4492,6,zeros-la-2-2,zeros-la-2,289,4492,6,646,512,0,0,0,4,0,2,0,512,0,8,32,16,2,2,64,4,6,3,2,1,1,1,1,0,0,1,0,0
4496,6,zeros-la-2-2,zeros-la-2,290,4496,6,650,512,0,0,4,4,0,0,2,512,0,8,32,16,0,4,64,4,6,1,4,1,1,1,1,0,0,1,0,0
4504,6,zeros-la-2-2,zeros-la-2,291,4504,6,652,512,0,0,0,8,0,0,2,512,0,8,32,16,2,4,64,4,6,2,2,2,1,1,1,0,0,1,0,0
4504,5,zeros-la-2-2,zeros-la-2,292,4504,5,654,512,0,0,2,8,0,0,2,512,0,8,32,16,2,4,64,4,5,3,2,2,1,1,1,0,0,1,0,0
4508,5,zeros-la-2-2,zeros-la-2,293,4508,5,656,512,2,8,4,8,0,4,32,512,0,2,64,16,0,0,0,4,5,2,3,2,1,1,1,0,0,1,0,0
4508,4,zeros-la-2-2,zeros-la-2,294,4508,4,658,512,0,2,0,8,0,8,4,512,0,4,32,16,2,2,64,4,4,3,3,2,1,1,1,0,0,1,0,0
4512,4,zeros-la-2-2,zeros-la-2,295,4512,4,660,512,0,0,2,8,0,8,4,512,2,4,32,16,0,4,64,4,4,2,4,2,1,1,1,0,0,1,0,0
4520,4,zeros-la-2-2,zeros-la-2,296,4520,4,662,512,0,0,2,8,0,0,4,512,2,8,32,16,2,8,64,4,4,3,2,3,1,1,1,0,0,1,0,0
4540,5,zeros-la-2-2,zeros-la-2,297,4540,5,664,512,2,0,2,8,0,0,4,512,0,0,32,16,4,16,64,4,5,2,3,1,2,1,1,0,0,1,0,0
4544,5,zeros-la-2-2,zeros-la-2,298,4544,5,666,512,4,8,0,0,4,512,0,0,32,16,0,2,4,16,64,4,5,1,4,1,2,1,1,0,0,1,0,0
4584,6,zeros-la-2-2,zeros-la-2,299,4584,6,668,512,0,0,0,0,8,8,0,0,32,512,2,2,4,32,64,4,6,2,2,2,0,2,1,0,0,1,0,0
4604,7,zeros-la-2-2,zeros-la-2,300,4604,7,670,512,0,2,0,0,0,0,0,16,0,32,512,4,4,32,64,4,7,1,3,0,1,2,1,0,0,1,0,0
4676,8,zeros-la-2-2,zeros-la-2,301,4676,8,672,512,0,2,0,0,0,0,0,0,0,2,512,16,4,64,64,8,8,2,1,1,1,0,2,0,0,1,0,0
4804,8,zeros-la-2-2,zeros-la-2,302,4804,8,674,512,2,0,0,0,0,0,0,0,2,512,16,0,4,128,8,2,8,3,1,1,1,0,0,1,0,1,0,0
4808,8,zeros-la-2-2,zeros-la-2,303,4808,8,676,512,4,512,16,2,4,128,8,0,0,0,2,0,0,0,0,0,8,2,2,1,1,0,0,1,0,1,0,0
4816,8,zeros-la-2-2,zeros-la-2,304,4816,8,678,512,8,512,16,2,0,128,8,0,0,0,2,0,2,0,0,0,8,3,0,2,1,0,0,1,0,1,0,0
4816,7,zeros-la-2-2,zeros-la-2,305,4816,7,680,512,8,512,16,2,0,0,128,8,0,0,0,2,0,0,2,2,7,4,0,2,1,0,0,1,0,1,0,0
4820,7,zeros-la-2-2,zeros-la-2,306,4820,7,682,512,8,512,16,2,0,2,128,8,0,0,2,4,0,0,0,0,7,3,1,2,1,0,0,1,0,1,0,0
4820,6,zeros-la-2-2,zeros-la-2,307,4820,6,686,512,0,0,0,4,0,0,16,2,0,512,128,8,8,2,2,4,6,3,2,2,1,0,0,1,0,1,0,0
4824,6,zeros-la-2-2,zeros-la-2,308,4824,6,688,512,4,2,0,0,16,2,0,0,512,128,8,0,8,4,4,0,6,2,3,2,1,0,0,1,0,1,0,0
4832,6,zeros-la-2-2,zeros-la-2,309,4832,6,690,512,0,0,4,2,2,0,16,2,0,512,128,8,0,0,8,8,6,3,1,3,1,0,0,1,0,1,0,0
4852,7,zeros-la-2-2,zeros-la-2,310,4852,7,694,512,2,512,4,4,0,0,16,16,0,0,128,0,0,4,8,0,7,1,3,1,2,0,0,1,0,1,0,0
4892,8,zeros-la-2-2,zeros-la-2,311,4892,8,696,512,0,2,512,8,0,0,0,32,2,0,0,128,0,0,4,8,8,2,1,2,0,1,0,1,0,1,0,0
4892,7,zeros-la-2-2,zeros-la-2,312,4892,7,698,512,0,0,0,8,0,0,0,32,0,2,512,128,2,2,4,8,7,3,1,2,0,1,0,1,0,1,0,0
4896,7,zeros-la-2-2,zeros-la-2,313,4896,7,700,512,0,0,0,8,2,0,0,32,0,0,512,128,2,4,4,8,7,2,2,2,0,1,0,1,0,1,0,0
4904,7,zeros-la-2-2,zeros-la-2,314,4904,7,702,512,0,0,0,8,2,0,2,32,0,0,512,128,0,2,8,8,7,3,0,3,0,1,0,1,0,1,0,0
4924,8,zeros-la-2-2,zeros-la-2,315,4924,8,704,512,0,0,0,8,0,0,4,32,2,0,512,128,0,0,2,16,8,2,1,1,1,1,0,1,0,1,0,0
4924,7,zeros-la-2-2,zeros-la-2,316,4924,7,708,512,2,0,4,8,4,0,512,32,0,0,2,128,0,0,0,16,7,2,2,1,1,1,0,1,0,1,0,0
4924,6,zeros-la-2-2,zeros-la-2,317,4924,6,710,512,2,0,4,8,4,0,512,32,2,0,2,128,0,0,0,16,6,3,2,1,1,1,0,1,0,1,0,0
4928,6,zeros-la-2-2,zeros-la-2,318,4928,6,712,512,2,4,8,2,4,512,32,0,4,128,0,0,16,0,0,0,6,2,3,1,1,1,0,1,0,1,0,0
4936,6,zeros-la-2-2,zeros-la-2,319,4936,6,714,512,2,4,8,2,8,512,32,0,16,128,0,0,0,0,0,2,6,3,1,2,1,1,0,1,0,1,0,0
4940,6,zeros-la-2-2,zeros-la-2,320,4940,6,716,512,0,0,2,0,2,4,0,0,8,512,8,0,16,128,32,4,6,2,2,2,1,1,0,1,0,1,0,0
4940,5,zeros-la-2-2,zeros-la-2,321,4940,5,720,512,2,0,0,0,2,4,4,0,8,512,8,0,16,128,32,4,5,2,3,2,1,1,0,1,0,1,0,0
4944,5,zeros-la-2-2,zeros-la-2,322,4944,5,722,512,4,4,4,4,8,512,8,0,16,128,32,2,0,0,0,0,5,1,4,2,1,1,0,1,0,1,0,0
4960,6,zeros-la-2-2,zeros-la-2,323,4960,6,724,512,0,0,8,8,0,8,512,8,16,128,32,2,0,0,0,2,6,2,0,4,1,1,0,1,0,1,0,0
4980,7,zeros-la-2-2,zeros-la-2,324,4980,7,726,512,16,8,8,16,0,128,512,4,0,0,32,0,0,0,2,0,7,1,1,2,2,1,0,1,0,1,0,0
4996,7,zeros-la-2-2,zeros-la-2,325,4996,7,728,512,16,16,16,0,128,512,4,2,32,0,0,0,2,0,0,0,7,2,1,0,3,1,0,1,0,1,0,0
5028,7,zeros-la-2-2,zeros-la-2,326,5028,7,730,512,32,16,0,0,128,512,4,2,32,0,0,0,2,0,0,2,7,3,1,0,1,2,0,1,0,1,0,0
5032,7,zeros-la-2-2,zeros-la-2,327,5032,7,732,512,32,2,0,0,128,0,0,0,32,16,0,0,2,512,4,4,7,2,2,0,1,2,0,1,0,1,0,0
5040,7,zeros-la-2-2,zeros-la-2,328,5040,7,734,512,0,0,32,2,0,0,0,128,2,0,32,16,0,2,512,8,7,3,0,1,1,2,0,1,0,1,0,0
5104,7,zeros-la-2-2,zeros-la-2,329,5104,7,738,512,0,4,0,2,0,0,0,128,0,0,64,16,2,2,512,8,7,3,1,1,1,0,1,1,0,1,0,0
5104,6,zeros-la-2-2,zeros-la-2,330,5104,6,740,512,0,0,0,2,0,0,0,128,2,4,64,16,2,2,512,8,6,4,1,1,1,0,1,1,0,1,0,0
5108,6,zeros-la-2-2,zeros-la-2,331,5108,6,742,512,4,4,64,2,0,2,512,128,0,0,2,16,0,0,0,8,6,3,2,1,1,0,1,1,0,1,0,0
5116,6,zeros-la-2-2,zeros-la-2,332,5116,6,744,512,0,8,64,2,0,2,512,128,2,0,2,16,0,0,0,8,6,4,0,2,1,0,1,1,0,1,0,0
5120,6,zeros-la-2-2,zeros-la-2,333,5120,6,748,512,8,64,2,0,2,512,128,0,4,16,0,0,8,4,0,0,6,2,2,2,1,0,1,1,0,1,0,0
5120,5,zeros-la-2-2,zeros-la-2,334,5120,5,750,512,8,64,0,2,2,512,0,0,4,16,2,0,8,4,128,0,5,3,2,2,1,0,1,1,0,1,0,0
5120,4,zeros-la-2-2,zeros-la-2,335,5120,4,752,512,8,64,2,2,2,512,0,0,4,16,2,0,8,4,128,0,4,4,2,2,1,0,1,1,0,1,0,0
5124,4,zeros-la-2-2,zeros-la-2,336,5124,4,754,512,8,64,4,2,2,512,0,0,4,16,2,0,8,4,128,0,4,3,3,2,1,0,1,1,0,1,0,0
5124,3,zeros-la-2-2,zeros-la-2,337,5124,3,756,512,8,64,0,0,2,512,4,2,4,16,2,0,8,4,128,2,3,4,3,2,1,0,1,1,0,1,0,0
5128,3,zeros-la-2-2,zeros-la-2,338,5128,3,758,512,8,64,4,4,2,512,2,0,4,16,128,0,8,4,0,2,3,3,4,2,1,0,1,1,0,1,0,0
5136,3,zeros-la-2-2,zeros-la-2,339,5136,3,760,512,0,8,64,8,0,2,512,2,0,4,16,128,2,8,4,2,3,4,2,3,1,0,1,1,0,1,0,0
5136,2,zeros-la-2-2,zeros-la-2,340,5136,2,764,512,0,8,64,8,0,2,512,2,4,4,16,128,2,8,4,2,2,4,3,3,1,0,1,1,0,1,0,0
5144,2,zeros-la-2-2,zeros-la-2,341,5144,2,766,512,2,8,64,8,0,2,512,2,0,8,16,128,2,8,4,2,2,5,1,4,1,0,1,1,0,1,0,0
5164,3,zeros-la-2-2,zeros-la-2,342,5164,3,770,512,4,8,64,8,4,2,512,2,0,16,16,128,0,0,4,2,3,3,3,2,2,0,1,1,0,1,0,0
5196,3,zeros-la-2-2,zeros-la-2,343,5196,3,772,512,4,8,64,8,4,2,512,2,32,128,0,0,4,2,2,0,3,4,3,2,0,1,1,1,0,1,0,0
5204,3,zeros-la-2-2,zeros-la-2,344,5204,3,776,512,8,8,64,8,32,2,512,2,4,128,2,4,0,2,0,0,3,4,2,3,0,1,1,1,0,1,0,0
5220,3,zeros-la-2-2,zeros-la-2,345,5220,3,778,512,0,16,64,8,32,2,512,2,4,128,2,4,0,0,2,2,3,5,2,1,1,1,1,1,0,1,0,0
5224,3,zeros-la-2-2,zeros-la-2,346,5224,3,780,512,16,64,8,0,32,2,512,2,4,128,2,4,4,0,2,0,3,4,3,1,1,1,1,1,0,1,0,0
5236,4,zeros-la-2-2,zeros-la-2,347,5236,4,782,512,2,0,0,0,16,64,8,0,32,2,512,2,8,128,4,4,4,3,2,2,1,1,1,1,0,1,0,0
5244,4,zeros-la-2-2,zeros-la-2,348,5244,4,784,512,2,2,0,0,16,64,8,0,32,2,512,2,8,128,8,0,4,4,0,3,1,1,1,1,0,1,0,0
5248,4,zeros-la-2-2,zeros-la-2,349,5248,4,786,512,4,0,0,2,16,64,8,0,32,2,512,2,8,128,8,0,4,3,1,3,1,1,1,1,0,1,0,0
5248,3,zeros-la-2-2,zeros-la-2,350,5248,3,788,512,4,2,0,0,16,64,8,0,32,2,512,2,8,128,8,2,3,4,1,3,1,1,1,1,0,1,0,0
5252,3,zeros-la-2-2,zeros-la-2,351,5252,3,790,512,4,2,0,0,16,64,8,2,32,2,512,0,8,128,8,4,3,3,2,3,1,1,1,1,0,1,0,0
5252,2,zeros-la-2-2,zeros-la-2,352,5252,2,792,512,4,2,2,0,16,64,8,2,32,2,512,0,8,128,8,4,2,4,2,3,1,1,1,1,0,1,0,0
5256,2,zeros-la-2-2,zeros-la-2,353,5256,2,796,512,4,4,0,4,16,64,8,2,32,2,512,0,8,128,8,4,2,2,4,3,1,1,1,1,0,1,0,0
5264,2,zeros-la-2-2,zeros-la-2,354,5264,2,800,512,8,4,4,0,16,64,8,2,32,2,512,0,8,128,8,4,2,2,3,4,1,1,1,1,0,1,0,0
5272,2,zeros-la-2-2,zeros-la-2,355,5272,2,802,512,8,8,2,0,16,64,8,2,32,2,512,0,8,128,8,4,2,3,1,5,1,1,1,1,0,1,0,0
5288,2,zeros-la-2-2,zeros-la-2,356,5288,2,804,512,16,2,0,2,16,64,8,2,32,2,512,0,8,128,8,4,2,4,1,3,2,1,1,1,0,1,0,0
5324,3,zeros-la-2-2,zeros-la-2,357,5324,3,806,512,0,2,2,0,32,64,8,0,32,2,512,4,8,128,8,4,3,3,2,3,0,2,1,1,0,1,0,0
5396,4,zeros-la-2-2,zeros-la-2,358,5396,4,810,512,0,2,2,0,0,64,8,4,64,2,512,0,8,128,8,8,4,3,1,4,0,0,2,1,0,1,0,0
5416,5,zeros-la-2-2,zeros-la-2,359,5416,5,812,512,0,0,0,4,2,64,8,4,0,64,2,512,0,8,128,16,5,2,2,2,1,0,2,1,0,1,0,0
5552,6,zeros-la-2-2,zeros-la-2,360,5552,6,814,512,0,2,0,0,0,0,8,8,0,128,2,512,2,8,128,16,6,3,0,3,1,0,0,2,0,1,0,0
5568,6,zeros-la-2-2,zeros-la-2,361,5568,6,816,512,0,0,0,2,0,0,0,16,2,128,2,512,2,8,128,16,6,4,0,1,2,0,0,2,0,1,0,0
5572,6,zeros-la-2-2,zeros-la-2,362,5572,6,818,512,4,128,2,2,0,8,128,16,0,0,0,512,0,0,2,16,6,3,1,1,2,0,0,2,0,1,0,0
5576,6,zeros-la-2-2,zeros-la-2,363,5576,6,820,512,0,4,128,4,0,8,128,16,0,0,2,512,0,0,2,16,6,2,2,1,2,0,0,2,0,1,0,0
5836,7,zeros-la-2-2,zeros-la-2,364,5836,7,822,512,0,0,0,4,0,0,0,16,2,4,256,512,0,8,4,16,7,1,3,1,2,0,0,0,1,1,0,0
5836,6,zeros-la-2-2,zeros-la-2,365,5836,6,824,512,4,0,0,0,16,0,2,0,2,4,256,512,8,4,16,0,6,2,3,1,2,0,0,0,1,1,0,0
5844,6,zeros-la-2-2,zeros-la-2,366,5844,6,826,512,4,0,0,2,16,0,2,0,2,0,256,0,8,8,16,512,6,3,1,2,2,0,0,0,1,1,0,0
5860,6,zeros-la-2-2,zeros-la-2,367,5860,6,828,512,0,0,4,2,0,0,16,2,0,0,2,256,2,16,16,512,6,4,1,0,3,0,0,0,1,1,0,0
5892,6,zeros-la-2-2,zeros-la-2,368,5892,6,830,512,4,2,0,0,16,2,0,0,2,256,0,0,2,32,512,2,6,5,1,0,1,1,0,0,1,1,0,0
5900,7,zeros-la-2-2,zeros-la-2,369,5900,7,832,512,4,4,512,2,16,256,0,0,4,32,0,0,0,0,0,2,7,2,3,0,1,1,0,0,1,1,0,0
5908,7,zeros-la-2-2,zeros-la-2,370,5908,7,834,512,8,512,2,0,16,256,0,2,4,32,0,0,2,0,0,0,7,3,1,1,1,1,0,0,1,1,0,0
5908,6,zeros-la-2-2,zeros-la-2,371,5908,6,836,512,0,8,512,2,2,16,256,2,0,0,4,32,0,0,0,2,6,4,1,1,1,1,0,0,1,1,0,0
5912,6,zeros-la-2-2,zeros-la-2,372,5912,6,838,512,2,8,512,4,0,16,256,32,0,2,4,2,0,0,0,0,6,3,2,1,1,1,0,0,1,1,0,0
5912,5,zeros-la-2-2,zeros-la-2,373,5912,5,840,512,0,0,0,0,0,8,512,4,2,16,256,32,2,2,4,2,5,4,2,1,1,1,0,0,1,1,0,0
5916,5,zeros-la-2-2,zeros-la-2,374,5916,5,842,512,2,0,0,0,0,8,512,4,2,16,256,32,0,4,4,2,5,3,3,1,1,1,0,0,1,1,0,0
5920,5,zeros-la-2-2,zeros-la-2,375,5920,5,844,512,4,8,512,4,0,16,256,32,0,4,4,2,0,0,0,2,5,2,4,1,1,1,0,0,1,1,0,0
5924,5,zeros-la-2-2,zeros-la-2,376,5924,5,846,512,2,0,0,0,0,8,512,4,0,16,256,32,4,4,4,4,5,1,5,1,1,1,0,0,1,1,0,0
5940,6,zeros-la-2-2,zeros-la-2,377,5940,6,848,512,0,0,0,2,2,8,512,4,0,16,256,32,0,0,8,8,6,2,1,3,1,1,0,0,1,1,0,0
5956,6,zeros-la-2-2,zeros-la-2,378,5956,6,850,512,2,0,2,0,2,8,512,4,16,256,32,0,16,0,0,0,6,3,1,1,2,1,0,0,1,1,0,0
5992,7,zeros-la-2-2,zeros-la-2,379,5992,7,852,512,0,0,0,0,0,2,2,0,4,8,512,0,32,256,32,4,7,2,2,1,0,2,0,0,1,1,0,0
5996,7,zeros-la-2-2,zeros-la-2,380,5996,7,854,512,0,0,0,0,4,0,2,0,4,8,512,0,32,256,32,4,7,1,3,1,0,2,0,0,1,1,0,0
6004,7,zeros-la-2-2,zeros-la-2,381,6004,7,856,512,0,0,0,0,0,0,2,0,8,8,512,2,32,256,32,4,7,2,1,2,0,2,0,0,1,1,0,0
6020,7,zeros-la-2-2,zeros-la-2,382,6020,7,858,512,0,0,2,0,0,0,0,2,0,16,512,2,32,256,32,4,7,3,1,0,1,2,0,0,1,1,0,0
6024,7,zeros-la-2-2,zeros-la-2,383,6024,7,860,512,0,0,0,2,0,0,2,0,0,16,512,4,32,256,32,4,7,2,2,0,1,2,0,0,1,1,0,0
6032,7,zeros-la-2-2,zeros-la-2,384,6032,7,862,512,0,0,0,0,0,0,2,2,0,16,512,2,32,256,32,8,7,3,0,1,1,2,0,0,1,1,0,0
6036,7,zeros-la-2-2,zeros-la-2,385,6036,7,864,512,0,0,0,0,0,2,2,0,0,16,512,4,32,256,32,8,7,2,1,1,1,2,0,0,1,1,0,0
6040,7,zeros-la-2-2,zeros-la-2,386,6040,7,866,512,0,0,0,0,0,0,2,4,0,16,512,4,32,256,32,8,7,1,2,1,1,2,0,0,1,1,0,0
6048,7,zeros-la-2-2,zeros-la-2,387,6048,7,868,512,0,2,0,0,0,0,2,0,0,16,512,8,32,256,32,8,7,2,0,2,1,2,0,0,1,1,0,0
6064,7,zeros-la-2-2,zeros-la-2,388,6064,7,870,512,0,0,0,0,0,2,2,0,2,16,512,0,32,256,32,16,7,3,0,0,2,2,0,0,1,1,0,0
6068,7,zeros-la-2-2,zeros-la-2,389,6068,7,872,512,2,0,0,0,0,0,0,4,0,2,16,512,32,256,32,16,7,2,1,0,2,2,0,0,1,1,0,0
6068,6,zeros-la-2-2,zeros-la-2,390,6068,6,874,512,0,2,0,0,0,0,0,4,2,2,16,512,32,256,32,16,6,3,1,0,2,2,0,0,1,1,0,0
6072,6,zeros-la-2-2,zeros-la-2,391,6072,6,876,512,0,0,2,0,0,0,0,4,2,4,16,512,32,256,32,16,6,2,2,0,2,2,0,0,1,1,0,0
6072,5,zeros-la-2-2,zeros-la-2,392,6072,5,878,512,0,0,0,2,0,0,2,4,2,4,16,512,32,256,32,16,5,3,2,0,2,2,0,0,1,1,0,0
6072,4,zeros-la-2-2,zeros-la-2,393,6072,4,880,512,2,0,0,0,2,4,0,2,2,4,16,512,32,256,32,16,4,4,2,0,2,2,0,0,1,1,0,0
6084,5,zeros-la-2-2,zeros-la-2,394,6084,5,884,512,0,0,0,0,2,0,4,2,4,8,16,512,32,256,32,16,5,2,2,1,2,2,0,0,1,1,0,0
6084,4,zeros-la-2-2,zeros-la-2,395,6084,4,886,512,0,0,2,0,2,4,2,0,4,8,16,512,32,256,32,16,4,3,2,1,2,2,0,0,1,1,0,0
6088,4,zeros-la-2-2,zeros-la-2,396,6088,4,888,512,2,4,4,512,4,8,16,16,32,256,32,0,0,2,0,0,4,2,3,1,2,2,0,0,1,1,0,0
6128,5,zeros-la-2-2,zeros-la-2,397,6128,5,890,512,0,2,8,512,0,4,8,32,0,32,256,32,0,2,0,2,5,3,1,2,0,3,0,0,1,1,0,0
6208,6,zeros-la-2-2,zeros-la-2,398,6208,6,892,512,0,2,16,512,0,4,256,64,0,32,0,2,0,2,0,2,6,4,1,0,1,1,1,0,1,1,0,0
6212,6,zeros-la-2-2,zeros-la-2,399,6212,6,894,512,0,2,16,512,2,4,256,64,0,32,0,4,0,2,0,0,6,3,2,0,1,1,1,0,1,1,0,0
6212,5,zeros-la-2-2,zeros-la-2,400,6212,5,896,512,2,16,512,0,2,4,256,64,32,4,0,0,2,0,2,0,5,4,2,0,1,1,1,0,1,1,0,0
6224,6,zeros-la-2-2,zeros-la-2,401,6224,6,898,512,4,16,512,64,32,8,256,0,2,0,2,0,0,2,0,0,6,3,1,1,1,1,1,0,1,1,0,0
6228,6,zeros-la-2-2,zeros-la-2,402,6228,6,900,512,4,16,512,64,0,32,8,256,2,0,0,4,0,0,0,2,6,2,2,1,1,1,1,0,1,1,0,0
6228,5,zeros-la-2-2,zeros-la-2,403,6228,5,902,512,4,16,512,64,32,8,256,0,2,4,0,0,2,0,0,2,5,3,2,1,1,1,1,0,1,1,0,0
6232,5,zeros-la-2-2,zeros-la-2,404,6232,5,904,512,4,16,512,64,32,8,256,2,4,4,2,0,0,0,0,0,5,2,3,1,1,1,1,0,1,1,0,0
6240,5,zeros-la-2-2,zeros-la-2,405,6240,5,906,512,4,16,512,64,32,8,256,2,0,0,8,2,2,0,0,0,5,3,1,2,1,1,1,0,1,1,0,0
6244,5,zeros-la-2-2,zeros-la-2,406,6244,5,910,512,4,16,512,64,32,8,256,4,2,0,8,0,0,4,0,0,5,1,3,2,1,1,1,0,1,1,0,0
6244,4,zeros-la-2-2,zeros-la-2,407,6244,4,912,512,4,16,512,64,32,8,256,4,2,8,2,0,4,0,0,0,4,2,3,2,1,1,1,0,1,1,0,0
6260,4,zeros-la-2-2,zeros-la-2,408,6260,4,914,512,4,16,512,64,32,16,256,4,2,0,2,0,4,0,0,2,4,3,3,0,2,1,1,0,1,1,0,0
6264,4,zeros-la-2-2,zeros-la-2,409,6264,4,916,512,4,16,512,64,32,16,256,4,4,0,0,2,4,2,0,0,4,2,4,0,2,1,1,0,1,1,0,0
6304,5,zeros-la-2-2,zeros-la-2,410,6304,5,918,512,4,32,512,64,32,2,256,4,8,0,0,2,0,0,2,0,5,3,2,1,0,2,1,0,1,1,0,0
6304,4,zeros-la-2-2,zeros-la-2,411,6304,4,922,512,0,0,0,0,4,4,512,64,32,32,256,4,8,2,2,2,4,3,3,1,0,2,1,0,1,1,0,0
6380,6,zeros-la-2-2,zeros-la-2,412,6380,6,924,512,0,0,0,0,0,8,512,64,0,64,256,4,2,8,2,4,6,2,2,2,0,0,2,0,1,1,0,0
6388,6,zeros-la-2-2,zeros-la-2,413,6388,6,926,512,2,8,512,64,0,64,256,8,0,8,2,0,0,0,0,2,6,3,0,3,0,0,2,0,1,1,0,0
6388,5,zeros-la-2-2,zeros-la-2,414,6388,5,928,512,2,8,512,64,0,64,256,8,0,0,8,2,0,2,0,2,5,4,0,3,0,0,2,0,1,1,0,0
6392,5,zeros-la-2-2,zeros-la-2,415,6392,5,930,512,2,8,512,64,64,256,8,0,8,2,0,0,4,0,0,2,5,3,1,3,0,0,2,0,1,1,0,0
6392,4,zeros-la-2-2,zeros-la-2,416,6392,4,932,512,2,8,512,64,64,256,8,0,8,2,0,0,4,2,2,0,4,4,1,3,0,0,2,0,1,1,0,0
6396,4,zeros-la-2-2,zeros-la-2,417,6396,4,934,512,2,2,0,0,64,8,512,0,8,256,8,0,4,4,2,64,4,3,2,3,0,0,2,0,1,1,0,0
6408,5,zeros-la-2-2,zeros-la-2,418,6408,5,938,512,0,0,0,4,4,64,8,512,0,8,256,8,0,8,2,64,5,1,2,4,0,0,2,0,1,1,0,0
6424,5,zeros-la-2-2,zeros-la-2,419,6424,5,940,512,4,64,8,4,0,16,256,512,0,0,2,8,0,2,0,64,5,2,2,2,1,0,2,0,1,1,0,0
6424,4,zeros-la-2-2,zeros-la-2,420,6424,4,944,512,4,64,8,4,0,16,256,512,0,0,2,8,4,0,2,64,4,2,3,2,1,0,2,0,1,1,0,0
6436,5,zeros-la-2-2,zeros-la-2,421,6436,5,946,512,8,64,8,4,0,16,256,512,2,0,4,8,0,0,0,64,5,1,2,3,1,0,2,0,1,1,0,0
6436,4,zeros-la-2-2,zeros-la-2,422,6436,4,948,512,8,64,8,4,0,16,256,512,0,2,4,8,0,2,0,64,4,2,2,3,1,0,2,0,1,1,0,0
6440,4,zeros-la-2-2,zeros-la-2,423,6440,4,950,512,0,0,0,4,2,64,8,512,0,16,256,8,8,4,4,64,4,1,3,3,1,0,2,0,1,1,0,0
6448,4,zeros-la-2-2,zeros-la-2,424,6448,4,952,512,4,0,0,0,2,64,8,512,16,256,8,2,8,8,64,0,4,2,1,4,1,0,2,0,1,1,0,0
6464,4,zeros-la-2-2,zeros-la-2,425,6464,4,954,512,4,0,0,2,2,64,8,512,16,256,8,2,16,64,0,0,4,3,1,2,2,0,2,0,1,1,0,0
6512,5,zeros-la-2-2,zeros-la-2,426,6512,5,956,512,4,64,16,2,2,256,0,512,32,64,0,2,0,2,0,0,5,4,1,0,1,1,2,0,1,1,0,0
6512,4,zeros-la-2-2,zeros-la-2,427,6512,4,958,512,4,64,16,2,0,2,256,512,0,32,64,2,2,0,0,2,4,5,1,0,1,1,2,0,1,1,0,0
6516,4,zeros-la-2-2,zeros-la-2,428,6516,4,960,512,4,64,16,2,2,2,256,512,0,32,64,4,0,0,2,0,4,4,2,0,1,1,2,0,1,1,0,0
6520,4,zeros-la-2-2,zeros-la-2,429,6520,4,962,512,4,64,16,2,4,256,512,2,32,64,4,0,2,0,0,0,4,3,3,0,1,1,2,0,1,1,0,0
6532,5,zeros-la-2-2,zeros-la-2,430,6532,5,964,512,0,0,2,0,8,64,16,0,32,256,512,0,2,64,4,4,5,2,2,1,1,1,2,0,1,1,0,0
6540,5,zeros-la-2-2,zeros-la-2,431,6540,5,966,512,0,0,2,2,0,8,64,16,0,32,256,512,0,2,64,8,5,3,0,2,1,1,2,0,1,1,0,0
6544,5,zeros-la-2-2,zeros-la-2,432,6544,5,968,512,4,0,2,0,8,64,16,0,32,256,512,0,2,64,8,0,5,2,1,2,1,1,2,0,1,1,0,0
6544,4,zeros-la-2-2,zeros-la-2,433,6544,4,970,512,4,2,0,2,8,64,16,0,32,256,512,0,2,64,8,0,4,3,1,2,1,1,2,0,1,1,0,0
6548,4,zeros-la-2-2,zeros-la-2,434,6548,4,972,512,2,0,4,4,0,8,64,16,0,32,256,512,0,2,64,8,4,2,2,2,1,1,2,0,1,1,0,0
6556,4,zeros-la-2-2,zeros-la-2,435,6556,4,974,512,2,0,2,8,0,8,64,16,0,32,256,512,0,2,64,8,4,3,0,3,1,1,2,0,1,1,0,0
6556,3,zeros-la-2-2,zeros-la-2,436,6556,3,976,512,0,2,2,8,0,8,64,16,0,32,256,512,2,2,64,8,3,4,0,3,1,1,2,0,1,1,0,0
6564,4,zeros-la-2-2,zeros-la-2,437,6564,4,978,512,0,0,4,8,2,8,64,16,0,32,256,512,0,4,64,8,4,1,2,3,1,1,2,0,1,1,0,0
6564,3,zeros-la-2-2,zeros-la-2,438,6564,3,980,512,0,0,4,8,2,8,64,16,0,32,256,512,2,4,64,8,3,2,2,3,1,1,2,0,1,1,0,0
6568,3,zeros-la-2-2,zeros-la-2,439,6568,3,982,512,0,0,4,8,2,8,64,16,0,32,256,512,4,4,64,8,3,1,3,3,1,1,2,0,1,1,0,0
6576,3,zeros-la-2-2,zeros-la-2,440,6576,3,984,512,0,0,4,8,2,8,64,16,2,32,256,512,0,8,64,8,3,2,1,4,1,1,2,0,1,1,0,0
6576,2,zeros-la-2-2,zeros-la-2,441,6576,2,986,512,4,8,0,0,2,8,64,16,2,32,256,512,8,64,8,2,2,3,1,4,1,1,2,0,1,1,0,0
6596,3,zeros-la-2-2,zeros-la-2,442,6596,3,988,512,4,16,64,16,4,32,256,512,8,64,8,2,0,0,0,2,3,2,2,2,2,1,2,0,1,1,0,0
6608,4,zeros-la-2-2,zeros-la-2,443,6608,4,990,512,0,0,0,2,0,16,64,16,8,32,256,512,8,64,8,4,4,1,1,3,2,1,2,0,1,1,0,0
6624,4,zeros-la-2-2,zeros-la-2,444,6624,4,992,512,16,16,64,2,0,32,256,16,0,64,8,512,0,2,0,4,4,2,1,1,3,1,2,0,1,1,0,0
6656,4,zeros-la-2-2,zeros-la-2,445,6656,4,996,512,32,64,2,0,32,256,16,4,64,8,512,0,2,4,0,0,4,2,2,1,1,2,2,0,1,1,0,0
6720,4,zeros-la-2-2,zeros-la-2,446,6720,4,998,512,0,64,0,2,64,256,2,0,64,8,16,0,2,4,512,4,4,3,2,1,1,0,3,0,1,1,0,0
6720,3,zeros-la-2-2,zeros-la-2,447,6720,3,1000,512,0,2,64,2,0,64,256,2,0,64,8,16,2,4,512,4,3,4,2,1,1,0,3,0,1,1,0,0
6852,4,zeros-la-2-2,zeros-la-2,448,6852,4,1002,512,2,2,64,4,0,128,256,16,2,4,8,4,0,0,512,0,4,3,3,1,1,0,1,1,1,1,0,0
6856,4,zeros-la-2-2,zeros-la-2,449,6856,4,1004,512,0,2,64,0,0,2,256,4,0,128,8,16,4,4,512,4,4,2,4,1,1,0,1,1,1,1,0,0
6864,4,zeros-la-2-2,zeros-la-2,450,6864,4,1006,512,2,0,2,64,0,2,256,4,0,128,8,16,0,8,512,4,4,3,2,2,1,0,1,1,1,1,0,0
6864,3,zeros-la-2-2,zeros-la-2,451,6864,3,1008,512,2,2,2,64,2,128,256,4,0,8,8,16,0,0,512,4,3,4,2,2,1,0,1,1,1,1,0,0
6884,4,zeros-la-2-2,zeros-la-2,452,6884,4,1010,512,0,2,4,64,2,128,256,4,0,0,16,16,0,2,512,4,4,3,3,0,2,0,1,1,1,1,0,0
6916,4,zeros-la-2-2,zeros-la-2,453,6916,4,1014,512,0,2,4,64,2,128,256,4,0,4,0,32,0,2,512,4,4,3,4,0,0,1,1,1,1,1,0,0
6916,3,zeros-la-2-2,zeros-la-2,454,6916,3,1016,512,2,2,4,64,0,128,256,4,0,4,512,32,0,2,2,4,3,4,4,0,0,1,1,1,1,1,0,0
6924,4,zeros-la-2-2,zeros-la-2,455,6924,4,1018,512,4,4,64,0,128,256,4,2,4,512,32,0,4,4,0,0,4,1,6,0,0,1,1,1,1,1,0,0
6940,5,zeros-la-2-2,zeros-la-2,456,6940,5,1020,512,8,64,0,0,128,256,4,2,4,512,32,0,8,0,0,2,5,2,2,2,0,1,1,1,1,1,0,0
6944,5,zeros-la-2-2,zeros-la-2,457,6944,5,1022,512,8,64,4,4,128,256,32,0,4,512,0,0,8,0,2,0,5,1,3,2,0,1,1,1,1,1,0,0
6952,5,zeros-la-2-2,zeros-la-2,458,6952,5,1024,512,8,64,8,2,128,256,32,0,4,512,0,0,8,2,0,0,5,2,1,3,0,1,1,1,1,1,0,0
6952,4,zeros-la-2-2,zeros-la-2,459,6952,4,1026,512,8,64,8,2,128,256,32,2,4,512,0,0,8,2,0,0,4,3,1,3,0,1,1,1,1,1,0,0
6956,4,zeros-la-2-2,zeros-la-2,460,6956,4,1028,512,8,64,8,4,128,256,32,0,4,512,0,0,8,2,2,0,4,2,2,3,0,1,1,1,1,1,0,0
6960,4,zeros-la-2-2,zeros-la-2,461,6960,4,1030,512,8,64,8,4,128,256,32,0,4,512,0,0,8,4,0,2,4,1,3,3,0,1,1,1,1,1,0,0
6960,3,zeros-la-2-2,zeros-la-2,462,6960,3,1032,512,8,64,8,4,2,128,256,32,0,0,4,512,0,8,4,2,3,2,3,3,0,1,1,1,1,1,0,0
6968,3,zeros-la-2-2,zeros-la-2,463,6968,3,1034,512,8,64,8,4,2,128,256,32,2,8,8,512,0,0,0,2,3,3,1,4,0,1,1,1,1,1,0,0
6984,3,zeros-la-2-2,zeros-la-2,464,6984,3,1036,512,8,64,8,4,2,128,256,32,2,16,512,0,2,2,0,0,3,4,1,2,1,1,1,1,1,1,0,0
6988,3,zeros-la-2-2,zeros-la-2,465,6988,3,1038,512,8,64,8,4,2,128,256,32,2,16,512,2,4,0,0,0,3,3,2,2,1,1,1,1,1,1,0,0
6992,3,zeros-la-2-2,zeros-la-2,466,6992,3,1042,512,8,64,8,4,4,128,256,32,4,16,512,2,0,4,0,0,3,1,4,2,1,1,1,1,1,1,0,0
7000,3,zeros-la-2-2,zeros-la-2,467,7000,3,1044,512,8,64,8,4,8,128,256,32,2,16,512,2,0,4,0,0,3,2,2,3,1,1,1,1,1,1,0,0
7016,3,zeros-la-2-2,zeros-la-2,468,7016,3,1046,512,2,64,0,0,0,128,8,4,16,16,256,32,2,4,512,2,3,3,2,1,2,1,1,1,1,1,0,0
7048,3,zeros-la-2-2,zeros-la-2,469,7048,3,1048,512,0,0,2,64,0,128,8,4,2,32,256,32,2,4,512,2,3,4,2,1,0,2,1,1,1,1,0,0
7052,3,zeros-la-2-2,zeros-la-2,470,7052,3,1050,512,0,0,2,64,2,128,8,4,0,32,256,32,4,4,512,2,3,3,3,1,0,2,1,1,1,1,0,0
7060,3,zeros-la-2-2,zeros-la-2,471,7060,3,1052,512,2,64,2,0,2,128,8,4,32,256,32,0,8,512,2,0,3,4,1,2,0,2,1,1,1,1,0,0
7064,3,zeros-la-2-2,zeros-la-2,472,7064,3,1054,512,0,64,2,0,4,128,8,0,32,256,32,2,8,512,2,4,3,3,2,2,0,2,1,1,1,1,0,0
7064,2,zeros-la-2-2,zeros-la-2,473,7064,2,1056,512,2,64,2,0,4,128,8,0,32,256,32,2,8,512,2,4,2,4,2,2,0,2,1,1,1,1,0,0
7064,1,zeros-la-2-2,zeros-la-2,474,7064,1,1058,512,2,64,2,0,4,128,8,2,32,256,32,2,8,512,2,4,1,5,2,2,0,2,1,1,1,1,0,0
7068,1,zeros-la-2-2,zeros-la-2,475,7068,1,1060,512,2,64,2,0,4,128,8,2,32,256,32,4,8,512,2,4,1,4,3,2,0,2,1,1,1,1,0,0
7076,1,zeros-la-2-2,zeros-la-2,476,7076,1,1062,512,2,64,2,2,4,128,8,8,32,256,32,0,8,512,2,2,1,5,1,3,0,2,1,1,1,1,0,0
7100,3,zeros-la-2-2,zeros-la-2,477,7100,3,1066,512,2,64,4,0,4,128,16,4,32,256,32,0,8,512,4,0,3,1,4,1,1,2,1,1,1,1,0,0
7100,2,zeros-la-2-2,zeros-la-2,478,7100,2,1068,512,2,64,4,0,4,128,16,0,32,256,32,2,8,512,4,4,2,2,4,1,1,2,1,1,1,1,0,0
7108,2,zeros-la-2-2,zeros-la-2,479,7108,2,1072,512,2,64,4,0,4,128,16,4,32,256,32,2,8,512,8,0,2,2,3,2,1,2,1,1,1,1,0,0
7108,1,zeros-la-2-2,zeros-la-2,480,7108,1,1074,512,2,64,4,4,4,128,16,2,32,256,32,2,8,512,8,0,1,3,3,2,1,2,1,1,1,1,0,0
7116,1,zeros-la-2-2,zeros-la-2,481,7116,1,1076,512,2,2,64,8,4,128,16,2,32,256,32,2,0,8,512,8,1,4,1,3,1,2,1,1,1,1,0,0
7120,1,zeros-la-2-2,zeros-la-2,482,7120,1,1078,512,4,64,8,0,4,128,16,2,32,256,32,2,8,512,8,2,1,3,2,3,1,2,1,1,1,1,0,0
7132,2,zeros-la-2-2,zeros-la-2,483,7132,2,1080,512,0,64,8,2,8,128,16,0,32,256,32,2,8,512,8,4,2,2,1,4,1,2,1,1,1,1,0,0
7136,2,zeros-la-2-2,zeros-la-2,484,7136,2,1082,512,0,64,8,2,8,128,16,0,32,256,32,4,8,512,8,4,2,1,2,4,1,2,1,1,1,1,0,0
7144,2,zeros-la-2-2,zeros-la-2,485,7144,2,1084,512,0,64,8,0,8,128,16,2,32,256,32,2,8,512,8,8,2,2,0,5,1,2,1,1,1,1,0,0
7160,2,zeros-la-2-2,zeros-la-2,486,7160,2,1086,512,64,8,0,0,8,128,16,2,32,256,32,2,8,512,16,2,2,3,0,3,2,2,1,1,1,1,0,0
7164,2,zeros-la-2-2,zeros-la-2,487,7164,2,1088,512,64,8,0,2,8,128,16,0,32,256,32,2,8,512,16,4,2,2,1,3,2,2,1,1,1,1,0,0
7168,2,zeros-la-2-2,zeros-la-2,488,7168,2,1090,512,64,8,0,0,8,128,16,2,32,256,32,4,8,512,16,4,2,1,2,3,2,2,1,1,1,1,0,0
7176,2,zeros-la-2-2,zeros-la-2,489,7176,2,1092,512,64,8,2,0,8,128,16,0,32,256,32,2,8,512,16,8,2,2,0,4,2,2,1,1,1,1,0,0
7176,1,zeros-la-2-2,zeros-la-2,490,7176,1,1094,512,64,8,2,2,8,128,16,0,32,256,32,2,8,512,16,8,1,3,0,4,2,2,1,1,1,1,0,0
7180,1,zeros-la-2-2,zeros-la-2,491,7180,1,1096,512,64,8,4,0,8,128,16,2,32,256,32,2,8,512,16,8,1,2,1,4,2,2,1,1,1,1,0,0
7184,1,zeros-la-2-2,zeros-la-2,492,7184,1,1098,512,64,8,4,4,8,128,16,8,32,256,32,0,8,512,16,2,1,1,2,4,2,2,1,1,1,1,0,0
7192,1,zeros-la-2-2,zeros-la-2,493,7192,1,1100,512,2,64,8,8,8,128,16,8,0,32,256,32,8,512,16,2,1,2,0,5,2,2,1,1,1,1,0,0
7224,2,zeros-la-2-2,zeros-la-2,494,7224,2,1102,512,2,64,8,0,0,128,16,16,2,32,256,32,16,512,16,2,2,3,0,1,4,2,1,1,1,1,0,0
7256,2,zeros-la-2-2,zeros-la-2,495,7256,2,1104,512,0,2,64,8,0,2,128,32,2,32,256,32,16,512,16,2,2,4,0,1,2,3,1,1,1,1,0,0
7324,3,zeros-la-2-2,zeros-la-2,496,7324,3,1106,512,2,0,64,0,0,4,128,8,2,32,256,64,16,512,16,2,3,3,1,1,2,1,2,1,1,1,0,0
7328,3,zeros-la-2-2,zeros-la-2,497,7328,3,1108,512,4,4,64,8,16,32,128,64,2,512,256,2,0,0,16,0,3,2,2,1,2,1,2,1,1,1,0,0
7336,3,zeros-la-2-2,zeros-la-2,498,7336,3,1110,512,0,8,64,8,16,32,128,64,2,512,256,2,2,0,0,16,3,3,0,2,2,1,2,1,1,1,0,0
7340,3,zeros-la-2-2,zeros-la-2,499,7340,3,1112,512,0,0,2,8,0,8,64,64,16,32,128,2,4,512,256,16,3,2,1,2,2,1,2,1,1,1,0,0
7468,3,zeros-la-2-2,zeros-la-2,500,7468,3,1114,512,2,8,0,2,8,128,0,0,16,32,128,2,4,512,256,16,3,3,1,2,2,1,0,2,1,1,0,0
7468,2,zeros-la-2-2,zeros-la-2,501,7468,2,1116,512,0,2,8,2,2,0,8,128,16,32,128,2,4,512,256,16,2,4,1,2,2,1,0,2,1,1,0,0
7484,2,zeros-la-2-2,zeros-la-2,502,7484,2,1118,512,2,0,0,2,2,2,16,128,16,32,128,2,4,512,256,16,2,5,1,0,3,1,0,2,1,1,0,0
7492,3,zeros-la-2-2,zeros-la-2,503,7492,3,1120,512,4,0,0,0,4,16,128,2,16,32,128,2,4,512,256,16,3,2,3,0,3,1,0,2,1,1,0,0
7760,5,zeros-la-2-2,zeros-la-2,504,7760,5,1122,512,0,2,0,0,8,16,0,0,16,32,256,4,4,512,256,16,5,1,2,1,3,1,0,0,2,1,0,0
8272,5,zeros-la-2-2,zeros-la-2,505,8272,5,1124,512,8,2,512,4,16,16,0,16,4,32,0,0,2,512,0,0,5,2,2,1,3,1,0,0,0,2,0,0
8304,5,zeros-la-2-2,zeros-la-2,506,8304,5,1126,512,8,2,512,4,0,0,16,32,0,2,4,32,0,0,2,512,5,3,2,1,1,2,0,0,0,2,0,0
8372,6,zeros-la-2-2,zeros-la-2,507,8372,6,1128,512,8,4,512,4,0,0,16,64,0,0,4,512,0,2,2,0,6,2,3,1,1,0,1,0,0,2,0,0
8376,6,zeros-la-2-2,zeros-la-2,508,8376,6,1130,512,8,4,512,4,16,64,0,0,4,512,0,0,4,0,2,0,6,1,4,1,1,0,1,0,0,2,0,0
8384,6,zeros-la-2-2,zeros-la-2,509,8384,6,1132,512,8,4,512,4,16,64,2,0,8,512,0,0,0,2,0,0,6,2,2,2,1,0,1,0,0,2,0,0
8384,5,zeros-la-2-2,zeros-la-2,510,8384,5,1134,512,0,4,0,0,8,64,2,0,16,512,512,0,8,2,2,4,5,3,2,2,1,0,1,0,0,2,0,0
9412,6,zeros-la-2-2,zeros-la-2,511,9412,6,1136,1024,4,0,2,0,8,64,2,0,16,1024,0,0,8,4,4,0,6,2,3,2,1,0,1,0,0,0,1,0
9420,6,zeros-la-2-2,zeros-la-2,512,9420,6,1138,1024,4,2,0,0,8,64,2,0,16,1024,0,0,8,8,2,0,6,3,1,3,1,0,1,0,0,0,1,0
9436,6,zeros-la-2-2,zeros-la-2,513,9436,6,1142,1024,0,0,4,2,0,8,64,2,0,4,16,1024,0,0,16,2,6,3,2,1,2,0,1,0,0,0,1,0
9472,7,zeros-la-2-2,zeros-la-2,514,9472,7,1144,1024,0,8,4,4,0,4,64,1024,0,0,32,2,2,0,0,0,7,2,3,1,0,1,1,0,0,0,1,0
9480,7,zeros-la-2-2,zeros-la-2,515,9480,7,1146,1024,0,0,8,8,0,4,64,1024,0,0,32,2,0,0,2,2,7,3,1,2,0,1,1,0,0,0,1,0
9484,7,zeros-la-2-2,zeros-la-2,516,9484,7,1148,1024,0,4,8,8,0,0,64,1024,0,0,32,4,0,0,2,2,7,2,2,2,0,1,1,0,0,0,1,0
9504,8,zeros-la-2-2,zeros-la-2,517,9504,8,1152,1024,0,0,4,16,0,0,64,1024,0,0,32,4,0,0,4,4,8,0,4,0,1,1,1,0,0,0,1,0
9512,8,zeros-la-2-2,zeros-la-2,518,9512,8,1154,1024,0,2,4,0,0,0,64,16,0,0,32,1024,0,0,4,8,8,1,2,1,1,1,1,0,0,0,1,0
9512,7,zeros-la-2-2,zeros-la-2,519,9512,7,1156,1024,0,2,2,4,0,0,64,16,0,0,32,1024,0,0,4,8,7,2,2,1,1,1,1,0,0,0,1,0
9516,7,zeros-la-2-2,zeros-la-2,520,9516,7,1158,1024,4,4,2,0,64,16,0,0,32,1024,0,0,4,8,0,0,7,1,3,1,1,1,1,0,0,0,1,0
9516,6,zeros-la-2-2,zeros-la-2,521,9516,6,1162,1024,4,4,2,0,64,16,4,0,32,1024,0,0,4,8,0,0,6,1,4,1,1,1,1,0,0,0,1,0
9516,5,zeros-la-2-2,zeros-la-2,522,9516,5,1164,1024,4,4,0,0,64,16,0,0,32,1024,2,2,4,8,4,0,5,2,4,1,1,1,1,0,0,0,1,0
9528,6,zeros-la-2-2,zeros-la-2,523,9528,6,1166,1024,0,0,2,8,0,0,64,16,0,32,1024,4,0,4,8,4,6,1,3,2,1,1,1,0,0,0,1,0
9536,6,zeros-la-2-2,zeros-la-2,524,9536,6,1168,1024,0,0,2,0,0,0,64,8,2,32,1024,16,0,4,8,8,6,2,1,3,1,1,1,0,0,0,1,0
9552,6,zeros-la-2-2,zeros-la-2,525,9552,6,1170,1024,0,0,0,2,0,2,64,8,2,32,1024,16,0,0,4,16,6,3,1,1,2,1,1,0,0,0,1,0
9584,6,zeros-la-2-2,zeros-la-2,526,9584,6,1172,1024,2,2,64,2,0,32,1024,8,0,0,4,32,0,2,0,0,6,4,1,1,0,2,1,0,0,0,1,0
9588,6,zeros-la-2-2,zeros-la-2,527,9588,6,1174,1024,4,64,2,0,32,1024,8,0,4,32,0,2,2,0,0,0,6,3,2,1,0,2,1,0,0,0,1,0
9588,5,zeros-la-2-2,zeros-la-2,528,9588,5,1176,1024,4,64,2,2,32,1024,8,2,4,32,0,0,2,0,0,0,5,4,2,1,0,2,1,0,0,0,1,0
9592,5,zeros-la-2-2,zeros-la-2,529,9592,5,1178,1024,4,64,4,0,32,1024,8,2,4,32,0,0,2,2,0,0,5,3,3,1,0,2,1,0,0,0,1,0
9596,5,zeros-la-2-2,zeros-la-2,530,9596,5,1180,1024,4,64,4,0,32,1024,8,2,4,32,0,0,4,0,2,0,5,2,4,1,0,2,1,0,0,0,1,0
9604,5,zeros-la-2-2,zeros-la-2,531,9604,5,1182,1024,0,0,2,0,4,64,4,0,32,1024,8,0,8,32,2,2,5,3,2,2,0,2,1,0,0,0,1,0
9608,5,zeros-la-2-2,zeros-la-2,532,9608,5,1184,1024,2,0,0,0,4,64,4,0,32,1024,8,2,8,32,4,0,5,2,3,2,0,2,1,0,0,0,1,0
9608,4,zeros-la-2-2,zeros-la-2,533,9608,4,1186,1024,2,0,0,0,4,64,4,2,32,1024,8,2,8,32,4,0,4,3,3,2,0,2,1,0,0,0,1,0
9612,4,zeros-la-2-2,zeros-la-2,534,9612,4,1188,1024,2,64,4,4,4,1024,8,0,32,32,4,0,8,2,0,0,4,2,4,2,0,2,1,0,0,0,1,0
9684,5,zeros-la-2-2,zeros-la-2,535,9684,5,1190,1024,0,2,64,8,0,4,1024,8,0,0,64,4,0,2,8,2,5,3,2,3,0,0,2,0,0,0,1,0
9700,5,zeros-la-2-2,zeros-la-2,536,9700,5,1192,1024,0,0,64,2,0,2,1024,16,0,4,64,4,0,2,8,2,5,4,2,1,1,0,2,0,0,0,1,0
9700,4,zeros-la-2-2,zeros-la-2,537,9700,4,1196,1024,0,2,64,2,0,4,1024,16,0,2,64,4,4,0,8,2,4,4,3,1,1,0,2,0,0,0,1,0
9700,3,zeros-la-2-2,zeros-la-2,538,9700,3,1198,1024,4,2,64,2,0,4,1024,16,0,2,64,4,2,0,8,2,3,5,3,1,1,0,2,0,0,0,1,0
9700,2,zeros-la-2-2,zeros-la-2,539,9700,2,1200,1024,0,0,64,2,2,2,1024,16,4,4,64,4,2,2,8,2,2,6,3,1,1,0,2,0,0,0,1,0
9716,4,zeros-la-2-2,zeros-la-2,540,9716,4,1202,1024,64,2,0,2,4,1024,16,0,8,64,4,0,4,8,2,0,4,3,3,2,1,0,2,0,0,0,1,0
9716,3,zeros-la-2-2,zeros-la-2,541,9716,3,1204,1024,64,2,0,0,4,1024,16,0,8,64,4,2,4,8,2,2,3,4,3,2,1,0,2,0,0,0,1,0
9720,3,zeros-la-2-2,zeros-la-2,542,9720,3,1206,1024,64,2,0,0,4,1024,16,2,8,64,4,2,4,8,4,0,3,3,4,2,1,0,2,0,0,0,1,0
9732,4,zeros-la-2-2,zeros-la-2,543,9732,4,1208,1024,64,2,0,2,4,1024,0,0,8,64,16,0,4,8,8,4,4,2,3,3,1,0,2,0,0,0,1,0
9752,5,zeros-la-2-2,zeros-la-2,544,9752,5,1210,1024,64,4,0,0,4,1024,0,0,8,64,16,0,4,16,4,2,5,1,4,1,2,0,2,0,0,0,1,0
9752,4,zeros-la-2-2,zeros-la-2,545,9752,4,1214,1024,64,4,0,4,4,1024,0,0,8,64,16,0,4,16,4,2,4,1,5,1,2,0,2,0,0,0,1,0
9760,4,zeros-la-2-2,zeros-la-2,546,9760,4,1216,1024,64,8,0,0,4,1024,2,0,8,64,16,0,4,16,4,2,4,2,3,2,2,0,2,0,0,0,1,0
9760,3,zeros-la-2-2,zeros-la-2,547,9760,3,1218,1024,64,8,0,0,4,1024,2,0,8,64,16,2,4,16,4,2,3,3,3,2,2,0,2,0,0,0,1,0
9764,3,zeros-la-2-2,zeros-la-2,548,9764,3,1220,1024,64,8,0,0,4,1024,2,0,8,64,16,2,4,16,4,4,3,2,4,2,2,0,2,0,0,0,1,0
9772,3,zeros-la-2-2,zeros-la-2,549,9772,3,1224,1024,0,4,64,8,0,4,1024,2,8,64,16,2,0,4,16,8,3,2,3,3,2,0,2,0,0,0,1,0
9816,5,zeros-la-2-2,zeros-la-2,550,9816,5,1226,1024,8,8,64,8,2,64,1024,4,0,4,32,8,0,0,0,0,5,1,2,4,0,1,2,0,0,0,1,0
9832,5,zeros-la-2-2,zeros-la-2,551,9832,5,1228,1024,16,64,8,0,2,64,1024,4,4,32,8,0,0,0,0,2,5,2,2,2,1,1,2,0,0,0,1,0
9960,5,zeros-la-2-2,zeros-la-2,552,9960,5,1230,1024,16,128,8,4,2,32,1024,2,4,0,8,2,0,0,0,0,5,3,2,2,1,1,0,1,0,0,1,0
9964,5,zeros-la-2-2,zeros-la-2,553,9964,5,1232,1024,16,128,8,4,2,32,1024,4,4,0,8,2,0,0,0,0,5,2,3,2,1,1,0,1,0,0,1,0
9972,5,zeros-la-2-2,zeros-la-2,554,9972,5,1234,1024,16,128,8,8,2,32,1024,2,4,0,8,0,0,0,0,2,5,3,1,3,1,1,0,1,0,0,1,0
9976,5,zeros-la-2-2,zeros-la-2,555,9976,5,1236,1024,16,128,8,8,2,32,1024,4,4,0,8,0,0,0,0,2,5,2,2,3,1,1,0,1,0,0,1,0
9992,5,zeros-la-2-2,zeros-la-2,556,9992,5,1238,1024,0,16,128,16,2,32,1024,4,0,0,4,8,2,0,0,2,5,3,2,1,2,1,0,1,0,0,1,0
9996,5,zeros-la-2-2,zeros-la-2,557,9996,5,1242,1024,16,128,16,0,2,32,1024,4,4,8,0,4,4,0,0,0,5,1,4,1,2,1,0,1,0,0,1,0
10012,6,zeros-la-2-2,zeros-la-2,558,10012,6,1244,1024,0,0,0,0,16,128,2,0,2,32,16,0,8,8,1024,8,6,2,0,3,2,1,0,1,0,0,1,0
10028,6,zeros-la-2-2,zeros-la-2,559,10028,6,1246,1024,0,0,2,0,16,128,2,0,2,32,16,0,16,1024,8,0,6,3,0,1,3,1,0,1,0,0,1,0
10032,6,zeros-la-2-2,zeros-la-2,560,10032,6,1248,1024,16,128,4,0,2,32,16,0,16,1024,8,0,0,0,0,2,6,2,1,1,3,1,0,1,0,0,1,0
10032,5,zeros-la-2-2,zeros-la-2,561,10032,5,1250,1024,0,16,128,4,0,2,32,16,2,16,1024,8,0,0,0,2,5,3,1,1,3,1,0,1,0,0,1,0
10032,4,zeros-la-2-2,zeros-la-2,562,10032,4,1252,1024,16,128,4,0,2,32,16,0,2,16,1024,8,2,0,2,0,4,4,1,1,3,1,0,1,0,0,1,0
10036,4,zeros-la-2-2,zeros-la-2,563,10036,4,1254,1024,16,128,4,0,2,32,16,0,2,16,1024,8,4,0,0,2,4,3,2,1,3,1,0,1,0,0,1,0
10040,4,zeros-la-2-2,zeros-la-2,564,10040,4,1256,1024,16,128,4,8,4,32,16,2,4,16,1024,2,0,0,0,0,4,2,3,1,3,1,0,1,0,0,1,0
10052,5,zeros-la-2-2,zeros-la-2,565,10052,5,1258,1024,16,128,4,8,8,32,16,4,0,16,1024,0,0,0,2,0,5,1,2,2,3,1,0,1,0,0,1,0
10052,4,zeros-la-2-2,zeros-la-2,566,10052,4,1260,1024,16,128,4,8,8,32,16,4,0,2,16,1024,0,0,0,2,4,2,2,2,3,1,0,1,0,0,1,0
10084,4,zeros-la-2-2,zeros-la-2,567,10084,4,1262,1024,16,128,4,8,8,32,32,4,0,2,0,1024,0,2,0,2,4,3,2,2,1,2,0,1,0,0,1,0
10152,5,zeros-la-2-2,zeros-la-2,568,10152,5,1264,1024,16,128,4,8,0,8,64,4,0,0,2,1024,0,2,0,4,5,2,3,2,1,0,1,1,0,0,1,0
10152,4,zeros-la-2-2,zeros-la-2,569,10152,4,1268,1024,0,0,0,8,4,128,4,4,0,8,64,1024,16,2,2,4,4,2,4,2,1,0,1,1,0,0,1,0
10164,5,zeros-la-2-2,zeros-la-2,570,10164,5,1270,1024,0,0,0,8,2,4,128,8,0,8,64,1024,0,16,4,4,5,1,3,3,1,0,1,1,0,0,1,0
10180,5,zeros-la-2-2,zeros-la-2,571,10180,5,1272,1024,0,0,0,0,2,4,128,16,0,8,64,1024,2,16,4,4,5,2,3,1,2,0,1,1,0,0,1,0
10184,5,zeros-la-2-2,zeros-la-2,572,10184,5,1276,1024,4,4,128,16,0,8,64,1024,0,16,4,4,0,0,4,0,5,0,5,1,2,0,1,1,0,0,1,0
10200,6,zeros-la-2-2,zeros-la-2,573,10200,6,1278,1024,8,128,16,0,8,64,1024,2,16,8,0,0,4,0,0,0,6,1,1,3,2,0,1,1,0,0,1,0
10216,6,zeros-la-2-2,zeros-la-2,574,10216,6,1280,1024,0,0,0,0,16,128,2,0,16,64,16,0,4,8,1024,2,6,2,1,1,3,0,1,1,0,0,1,0
10248,6,zeros-la-2-2,zeros-la-2,575,10248,6,1282,1024,32,128,2,2,4,64,16,0,0,8,1024,0,2,0,0,0,6,3,1,1,1,1,1,1,0,0,1,0
10252,6,zeros-la-2-2,zeros-la-2,576,10252,6,1284,1024,32,128,4,0,4,64,16,0,8,1024,0,0,2,0,0,2,6,2,2,1,1,1,1,1,0,0,1,0
10256,6,zeros-la-2-2,zeros-la-2,577,10256,6,1286,1024,32,128,4,0,4,64,16,0,8,1024,2,0,4,0,0,0,6,1,3,1,1,1,1,1,0,0,1,0
10256,5,zeros-la-2-2,zeros-la-2,578,10256,5,1288,1024,32,128,4,0,4,64,16,2,8,1024,2,0,4,0,0,0,5,2,3,1,1,1,1,1,0,0,1,0
10256,4,zeros-la-2-2,zeros-la-2,579,10256,4,1290,1024,32,0,0,2,4,128,4,0,8,64,16,0,4,1024,2,2,4,3,3,1,1,1,1,1,0,0,1,0
10260,4,zeros-la-2-2,zeros-la-2,580,10260,4,1292,1024,32,2,0,0,4,128,4,0,8,64,16,0,4,1024,4,2,4,2,4,1,1,1,1,1,0,0,1,0
10260,3,zeros-la-2-2,zeros-la-2,581,10260,3,1294,1024,32,2,0,0,4,128,4,2,8,64,16,0,4,1024,4,2,3,3,4,1,1,1,1,1,0,0,1,0
10264,3,zeros-la-2-2,zeros-la-2,582,10264,3,1296,1024,32,2,0,0,4,128,4,0,8,64,16,2,4,1024,4,4,3,2,5,1,1,1,1,1,0,0,1,0
10272,3,zeros-la-2-2,zeros-la-2,583,10272,3,1298,1024,32,2,2,0,4,128,4,0,8,64,16,2,4,1024,8,0,3,3,3,2,1,1,1,1,0,0,1,0
10276,3,zeros-la-2-2,zeros-la-2,584,10276,3,1302,1024,0,0,32,4,4,4,128,4,8,64,16,2,0,4,1024,8,3,1,5,2,1,1,1,1,0,0,1,0
10284,3,zeros-la-2-2,zeros-la-2,585,10284,3,1304,1024,0,2,32,4,0,8,128,4,8,64,16,2,0,4,1024,8,3,2,3,3,1,1,1,1,0,0,1,0
10292,3,zeros-la-2-2,zeros-la-2,586,10292,3,1308,1024,0,2,32,0,0,8,128,8,4,64,16,2,8,4,1024,8,3,2,2,4,1,1,1,1,0,0,1,0
10292,2,zeros-la-2-2,zeros-la-2,587,10292,2,1310,1024,0,2,32,0,2,8,128,8,4,64,16,2,8,4,1024,8,2,3,2,4,1,1,1,1,0,0,1,0
10292,1,zeros-la-2-2,zeros-la-2,588,10292,1,1312,1024,2,2,32,8,4,8,128,2,8,64,16,8,0,4,1024,2,1,4,2,4,1,1,1,1,0,0,1,0
10296,1,zeros-la-2-2,zeros-la-2,589,10296,1,1314,1024,4,32,8,0,4,8,128,2,8,64,16,8,4,1024,2,2,1,3,3,4,1,1,1,1,0,0,1,0
10304,1,zeros-la-2-2,zeros-la-2,590,10304,1,1316,1024,2,32,8,0,8,8,128,2,8,64,16,8,4,1024,2,2,1,4,1,5,1,1,1,1,0,0,1,0
10324,2,zeros-la-2-2,zeros-la-2,591,10324,2,1318,1024,2,32,8,2,16,128,2,0,8,64,16,8,4,1024,4,0,2,3,2,3,2,1,1,1,0,0,1,0
10324,1,zeros-la-2-2,zeros-la-2,592,10324,1,1320,1024,2,32,8,0,16,128,2,2,8,64,16,2,4,1024,4,8,1,4,2,3,2,1,1,1,0,0,1,0
10328,1,zeros-la-2-2,zeros-la-2,593,10328,1,1322,1024,2,32,8,2,16,128,4,0,8,64,16,2,4,1024,4,8,1,3,3,3,2,1,1,1,0,0,1,0
10332,1,zeros-la-2-2,zeros-la-2,594,10332,1,1324,1024,2,32,8,4,16,128,4,8,8,64,16,2,4,1024,4,0,1,2,4,3,2,1,1,1,0,0,1,0
10332,0,zeros-la-2-2,zeros-la-2,595,10332,0,1326,1024,2,32,8,2,16,128,4,4,8,64,16,8,4,1024,4,2,0,3,4,3,2,1,1,1,0,0,1,0
10340,0,zeros-la-2-2,zeros-la-2,596,10340,0,1330,1024,2,32,8,2,16,128,8,4,8,64,16,8,4,1024,4,2,0,3,3,4,2,1,1,1,0,0,1,0
10356,0,zeros-la-2-2,zeros-la-2,597,10356,0,1332,1024,2,32,16,2,16,128,16,4,8,64,4,8,4,1024,2,2,0,4,3,2,3,1,1,1,0,0,1,0
10388,0,zeros-la-2-2,zeros-la-2,598,10388,0,1334,1024,2,32,32,2,16,128,4,4,8,64,2,8,4,1024,2,2,0,5,3,2,1,2,1,1,0,0,1,0
10464,2,zeros-la-2-2,zeros-la-2,599,10464,2,1336,1024,2,2,64,2,0,16,128,8,8,64,2,8,0,4,1024,4,2,4,2,3,1,0,2,1,0,0,1,0
10480,2,zeros-la-2-2,zeros-la-2,600,10480,2,1338,1024,0,2,64,2,0,16,128,2,2,64,2,16,8,4,1024,4,2,5,2,1,2,0,2,1,0,0,1,0
10484,2,zeros-la-2-2,zeros-la-2,601,10484,2,1340,1024,0,2,64,2,0,16,128,4,2,64,2,16,8,4,1024,4,2,4,3,1,2,0,2,1,0,0,1,0
10484,1,zeros-la-2-2,zeros-la-2,602,10484,1,1344,1024,2,64,2,4,16,128,4,0,2,64,2,16,8,4,1024,4,1,4,4,1,2,0,2,1,0,0,1,0
10484,0,zeros-la-2-2,zeros-la-2,603,10484,0,1346,1024,2,64,2,4,2,16,128,4,2,64,2,16,8,4,1024,4,0,5,4,1,2,0,2,1,0,0,1,0
10496,1,zeros-la-2-2,zeros-la-2,604,10496,1,1348,1024,4,64,2,8,2,16,128,16,8,64,2,4,0,4,1024,2,1,4,3,2,2,0,2,1,0,0,1,0
10496,0,zeros-la-2-2,zeros-la-2,605,10496,0,1350,1024,4,64,2,8,2,16,128,16,8,64,2,4,4,1024,2,2,0,5,3,2,2,0,2,1,0,0,1,0
10500,0,zeros-la-2-2,zeros-la-2,606,10500,0,1354,1024,4,64,2,8,2,16,128,16,8,64,4,4,4,1024,4,2,0,3,5,2,2,0,2,1,0,0,1,0
10508,0,zeros-la-2-2,zeros-la-2,607,10508,0,1356,1024,4,64,2,8,2,16,128,16,8,64,8,2,4,1024,4,2,0,4,3,3,2,0,2,1,0,0,1,0
10512,0,zeros-la-2-2,zeros-la-2,608,10512,0,1358,1024,4,64,2,2,2,16,128,8,8,64,8,16,4,1024,4,4,0,3,4,3,2,0,2,1,0,0,1,0
10524,1,zeros-la-2-2,zeros-la-2,609,10524,1,1360,1024,4,64,4,2,2,16,128,8,8,64,8,16,4,1024,8,0,1,2,3,4,2,0,2,1,0,0,1,0
10540,1,zeros-la-2-2,zeros-la-2,610,10540,1,1362,1024,4,64,4,2,2,16,128,8,8,64,16,16,4,1024,2,0,1,3,3,2,3,0,2,1,0,0,1,0
10572,1,zeros-la-2-2,zeros-la-2,611,10572,1,1364,1024,4,64,4,2,2,16,128,8,2,8,64,32,0,4,1024,2,1,4,3,2,1,1,2,1,0,0,1,0
10576,1,zeros-la-2-2,zeros-la-2,612,10576,1,1366,1024,4,64,4,2,4,16,128,8,0,8,64,32,2,4,1024,2,1,3,4,2,1,1,2,1,0,0,1,0
10584,1,zeros-la-2-2,zeros-la-2,613,10584,1,1368,1024,2,64,4,2,0,16,128,8,8,8,64,32,2,4,1024,2,1,4,2,3,1,1,2,1,0,0,1,0
10600,1,zeros-la-2-2,zeros-la-2,614,10600,1,1370,1024,2,64,4,2,0,16,128,8,2,16,64,32,2,4,1024,2,1,5,2,1,2,1,2,1,0,0,1,0
10636,2,zeros-la-2-2,zeros-la-2,615,10636,2,1372,1024,2,0,4,2,0,64,128,8,2,32,64,32,4,4,1024,2,2,4,3,1,0,2,2,1,0,0,1,0
10640,2,zeros-la-2-2,zeros-la-2,616,10640,2,1376,1024,4,0,4,2,0,64,128,8,4,32,64,32,4,4,1024,2,2,2,5,1,0,2,2,1,0,0,1,0
10656,3,zeros-la-2-2,zeros-la-2,617,10656,3,1378,1024,8,2,2,0,64,128,8,0,4,32,64,32,8,1024,2,0,3,3,1,3,0,2,2,1,0,0,1,0
10660,3,zeros-la-2-2,zeros-la-2,618,10660,3,1380,1024,0,0,8,4,0,64,128,8,4,32,64,32,2,8,1024,2,3,2,2,3,0,2,2,1,0,0,1,0
10660,2,zeros-la-2-2,zeros-la-2,619,10660,2,1382,1024,4,64,8,4,2,32,128,8,0,8,64,32,0,2,1024,2,2,3,2,3,0,2,2,1,0,0,1,0
10660,1,zeros-la-2-2,zeros-la-2,620,10660,1,1384,1024,4,64,8,4,2,32,128,8,0,8,64,32,2,2,1024,2,1,4,2,3,0,2,2,1,0,0,1,0
10664,1,zeros-la-2-2,zeros-la-2,621,10664,1,1386,1024,4,64,8,4,4,32,128,8,0,8,64,32,2,2,1024,2,1,3,3,3,0,2,2,1,0,0,1,0
10668,1,zeros-la-2-2,zeros-la-2,622,10668,1,1388,1024,4,64,8,4,4,32,128,8,8,64,32,0,4,1024,2,2,1,2,4,3,0,2,2,1,0,0,1,0
10676,1,zeros-la-2-2,zeros-la-2,623,10676,1,1392,1024,0,64,8,4,8,32,128,4,8,64,32,8,4,1024,2,2,1,2,3,4,0,2,2,1,0,0,1,0
10700,2,zeros-la-2-2,zeros-la-2,624,10700,2,1394,1024,16,64,8,8,4,32,128,8,0,64,32,2,0,1024,2,2,2,3,1,3,1,2,2,1,0,0,1,0
10720,3,zeros-la-2-2,zeros-la-2,625,10720,3,1396,1024,16,64,16,0,4,32,128,8,64,32,2,0,1024,4,0,2,3,2,2,1,2,2,2,1,0,0,1,0
10784,3,zeros-la-2-2,zeros-la-2,626,10784,3,1398,1024,16,0,0,2,4,64,16,0,64,64,128,8,1024,4,2,2,3,3,2,1,2,0,3,1,0,0,1,0
10916,4,zeros-la-2-2,zeros-la-2,627,10916,4,1400,1024,16,2,2,0,4,64,16,0,128,128,8,0,1024,4,4,0,4,2,3,1,2,0,1,2,0,0,1,0
11184,6,zeros-la-2-2,zeros-la-2,628,11184,6,1402,1024,0,0,16,4,0,4,64,16,2,0,256,8,0,0,1024,8,6,1,2,2,2,0,1,0,1,0,1,0
11200,6,zeros-la-2-2,zeros-la-2,629,11200,6,1404,1024,2,4,16,4,0,0,64,16,0,0,256,16,0,2,1024,0,6,2,2,0,3,0,1,0,1,0,1,0
11232,6,zeros-la-2-2,zeros-la-2,630,11232,6,1406,1024,2,4,16,4,0,2,64,32,0,0,256,0,0,2,1024,0,6,3,2,0,1,1,1,0,1,0,1,0
11236,6,zeros-la-2-2,zeros-la-2,631,11236,6,1408,1024,0,0,16,2,0,0,64,0,0,4,256,4,2,4,1024,32,6,2,3,0,1,1,1,0,1,0,1,0
11244,6,zeros-la-2-2,zeros-la-2,632,11244,6,1410,1024,0,0,16,0,0,0,64,2,0,2,256,4,2,8,1024,32,6,3,1,1,1,1,1,0,1,0,1,0
11244,5,zeros-la-2-2,zeros-la-2,633,11244,5,1412,1024,16,0,0,2,64,2,0,0,2,256,4,0,2,8,1024,32,5,4,1,1,1,1,1,0,1,0,1,0
11248,5,zeros-la-2-2,zeros-la-2,634,11248,5,1414,1024,0,0,0,2,16,2,0,0,64,256,4,2,4,8,1024,32,5,3,2,1,1,1,1,0,1,0,1,0
11252,5,zeros-la-2-2,zeros-la-2,635,11252,5,1416,1024,0,0,0,2,16,2,0,0,64,256,4,4,4,8,1024,32,5,2,3,1,1,1,1,0,1,0,1,0
11260,5,zeros-la-2-2,zeros-la-2,636,11260,5,1420,1024,0,4,0,2,0,0,16,2,0,64,256,8,4,8,1024,32,5,2,2,2,1,1,1,0,1,0,1,0
11264,5,zeros-la-2-2,zeros-la-2,637,11264,5,1422,1024,4,4,16,4,0,64,256,8,0,8,1024,32,0,2,0,0,5,1,3,2,1,1,1,0,1,0,1,0
11272,5,zeros-la-2-2,zeros-la-2,638,11272,5,1424,1024,8,16,4,0,64,256,8,0,8,1024,32,2,2,0,0,0,5,2,1,3,1,1,1,0,1,0,1,0
11272,4,zeros-la-2-2,zeros-la-2,639,11272,4,1426,1024,2,8,16,4,0,64,256,8,8,1024,32,2,0,0,0,2,4,3,1,3,1,1,1,0,1,0,1,0
11276,4,zeros-la-2-2,zeros-la-2,640,11276,4,1430,1024,2,8,16,4,8,64,256,8,0,1024,32,4,0,4,0,0,4,1,3,3,1,1,1,0,1,0,1,0
11276,3,zeros-la-2-2,zeros-la-2,641,11276,3,1432,1024,2,8,16,4,8,64,256,8,0,1024,32,4,0,0,2,4,3,2,3,3,1,1,1,0,1,0,1,0
11284,3,zeros-la-2-2,zeros-la-2,642,11284,3,1434,1024,0,2,16,0,0,8,256,4,2,64,32,8,8,1024,2,8,3,3,1,4,1,1,1,0,1,0,1,0
11300,3,zeros-la-2-2,zeros-la-2,643,11300,3,1436,1024,2,2,16,4,8,8,256,16,0,64,32,0,0,1024,2,2,3,4,1,2,2,1,1,0,1,0,1,0
11324,5,zeros-la-2-2,zeros-la-2,644,11324,5,1438,1024,4,16,4,0,16,256,16,0,64,32,0,0,1024,4,2,0,5,1,3,0,3,1,1,0,1,0,1,0
11324,4,zeros-la-2-2,zeros-la-2,645,11324,4,1442,1024,4,16,4,0,16,256,16,0,64,32,2,4,1024,4,0,0,4,1,4,0,3,1,1,0,1,0,1,0
11324,3,zeros-la-2-2,zeros-la-2,646,11324,3,1444,1024,4,16,4,4,16,256,16,2,64,32,2,0,1024,4,0,0,3,2,4,0,3,1,1,0,1,0,1,0
11332,3,zeros-la-2-2,zeros-la-2,647,11332,3,1446,1024,0,4,16,8,16,256,16,2,0,64,32,2,0,2,1024,4,3,3,2,1,3,1,1,0,1,0,1,0
11368,4,zeros-la-2-2,zeros-la-2,648,11368,4,1448,1024,16,4,32,8,0,256,32,4,0,64,1024,4,2,2,0,0,4,2,3,1,1,2,1,0,1,0,1,0
11440,5,zeros-la-2-2,zeros-la-2,649,11440,5,1450,1024,0,4,0,0,0,256,2,0,16,64,64,8,2,2,1024,8,5,3,1,2,1,0,2,0,1,0,1,0
11572,6,zeros-la-2-2,zeros-la-2,650,11572,6,1452,1024,4,0,0,0,256,2,0,2,16,128,8,0,4,1024,8,0,6,2,2,2,1,0,0,1,1,0,1,0
11576,6,zeros-la-2-2,zeros-la-2,651,11576,6,1454,1024,0,2,0,4,0,0,256,4,0,16,128,8,0,4,1024,8,6,1,3,2,1,0,0,1,1,0,1,0
11600,7,zeros-la-2-2,zeros-la-2,652,11600,7,1456,1024,0,2,256,8,0,16,128,16,2,4,1024,0,0,0,0,0,7,2,1,1,2,0,0,1,1,0,1,0
11600,6,zeros-la-2-2,zeros-la-2,653,11600,6,1458,1024,2,2,256,8,0,16,128,16,0,4,1024,2,0,0,0,0,6,3,1,1,2,0,0,1,1,0,1,0
11604,6,zeros-la-2-2,zeros-la-2,654,11604,6,1460,1024,4,256,8,2,16,128,16,0,4,1024,2,0,0,0,0,0,6,2,2,1,2,0,0,1,1,0,1,0
11604,5,zeros-la-2-2,zeros-la-2,655,11604,5,1462,1024,2,0,0,0,4,256,8,0,16,128,16,0,4,1024,2,2,5,3,2,1,2,0,0,1,1,0,1,0
11608,5,zeros-la-2-2,zeros-la-2,656,11608,5,1466,1024,2,0,0,0,4,256,8,0,16,128,16,0,4,1024,4,4,5,1,4,1,2,0,0,1,1,0,1,0
11616,5,zeros-la-2-2,zeros-la-2,657,11616,5,1468,1024,2,0,0,0,4,256,8,2,16,128,16,0,4,1024,8,0,5,2,2,2,2,0,0,1,1,0,1,0
11616,4,zeros-la-2-2,zeros-la-2,658,11616,4,1470,1024,2,0,0,0,4,256,8,2,16,128,16,0,4,1024,8,2,4,3,2,2,2,0,0,1,1,0,1,0
11620,4,zeros-la-2-2,zeros-la-2,659,11620,4,1472,1024,2,2,0,0,4,256,8,0,16,128,16,0,4,1024,8,4,4,2,3,2,2,0,0,1,1,0,1,0
11624,4,zeros-la-2-2,zeros-la-2,660,11624,4,1474,1024,4,0,2,0,4,256,8,0,16,128,16,0,4,1024,8,4,4,1,4,2,2,0,0,1,1,0,1,0
11632,4,zeros-la-2-2,zeros-la-2,661,11632,4,1476,1024,2,0,2,0,8,256,8,0,16,128,16,0,4,1024,8,4,4,2,2,3,2,0,0,1,1,0,1,0
11632,3,zeros-la-2-2,zeros-la-2,662,11632,3,1478,1024,2,2,2,0,8,256,8,0,16,128,16,0,4,1024,8,4,3,3,2,3,2,0,0,1,1,0,1,0
11636,3,zeros-la-2-2,zeros-la-2,663,11636,3,1480,1024,0,0,2,4,2,8,256,8,0,16,128,16,4,1024,8,4,3,2,3,3,2,0,0,1,1,0,1,0
11636,2,zeros-la-2-2,zeros-la-2,664,11636,2,1482,1024,2,4,0,0,2,8,256,8,16,128,16,2,4,1024,8,4,2,3,3,3,2,0,0,1,1,0,1,0
11640,2,zeros-la-2-2,zeros-la-2,665,11640,2,1484,1024,4,4,256,8,16,8,16,2,4,128,8,4,0,1024,0,2,2,2,4,3,2,0,0,1,1,0,1,0
11648,2,zeros-la-2-2,zeros-la-2,666,11648,2,1486,1024,0,8,256,8,16,8,16,2,4,128,8,4,0,2,1024,2,2,3,2,4,2,0,0,1,1,0,1,0
11664,2,zeros-la-2-2,zeros-la-2,667,11664,2,1488,1024,16,16,256,8,4,128,16,2,0,2,8,4,2,0,1024,2,2,4,2,2,3,0,0,1,1,0,1,0
11696,2,zeros-la-2-2,zeros-la-2,668,11696,2,1490,1024,32,256,8,2,4,128,16,2,2,8,4,0,2,1024,2,0,2,5,2,2,1,1,0,1,1,0,1,0
11704,3,zeros-la-2-2,zeros-la-2,669,11704,3,1492,1024,32,256,8,4,4,128,16,0,4,8,4,0,0,1024,2,2,3,2,4,2,1,1,0,1,1,0,1,0
11712,3,zeros-la-2-2,zeros-la-2,670,11712,3,1496,1024,4,256,8,0,0,128,16,0,32,8,4,4,8,1024,2,2,3,2,3,3,1,1,0,1,1,0,1,0
11724,4,zeros-la-2-2,zeros-la-2,671,11724,4,1498,1024,0,4,256,8,0,0,128,16,2,32,8,8,0,8,1024,4,4,1,2,4,1,1,0,1,1,0,1,0
11740,4,zeros-la-2-2,zeros-la-2,672,11740,4,1500,1024,0,4,256,8,2,0,128,16,0,2,32,16,0,8,1024,4,4,2,2,2,2,1,0,1,1,0,1,0
11772,4,zeros-la-2-2,zeros-la-2,673,11772,4,1502,1024,0,0,256,0,2,4,128,8,0,2,32,32,2,8,1024,4,4,3,2,2,0,2,0,1,1,0,1,0
11836,4,zeros-la-2-2,zeros-la-2,674,11836,4,1504,1024,0,0,0,256,2,4,128,8,2,0,2,64,2,8,1024,4,4,4,2,2,0,0,1,1,1,0,1,0
11840,4,zeros-la-2-2,zeros-la-2,675,11840,4,1506,1024,0,0,2,256,2,4,128,8,0,0,4,64,2,8,1024,4,4,3,3,2,0,0,1,1,1,0,1,0
11844,4,zeros-la-2-2,zeros-la-2,676,11844,4,1508,1024,4,4,2,256,2,8,128,8,0,0,4,64,0,0,1024,4,4,2,4,2,0,0,1,1,1,0,1,0
11852,4,zeros-la-2-2,zeros-la-2,677,11852,4,1510,1024,2,8,2,256,2,8,128,8,0,0,4,64,0,0,1024,4,4,3,2,3,0,0,1,1,1,0,1,0
11872,5,zeros-la-2-2,zeros-la-2,678,11872,5,1512,1024,4,16,2,256,0,0,128,8,0,0,4,64,2,0,1024,4,5,2,3,1,1,0,1,1,1,0,1,0
11872,4,zeros-la-2-2,zeros-la-2,679,11872,4,1516,1024,4,0,2,256,0,0,128,8,4,0,4,64,2,16,1024,4,4,2,4,1,1,0,1,1,1,0,1,0
11880,4,zeros-la-2-2,zeros-la-2,680,11880,4,1518,1024,0,2,2,256,0,0,128,8,8,0,4,64,2,16,1024,4,4,3,2,2,1,0,1,1,1,0,1,0
11884,4,zeros-la-2-2,zeros-la-2,681,11884,4,1520,1024,0,0,4,256,0,0,128,8,2,8,4,64,2,16,1024,4,4,2,3,2,1,0,1,1,1,0,1,0
11884,3,zeros-la-2-2,zeros-la-2,682,11884,3,1522,1024,4,256,0,0,128,8,0,2,2,8,4,64,2,16,1024,4,3,3,3,2,1,0,1,1,1,0,1,0
11904,4,zeros-la-2-2,zeros-la-2,683,11904,4,1524,1024,2,0,0,0,4,256,0,2,128,16,4,64,4,16,1024,4,4,2,4,0,2,0,1,1,1,0,1,0
11904,3,zeros-la-2-2,zeros-la-2,684,11904,3,1526,1024,2,0,2,0,4,256,2,0,128,16,4,64,4,16,1024,4,3,3,4,0,2,0,1,1,1,0,1,0
11940,4,zeros-la-2-2,zeros-la-2,685,11940,4,1528,1024,2,2,0,0,4,0,4,0,128,256,4,64,4,32,1024,4,4,2,5,0,0,1,1,1,1,0,1,0
11952,5,zeros-la-2-2,zeros-la-2,686,11952,5,1530,1024,0,0,0,4,2,0,0,8,128,256,4,64,4,32,1024,4,5,1,4,1,0,1,1,1,1,0,1,0
11952,4,zeros-la-2-2,zeros-la-2,687,11952,4,1532,1024,2,256,4,4,128,32,1024,8,4,0,0,64,0,2,0,4,4,2,4,1,0,1,1,1,1,0,1,0
11960,4,zeros-la-2-2,zeros-la-2,688,11960,4,1534,1024,0,2,256,8,128,32,1024,8,2,0,4,64,0,0,2,4,4,3,2,2,0,1,1,1,1,0,1,0
11976,4,zeros-la-2-2,zeros-la-2,689,11976,4,1538,1024,128,2,256,16,2,32,1024,64,0,4,4,4,0,0,2,0,4,3,3,0,1,1,1,1,1,0,1,0
11984,4,zeros-la-2-2,zeros-la-2,690,11984,4,1540,1024,128,2,256,16,2,32,1024,64,8,4,0,0,2,2,0,0,4,4,1,1,1,1,1,1,1,0,1,0
11988,4,zeros-la-2-2,zeros-la-2,691,11988,4,1542,1024,128,2,256,16,2,32,1024,64,2,0,8,4,0,0,0,4,4,3,2,1,1,1,1,1,1,0,1,0
12000,5,zeros-la-2-2,zeros-la-2,692,12000,5,1544,1024,2,0,0,0,0,0,256,16,128,2,1024,64,4,32,8,8,5,2,1,2,1,1,1,1,1,0,1,0
12016,5,zeros-la-2-2,zeros-la-2,693,12016,5,1546,1024,0,0,2,2,0,0,256,16,128,2,1024,64,0,4,32,16,5,3,1,0,2,1,1,1,1,0,1,0
12020,5,zeros-la-2-2,zeros-la-2,694,12020,5,1548,1024,2,0,0,4,0,0,256,16,128,2,1024,64,0,4,32,16,5,2,2,0,2,1,1,1,1,0,1,0
12020,4,zeros-la-2-2,zeros-la-2,695,12020,4,1552,1024,2,2,256,4,128,4,1024,16,0,4,32,64,0,0,0,16,4,2,3,0,2,1,1,1,1,0,1,0
12028,4,zeros-la-2-2,zeros-la-2,696,12028,4,1554,1024,0,2,0,4,0,0,256,16,2,2,1024,64,128,8,32,16,4,3,1,1,2,1,1,1,1,0,1,0
12032,4,zeros-la-2-2,zeros-la-2,697,12032,4,1556,1024,0,2,2,4,0,0,256,16,0,4,1024,64,128,8,32,16,4,2,2,1,2,1,1,1,1,0,1,0
12036,4,zeros-la-2-2,zeros-la-2,698,12036,4,1558,1024,4,4,0,0,256,16,0,2,4,1024,64,0,128,8,32,16,4,1,3,1,2,1,1,1,1,0,1,0
12044,4,zeros-la-2-2,zeros-la-2,699,12044,4,1560,1024,8,0,2,0,256,16,2,0,4,1024,64,0,128,8,32,16,4,2,1,2,2,1,1,1,1,0,1,0
12048,4,zeros-la-2-2,zeros-la-2,700,12048,4,1562,1024,8,16,4,16,256,1024,64,2,4,8,32,0,128,0,0,0,4,1,2,2,2,1,1,1,1,0,1,0
12048,3,zeros-la-2-2,zeros-la-2,701,12048,3,1564,1024,8,16,4,16,256,1024,64,2,4,8,32,0,128,0,0,2,3,2,2,2,2,1,1,1,1,0,1,0
12052,3,zeros-la-2-2,zeros-la-2,702,12052,3,1566,1024,8,16,4,16,256,1024,64,4,4,8,32,0,128,2,0,0,3,1,3,2,2,1,1,1,1,0,1,0
12052,2,zeros-la-2-2,zeros-la-2,703,12052,2,1568,1024,8,16,4,16,256,1024,64,4,4,8,32,0,128,2,0,2,2,2,3,2,2,1,1,1,1,0,1,0
12056,2,zeros-la-2-2,zeros-la-2,704,12056,2,1572,1024,8,16,4,16,256,1024,64,4,4,4,8,32,0,0,128,4,2,0,5,2,2,1,1,1,1,0,1,0
12064,2,zeros-la-2-2,zeros-la-2,705,12064,2,1574,1024,8,16,4,16,256,1024,64,4,8,8,32,0,128,4,0,2,2,1,3,3,2,1,1,1,1,0,1,0
12080,2,zeros-la-2-2,zeros-la-2,706,12080,2,1576,1024,8,16,4,16,256,1024,64,4,16,32,2,0,128,4,2,0,2,2,3,1,3,1,1,1,1,0,1,0
12084,2,zeros-la-2-2,zeros-la-2,707,12084,2,1578,1024,8,16,2,0,256,1024,4,0,16,32,64,16,128,4,4,4,2,1,4,1,3,1,1,1,1,0,1,0
12084,1,zeros-la-2-2,zeros-la-2,708,12084,1,1580,1024,8,16,2,0,256,1024,4,2,16,32,64,16,128,4,4,4,1,2,4,1,3,1,1,1,1,0,1,0
12092,1,zeros-la-2-2,zeros-la-2,709,12092,1,1582,1024,8,16,2,2,256,1024,4,2,16,32,64,16,128,8,4,0,1,3,2,2,3,1,1,1,1,0,1,0
12096,1,zeros-la-2-2,zeros-la-2,710,12096,1,1584,1024,8,16,4,0,256,1024,4,2,16,32,64,16,128,8,4,2,1,2,3,2,3,1,1,1,1,0,1,0
12096,0,zeros-la-2-2,zeros-la-2,711,12096,0,1586,1024,8,16,4,2,256,1024,4,2,16,32,64,16,128,8,4,2,0,3,3,2,3,1,1,1,1,0,1,0
12108,1,zeros-la-2-2,zeros-la-2,712,12108,1,1588,1024,8,16,8,4,256,1024,64,16,16,32,4,2,128,8,2,0,1,2,2,3,3,1,1,1,1,0,1,0
12108,0,zeros-la-2-2,zeros-la-2,713,12108,0,1590,1024,8,16,8,4,256,1024,64,16,16,32,4,2,128,8,2,2,0,3,2,3,3,1,1,1,1,0,1,0
12112,0,zeros-la-2-2,zeros-la-2,714,12112,0,1592,1024,8,16,8,4,256,1024,64,16,16,32,4,2,128,8,4,2,0,2,3,3,3,1,1,1,1,0,1,0
12124,1,zeros-la-2-2,zeros-la-2,715,12124,1,1594,1024,8,16,2,0,256,1024,8,4,16,32,64,16,128,8,8,4,1,1,2,4,3,1,1,1,1,0,1,0
12124,0,zeros-la-2-2,zeros-la-2,716,12124,0,1596,1024,8,16,2,2,256,1024,8,4,16,32,64,16,128,8,8,4,0,2,2,4,3,1,1,1,1,0,1,0
12144,1,zeros-la-2-2,zeros-la-2,717,12144,1,1598,1024,0,8,16,4,256,1024,8,4,16,32,64,16,2,128,16,4,1,1,3,2,4,1,1,1,1,0,1,0
12152,1,zeros-la-2-2,zeros-la-2,718,12152,1,1600,1024,2,8,16,0,256,1024,8,8,16,32,64,16,2,128,16,4,1,2,1,3,4,1,1,1,1,0,1,0
12168,1,zeros-la-2-2,zeros-la-2,719,12168,1,1602,1024,0,2,8,16,2,256,1024,16,16,32,64,16,2,128,16,4,1,3,1,1,5,1,1,1,1,0,1,0
12168,0,zeros-la-2-2,zeros-la-2,720,12168,0,1604,1024,2,8,16,2,2,256,1024,16,16,32,64,16,2,128,16,4,0,4,1,1,5,1,1,1,1,0,1,0
12204,1,zeros-la-2-2,zeros-la-2,721,12204,1,1606,1024,0,8,16,2,4,256,1024,2,16,32,64,32,2,128,16,4,1,3,2,1,3,2,1,1,1,0,1,0
12208,1,zeros-la-2-2,zeros-la-2,722,12208,1,1608,1024,0,8,16,2,4,256,1024,4,16,32,64,32,2,128,16,4,1,2,3,1,3,2,1,1,1,0,1,0
12208,0,zeros-la-2-2,zeros-la-2,723,12208,0,1610,1024,2,8,16,2,4,256,1024,4,16,32,64,32,2,128,16,4,0,3,3,1,3,2,1,1,1,0,1,0
0,13,zeros-la-2-3,zeros-la-2,0,0,13,6,2,0,2,2,0,0,0,0,0,0,0,0,0,0,0,0,2,13,3,0,0,0,0,0,0,0,0,0,0
4,13,zeros-la-2-3,zeros-la-2,1,4,13,8,4,4,0,0,0,0,0,0,0,0,0,0,2,2,0,0,0,13,2,1,0,0,0,0,0,0,0,0,0
4,12,zeros-la-2-3,zeros-la-2,2,4,12,10,4,4,0,0,0,0,0,0,0,2,0,2,0,2,0,0,0,12,3,1,0,0,0,0,0,0,0,0,0
8,12,zeros-la-2-3,zeros-la-2,3,8,12,12,4,0,0,0,0,0,0,0,0,4,0,2,0,4,0,2,0,12,2,2,0,0,0,0,0,0,0,0,0
20,13,zeros-la-2-3,zeros-la-2,4,20,13,14,8,8,0,4,0,0,0,0,0,0,0,0,0,0,0,2,0,13,1,1,1,0,0,0,0,0,0,0,0
20,12,zeros-la-2-3,zeros-la-2,5,20,12,16,8,8,0,4,0,0,0,2,0,0,0,0,2,0,0,0,0,12,2,1,1,0,0,0,0,0,0,0,0
20,11,zeros-la-2-3,zeros-la-2,6,20,11,20,8,0,0,8,4,4,0,0,2,0,0,0,2,0,0,0,0,11,2,2,1,0,0,0,0,0,0,0,0
24,11,zeros-la-2-3,zeros-la-2,7,24,11,22,8,4,0,8,4,0,0,0,4,0,0,2,0,0,0,0,0,11,1,3,1,0,0,0,0,0,0,0,0
32,11,zeros-la-2-3,zeros-la-2,8,32,11,24,8,4,0,8,8,0,0,2,2,0,0,0,0,0,0,0,0,11,2,1,2,0,0,0,0,0,0,0,0
52,12,zeros-la-2-3,zeros-la-2,9,52,12,26,16,4,16,0,0,4,2,0,0,0,0,0,0,0,0,0,0,12,1,2,0,1,0,0,0,0,0,0,0
60,12,zeros-la-2-3,zeros-la-2,10,60,12,28,16,8,16,0,0,0,2,0,0,0,0,0,0,0,0,2,0,12,2,0,1,1,0,0,0,0,0,0,0
60,11,zeros-la-2-3,zeros-la-2,11,60,11,30,16,0,0,8,16,0,0,0,2,0,0,0,2,0,0,0,2,11,3,0,1,1,0,0,0,0,0,0,0
64,11,zeros-la-2-3,zeros-la-2,12,64,11,34,16,0,0,8,16,0,4,0,4,0,0,0,2,0,0,0,0,11,1,2,1,1,0,0,0,0,0,0,0
72,11,zeros-la-2-3,zeros-la-2,13,72,11,36,16,8,16,0,0,8,0,0,0,2,0,2,0,0,0,0,0,11,2,0,2,1,0,0,0,0,0,0,0
88,11,zeros-la-2-3,zeros-la-2,14,88,11,38,16,16,16,2,0,2,0,0,0,0,2,0,0,0,0,0,0,11,3,0,0,2,0,0,0,0,0,0,0
120,11,zeros-la-2-3,zeros-la-2,15,120,11,40,32,0,0,32,2,0,0,0,2,0,0,2,2,0,0,0,0,11,4,0,0,0,1,0,0,0,0,0,0
124,11,zeros-la-2-3,zeros-la-2,16,124,11,42,32,0,0,32,2,0,0,0,2,0,0,0,4,0,0,2,0,11,3,1,0,0,1,0,0,0,0,0,0
128,11,zeros-la-2-3,zeros-la-2,17,128,11,44,32,0,0,32,4,0,2,2,4,0,0,0,0,0,0,0,0,11,2,2,0,0,1,0,0,0,0,0,0
132,11,zeros-la-2-3,zeros-la-2,18,132,11,46,32,32,4,0,0,4,4,0,2,0,0,0,0,0,0,0,0,11,1,3,0,0,1,0,0,0,0,0,0
140,11,zeros-la-2-3,zeros-la-2,19,140,11,48,32,0,2,32,4,0,0,8,2,0,0,0,0,0,0,0,0,11,2,1,1,0,1,0,0,0,0,0,0
140,10,zeros-la-2-3,zeros-la-2,20,140,10,50,32,0,2,32,4,0,0,8,2,0,0,0,0,2,0,0,0,10,3,1,1,0,1,0,0,0,0,0,0
140,9,zeros-la-2-3,zeros-la-2,21,140,9,54,32,4,2,32,4,0,0,8,2,0,0,0,0,0,0,0,2,9,3,2,1,0,1,0,0,0,0,0,0
144,9,zeros-la-2-3,zeros-la-2,22,144,9,56,32,4,2,32,4,0,0,8,4,0,0,0,0,0,2,0,0,9,2,3,1,0,1,0,0,0,0,0,0
156,10,zeros-la-2-3,zeros-la-2,23,156,10,58,32,0,0,2,0,0,0,0,0,0,0,32,0,4,4,8,8,10,1,2,2,0,1,0,0,0,0,0,0
180,11,zeros-la-2-3,zeros-la-2,24,180,11,60,32,2,2,0,0,0,0,0,0,32,0,0,0,8,16,0,0,11,2,0,1,1,1,0,0,0,0,0,0
184,11,zeros-la-2-3,zeros-la-2,25,184,11,62,32,0,0,0,4,0,0,0,0,2,0,0,32,0,0,8,16,11,1,1,1,1,1,0,0,0,0,0,0
184,10,zeros-la-2-3,zeros-la-2,26,184,10,64,32,0,2,0,4,0,0,0,0,0,0,2,32,0,0,8,16,10,2,1,1,1,1,0,0,0,0,0,0
184,9,zeros-la-2-3,zeros-la-2,27,184,9,66,32,0,2,2,4,0,0,8,32,0,0,0,16,0,0,0,2,9,3,1,1,1,1,0,0,0,0,0,0
188,9,zeros-la-2-3,zeros-la-2,28,188,9,68,32,4,4,2,0,8,32,0,0,16,0,0,0,2,0,0,0,9,2,2,1,1,1,0,0,0,0,0,0
196,9,zeros-la-2-3,zeros-la-2,29,196,9,70,32,8,2,0,2,8,32,0,0,16,0,0,0,2,0,0,0,9,3,0,2,1,1,0,0,0,0,0,0
212,9,zeros-la-2-3,zeros-la-2,30,212,9,72,32,0,0,0,0,16,0,0,2,16,2,0,0,2,32,0,2,9,4,0,0,2,1,0,0,0,0,0,0
248,10,zeros-la-2-3,zeros-la-2,31,248,10,74,32,0,0,2,0,0,0,0,0,32,2,0,0,2,32,0,4,10,3,1,0,0,2,0,0,0,0,0,0
248,9,zeros-la-2-3,zeros-la-2,32,248,9,76,32,32,2,2,4,2,32,0,0,0,0,0,0,0,2,0,0,9,4,1,0,0,2,0,0,0,0,0,0
252,9,zeros-la-2-3,zeros-la-2,33,252,9,78,32,32,4,4,0,2,32,0,0,0,0,0,0,2,2,0,0,9,3,2,0,0,2,0,0,0,0,0,0
264,10,zeros-la-2-3,zeros-la-2,34,264,10,80,32,0,0,32,8,0,0,2,32,0,0,0,0,0,0,2,4,10,2,1,1,0,2,0,0,0,0,0,0
268,10,zeros-la-2-3,zeros-la-2,35,268,10,82,32,0,0,0,0,2,0,0,8,0,0,32,32,0,0,4,4,10,1,2,1,0,2,0,0,0,0,0,0
340,11,zeros-la-2-3,zeros-la-2,36,340,11,84,64,2,0,0,0,0,0,2,8,0,0,0,64,0,0,0,8,11,2,0,2,0,0,1,0,0,0,0,0
340,10,zeros-la-2-3,zeros-la-2,37,340,10,86,64,2,0,0,0,2,8,0,0,64,0,0,0,8,2,0,0,10,3,0,2,0,0,1,0,0,0,0,0
344,10,zeros-la-2-3,zeros-la-2,38,344,10,88,64,4,8,0,0,64,2,2,0,8,0,0,0,0,0,0,0,10,2,1,2,0,0,1,0,0,0,0,0
348,10,zeros-la-2-3,zeros-la-2,39,348,10,92,64,4,8,0,0,64,4,0,0,8,0,0,0,4,0,0,0,10,0,3,2,0,0,1,0,0,0,0,0
348,9,zeros-la-2-3,zeros-la-2,40,348,9,94,64,4,0,0,0,64,0,0,0,8,8,0,0,4,4,0,2,9,1,3,2,0,0,1,0,0,0,0,0
372,10,zeros-la-2-3,zeros-la-2,41,372,10,96,64,4,0,0,0,64,0,0,0,16,2,0,0,8,2,0,0,10,2,1,1,1,0,1,0,0,0,0,0
376,10,zeros-la-2-3,zeros-la-2,42,376,10,98,64,4,4,0,0,64,0,2,0,16,0,0,0,8,0,0,0,10,1,2,1,1,0,1,0,0,0,0,0
384,10,zeros-la-2-3,zeros-la-2,43,384,10,100,64,8,2,0,0,64,2,0,0,16,0,0,0,8,0,0,0,10,2,0,2,1,0,1,0,0,0,0,0
388,10,zeros-la-2-3,zeros-la-2,44,388,10,102,64,8,0,0,0,64,0,0,2,16,0,0,0,8,4,0,0,10,1,1,2,1,0,1,0,0,0,0,0
388,9,zeros-la-2-3,zeros-la-2,45,388,9,104,64,8,0,0,2,64,0,0,0,16,0,0,0,8,4,0,2,9,2,1,2,1,0,1,0,0,0,0,0
392,9,zeros-la-2-3,zeros-la-2,46,392,9,106,64,8,4,0,4,64,0,0,0,16,0,2,0,8,0,0,0,9,1,2,2,1,0,1,0,0,0,0,0
400,9,zeros-la-2-3,zeros-la-2,47,400,9,108,64,8,8,0,2,64,0,0,0,16,2,0,0,8,0,0,0,9,2,0,3,1,0,1,0,0,0,0,0
416,9,zeros-la-2-3,zeros-la-2,48,416,9,110,64,0,0,16,2,0,0,0,64,2,0,16,2,0,0,0,8,9,3,0,1,2,0,1,0,0,0,0,0
448,9,zeros-la-2-3,zeros-la-2,49,448,9,114,64,0,0,0,2,4,0,0,64,0,0,0,2,2,0,32,8,9,3,1,1,0,1,1,0,0,0,0,0
448,8,zeros-la-2-3,zeros-la-2,50,448,8,116,64,0,0,2,2,0,0,4,64,0,0,0,2,0,2,32,8,8,4,1,1,0,1,1,0,0,0,0,0
452,8,zeros-la-2-3,zeros-la-2,51,452,8,118,64,4,0,0,2,4,64,0,0,2,0,0,0,2,32,8,0,8,3,2,1,0,1,1,0,0,0,0,0
464,9,zeros-la-2-3,zeros-la-2,52,464,9,122,64,0,0,0,0,0,0,0,0,8,64,4,0,4,32,8,2,9,1,2,2,0,1,1,0,0,0,0,0
464,8,zeros-la-2-3,zeros-la-2,53,464,8,124,64,0,0,0,2,0,0,0,0,8,64,4,0,4,32,8,2,8,2,2,2,0,1,1,0,0,0,0,0
468,8,zeros-la-2-3,zeros-la-2,54,468,8,126,64,8,64,4,4,4,32,8,0,0,0,0,2,0,0,0,0,8,1,3,2,0,1,1,0,0,0,0,0
476,8,zeros-la-2-3,zeros-la-2,55,476,8,128,64,8,64,8,0,4,32,8,0,2,0,0,2,0,0,0,0,8,2,1,3,0,1,1,0,0,0,0,0
480,8,zeros-la-2-3,zeros-la-2,56,480,8,130,64,8,64,8,0,4,32,8,0,4,0,0,0,2,0,0,0,8,1,2,3,0,1,1,0,0,0,0,0
504,9,zeros-la-2-3,zeros-la-2,57,504,9,132,64,0,0,0,0,8,0,0,2,8,64,0,0,2,32,16,0,9,2,0,2,1,1,1,0,0,0,0,0
520,9,zeros-la-2-3,zeros-la-2,58,520,9,134,64,0,0,0,0,2,0,0,0,16,64,0,0,2,32,16,2,9,3,0,0,2,1,1,0,0,0,0,0
520,8,zeros-la-2-3,zeros-la-2,59,520,8,136,64,2,64,16,2,16,32,0,0,2,0,0,2,0,0,0,0,8,4,0,0,2,1,1,0,0,0,0,0
524,8,zeros-la-2-3,zeros-la-2,60,524,8,138,64,2,64,16,4,16,32,0,2,2,0,0,0,0,0,0,0,8,3,1,0,2,1,1,0,0,0,0,0
524,7,zeros-la-2-3,zeros-la-2,61,524,7,142,64,2,64,16,4,0,16,32,2,0,0,0,2,4,0,0,0,7,3,2,0,2,1,1,0,0,0,0,0
528,7,zeros-la-2-3,zeros-la-2,62,528,7,144,64,0,0,0,0,0,2,0,0,2,64,16,4,4,16,32,4,7,2,3,0,2,1,1,0,0,0,0,0
536,7,zeros-la-2-3,zeros-la-2,63,536,7,146,64,2,2,16,8,4,64,32,2,0,16,0,0,0,0,0,0,7,3,1,1,2,1,1,0,0,0,0,0
540,7,zeros-la-2-3,zeros-la-2,64,540,7,150,64,4,16,8,0,4,64,32,2,16,4,0,0,0,0,0,0,7,1,3,1,2,1,1,0,0,0,0,0
548,7,zeros-la-2-3,zeros-la-2,65,548,7,152,64,0,0,0,2,0,16,0,0,8,64,8,0,16,4,32,2,7,2,1,2,2,1,1,0,0,0,0,0
552,7,zeros-la-2-3,zeros-la-2,66,552,7,154,64,8,16,8,4,16,64,32,0,0,4,0,0,2,0,0,0,7,1,2,2,2,1,1,0,0,0,0,0
552,6,zeros-la-2-3,zeros-la-2,67,552,6,156,64,8,16,8,4,0,16,64,32,2,0,0,4,0,0,0,2,6,2,2,2,2,1,1,0,0,0,0,0
584,6,zeros-la-2-3,zeros-la-2,68,584,6,158,64,8,32,8,4,2,0,64,32,2,0,0,4,0,0,0,2,6,3,2,2,0,2,1,0,0,0,0,0
588,6,zeros-la-2-3,zeros-la-2,69,588,6,160,64,0,0,0,4,2,0,0,32,8,0,8,4,4,32,64,2,6,2,3,2,0,2,1,0,0,0,0,0
604,6,zeros-la-2-3,zeros-la-2,70,604,6,162,64,4,0,0,0,2,32,0,0,16,4,2,0,4,32,64,2,6,3,3,0,1,2,1,0,0,0,0,0
604,5,zeros-la-2-3,zeros-la-2,71,604,5,164,64,0,0,0,4,0,0,2,32,2,16,4,2,4,32,64,2,5,4,3,0,1,2,1,0,0,0,0,0
608,5,zeros-la-2-3,zeros-la-2,72,608,5,166,64,0,0,0,0,0,2,2,4,2,16,4,32,4,32,64,4,5,3,4,0,1,2,1,0,0,0,0,0
612,5,zeros-la-2-3,zeros-la-2,73,612,5,168,64,2,0,0,0,0,0,4,4,2,16,4,32,4,32,64,4,5,2,5,0,1,2,1,0,0,0,0,0
624,6,zeros-la-2-3,zeros-la-2,74,624,6,170,64,0,0,0,0,0,2,0,4,4,16,8,32,4,32,64,4,6,1,4,1,1,2,1,0,0,0,0,0
632,6,zeros-la-2-3,zeros-la-2,75,632,6,172,64,0,0,0,0,2,2,0,4,0,16,8,32,8,32,64,4,6,2,2,2,1,2,1,0,0,0,0,0
636,6,zeros-la-2-3,zeros-la-2,76,636,6,174,64,0,0,0,0,4,4,0,2,16,8,32,0,8,32,64,4,6,1,3,2,1,2,1,0,0,0,0,0
644,6,zeros-la-2-3,zeros-la-2,77,644,6,176,64,0,0,2,0,0,0,8,2,0,16,8,32,8,32,64,4,6,2,1,3,1,2,1,0,0,0,0,0
660,6,zeros-la-2-3,zeros-la-2,78,660,6,178,64,0,0,0,0,0,0,2,2,2,16,16,32,8,32,64,4,6,3,1,1,2,2,1,0,0,0,0,0
696,7,zeros-la-2-3,zeros-la-2,79,696,7,182,64,0,0,0,0,4,0,0,4,2,32,32,0,8,32,64,4,7,1,3,1,0,3,1,0,0,0,0,0
768,8,zeros-la-2-3,zeros-la-2,80,768,8,184,64,0,0,2,0,4,0,0,0,2,0,32,0,8,64,64,8,8,2,1,2,0,1,2,0,0,0,0,0
896,8,zeros-la-2-3,zeros-la-2,81,896,8,186,128,0,0,0,2,0,0,0,4,0,0,2,32,2,8,128,8,8,3,1,2,0,1,0,1,0,0,0,0
896,7,zeros-la-2-3,zeros-la-2,82,896,7,188,128,0,0,0,2,0,0,0,4,2,0,2,32,2,8,128,8,7,4,1,2,0,1,0,1,0,0,0,0
900,7,zeros-la-2-3,zeros-la-2,83,900,7,190,128,2,0,0,0,4,2,0,0,4,32,0,0,2,8,128,8,7,3,2,2,0,1,0,1,0,0,0,0
908,7,zeros-la-2-3,zeros-la-2,84,908,7,194,128,2,2,128,8,8,32,0,0,2,8,0,0,0,0,4,0,7,3,1,3,0,1,0,1,0,0,0,0
912,7,zeros-la-2-3,zeros-la-2,85,912,7,196,128,0,4,128,8,0,0,8,32,0,0,2,8,0,2,0,4,7,2,2,3,0,1,0,1,0,0,0,0
912,6,zeros-la-2-3,zeros-la-2,86,912,6,198,128,0,2,0,8,0,0,128,32,0,4,8,8,0,2,2,4,6,3,2,3,0,1,0,1,0,0,0,0
932,7,zeros-la-2-3,zeros-la-2,87,932,7,200,128,0,2,2,8,0,0,128,32,0,0,4,16,0,0,4,4,7,2,3,1,1,1,0,1,0,0,0,0
944,8,zeros-la-2-3,zeros-la-2,88,944,8,204,128,4,8,0,0,128,32,0,0,4,16,0,0,8,0,4,0,8,0,3,2,1,1,0,1,0,0,0,0
944,7,zeros-la-2-3,zeros-la-2,89,944,7,208,128,0,0,4,8,4,0,128,32,0,0,4,16,0,0,8,4,7,0,4,2,1,1,0,1,0,0,0,0
944,6,zeros-la-2-3,zeros-la-2,90,944,6,210,128,4,8,0,2,4,128,32,0,4,16,0,0,8,4,0,0,6,1,4,2,1,1,0,1,0,0,0,0
952,6,zeros-la-2-3,zeros-la-2,91,952,6,212,128,0,8,0,0,4,128,0,0,8,16,2,0,8,4,32,2,6,2,2,3,1,1,0,1,0,0,0,0
968,6,zeros-la-2-3,zeros-la-2,92,968,6,214,128,4,8,2,2,16,128,32,0,0,16,0,0,2,4,0,0,6,3,2,1,2,1,0,1,0,0,0,0
972,6,zeros-la-2-3,zeros-la-2,93,972,6,216,128,4,8,4,0,16,128,32,0,16,0,0,0,2,4,0,2,6,2,3,1,2,1,0,1,0,0,0,0
1004,6,zeros-la-2-3,zeros-la-2,94,1004,6,218,128,0,0,2,0,4,8,0,0,32,128,4,0,2,4,32,2,6,3,3,1,0,2,0,1,0,0,0,0
1004,5,zeros-la-2-3,zeros-la-2,95,1004,5,220,128,4,8,2,2,32,128,4,0,2,4,32,2,0,0,0,0,5,4,3,1,0,2,0,1,0,0,0,0
1008,5,zeros-la-2-3,zeros-la-2,96,1008,5,222,128,4,8,4,2,32,128,4,0,2,4,32,2,0,0,0,0,5,3,4,1,0,2,0,1,0,0,0,0
1020,6,zeros-la-2-3,zeros-la-2,97,1020,6,224,128,4,8,8,4,32,128,32,2,2,4,0,0,0,0,0,0,6,2,3,2,0,2,0,1,0,0,0,0
1036,6,zeros-la-2-3,zeros-la-2,98,1036,6,226,128,4,16,4,0,32,128,32,2,2,4,0,0,2,0,0,0,6,3,3,0,1,2,0,1,0,0,0,0
1040,6,zeros-la-2-3,zeros-la-2,99,1040,6,228,128,0,0,2,0,4,16,0,0,32,128,4,0,4,4,32,2,6,2,4,0,1,2,0,1,0,0,0,0
1048,6,zeros-la-2-3,zeros-la-2,100,1048,6,230,128,2,0,0,0,4,16,2,0,32,128,4,0,8,32,2,0,6,3,2,1,1,2,0,1,0,0,0,0
1048,5,zeros-la-2-3,zeros-la-2,101,1048,5,232,128,2,16,2,2,4,128,4,0,32,32,2,0,8,0,0,0,5,4,2,1,1,2,0,1,0,0,0,0
1116,6,zeros-la-2-3,zeros-la-2,102,1116,6,234,128,2,16,4,0,4,128,4,0,64,2,0,0,8,0,0,2,6,3,3,1,1,0,1,1,0,0,0,0
1124,6,zeros-la-2-3,zeros-la-2,103,1124,6,236,128,2,0,0,0,4,16,2,0,64,128,0,0,8,2,8,2,6,4,1,2,1,0,1,1,0,0,0,0
1124,5,zeros-la-2-3,zeros-la-2,104,1124,5,238,128,2,0,0,0,4,16,2,0,64,128,2,0,8,2,8,2,5,5,1,2,1,0,1,1,0,0,0,0
1128,5,zeros-la-2-3,zeros-la-2,105,1128,5,240,128,2,0,0,0,4,16,0,2,64,128,4,0,8,2,8,2,5,4,2,2,1,0,1,1,0,0,0,0
1132,5,zeros-la-2-3,zeros-la-2,106,1132,5,242,128,2,16,4,4,4,128,8,2,64,2,0,0,8,0,0,0,5,3,3,2,1,0,1,1,0,0,0,0
1140,5,zeros-la-2-3,zeros-la-2,107,1140,5,244,128,2,16,8,2,4,128,8,2,64,2,0,0,8,0,0,0,5,4,1,3,1,0,1,1,0,0,0,0
1160,6,zeros-la-2-3,zeros-la-2,108,1160,6,246,128,2,16,16,4,4,128,0,0,64,2,0,0,8,0,2,0,6,3,2,1,2,0,1,1,0,0,0,0
1192,6,zeros-la-2-3,zeros-la-2,109,1192,6,248,128,0,2,32,4,0,0,4,128,0,0,64,2,2,0,8,2,6,4,2,1,0,1,1,1,0,0,0,0
1196,6,zeros-la-2-3,zeros-la-2,110,1196,6,252,128,0,0,32,0,4,0,4,4,0,0,64,128,2,2,8,4,6,2,4,1,0,1,1,1,0,0,0,0
1208,7,zeros-la-2-3,zeros-la-2,111,1208,7,254,128,32,0,0,0,8,4,0,0,64,128,0,2,4,8,4,0,7,1,3,2,0,1,1,1,0,0,0,0
1208,6,zeros-la-2-3,zeros-la-2,112,1208,6,256,128,32,0,0,0,8,4,0,0,64,128,2,0,4,8,4,2,6,2,3,2,0,1,1,1,0,0,0,0
1208,5,zeros-la-2-3,zeros-la-2,113,1208,5,258,128,32,2,0,0,8,4,0,0,64,128,2,0,4,8,4,2,5,3,3,2,0,1,1,1,0,0,0,0
1208,4,zeros-la-2-3,zeros-la-2,114,1208,4,260,128,32,2,2,2,8,4,4,0,64,128,0,0,4,8,0,2,4,4,3,2,0,1,1,1,0,0,0,0
1220,5,zeros-la-2-3,zeros-la-2,115,1220,5,264,128,32,4,2,4,8,8,0,0,64,128,0,0,4,8,2,0,5,2,3,3,0,1,1,1,0,0,0,0
1224,5,zeros-la-2-3,zeros-la-2,116,1224,5,266,128,32,4,4,4,8,8,0,2,64,128,0,0,4,8,0,0,5,1,4,3,0,1,1,1,0,0,0,0
1248,6,zeros-la-2-3,zeros-la-2,117,1248,6,270,128,32,8,4,0,16,2,0,4,64,128,0,0,4,8,0,0,6,1,3,2,1,1,1,1,0,0,0,0
1248,5,zeros-la-2-3,zeros-la-2,118,1248,5,272,128,32,8,4,4,16,2,0,0,64,128,0,0,4,8,2,0,5,2,3,2,1,1,1,1,0,0,0,0
1256,5,zeros-la-2-3,zeros-la-2,119,1256,5,274,128,32,8,8,0,16,2,2,0,64,128,0,0,4,8,2,0,5,3,1,3,1,1,1,1,0,0,0,0
1276,6,zeros-la-2-3,zeros-la-2,120,1276,6,276,128,32,16,0,0,16,4,0,2,64,128,0,0,4,8,2,0,6,2,2,1,2,1,1,1,0,0,0,0
1276,5,zeros-la-2-3,zeros-la-2,121,1276,5,278,128,32,16,2,2,16,4,0,0,64,128,0,0,4,8,2,0,5,3,2,1,2,1,1,1,0,0,0,0
1280,5,zeros-la-2-3,zeros-la-2,122,1280,5,280,128,0,32,16,4,0,0,16,4,2,0,64,128,0,4,8,2,5,2,3,1,2,1,1,1,0,0,0,0
1320,6,zeros-la-2-3,zeros-la-2,123,1320,6,282,128,2,32,32,8,0,4,64,128,0,0,8,2,0,0,0,2,6,3,1,2,0,2,1,1,0,0,0,0
1384,6,zeros-la-2-3,zeros-la-2,124,1384,6,284,128,0,2,64,8,0,4,64,128,0,0,8,2,0,0,2,2,6,4,1,2,0,0,2,1,0,0,0,0
1516,7,zeros-la-2-3,zeros-la-2,125,1516,7,286,128,0,0,0,0,0,0,128,8,2,2,8,128,0,4,2,4,7,3,2,2,0,0,0,2,0,0,0,0
1520,7,zeros-la-2-3,zeros-la-2,126,1520,7,288,128,0,0,0,0,128,8,0,0,4,8,128,2,4,2,4,0,7,2,3,2,0,0,0,2,0,0,0,0
1544,8,zeros-la-2-3,zeros-la-2,127,1544,8,290,128,0,0,0,0,2,0,0,0,128,16,128,0,8,2,4,2,8,3,1,1,1,0,0,2,0,0,0,0
1544,7,zeros-la-2-3,zeros-la-2,128,1544,7,292,128,2,16,128,2,128,2,4,2,8,0,0,0,0,0,0,0,7,4,1,1,1,0,0,2,0,0,0,0
1548,7,zeros-la-2-3,zeros-la-2,129,1548,7,294,128,0,0,2,0,2,0,0,0,128,16,128,0,8,2,4,4,7,3,2,1,1,0,0,2,0,0,0,0
1556,7,zeros-la-2-3,zeros-la-2,130,1556,7,296,128,2,0,0,2,2,0,0,0,128,16,128,0,8,2,8,0,7,4,0,2,1,0,0,2,0,0,0,0
1560,7,zeros-la-2-3,zeros-la-2,131,1560,7,300,128,4,4,0,0,2,0,0,0,128,16,128,0,8,2,8,0,7,2,2,2,1,0,0,2,0,0,0,0
1568,7,zeros-la-2-3,zeros-la-2,132,1568,7,302,128,0,0,2,8,0,0,0,2,0,128,16,128,0,8,2,8,7,3,0,3,1,0,0,2,0,0,0,0
1568,6,zeros-la-2-3,zeros-la-2,133,1568,6,304,128,2,8,0,0,2,0,0,2,128,16,128,0,8,2,8,0,6,4,0,3,1,0,0,2,0,0,0,0
1572,6,zeros-la-2-3,zeros-la-2,134,1572,6,306,128,4,8,128,2,128,16,8,0,8,2,0,0,0,0,2,0,6,3,1,3,1,0,0,2,0,0,0,0
1572,5,zeros-la-2-3,zeros-la-2,135,1572,5,308,128,4,8,128,2,128,16,8,0,8,2,2,2,0,0,0,0,5,4,1,3,1,0,0,2,0,0,0,0
1576,5,zeros-la-2-3,zeros-la-2,136,1576,5,310,128,0,2,0,0,4,8,128,0,128,16,8,0,8,2,2,4,5,3,2,3,1,0,0,2,0,0,0,0
1580,5,zeros-la-2-3,zeros-la-2,137,1580,5,312,128,2,0,0,0,4,8,128,0,128,16,8,2,8,4,4,0,5,2,3,3,1,0,0,2,0,0,0,0
1588,5,zeros-la-2-3,zeros-la-2,138,1588,5,314,128,0,2,0,2,0,4,8,128,128,16,8,2,0,0,8,8,5,3,1,4,1,0,0,2,0,0,0,0
1608,6,zeros-la-2-3,zeros-la-2,139,1608,6,316,128,4,2,0,0,4,8,128,0,128,16,8,2,16,0,0,0,6,2,2,2,2,0,0,2,0,0,0,0
1616,6,zeros-la-2-3,zeros-la-2,140,1616,6,318,128,0,0,0,0,8,2,0,2,128,8,128,0,16,16,8,2,6,3,0,3,2,0,0,2,0,0,0,0
1652,7,zeros-la-2-3,zeros-la-2,141,1652,7,320,128,0,2,0,0,8,4,0,0,128,8,128,0,32,8,2,0,7,2,1,3,0,1,0,2,0,0,0,0
1668,7,zeros-la-2-3,zeros-la-2,142,1668,7,322,128,0,0,0,0,8,2,2,0,128,4,128,0,32,16,2,0,7,3,1,1,1,1,0,2,0,0,0,0
1672,7,zeros-la-2-3,zeros-la-2,143,1672,7,324,128,2,0,0,0,8,4,0,0,128,4,128,0,32,16,2,0,7,2,2,1,1,1,0,2,0,0,0,0
1680,7,zeros-la-2-3,zeros-la-2,144,1680,7,326,128,2,0,0,2,8,0,0,0,128,8,128,0,32,16,2,0,7,3,0,2,1,1,0,2,0,0,0,0
1684,7,zeros-la-2-3,zeros-la-2,145,1684,7,328,128,0,0,0,4,0,0,0,8,2,128,8,128,0,32,16,2,7,2,1,2,1,1,0,2,0,0,0,0
1684,6,zeros-la-2-3,zeros-la-2,146,1684,6,330,128,2,128,8,4,0,32,16,8,0,0,0,128,0,0,2,2,6,3,1,2,1,1,0,2,0,0,0,0
1688,6,zeros-la-2-3,zeros-la-2,147,1688,6,332,128,2,128,8,4,32,16,8,0,128,0,0,0,4,2,0,0,6,2,2,2,1,1,0,2,0,0,0,0
1704,6,zeros-la-2-3,zeros-la-2,148,1704,6,334,128,2,128,16,4,32,16,2,0,128,2,0,0,4,0,0,0,6,3,2,0,2,1,0,2,0,0,0,0
1704,5,zeros-la-2-3,zeros-la-2,149,1704,5,336,128,2,128,16,4,0,32,16,2,0,2,128,2,0,0,0,4,5,4,2,0,2,1,0,2,0,0,0,0
1740,6,zeros-la-2-3,zeros-la-2,150,1740,6,338,128,2,128,32,4,0,32,128,4,0,2,0,4,0,0,0,2,6,3,3,0,0,2,0,2,0,0,0,0
1748,6,zeros-la-2-3,zeros-la-2,151,1748,6,340,128,0,0,0,0,2,128,0,4,0,32,32,8,2,2,128,2,6,4,1,1,0,2,0,2,0,0,0,0
1816,7,zeros-la-2-3,zeros-la-2,152,1816,7,344,128,0,0,0,0,4,2,128,4,0,0,64,8,0,4,128,2,7,2,3,1,0,0,1,2,0,0,0,0
1816,6,zeros-la-2-3,zeros-la-2,153,1816,6,346,128,0,0,0,0,2,0,128,4,0,2,64,8,4,4,128,2,6,3,3,1,0,0,1,2,0,0,0,0
1824,6,zeros-la-2-3,zeros-la-2,154,1824,6,348,128,0,0,0,2,0,2,128,4,0,2,64,8,0,8,128,2,6,4,1,2,0,0,1,2,0,0,0,0
1828,6,zeros-la-2-3,zeros-la-2,155,1828,6,350,128,0,4,128,2,0,8,64,4,0,2,128,8,0,0,0,2,6,3,2,2,0,0,1,2,0,0,0,0
1828,5,zeros-la-2-3,zeros-la-2,156,1828,5,352,128,4,128,2,2,8,64,4,0,2,128,8,0,2,0,0,0,5,4,2,2,0,0,1,2,0,0,0,0
1832,5,zeros-la-2-3,zeros-la-2,157,1832,5,354,128,4,128,4,0,8,64,4,0,2,128,8,0,2,0,2,0,5,3,3,2,0,0,1,2,0,0,0,0
1844,6,zeros-la-2-3,zeros-la-2,158,1844,6,356,128,4,128,8,0,8,64,8,0,4,128,2,0,0,0,2,0,6,2,2,3,0,0,1,2,0,0,0,0
1864,7,zeros-la-2-3,zeros-la-2,159,1864,7,358,128,0,2,0,0,4,128,0,0,8,64,16,0,4,128,4,0,7,1,3,1,1,0,1,2,0,0,0,0
1864,6,zeros-la-2-3,zeros-la-2,160,1864,6,360,128,0,0,2,2,0,0,4,128,0,8,64,16,0,4,128,4,6,2,3,1,1,0,1,2,0,0,0,0
1868,6,zeros-la-2-3,zeros-la-2,161,1868,6,362,128,4,0,2,0,4,128,0,0,8,64,16,0,4,128,4,0,6,1,4,1,1,0,1,2,0,0,0,0
1876,6,zeros-la-2-3,zeros-la-2,162,1876,6,364,128,8,128,2,0,8,64,16,0,4,128,4,0,2,0,0,0,6,2,2,2,1,0,1,2,0,0,0,0
1892,6,zeros-la-2-3,zeros-la-2,163,1892,6,366,128,2,0,0,0,16,128,2,0,4,64,16,0,2,128,4,0,6,3,2,0,2,0,1,2,0,0,0,0
1892,5,zeros-la-2-3,zeros-la-2,164,1892,5,370,128,0,0,0,2,4,16,128,2,0,4,64,16,0,2,128,4,5,3,3,0,2,0,1,2,0,0,0,0
1892,4,zeros-la-2-3,zeros-la-2,165,1892,4,372,128,2,0,0,0,4,16,128,2,4,64,16,0,2,128,4,2,4,4,3,0,2,0,1,2,0,0,0,0
1904,5,zeros-la-2-3,zeros-la-2,166,1904,5,374,128,0,2,0,0,2,16,128,0,8,64,16,0,2,128,4,4,5,3,2,1,2,0,1,2,0,0,0,0
1912,5,zeros-la-2-3,zeros-la-2,167,1912,5,376,128,2,0,0,0,2,16,128,0,8,64,16,0,2,128,8,2,5,4,0,2,2,0,1,2,0,0,0,0
1916,5,zeros-la-2-3,zeros-la-2,168,1916,5,378,128,2,0,0,0,4,16,128,0,8,64,16,0,2,128,8,2,5,3,1,2,2,0,1,2,0,0,0,0
1916,4,zeros-la-2-3,zeros-la-2,169,1916,4,382,128,2,4,0,0,4,16,128,0,8,64,16,0,2,128,8,2,4,3,2,2,2,0,1,2,0,0,0,0
1916,3,zeros-la-2-3,zeros-la-2,170,1916,3,384,128,2,4,128,2,4,16,16,2,8,64,8,0,2,128,0,0,3,4,2,2,2,0,1,2,0,0,0,0
1948,3,zeros-la-2-3,zeros-la-2,171,1948,3,386,128,2,4,128,2,0,4,32,2,0,8,64,8,0,2,2,128,3,5,2,2,0,1,1,2,0,0,0,0
1960,4,zeros-la-2-3,zeros-la-2,172,1960,4,388,128,2,8,128,4,0,8,32,8,0,2,64,128,2,0,2,0,4,4,1,3,0,1,1,2,0,0,0,0
1980,5,zeros-la-2-3,zeros-la-2,173,1980,5,392,128,4,0,128,0,0,0,32,4,0,16,64,8,4,2,2,128,5,2,3,1,1,1,1,2,0,0,0,0
1988,5,zeros-la-2-3,zeros-la-2,174,1988,5,394,128,0,2,128,0,0,0,32,4,0,16,64,8,8,2,2,128,5,3,1,2,1,1,1,2,0,0,0,0
1992,5,zeros-la-2-3,zeros-la-2,175,1992,5,396,128,0,0,2,128,2,0,32,4,0,16,64,8,0,8,4,128,5,2,2,2,1,1,1,2,0,0,0,0
1992,4,zeros-la-2-3,zeros-la-2,176,1992,4,398,128,0,0,2,128,0,2,32,4,0,16,64,8,2,8,4,128,4,3,2,2,1,1,1,2,0,0,0,0
1992,3,zeros-la-2-3,zeros-la-2,177,1992,3,400,128,0,0,2,128,2,2,32,4,0,16,64,8,2,8,4,128,3,4,2,2,1,1,1,2,0,0,0,0
1996,3,zeros-la-2-3,zeros-la-2,178,1996,3,402,128,4,2,2,128,0,16,32,4,0,8,64,8,0,2,4,128,3,3,3,2,1,1,1,2,0,0,0,0
2000,3,zeros-la-2-3,zeros-la-2,179,2000,3,406,128,4,4,4,128,0,16,32,4,0,8,64,8,0,2,4,128,3,1,5,2,1,1,1,2,0,0,0,0
2008,3,zeros-la-2-3,zeros-la-2,180,2008,3,410,128,0,4,8,128,4,16,32,4,0,8,64,8,0,2,4,128,3,1,4,3,1,1,1,2,0,0,0,0
2008,2,zeros-la-2-3,zeros-la-2,181,2008,2,412,128,4,4,8,128,0,16,32,4,0,8,64,8,2,2,4,128,2,2,4,3,1,1,1,2,0,0,0,0
2020,3,zeros-la-2-3,zeros-la-2,182,2020,3,414,128,8,8,128,0,16,32,4,0,8,64,8,2,4,4,128,0,3,1,3,4,1,1,1,2,0,0,0,0
2044,4,zeros-la-2-3,zeros-la-2,183,2044,4,416,128,16,128,0,2,16,32,4,0,8,64,8,2,8,128,0,0,4,2,1,3,2,1,1,2,0,0,0,0
2096,6,zeros-la-2-3,zeros-la-2,184,2096,6,418,128,32,128,4,4,16,32,8,0,2,64,0,0,0,128,0,0,6,1,2,1,1,2,1,2,0,0,0,0
2104,6,zeros-la-2-3,zeros-la-2,185,2104,6,420,128,2,32,128,8,0,16,32,8,0,0,2,64,0,0,0,128,6,2,0,2,1,2,1,2,0,0,0,0
2120,6,zeros-la-2-3,zeros-la-2,186,2120,6,422,128,0,0,0,0,0,0,128,16,2,32,32,64,2,16,2,128,6,3,0,0,2,2,1,2,0,0,0,0
2184,6,zeros-la-2-3,zeros-la-2,187,2184,6,424,128,2,0,0,0,128,16,0,0,2,64,64,0,2,16,2,128,6,4,0,0,2,0,2,2,0,0,0,0
2312,6,zeros-la-2-3,zeros-la-2,188,2312,6,426,128,0,0,0,2,2,0,128,16,0,0,2,128,2,16,2,128,6,5,0,0,2,0,0,3,0,0,0,0
2576,8,zeros-la-2-3,zeros-la-2,189,2576,8,428,256,2,0,0,0,0,0,0,2,0,0,128,16,4,16,4,256,8,2,2,0,2,0,0,1,1,0,0,0
2576,7,zeros-la-2-3,zeros-la-2,190,2576,7,430,256,2,0,0,0,2,0,0,2,128,16,0,0,4,16,4,256,7,3,2,0,2,0,0,1,1,0,0,0
2612,8,zeros-la-2-3,zeros-la-2,191,2612,8,432,256,0,0,0,0,4,0,0,0,128,2,0,2,4,32,4,256,8,2,3,0,0,1,0,1,1,0,0,0
2616,8,zeros-la-2-3,zeros-la-2,192,2616,8,434,256,0,0,0,0,0,0,0,4,0,2,128,4,4,32,4,256,8,1,4,0,0,1,0,1,1,0,0,0
2616,7,zeros-la-2-3,zeros-la-2,193,2616,7,436,256,0,0,0,0,0,2,0,4,0,2,128,4,4,32,4,256,7,2,4,0,0,1,0,1,1,0,0,0
2628,8,zeros-la-2-3,zeros-la-2,194,2628,8,438,256,4,4,128,8,2,32,4,256,0,0,0,0,0,0,0,0,8,1,3,1,0,1,0,1,1,0,0,0
2636,8,zeros-la-2-3,zeros-la-2,195,2636,8,442,256,0,8,128,8,2,32,4,256,0,0,0,0,4,0,0,0,8,1,2,2,0,1,0,1,1,0,0,0
2636,7,zeros-la-2-3,zeros-la-2,196,2636,7,444,256,0,8,128,8,2,32,4,256,0,0,0,0,0,2,0,4,7,2,2,2,0,1,0,1,1,0,0,0
2636,6,zeros-la-2-3,zeros-la-2,197,2636,6,446,256,0,2,0,0,0,8,0,8,0,32,128,256,2,2,4,4,6,3,2,2,0,1,0,1,1,0,0,0
2664,8,zeros-la-2-3,zeros-la-2,198,2664,8,448,256,0,0,0,2,2,0,0,16,0,32,128,256,0,0,4,8,8,2,1,1,1,1,0,1,1,0,0,0
2664,7,zeros-la-2-3,zeros-la-2,199,2664,7,450,256,2,0,0,2,0,0,0,16,0,0,128,256,2,32,4,8,7,3,1,1,1,1,0,1,1,0,0,0
2668,7,zeros-la-2-3,zeros-la-2,200,2668,7,452,256,0,0,0,2,0,0,2,16,0,0,128,256,4,32,4,8,7,2,2,1,1,1,0,1,1,0,0,0
2668,6,zeros-la-2-3,zeros-la-2,201,2668,6,454,256,4,32,2,2,0,0,128,16,0,2,4,256,0,0,0,8,6,3,2,1,1,1,0,1,1,0,0,0
2672,6,zeros-la-2-3,zeros-la-2,202,2672,6,458,256,0,4,32,4,0,0,128,16,0,2,4,256,4,0,0,8,6,1,4,1,1,1,0,1,1,0,0,0
2672,5,zeros-la-2-3,zeros-la-2,203,2672,5,460,256,4,4,32,4,0,2,128,16,2,0,4,256,0,0,0,8,5,2,4,1,1,1,0,1,1,0,0,0
2680,5,zeros-la-2-3,zeros-la-2,204,2680,5,462,256,0,8,32,4,2,2,128,16,0,2,4,256,0,0,0,8,5,3,2,2,1,1,0,1,1,0,0,0
2684,5,zeros-la-2-3,zeros-la-2,205,2684,5,464,256,0,0,0,4,0,0,32,16,2,8,128,256,2,4,4,8,5,2,3,2,1,1,0,1,1,0,0,0
2692,5,zeros-la-2-3,zeros-la-2,206,2692,5,466,256,4,0,0,2,32,16,0,0,2,8,128,256,2,8,8,0,5,3,1,3,1,1,0,1,1,0,0,0
2712,6,zeros-la-2-3,zeros-la-2,207,2712,6,468,256,0,0,2,0,4,0,0,0,32,16,128,2,4,16,8,256,6,2,2,1,2,1,0,1,1,0,0,0
2744,6,zeros-la-2-3,zeros-la-2,208,2744,6,470,256,0,2,0,0,4,0,2,0,32,0,128,2,4,32,8,256,6,3,2,1,0,2,0,1,1,0,0,0
2744,5,zeros-la-2-3,zeros-la-2,209,2744,5,472,256,2,0,0,2,0,0,4,2,0,32,128,2,4,32,8,256,5,4,2,1,0,2,0,1,1,0,0,0
2812,6,zeros-la-2-3,zeros-la-2,210,2812,6,474,256,2,64,4,4,4,0,128,2,0,0,8,256,0,0,2,0,6,3,3,1,0,0,1,1,1,0,0,0
2820,6,zeros-la-2-3,zeros-la-2,211,2820,6,476,256,2,64,8,0,4,128,2,0,8,256,0,0,2,0,2,0,6,4,1,2,0,0,1,1,1,0,0,0
2824,6,zeros-la-2-3,zeros-la-2,212,2824,6,478,256,2,64,8,0,4,128,2,0,8,256,0,0,4,0,2,0,6,3,2,2,0,0,1,1,1,0,0,0
2828,6,zeros-la-2-3,zeros-la-2,213,2828,6,480,256,2,0,0,0,4,64,2,0,8,128,8,0,4,256,4,0,6,2,3,2,0,0,1,1,1,0,0,0
2828,5,zeros-la-2-3,zeros-la-2,214,2828,5,482,256,2,0,0,0,4,64,2,2,8,128,8,0,4,256,4,0,5,3,3,2,0,0,1,1,1,0,0,0
2832,5,zeros-la-2-3,zeros-la-2,215,2832,5,484,256,2,0,0,2,0,4,64,4,0,8,128,8,0,4,256,4,5,2,4,2,0,0,1,1,1,0,0,0
2836,5,zeros-la-2-3,zeros-la-2,216,2836,5,486,256,4,0,0,0,4,64,4,0,8,128,8,0,4,256,4,2,5,1,5,2,0,0,1,1,1,0,0,0
2844,5,zeros-la-2-3,zeros-la-2,217,2844,5,488,256,0,2,0,0,8,64,4,0,8,128,8,0,4,256,4,2,5,2,3,3,0,0,1,1,1,0,0,0
2860,5,zeros-la-2-3,zeros-la-2,218,2860,5,490,256,0,2,2,0,0,64,4,0,16,128,8,0,4,256,4,2,5,3,3,1,1,0,1,1,1,0,0,0
2864,5,zeros-la-2-3,zeros-la-2,219,2864,5,494,256,0,0,0,4,4,0,64,4,0,16,128,8,4,256,4,2,5,1,5,1,1,0,1,1,1,0,0,0
2880,6,zeros-la-2-3,zeros-la-2,220,2880,6,496,256,0,0,0,2,0,0,64,8,0,16,128,8,8,256,4,2,6,2,1,3,1,0,1,1,1,0,0,0
2896,6,zeros-la-2-3,zeros-la-2,221,2896,6,498,256,8,16,64,2,0,256,128,16,0,0,4,2,0,0,2,0,6,3,1,1,2,0,1,1,1,0,0,0
2896,5,zeros-la-2-3,zeros-la-2,222,2896,5,500,256,8,16,64,2,256,128,16,0,4,2,2,0,2,0,0,0,5,4,1,1,2,0,1,1,1,0,0,0
2900,5,zeros-la-2-3,zeros-la-2,223,2900,5,502,256,8,16,64,2,256,128,16,0,4,4,0,0,2,2,0,0,5,3,2,1,2,0,1,1,1,0,0,0
2912,6,zeros-la-2-3,zeros-la-2,224,2912,6,506,256,8,16,64,2,256,128,16,0,8,0,0,4,4,0,0,0,6,1,2,2,2,0,1,1,1,0,0,0
2912,5,zeros-la-2-3,zeros-la-2,225,2912,5,508,256,8,16,64,2,256,128,16,0,8,4,0,0,4,2,0,0,5,2,2,2,2,0,1,1,1,0,0,0
2912,4,zeros-la-2-3,zeros-la-2,226,2912,4,510,256,8,16,64,2,256,128,16,0,8,4,0,2,4,2,0,0,4,3,2,2,2,0,1,1,1,0,0,0
2916,4,zeros-la-2-3,zeros-la-2,227,2916,4,512,256,8,16,64,4,256,128,16,0,8,4,0,0,4,2,0,2,4,2,3,2,2,0,1,1,1,0,0,0
2920,4,zeros-la-2-3,zeros-la-2,228,2920,4,516,256,8,16,64,4,256,128,16,0,8,4,0,0,4,4,4,0,4,0,5,2,2,0,1,1,1,0,0,0
2928,4,zeros-la-2-3,zeros-la-2,229,2928,4,518,256,8,16,64,4,256,128,16,0,8,4,0,2,8,4,0,0,4,1,3,3,2,0,1,1,1,0,0,0
2952,5,zeros-la-2-3,zeros-la-2,230,2952,5,520,256,2,0,0,0,8,16,0,0,256,128,64,4,16,8,16,2,5,2,1,2,3,0,1,1,1,0,0,0
2952,4,zeros-la-2-3,zeros-la-2,231,2952,4,522,256,2,16,64,4,8,128,16,2,256,8,0,0,16,2,0,0,4,3,1,2,3,0,1,1,1,0,0,0
2952,3,zeros-la-2-3,zeros-la-2,232,2952,3,524,256,2,16,64,4,8,128,16,2,256,8,0,2,16,2,0,0,3,4,1,2,3,0,1,1,1,0,0,0
2956,3,zeros-la-2-3,zeros-la-2,233,2956,3,526,256,2,16,64,4,8,128,16,4,256,8,0,2,16,2,0,0,3,3,2,2,3,0,1,1,1,0,0,0
2964,3,zeros-la-2-3,zeros-la-2,234,2964,3,528,256,2,16,64,8,8,128,16,2,256,8,0,0,16,2,2,0,3,4,0,3,3,0,1,1,1,0,0,0
2964,2,zeros-la-2-3,zeros-la-2,235,2964,2,530,256,2,16,64,8,8,128,16,2,256,8,2,2,16,2,0,0,2,5,0,3,3,0,1,1,1,0,0,0
2968,2,zeros-la-2-3,zeros-la-2,236,2968,2,532,256,2,16,0,2,8,128,64,0,256,8,16,8,16,2,2,4,2,4,1,3,3,0,1,1,1,0,0,0
2972,2,zeros-la-2-3,zeros-la-2,237,2972,2,534,256,2,2,16,2,0,8,128,64,256,8,16,8,0,16,4,4,2,3,2,3,3,0,1,1,1,0,0,0
2984,3,zeros-la-2-3,zeros-la-2,238,2984,3,536,256,0,4,16,2,2,8,128,64,256,8,16,8,0,0,16,8,3,2,1,4,3,0,1,1,1,0,0,0
3048,5,zeros-la-2-3,zeros-la-2,239,3048,5,538,256,0,0,0,0,2,0,16,2,2,4,128,64,256,16,32,16,5,3,1,0,3,1,1,1,1,0,0,0
3052,5,zeros-la-2-3,zeros-la-2,240,3052,5,540,256,0,0,2,0,0,0,16,2,4,4,128,64,256,16,32,16,5,2,2,0,3,1,1,1,1,0,0,0
3060,5,zeros-la-2-3,zeros-la-2,241,3060,5,542,256,0,2,0,2,0,0,16,2,0,8,128,64,256,16,32,16,5,3,0,1,3,1,1,1,1,0,0,0
3064,5,zeros-la-2-3,zeros-la-2,242,3064,5,544,256,4,0,0,0,16,2,2,0,8,128,64,0,256,16,32,16,5,2,1,1,3,1,1,1,1,0,0,0
3068,5,zeros-la-2-3,zeros-la-2,243,3068,5,546,256,2,0,0,4,0,0,16,4,0,8,128,64,256,16,32,16,5,1,2,1,3,1,1,1,1,0,0,0
3076,5,zeros-la-2-3,zeros-la-2,244,3076,5,548,256,0,0,0,0,0,2,16,8,2,8,128,64,256,16,32,16,5,2,0,2,3,1,1,1,1,0,0,0
3076,4,zeros-la-2-3,zeros-la-2,245,3076,4,550,256,0,0,2,0,2,16,8,0,2,8,128,64,256,16,32,16,4,3,0,2,3,1,1,1,1,0,0,0
3080,4,zeros-la-2-3,zeros-la-2,246,3080,4,552,256,4,16,2,64,256,8,8,16,0,16,128,0,2,0,32,0,4,2,1,2,3,1,1,1,1,0,0,0
3096,4,zeros-la-2-3,zeros-la-2,247,3096,4,556,256,4,16,2,64,0,256,16,16,4,0,16,128,0,0,2,32,4,2,2,0,4,1,1,1,1,0,0,0
3136,5,zeros-la-2-3,zeros-la-2,248,3136,5,558,256,0,2,0,64,0,0,2,16,0,16,32,128,8,256,2,32,5,3,0,1,2,2,1,1,1,0,0,0
3136,4,zeros-la-2-3,zeros-la-2,249,3136,4,560,256,0,2,2,64,0,0,2,16,0,16,32,128,8,256,2,32,4,4,0,1,2,2,1,1,1,0,0,0
3140,4,zeros-la-2-3,zeros-la-2,250,3140,4,564,256,0,0,0,64,0,2,4,16,4,16,32,128,8,256,2,32,4,2,2,1,2,2,1,1,1,0,0,0
3140,3,zeros-la-2-3,zeros-la-2,251,3140,3,566,256,0,2,0,64,0,2,4,16,4,16,32,128,8,256,2,32,3,3,2,1,2,2,1,1,1,0,0,0
3144,3,zeros-la-2-3,zeros-la-2,252,3144,3,568,256,4,4,4,64,8,16,32,16,2,256,2,128,0,0,0,32,3,2,3,1,2,2,1,1,1,0,0,0
3152,3,zeros-la-2-3,zeros-la-2,253,3152,3,570,256,8,4,64,2,8,16,32,16,2,256,2,128,32,0,0,0,3,3,1,2,2,2,1,1,1,0,0,0
3168,3,zeros-la-2-3,zeros-la-2,254,3168,3,574,256,0,0,0,4,16,4,64,2,2,16,32,16,32,256,2,128,3,3,2,0,3,2,1,1,1,0,0,0
3168,2,zeros-la-2-3,zeros-la-2,255,3168,2,576,256,4,0,0,2,16,4,64,2,2,16,32,16,32,256,2,128,2,4,2,0,3,2,1,1,1,0,0,0
3172,2,zeros-la-2-3,zeros-la-2,256,3172,2,578,256,4,4,64,4,16,16,32,16,2,256,2,128,32,0,2,0,2,3,3,0,3,2,1,1,1,0,0,0
3212,3,zeros-la-2-3,zeros-la-2,257,3212,3,580,256,8,64,4,0,32,32,16,0,2,256,2,128,32,2,0,2,3,4,1,1,1,3,1,1,1,0,0,0
3280,4,zeros-la-2-3,zeros-la-2,258,3280,4,582,256,0,8,64,4,0,0,64,16,2,256,2,128,0,2,32,4,4,3,2,1,1,1,2,1,1,0,0,0
3408,4,zeros-la-2-3,zeros-la-2,259,3408,4,584,256,2,8,128,4,0,256,2,16,0,2,32,128,0,2,0,4,4,4,2,1,1,1,0,2,1,0,0,0
3412,4,zeros-la-2-3,zeros-la-2,260,3412,4,586,256,2,8,128,4,0,256,2,16,2,4,32,128,0,0,0,4,4,3,3,1,1,1,0,2,1,0,0,0
3416,4,zeros-la-2-3,zeros-la-2,261,3416,4,588,256,0,0,0,4,2,8,128,16,0,256,2,128,4,4,32,4,4,2,4,1,1,1,0,2,1,0,0,0
3424,4,zeros-la-2-3,zeros-la-2,262,3424,4,590,256,4,0,0,0,2,8,128,16,256,2,128,0,8,32,4,2,4,3,2,2,1,1,0,2,1,0,0,0
3680,4,zeros-la-2-3,zeros-la-2,263,3680,4,592,256,4,8,256,16,2,2,4,2,256,32,0,0,8,2,0,0,4,4,2,2,1,1,0,0,2,0,0,0
3684,4,zeros-la-2-3,zeros-la-2,264,3684,4,594,256,4,8,256,16,4,4,2,0,256,32,0,0,8,2,0,2,4,3,3,2,1,1,0,0,2,0,0,0
3692,4,zeros-la-2-3,zeros-la-2,265,3692,4,596,256,8,8,256,16,256,4,2,2,8,32,2,0,0,2,0,0,4,4,1,3,1,1,0,0,2,0,0,0
3712,5,zeros-la-2-3,zeros-la-2,266,3712,5,598,256,16,256,16,0,256,4,4,0,8,32,2,0,2,2,0,0,5,3,2,1,2,1,0,0,2,0,0,0
3724,6,zeros-la-2-3,zeros-la-2,267,3724,6,600,256,0,16,256,16,0,0,256,8,0,8,32,2,0,0,2,4,6,2,1,2,2,1,0,0,2,0,0,0
4236,6,zeros-la-2-3,zeros-la-2,268,4236,6,602,512,0,16,512,16,0,8,32,8,0,0,2,2,0,0,2,4,6,3,1,2,2,1,0,0,0,1,0,0
4240,6,zeros-la-2-3,zeros-la-2,269,4240,6,604,512,2,16,512,16,0,8,32,8,0,0,4,2,0,0,0,4,6,2,2,2,2,1,0,0,0,1,0,0
4240,5,zeros-la-2-3,zeros-la-2,270,4240,5,608,512,2,16,512,16,8,32,8,0,4,2,4,0,4,0,0,0,5,2,3,2,2,1,0,0,0,1,0,0
4248,5,zeros-la-2-3,zeros-la-2,271,4248,5,610,512,2,16,512,16,8,32,8,0,8,2,4,0,0,2,0,0,5,3,1,3,2,1,0,0,0,1,0,0
4268,6,zeros-la-2-3,zeros-la-2,272,4268,6,612,512,2,16,512,16,16,32,8,0,0,4,4,0,2,0,0,0,6,2,2,1,3,1,0,0,0,1,0,0
4276,6,zeros-la-2-3,zeros-la-2,273,4276,6,614,512,2,16,512,16,0,16,32,8,2,0,0,8,0,0,0,2,6,3,0,2,3,1,0,0,0,1,0,0
4328,8,zeros-la-2-3,zeros-la-2,274,4328,8,616,512,2,0,0,0,0,0,0,16,0,0,512,16,4,32,32,2,8,2,1,0,2,2,0,0,0,1,0,0
4360,8,zeros-la-2-3,zeros-la-2,275,4360,8,618,512,2,32,512,32,4,2,32,2,0,0,0,0,0,0,0,0,8,3,1,0,0,3,0,0,0,1,0,0
4360,7,zeros-la-2-3,zeros-la-2,276,4360,7,622,512,2,32,512,32,4,2,32,2,0,4,0,0,0,0,0,0,7,3,2,0,0,3,0,0,0,1,0,0
4360,6,zeros-la-2-3,zeros-la-2,277,4360,6,624,512,0,0,0,0,0,32,2,0,2,2,512,32,4,4,32,2,6,4,2,0,0,3,0,0,0,1,0,0
4372,7,zeros-la-2-3,zeros-la-2,278,4372,7,626,512,0,0,0,0,32,2,0,2,4,512,32,0,8,32,2,0,7,3,1,1,0,3,0,0,0,1,0,0
4376,7,zeros-la-2-3,zeros-la-2,279,4376,7,628,512,0,0,0,2,32,4,0,0,4,512,32,0,8,32,2,0,7,2,2,1,0,3,0,0,0,1,0,0
4376,6,zeros-la-2-3,zeros-la-2,280,4376,6,630,512,0,0,0,0,32,4,0,2,4,512,32,0,8,32,2,2,6,3,2,1,0,3,0,0,0,1,0,0
4380,6,zeros-la-2-3,zeros-la-2,281,4380,6,632,512,0,0,0,0,2,32,4,2,0,4,512,32,0,8,32,4,6,2,3,1,0,3,0,0,0,1,0,0
4380,5,zeros-la-2-3,zeros-la-2,282,4380,5,634,512,0,0,2,0,0,32,4,2,0,4,512,32,2,8,32,4,5,3,3,1,0,3,0,0,0,1,0,0
4380,4,zeros-la-2-3,zeros-la-2,283,4380,4,636,512,2,32,2,2,0,4,4,32,0,8,512,4,0,2,32,0,4,4,3,1,0,3,0,0,0,1,0,0
4392,5,zeros-la-2-3,zeros-la-2,284,4392,5,638,512,2,32,4,0,8,32,0,0,8,512,4,0,2,32,0,2,5,3,2,2,0,3,0,0,0,1,0,0
4480,7,zeros-la-2-3,zeros-la-2,285,4480,7,642,512,2,64,8,2,16,512,0,4,2,32,0,0,0,0,0,0,7,3,1,1,1,1,1,0,0,1,0,0
4480,6,zeros-la-2-3,zeros-la-2,286,4480,6,644,512,2,0,0,0,2,64,0,0,16,512,0,2,2,32,8,4,6,4,1,1,1,1,1,0,0,1,0,0
4484,6,zeros-la-2-3,zeros-la-2,287,4484,6,646,512,0,2,0,0,4,64,0,0,16,512,0,2,2,32,8,4,6,3,2,1,1,1,1,0,0,1,0,0
4484,5,zeros-la-2-3,zeros-la-2,288,4484,5,648,512,0,2,0,0,4,64,0,2,16,512,0,2,2,32,8,4,5,4,2,1,1,1,1,0,0,1,0,0
4488,5,zeros-la-2-3,zeros-la-2,289,4488,5,650,512,0,2,2,0,4,64,0,0,16,512,0,4,2,32,8,4,5,3,3,1,1,1,1,0,0,1,0,0
4492,5,zeros-la-2-3,zeros-la-2,290,4492,5,654,512,4,0,0,0,4,64,0,4,16,512,4,0,2,32,8,4,5,1,5,1,1,1,1,0,0,1,0,0
4508,6,zeros-la-2-3,zeros-la-2,291,4508,6,656,512,2,0,0,0,8,64,0,0,16,512,4,0,2,32,8,8,6,2,1,3,1,1,1,0,0,1,0,0
4524,6,zeros-la-2-3,zeros-la-2,292,4524,6,660,512,0,0,4,2,0,0,8,64,0,16,512,4,0,2,32,16,6,2,2,1,2,1,1,0,0,1,0,0
4524,5,zeros-la-2-3,zeros-la-2,293,4524,5,662,512,4,2,0,0,8,64,2,0,16,512,4,0,2,32,16,0,5,3,2,1,2,1,1,0,0,1,0,0
4524,4,zeros-la-2-3,zeros-la-2,294,4524,4,666,512,4,2,0,0,8,64,2,4,16,512,4,0,2,32,16,0,4,3,3,1,2,1,1,0,0,1,0,0
4524,3,zeros-la-2-3,zeros-la-2,295,4524,3,670,512,4,2,2,4,8,64,4,0,16,512,16,4,2,32,0,0,3,3,4,1,2,1,1,0,0,1,0,0
4528,3,zeros-la-2-3,zeros-la-2,296,4528,3,672,512,2,4,4,4,0,8,64,4,16,512,16,4,0,0,2,32,3,2,5,1,2,1,1,0,0,1,0,0
4536,3,zeros-la-2-3,zeros-la-2,297,4536,3,676,512,4,2,4,8,0,8,64,4,16,512,16,4,0,0,2,32,3,2,4,2,2,1,1,0,0,1,0,0
4544,3,zeros-la-2-3,zeros-la-2,298,4544,3,680,512,4,2,4,8,16,8,64,8,0,512,16,32,0,0,2,4,3,2,3,3,2,1,1,0,0,1,0,0
4560,3,zeros-la-2-3,zeros-la-2,299,4560,3,682,512,0,0,4,0,2,2,64,16,4,8,16,32,16,512,2,4,3,3,3,1,3,1,1,0,0,1,0,0
4564,3,zeros-la-2-3,zeros-la-2,300,4564,3,686,512,4,0,4,0,4,64,16,0,4,8,16,32,16,512,2,4,3,1,5,1,3,1,1,0,0,1,0,0
4604,4,zeros-la-2-3,zeros-la-2,301,4604,4,688,512,0,0,2,0,4,64,4,0,8,8,32,32,16,512,2,4,4,2,3,2,1,2,1,0,0,1,0,0
4684,5,zeros-la-2-3,zeros-la-2,302,4684,5,692,512,2,0,0,4,4,64,4,0,16,64,0,0,16,512,2,4,5,2,4,0,2,0,2,0,0,1,0,0
4852,7,zeros-la-2-3,zeros-la-2,303,4852,7,694,512,0,0,0,0,2,0,0,0,4,128,4,2,32,512,2,8,7,3,2,1,0,1,0,1,0,1,0,0
4852,6,zeros-la-2-3,zeros-la-2,304,4852,6,696,512,0,0,2,0,2,0,0,0,4,128,4,2,32,512,2,8,6,4,2,1,0,1,0,1,0,1,0,0
4852,5,zeros-la-2-3,zeros-la-2,305,4852,5,698,512,2,0,0,0,2,0,2,0,4,128,4,2,32,512,2,8,5,5,2,1,0,1,0,1,0,1,0,0
4856,5,zeros-la-2-3,zeros-la-2,306,4856,5,700,512,4,128,2,2,4,512,4,8,32,0,2,0,2,0,0,0,5,4,3,1,0,1,0,1,0,1,0,0
4864,5,zeros-la-2-3,zeros-la-2,307,4864,5,702,512,8,128,2,2,32,512,4,8,2,2,2,0,0,0,0,0,5,5,1,2,0,1,0,1,0,1,0,0
4872,6,zeros-la-2-3,zeros-la-2,308,4872,6,704,512,8,128,4,0,32,512,4,8,4,2,0,0,0,0,2,0,6,2,3,2,0,1,0,1,0,1,0,0
4880,6,zeros-la-2-3,zeros-la-2,309,4880,6,706,512,8,128,8,8,32,512,2,2,4,2,0,0,0,0,0,0,6,3,1,3,0,1,0,1,0,1,0,0
4900,7,zeros-la-2-3,zeros-la-2,310,4900,7,708,512,8,128,16,2,32,512,4,0,4,2,0,0,0,0,0,0,7,2,2,1,1,1,0,1,0,1,0,0
4900,6,zeros-la-2-3,zeros-la-2,311,4900,6,710,512,8,128,16,2,32,512,4,0,4,2,0,2,0,0,0,0,6,3,2,1,1,1,0,1,0,1,0,0
4904,6,zeros-la-2-3,zeros-la-2,312,4904,6,712,512,8,128,16,2,0,32,512,4,0,2,4,4,0,0,0,0,6,2,3,1,1,1,0,1,0,1,0,0
4912,6,zeros-la-2-3,zeros-la-2,313,4912,6,714,512,8,128,16,2,0,32,512,8,0,2,4,0,0,2,0,0,6,3,1,2,1,1,0,1,0,1,0,0
4916,6,zeros-la-2-3,zeros-la-2,314,4916,6,716,512,0,0,2,0,0,128,16,0,0,32,512,2,8,4,4,8,6,2,2,2,1,1,0,1,0,1,0,0
4924,6,zeros-la-2-3,zeros-la-2,315,4924,6,718,512,2,0,0,2,0,0,128,16,0,32,512,2,0,8,8,8,6,3,0,3,1,1,0,1,0,1,0,0
4944,7,zeros-la-2-3,zeros-la-2,316,4944,7,720,512,4,0,0,0,128,16,0,0,32,512,2,0,16,8,2,0,7,2,1,1,2,1,0,1,0,1,0,0
4948,7,zeros-la-2-3,zeros-la-2,317,4948,7,722,512,4,16,4,0,128,512,0,2,32,8,0,0,16,0,0,0,7,1,2,1,2,1,0,1,0,1,0,0
4948,6,zeros-la-2-3,zeros-la-2,318,4948,6,726,512,4,16,4,0,128,512,2,0,32,8,0,0,16,0,0,4,6,1,3,1,2,1,0,1,0,1,0,0
4948,5,zeros-la-2-3,zeros-la-2,319,4948,5,728,512,4,16,4,4,128,512,2,0,32,8,0,0,16,0,0,2,5,2,3,1,2,1,0,1,0,1,0,0
4948,4,zeros-la-2-3,zeros-la-2,320,4948,4,730,512,4,0,0,2,128,16,0,0,32,512,4,4,16,8,2,2,4,3,3,1,2,1,0,1,0,1,0,0
4960,5,zeros-la-2-3,zeros-la-2,321,4960,5,732,512,4,2,0,0,128,16,2,0,32,512,8,0,16,8,4,0,5,2,2,2,2,1,0,1,0,1,0,0
4960,4,zeros-la-2-3,zeros-la-2,322,4960,4,734,512,4,2,0,0,128,16,2,2,32,512,8,0,16,8,4,0,4,3,2,2,2,1,0,1,0,1,0,0
4964,4,zeros-la-2-3,zeros-la-2,323,4964,4,736,512,4,2,2,0,128,16,4,0,32,512,8,0,16,8,4,0,4,2,3,2,2,1,0,1,0,1,0,0
4968,4,zeros-la-2-3,zeros-la-2,324,4968,4,738,512,0,0,4,4,0,128,16,4,2,32,512,8,0,16,8,4,4,1,4,2,2,1,0,1,0,1,0,0
4976,4,zeros-la-2-3,zeros-la-2,325,4976,4,740,512,2,128,4,8,0,32,16,8,0,16,512,4,2,0,8,0,4,2,2,3,2,1,0,1,0,1,0,0
4996,5,zeros-la-2-3,zeros-la-2,326,4996,5,744,512,4,128,4,16,0,32,16,4,0,16,512,0,4,0,8,0,5,0,4,1,3,1,0,1,0,1,0,0
5004,5,zeros-la-2-3,zeros-la-2,327,5004,5,746,512,0,0,4,0,0,128,16,2,0,32,512,16,8,16,8,4,5,1,2,2,3,1,0,1,0,1,0,0
5004,4,zeros-la-2-3,zeros-la-2,328,5004,4,748,512,8,128,4,2,0,32,16,16,0,16,512,4,0,0,8,2,4,2,2,2,3,1,0,1,0,1,0,0
5036,4,zeros-la-2-3,zeros-la-2,329,5036,4,750,512,8,128,4,2,32,32,2,0,16,512,4,0,8,2,0,0,4,3,2,2,1,2,0,1,0,1,0,0
5100,4,zeros-la-2-3,zeros-la-2,330,5100,4,752,512,8,128,4,2,64,2,0,0,16,512,4,0,8,2,2,0,4,4,2,2,1,0,1,1,0,1,0,0
5108,4,zeros-la-2-3,zeros-la-2,331,5108,4,754,512,8,128,8,2,64,2,2,0,16,512,0,2,8,2,0,0,4,5,0,3,1,0,1,1,0,1,0,0
5112,4,zeros-la-2-3,zeros-la-2,332,5112,4,756,512,8,128,8,4,64,2,2,0,16,512,0,2,8,2,0,0,4,4,1,3,1,0,1,1,0,1,0,0
5116,4,zeros-la-2-3,zeros-la-2,333,5116,4,758,512,8,128,8,4,64,4,0,0,16,512,2,0,8,2,2,0,4,3,2,3,1,0,1,1,0,1,0,0
5120,4,zeros-la-2-3,zeros-la-2,334,5120,4,760,512,8,128,2,0,64,4,0,0,16,512,8,0,8,2,4,4,4,2,3,3,1,0,1,1,0,1,0,0
5128,4,zeros-la-2-3,zeros-la-2,335,5128,4,762,512,2,8,128,2,0,0,64,4,0,16,512,8,0,8,2,8,4,3,1,4,1,0,1,1,0,1,0,0
5144,4,zeros-la-2-3,zeros-la-2,336,5144,4,766,512,2,8,128,2,0,16,64,4,0,8,512,16,0,4,2,0,4,3,2,2,2,0,1,1,0,1,0,0
5144,3,zeros-la-2-3,zeros-la-2,337,5144,3,768,512,2,8,128,2,0,16,64,4,0,8,512,16,0,4,2,2,3,4,2,2,2,0,1,1,0,1,0,0
5148,3,zeros-la-2-3,zeros-la-2,338,5148,3,770,512,2,8,128,2,0,16,64,4,2,8,512,16,0,0,4,4,3,3,3,2,2,0,1,1,0,1,0,0
5156,3,zeros-la-2-3,zeros-la-2,339,5156,3,772,512,2,8,128,2,0,16,64,4,2,8,512,16,2,0,0,8,3,4,1,3,2,0,1,1,0,1,0,0
5160,3,zeros-la-2-3,zeros-la-2,340,5160,3,774,512,2,0,0,2,0,8,128,4,2,16,64,16,4,8,512,8,3,3,2,3,2,0,1,1,0,1,0,0
5164,3,zeros-la-2-3,zeros-la-2,341,5164,3,776,512,0,2,0,2,0,8,128,4,4,16,64,16,4,8,512,8,3,2,3,3,2,0,1,1,0,1,0,0
5172,3,zeros-la-2-3,zeros-la-2,342,5172,3,778,512,0,2,0,2,0,8,128,4,2,16,64,16,8,8,512,8,3,3,1,4,2,0,1,1,0,1,0,0
5192,4,zeros-la-2-3,zeros-la-2,343,5192,4,780,512,0,0,0,4,0,8,128,4,2,16,64,16,2,16,512,8,4,2,2,2,3,0,1,1,0,1,0,0
5236,6,zeros-la-2-3,zeros-la-2,344,5236,6,782,512,4,8,128,8,0,32,64,16,0,0,512,8,0,0,2,0,6,1,1,3,1,1,1,1,0,1,0,0
5236,5,zeros-la-2-3,zeros-la-2,345,5236,5,784,512,4,8,128,8,0,32,64,16,0,0,512,8,2,0,2,0,5,2,1,3,1,1,1,1,0,1,0,0
5240,5,zeros-la-2-3,zeros-la-2,346,5240,5,786,512,4,8,128,8,32,64,16,0,512,8,0,2,4,0,0,0,5,1,2,3,1,1,1,1,0,1,0,0
5240,4,zeros-la-2-3,zeros-la-2,347,5240,4,790,512,4,8,128,8,32,64,16,2,512,8,0,0,4,0,0,4,4,1,3,3,1,1,1,1,0,1,0,0
5248,4,zeros-la-2-3,zeros-la-2,348,5248,4,792,512,4,8,128,8,32,64,16,2,0,0,512,8,0,2,0,8,4,2,1,4,1,1,1,1,0,1,0,0
5264,4,zeros-la-2-3,zeros-la-2,349,5264,4,794,512,4,8,128,8,32,64,16,2,0,2,512,16,0,0,2,0,4,3,1,2,2,1,1,1,0,1,0,0
5264,3,zeros-la-2-3,zeros-la-2,350,5264,3,796,512,4,8,128,8,32,64,16,2,2,512,16,0,2,0,2,0,3,4,1,2,2,1,1,1,0,1,0,0
5300,4,zeros-la-2-3,zeros-la-2,351,5300,4,798,512,0,2,0,0,4,8,128,0,32,64,32,8,4,512,2,2,4,3,2,2,0,2,1,1,0,1,0,0
5304,4,zeros-la-2-3,zeros-la-2,352,5304,4,802,512,4,0,0,2,0,4,8,128,32,64,32,8,0,4,512,4,4,1,4,2,0,2,1,1,0,1,0,0
5304,3,zeros-la-2-3,zeros-la-2,353,5304,3,804,512,4,2,0,2,4,8,128,0,32,64,32,8,4,512,4,0,3,2,4,2,0,2,1,1,0,1,0,0
5312,3,zeros-la-2-3,zeros-la-2,354,5312,3,806,512,0,2,2,0,8,8,128,0,32,64,32,2,4,512,4,8,3,3,2,3,0,2,1,1,0,1,0,0
5332,4,zeros-la-2-3,zeros-la-2,355,5332,4,808,512,4,2,0,0,16,128,0,0,32,64,32,2,4,512,4,8,4,2,3,1,1,2,1,1,0,1,0,0
5332,3,zeros-la-2-3,zeros-la-2,356,5332,3,810,512,4,2,0,2,16,128,0,0,32,64,32,2,4,512,4,8,3,3,3,1,1,2,1,1,0,1,0,0
5336,3,zeros-la-2-3,zeros-la-2,357,5336,3,812,512,4,4,2,0,16,128,0,0,32,64,32,2,4,512,4,8,3,2,4,1,1,2,1,1,0,1,0,0
5336,2,zeros-la-2-3,zeros-la-2,358,5336,2,814,512,4,4,0,2,16,128,2,0,32,64,32,2,4,512,4,8,2,3,4,1,1,2,1,1,0,1,0,0
5340,2,zeros-la-2-3,zeros-la-2,359,5340,2,816,512,4,4,0,0,16,128,2,2,32,64,32,4,4,512,4,8,2,2,5,1,1,2,1,1,0,1,0,0
5352,3,zeros-la-2-3,zeros-la-2,360,5352,3,818,512,0,0,2,8,0,16,128,4,32,64,32,4,4,512,4,8,3,1,4,2,1,2,1,1,0,1,0,0
5360,3,zeros-la-2-3,zeros-la-2,361,5360,3,820,512,0,0,2,0,2,16,128,8,32,64,32,8,4,512,4,8,3,2,2,3,1,2,1,1,0,1,0,0
5376,3,zeros-la-2-3,zeros-la-2,362,5376,3,822,512,2,0,2,0,2,16,128,0,32,64,32,8,4,512,4,16,3,3,2,1,2,2,1,1,0,1,0,0
5380,3,zeros-la-2-3,zeros-la-2,363,5380,3,824,512,4,16,2,8,32,64,128,16,4,512,32,0,2,0,4,0,3,2,3,1,2,2,1,1,0,1,0,0
5380,2,zeros-la-2-3,zeros-la-2,364,5380,2,826,512,4,16,2,8,32,64,128,16,0,4,512,32,0,2,2,4,2,3,3,1,2,2,1,1,0,1,0,0
5384,2,zeros-la-2-3,zeros-la-2,365,5384,2,828,512,4,16,2,8,32,64,128,16,4,512,32,0,4,4,2,0,2,2,4,1,2,2,1,1,0,1,0,0
5392,2,zeros-la-2-3,zeros-la-2,366,5392,2,830,512,4,16,2,8,32,64,128,16,8,512,32,0,2,4,2,0,2,3,2,2,2,2,1,1,0,1,0,0
5392,1,zeros-la-2-3,zeros-la-2,367,5392,1,832,512,4,16,2,8,32,64,128,16,8,512,32,2,2,4,2,0,1,4,2,2,2,2,1,1,0,1,0,0
5392,0,zeros-la-2-3,zeros-la-2,368,5392,0,834,512,4,16,2,2,32,64,128,8,8,512,32,16,2,4,2,2,0,5,2,2,2,2,1,1,0,1,0,0
5400,1,zeros-la-2-3,zeros-la-2,369,5400,1,836,512,2,4,16,4,32,64,128,8,8,512,32,16,0,2,4,4,1,2,4,2,2,2,1,1,0,1,0,0
5408,1,zeros-la-2-3,zeros-la-2,370,5408,1,838,512,2,4,16,4,32,64,128,8,8,512,32,16,2,0,2,8,1,3,2,3,2,2,1,1,0,1,0,0
5412,1,zeros-la-2-3,zeros-la-2,371,5412,1,840,512,2,4,16,4,32,64,128,8,8,512,32,16,2,0,4,8,1,2,3,3,2,2,1,1,0,1,0,0
5412,0,zeros-la-2-3,zeros-la-2,372,5412,0,842,512,2,4,16,4,32,64,128,8,8,512,32,16,2,2,4,8,0,3,3,3,2,2,1,1,0,1,0,0
5416,0,zeros-la-2-3,zeros-la-2,373,5416,0,844,512,2,4,16,4,32,64,128,8,8,512,32,16,2,4,4,8,0,2,4,3,2,2,1,1,0,1,0,0
5424,0,zeros-la-2-3,zeros-la-2,374,5424,0,846,512,2,4,16,4,32,64,128,8,8,512,32,16,2,2,8,8,0,3,2,4,2,2,1,1,0,1,0,0
5444,1,zeros-la-2-3,zeros-la-2,375,5444,1,848,512,2,4,16,4,32,64,128,8,8,512,32,16,0,2,4,16,1,2,3,2,3,2,1,1,0,1,0,0
5476,1,zeros-la-2-3,zeros-la-2,376,5476,1,850,512,2,4,16,0,2,64,128,4,32,512,32,8,8,2,4,32,1,3,3,2,1,3,1,1,0,1,0,0
5480,1,zeros-la-2-3,zeros-la-2,377,5480,1,852,512,4,4,16,4,32,64,128,8,8,512,32,32,2,2,4,0,1,2,4,2,1,3,1,1,0,1,0,0
5556,3,zeros-la-2-3,zeros-la-2,378,5556,3,854,512,8,16,4,0,32,64,128,8,8,512,64,2,4,4,0,0,3,1,3,3,1,1,2,1,0,1,0,0
5564,3,zeros-la-2-3,zeros-la-2,379,5564,3,856,512,8,16,4,0,32,64,128,8,8,512,64,2,8,2,0,0,3,2,1,4,1,1,2,1,0,1,0,0
5580,3,zeros-la-2-3,zeros-la-2,380,5580,3,858,512,8,16,4,8,32,64,128,2,16,512,64,0,0,2,2,0,3,3,1,2,2,1,2,1,0,1,0,0
5584,3,zeros-la-2-3,zeros-la-2,381,5584,3,860,512,8,16,4,8,32,64,128,2,16,512,64,0,4,0,2,0,3,2,2,2,2,1,2,1,0,1,0,0
5584,2,zeros-la-2-3,zeros-la-2,382,5584,2,862,512,8,2,4,0,32,16,128,0,16,64,64,8,4,512,2,2,2,3,2,2,2,1,2,1,0,1,0,0
5716,3,zeros-la-2-3,zeros-la-2,383,5716,3,864,512,0,8,2,4,0,32,16,128,2,16,128,8,0,4,512,4,3,2,3,2,2,1,0,2,0,1,0,0
5716,2,zeros-la-2-3,zeros-la-2,384,5716,2,866,512,8,2,4,2,32,16,128,0,2,16,128,8,4,512,4,0,2,3,3,2,2,1,0,2,0,1,0,0
6004,3,zeros-la-2-3,zeros-la-2,385,6004,3,868,512,8,0,0,0,32,2,4,2,2,32,256,2,4,512,4,8,3,4,3,2,0,2,0,0,1,1,0,0
6008,3,zeros-la-2-3,zeros-la-2,386,6008,3,870,512,8,2,4,4,32,32,256,8,2,512,4,2,4,0,0,0,3,3,4,2,0,2,0,0,1,1,0,0
6080,4,zeros-la-2-3,zeros-la-2,387,6080,4,872,512,2,8,2,8,0,64,256,8,2,512,4,2,0,0,0,4,4,4,2,3,0,0,1,0,1,1,0,0
6100,5,zeros-la-2-3,zeros-la-2,388,6100,5,874,512,4,8,2,16,0,64,256,2,0,512,4,4,2,0,0,0,5,3,3,1,1,0,1,0,1,1,0,0
6108,5,zeros-la-2-3,zeros-la-2,389,6108,5,876,512,4,8,2,16,64,256,2,2,512,8,0,0,2,0,0,0,5,4,1,2,1,0,1,0,1,1,0,0
6112,5,zeros-la-2-3,zeros-la-2,390,6112,5,878,512,4,8,4,16,64,256,2,2,512,8,0,0,2,0,0,0,5,3,2,2,1,0,1,0,1,1,0,0
6116,5,zeros-la-2-3,zeros-la-2,391,6116,5,880,512,4,8,4,16,64,256,4,0,512,8,0,0,2,2,0,0,5,2,3,2,1,0,1,0,1,1,0,0
6124,5,zeros-la-2-3,zeros-la-2,392,6124,5,882,512,4,8,8,16,64,256,0,0,512,8,0,0,2,2,0,2,5,3,1,3,1,0,1,0,1,1,0,0
6144,6,zeros-la-2-3,zeros-la-2,393,6144,6,884,512,0,4,16,16,0,0,64,256,0,0,512,8,0,2,2,4,6,2,2,1,2,0,1,0,1,1,0,0
6180,7,zeros-la-2-3,zeros-la-2,394,6180,7,888,512,0,4,4,32,0,0,64,256,0,0,512,8,0,0,4,4,7,0,4,1,0,1,1,0,1,1,0,0
6196,8,zeros-la-2-3,zeros-la-2,395,6196,8,890,512,2,0,8,32,0,0,64,256,0,0,512,8,0,0,0,8,8,1,0,3,0,1,1,0,1,1,0,0
6212,8,zeros-la-2-3,zeros-la-2,396,6212,8,892,512,0,0,2,0,0,0,8,32,0,0,64,256,2,0,512,16,8,2,0,1,1,1,1,0,1,1,0,0
6212,7,zeros-la-2-3,zeros-la-2,397,6212,7,894,512,2,0,0,2,0,0,8,32,0,0,64,256,0,2,512,16,7,3,0,1,1,1,1,0,1,1,0,0
6216,7,zeros-la-2-3,zeros-la-2,398,6216,7,896,512,0,0,2,4,0,0,8,32,0,0,64,256,0,2,512,16,7,2,1,1,1,1,1,0,1,1,0,0
6216,6,zeros-la-2-3,zeros-la-2,399,6216,6,898,512,2,2,2,4,0,0,8,32,0,0,64,256,0,0,512,16,6,3,1,1,1,1,1,0,1,1,0,0
6220,6,zeros-la-2-3,zeros-la-2,400,6220,6,900,512,0,2,4,4,0,0,8,32,0,0,64,256,2,0,512,16,6,2,2,1,1,1,1,0,1,1,0,0
6220,5,zeros-la-2-3,zeros-la-2,401,6220,5,902,512,2,2,4,4,0,0,8,32,0,0,64,256,0,2,512,16,5,3,2,1,1,1,1,0,1,1,0,0
6232,6,zeros-la-2-3,zeros-la-2,402,6232,6,904,512,0,2,4,8,0,0,8,32,0,0,64,256,0,2,512,16,6,2,1,2,1,1,1,0,1,1,0,0
6236,6,zeros-la-2-3,zeros-la-2,403,6236,6,908,512,0,4,4,8,4,0,8,32,0,0,64,256,0,0,512,16,6,0,3,2,1,1,1,0,1,1,0,0
6244,6,zeros-la-2-3,zeros-la-2,404,6244,6,910,512,0,0,8,8,0,4,8,32,2,0,64,256,0,0,512,16,6,1,1,3,1,1,1,0,1,1,0,0
6260,6,zeros-la-2-3,zeros-la-2,405,6260,6,912,512,2,4,16,8,0,0,64,32,0,0,512,256,0,0,2,16,6,2,1,1,2,1,1,0,1,1,0,0
6260,5,zeros-la-2-3,zeros-la-2,406,6260,5,914,512,2,4,16,8,2,0,64,32,0,0,512,256,0,0,2,16,5,3,1,1,2,1,1,0,1,1,0,0
6264,5,zeros-la-2-3,zeros-la-2,407,6264,5,916,512,4,4,16,8,0,0,64,32,2,0,512,256,0,0,2,16,5,2,2,1,2,1,1,0,1,1,0,0
6272,5,zeros-la-2-3,zeros-la-2,408,6272,5,918,512,8,16,8,0,64,32,2,0,2,512,256,0,2,16,0,0,5,3,0,2,2,1,1,0,1,1,0,0
6276,5,zeros-la-2-3,zeros-la-2,409,6276,5,920,512,8,16,8,2,64,32,2,0,4,512,256,0,0,16,0,0,5,2,1,2,2,1,1,0,1,1,0,0
6276,4,zeros-la-2-3,zeros-la-2,410,6276,4,922,512,8,16,8,2,0,64,32,2,0,4,512,256,0,2,0,16,4,3,1,2,2,1,1,0,1,1,0,0
6280,4,zeros-la-2-3,zeros-la-2,411,6280,4,924,512,8,16,8,4,2,64,32,256,0,4,512,16,0,2,0,0,4,2,2,2,2,1,1,0,1,1,0,0
6280,3,zeros-la-2-3,zeros-la-2,412,6280,3,926,512,8,16,8,4,2,64,32,256,2,4,512,16,0,0,0,2,3,3,2,2,2,1,1,0,1,1,0,0
6284,3,zeros-la-2-3,zeros-la-2,413,6284,3,928,512,0,0,0,4,2,16,8,256,8,64,32,16,4,4,512,2,3,2,3,2,2,1,1,0,1,1,0,0
6292,3,zeros-la-2-3,zeros-la-2,414,6292,3,930,512,4,0,0,2,2,16,8,256,8,64,32,16,8,512,2,0,3,3,1,3,2,1,1,0,1,1,0,0
6308,3,zeros-la-2-3,zeros-la-2,415,6308,3,932,512,0,2,0,0,4,16,8,2,2,64,32,256,16,512,2,16,3,4,1,1,3,1,1,0,1,1,0,0
6308,2,zeros-la-2-3,zeros-la-2,416,6308,2,934,512,2,0,2,0,4,16,8,2,2,64,32,256,16,512,2,16,2,5,1,1,3,1,1,0,1,1,0,0
6312,2,zeros-la-2-3,zeros-la-2,417,6312,2,938,512,4,0,0,4,4,16,8,2,2,64,32,256,16,512,2,16,2,3,3,1,3,1,1,0,1,1,0,0
6320,2,zeros-la-2-3,zeros-la-2,418,6320,2,940,512,8,16,8,4,2,64,32,2,16,512,2,256,0,2,0,16,2,4,1,2,3,1,1,0,1,1,0,0
6320,1,zeros-la-2-3,zeros-la-2,419,6320,1,942,512,8,16,8,4,2,64,32,2,16,512,2,256,0,2,2,16,1,5,1,2,3,1,1,0,1,1,0,0
6324,1,zeros-la-2-3,zeros-la-2,420,6324,1,944,512,8,16,8,4,2,64,32,2,16,512,4,256,2,2,0,16,1,4,2,2,3,1,1,0,1,1,0,0
6328,1,zeros-la-2-3,zeros-la-2,421,6328,1,946,512,8,16,8,4,2,64,32,2,16,512,4,256,0,2,4,16,1,3,3,2,3,1,1,0,1,1,0,0
6336,1,zeros-la-2-3,zeros-la-2,422,6336,1,948,512,8,16,8,4,2,64,32,2,16,512,8,256,0,2,2,16,1,4,1,3,3,1,1,0,1,1,0,0
6340,1,zeros-la-2-3,zeros-la-2,423,6340,1,950,512,8,16,8,4,2,64,32,2,16,512,8,256,2,0,4,16,1,3,2,3,3,1,1,0,1,1,0,0
6340,0,zeros-la-2-3,zeros-la-2,424,6340,0,954,512,8,4,8,4,2,16,32,2,16,64,8,256,2,512,4,16,0,3,3,3,3,1,1,0,1,1,0,0
0,13,zeros-la-2-4,zeros-la-2,0,0,13,8,4,0,0,0,0,0,0,0,0,0,2,2,4,0,0,0,0,13,2,1,0,0,0,0,0,0,0,0,0
4,13,zeros-la-2-4,zeros-la-2,1,4,13,10,4,0,0,2,0,0,0,0,0,0,0,4,4,0,0,0,0,13,1,2,0,0,0,0,0,0,0,0,0
12,13,zeros-la-2-4,zeros-la-2,2,12,13,12,8,0,0,0,2,0,0,0,2,0,0,0,8,0,0,0,0,13,2,0,1,0,0,0,0,0,0,0,0
16,13,zeros-la-2-4,zeros-la-2,3,16,13,14,8,0,0,0,0,2,0,0,0,0,0,0,4,0,0,0,8,13,1,1,1,0,0,0,0,0,0,0,0
16,12,zeros-la-2-4,zeros-la-2,4,16,12,16,8,0,0,0,0,0,0,0,2,0,0,0,4,0,2,0,8,12,2,1,1,0,0,0,0,0,0,0,0
16,11,zeros-la-2-4,zeros-la-2,5,16,11,18,8,2,2,0,2,0,0,0,4,0,0,0,8,0,0,0,0,11,3,1,1,0,0,0,0,0,0,0,0
20,11,zeros-la-2-4,zeros-la-2,6,20,11,20,8,4,2,2,0,4,0,0,0,8,0,0,0,0,0,0,0,11,2,2,1,0,0,0,0,0,0,0,0
28,11,zeros-la-2-4,zeros-la-2,7,28,11,22,8,0,0,0,0,0,0,2,0,8,0,0,0,8,2,2,0,11,3,0,2,0,0,0,0,0,0,0,0
48,12,zeros-la-2-4,zeros-la-2,8,48,12,24,16,16,2,4,0,0,0,0,0,0,0,2,0,0,0,0,0,12,2,1,0,1,0,0,0,0,0,0,0
48,11,zeros-la-2-4,zeros-la-2,9,48,11,26,16,0,16,2,4,0,0,0,0,0,2,0,2,0,0,0,0,11,3,1,0,1,0,0,0,0,0,0,0
52,11,zeros-la-2-4,zeros-la-2,10,52,11,28,16,0,16,2,4,0,2,0,0,0,0,0,4,0,0,0,0,11,2,2,0,1,0,0,0,0,0,0,0
60,11,zeros-la-2-4,zeros-la-2,11,60,11,30,16,0,2,0,0,0,0,0,0,0,16,0,0,0,2,2,8,11,3,0,1,1,0,0,0,0,0,0,0
64,11,zeros-la-2-4,zeros-la-2,12,64,11,32,16,0,0,0,2,0,0,2,0,0,0,0,16,0,0,4,8,11,2,1,1,1,0,0,0,0,0,0,0
64,10,zeros-la-2-4,zeros-la-2,13,64,10,34,16,0,0,0,2,0,2,0,2,0,0,0,16,0,0,4,8,10,3,1,1,1,0,0,0,0,0,0,0
68,10,zeros-la-2-4,zeros-la-2,14,68,10,36,16,0,2,4,4,0,0,0,16,0,0,0,8,2,0,0,0,10,2,2,1,1,0,0,0,0,0,0,0
76,10,zeros-la-2-4,zeros-la-2,15,76,10,38,16,2,0,2,8,0,0,0,16,0,0,0,8,0,0,0,2,10,3,0,2,1,0,0,0,0,0,0,0
80,10,zeros-la-2-4,zeros-la-2,16,80,10,40,16,4,8,0,0,16,0,0,0,8,0,0,0,2,2,0,0,10,2,1,2,1,0,0,0,0,0,0,0
84,10,zeros-la-2-4,zeros-la-2,17,84,10,42,16,2,0,4,8,0,0,0,16,0,0,0,8,0,0,0,4,10,1,2,2,1,0,0,0,0,0,0,0
84,9,zeros-la-2-4,zeros-la-2,18,84,9,44,16,0,2,0,8,0,0,0,16,0,0,0,8,2,0,4,4,9,2,2,2,1,0,0,0,0,0,0,0
92,9,zeros-la-2-4,zeros-la-2,19,92,9,46,16,0,0,2,8,0,0,0,16,0,0,2,8,0,0,2,8,9,3,0,3,1,0,0,0,0,0,0,0
112,10,zeros-la-2-4,zeros-la-2,20,112,10,48,16,0,0,4,8,2,0,2,16,0,0,0,16,0,0,0,0,10,2,1,1,2,0,0,0,0,0,0,0
116,10,zeros-la-2-4,zeros-la-2,21,116,10,50,16,0,0,4,8,0,0,4,16,0,2,0,16,0,0,0,0,10,1,2,1,2,0,0,0,0,0,0,0
156,11,zeros-la-2-4,zeros-la-2,22,156,11,52,32,0,2,8,8,0,0,2,32,0,0,0,0,0,0,0,0,11,2,0,2,0,1,0,0,0,0,0,0
172,11,zeros-la-2-4,zeros-la-2,23,172,11,54,32,0,0,2,16,0,0,2,32,0,0,0,2,0,0,0,0,11,3,0,0,1,1,0,0,0,0,0,0
176,11,zeros-la-2-4,zeros-la-2,24,176,11,56,32,0,0,0,0,0,0,0,16,0,0,0,32,0,2,4,2,11,2,1,0,1,1,0,0,0,0,0,0
176,10,zeros-la-2-4,zeros-la-2,25,176,10,58,32,2,2,4,16,0,0,0,32,0,0,0,2,0,0,0,0,10,3,1,0,1,1,0,0,0,0,0,0
180,10,zeros-la-2-4,zeros-la-2,26,180,10,60,32,2,4,4,16,0,0,0,32,0,0,0,2,0,0,0,0,10,2,2,0,1,1,0,0,0,0,0,0
188,10,zeros-la-2-4,zeros-la-2,27,188,10,62,32,2,2,8,16,0,0,0,32,0,0,0,2,0,0,0,0,10,3,0,1,1,1,0,0,0,0,0,0
192,10,zeros-la-2-4,zeros-la-2,28,192,10,64,32,4,8,16,0,32,0,0,0,2,0,0,2,0,0,0,0,10,2,1,1,1,1,0,0,0,0,0,0
196,10,zeros-la-2-4,zeros-la-2,29,196,10,66,32,4,8,16,0,32,0,0,0,4,0,2,0,0,0,0,0,10,1,2,1,1,1,0,0,0,0,0,0
196,9,zeros-la-2-4,zeros-la-2,30,196,9,70,32,4,8,16,0,32,0,0,0,4,2,4,0,0,0,0,0,9,1,3,1,1,1,0,0,0,0,0,0
196,8,zeros-la-2-4,zeros-la-2,31,196,8,72,32,0,4,8,16,0,0,0,32,0,4,2,4,0,2,0,0,8,2,3,1,1,1,0,0,0,0,0,0
204,8,zeros-la-2-4,zeros-la-2,32,204,8,74,32,2,8,8,16,0,2,2,32,0,0,0,4,0,0,0,0,8,3,1,2,1,1,0,0,0,0,0,0
224,9,zeros-la-2-4,zeros-la-2,33,224,9,76,32,0,2,16,16,0,0,4,32,0,0,0,4,0,0,2,0,9,2,2,0,2,1,0,0,0,0,0,0
256,9,zeros-la-2-4,zeros-la-2,34,256,9,78,32,2,32,0,0,4,32,0,2,4,0,0,0,2,0,0,0,9,3,2,0,0,2,0,0,0,0,0,0
328,10,zeros-la-2-4,zeros-la-2,35,328,10,80,64,0,0,0,0,2,0,0,0,8,0,2,0,2,64,0,2,10,4,0,1,0,0,1,0,0,0,0,0
328,9,zeros-la-2-4,zeros-la-2,36,328,9,82,64,0,0,0,0,0,0,0,2,0,2,8,2,0,2,64,2,9,5,0,1,0,0,1,0,0,0,0,0
336,10,zeros-la-2-4,zeros-la-2,37,336,10,84,64,0,0,0,0,0,0,0,0,2,0,8,2,0,4,64,4,10,2,2,1,0,0,1,0,0,0,0,0
336,9,zeros-la-2-4,zeros-la-2,38,336,9,86,64,0,0,0,2,0,0,0,0,0,2,8,2,0,4,64,4,9,3,2,1,0,0,1,0,0,0,0,0
340,9,zeros-la-2-4,zeros-la-2,39,340,9,88,64,0,2,8,4,0,4,64,4,2,0,0,0,0,0,0,0,9,2,3,1,0,0,1,0,0,0,0,0
348,9,zeros-la-2-4,zeros-la-2,40,348,9,90,64,2,2,8,8,0,4,64,0,0,2,0,0,0,0,0,0,9,3,1,2,0,0,1,0,0,0,0,0
368,10,zeros-la-2-4,zeros-la-2,41,368,10,92,64,4,16,0,0,4,64,0,0,2,0,0,0,0,2,0,0,10,2,2,0,1,0,1,0,0,0,0,0
376,10,zeros-la-2-4,zeros-la-2,42,376,10,96,64,8,16,0,0,2,64,0,0,0,2,0,4,0,0,0,0,10,2,1,1,1,0,1,0,0,0,0,0
376,9,zeros-la-2-4,zeros-la-2,43,376,9,98,64,8,16,0,0,2,64,0,0,2,4,0,0,0,0,0,2,9,3,1,1,1,0,1,0,0,0,0,0
380,9,zeros-la-2-4,zeros-la-2,44,380,9,102,64,0,0,0,0,4,16,0,0,8,64,0,0,4,4,0,2,9,1,3,1,1,0,1,0,0,0,0,0
388,9,zeros-la-2-4,zeros-la-2,45,388,9,104,64,2,0,0,0,0,0,4,16,0,0,8,64,0,0,8,2,9,2,1,2,1,0,1,0,0,0,0,0
404,9,zeros-la-2-4,zeros-la-2,46,404,9,106,64,2,0,4,16,0,0,16,64,0,2,0,2,0,0,0,0,9,3,1,0,2,0,1,0,0,0,0,0
408,9,zeros-la-2-4,zeros-la-2,47,408,9,108,64,0,2,4,16,2,0,16,64,0,0,0,4,0,0,0,0,9,2,2,0,2,0,1,0,0,0,0,0
408,8,zeros-la-2-4,zeros-la-2,48,408,8,110,64,2,2,4,16,0,0,16,64,0,0,0,4,0,2,0,0,8,3,2,0,2,0,1,0,0,0,0,0
412,8,zeros-la-2-4,zeros-la-2,49,412,8,112,64,0,4,4,16,0,0,16,64,0,0,2,4,0,0,0,2,8,2,3,0,2,0,1,0,0,0,0,0
420,8,zeros-la-2-4,zeros-la-2,50,420,8,116,64,0,0,8,16,4,0,16,64,0,0,2,4,0,0,0,2,8,2,2,1,2,0,1,0,0,0,0,0
420,7,zeros-la-2-4,zeros-la-2,51,420,7,118,64,8,16,0,0,4,16,64,2,2,4,0,0,2,0,0,0,7,3,2,1,2,0,1,0,0,0,0,0
456,8,zeros-la-2-4,zeros-la-2,52,456,8,120,64,8,32,64,2,4,4,0,0,4,0,0,0,0,0,0,2,8,2,3,1,0,1,1,0,0,0,0,0
468,9,zeros-la-2-4,zeros-la-2,53,468,9,124,64,8,32,64,4,8,4,0,0,0,4,0,0,0,0,0,0,9,0,3,2,0,1,1,0,0,0,0,0
492,10,zeros-la-2-4,zeros-la-2,54,492,10,126,64,0,0,2,0,0,0,0,0,0,32,0,0,16,8,64,4,10,1,1,1,1,1,1,0,0,0,0,0
492,9,zeros-la-2-4,zeros-la-2,55,492,9,128,64,2,0,0,2,0,0,0,0,0,0,0,32,16,8,64,4,9,2,1,1,1,1,1,0,0,0,0,0
496,9,zeros-la-2-4,zeros-la-2,56,496,9,130,64,4,2,0,0,0,0,0,0,32,0,0,0,16,8,64,4,9,1,2,1,1,1,1,0,0,0,0,0
496,8,zeros-la-2-4,zeros-la-2,57,496,8,134,64,0,0,0,4,4,0,0,0,32,2,0,0,16,8,64,4,8,1,3,1,1,1,1,0,0,0,0,0
504,8,zeros-la-2-4,zeros-la-2,58,504,8,136,64,0,0,0,0,4,0,2,0,32,2,0,0,16,8,64,8,8,2,1,2,1,1,1,0,0,0,0,0
504,7,zeros-la-2-4,zeros-la-2,59,504,7,138,64,0,0,0,0,4,0,0,2,32,2,2,0,16,8,64,8,7,3,1,2,1,1,1,0,0,0,0,0
508,7,zeros-la-2-4,zeros-la-2,60,508,7,140,64,0,0,2,0,0,0,4,2,0,0,32,4,16,8,64,8,7,2,2,2,1,1,1,0,0,0,0,0
508,6,zeros-la-2-4,zeros-la-2,61,508,6,142,64,16,8,2,2,0,0,4,4,0,0,32,8,0,0,64,2,6,3,2,2,1,1,1,0,0,0,0,0
520,7,zeros-la-2-4,zeros-la-2,62,520,7,144,64,16,8,4,0,8,0,0,0,32,8,0,0,64,2,0,2,7,2,1,3,1,1,1,0,0,0,0,0
536,7,zeros-la-2-4,zeros-la-2,63,536,7,146,64,16,16,4,2,8,2,0,2,32,0,0,0,64,0,0,0,7,3,1,1,2,1,1,0,0,0,0,0
540,7,zeros-la-2-4,zeros-la-2,64,540,7,148,64,16,16,4,4,8,2,2,0,32,0,0,0,64,0,0,0,7,2,2,1,2,1,1,0,0,0,0,0
584,9,zeros-la-2-4,zeros-la-2,65,584,9,150,64,0,0,32,8,0,0,8,4,0,0,2,32,0,0,0,64,9,1,1,2,0,2,1,0,0,0,0,0
584,8,zeros-la-2-4,zeros-la-2,66,584,8,152,64,0,0,32,8,0,0,8,4,0,2,2,32,0,0,0,64,8,2,1,2,0,2,1,0,0,0,0,0
588,8,zeros-la-2-4,zeros-la-2,67,588,8,154,64,32,8,0,0,8,4,0,2,4,32,0,0,64,0,0,0,8,1,2,2,0,2,1,0,0,0,0,0
588,7,zeros-la-2-4,zeros-la-2,68,588,7,156,64,32,0,0,0,8,8,0,0,4,4,0,0,64,32,2,2,7,2,2,2,0,2,1,0,0,0,0,0
616,9,zeros-la-2-4,zeros-la-2,69,616,9,158,64,0,0,0,32,0,2,0,16,0,0,0,8,0,64,32,4,9,1,1,1,1,2,1,0,0,0,0,0
616,8,zeros-la-2-4,zeros-la-2,70,616,8,160,64,0,2,32,32,0,64,0,16,0,2,0,8,0,0,0,4,8,2,1,1,1,2,1,0,0,0,0,0
680,8,zeros-la-2-4,zeros-la-2,71,680,8,162,64,0,0,2,64,0,0,64,16,0,2,2,8,0,0,0,4,8,3,1,1,1,0,2,0,0,0,0,0
684,8,zeros-la-2-4,zeros-la-2,72,684,8,164,64,2,64,0,0,64,16,2,0,4,8,0,0,4,0,0,0,8,2,2,1,1,0,2,0,0,0,0,0
692,8,zeros-la-2-4,zeros-la-2,73,692,8,166,64,2,64,2,0,64,16,0,0,8,8,0,0,2,0,0,0,8,3,0,2,1,0,2,0,0,0,0,0
708,8,zeros-la-2-4,zeros-la-2,74,708,8,168,64,0,2,64,2,0,2,64,16,0,0,0,16,0,0,0,2,8,4,0,0,2,0,2,0,0,0,0,0
872,10,zeros-la-2-4,zeros-la-2,75,872,10,170,128,0,0,0,0,0,0,2,2,0,0,0,32,0,4,128,2,10,3,1,0,0,1,0,1,0,0,0,0
876,10,zeros-la-2-4,zeros-la-2,76,876,10,172,128,0,0,0,0,0,0,0,4,0,2,0,32,0,4,128,2,10,2,2,0,0,1,0,1,0,0,0,0
876,9,zeros-la-2-4,zeros-la-2,77,876,9,174,128,0,2,128,4,0,4,0,32,2,0,0,2,0,0,0,0,9,3,2,0,0,1,0,1,0,0,0,0
880,9,zeros-la-2-4,zeros-la-2,78,880,9,176,128,0,2,128,4,0,0,4,32,0,2,0,4,0,0,0,0,9,2,3,0,0,1,0,1,0,0,0,0
884,9,zeros-la-2-4,zeros-la-2,79,884,9,178,128,0,0,0,0,2,0,0,4,0,0,128,32,0,4,4,4,9,1,4,0,0,1,0,1,0,0,0,0
892,9,zeros-la-2-4,zeros-la-2,80,892,9,180,128,2,0,0,0,0,0,2,4,0,0,128,32,0,0,4,8,9,2,2,1,0,1,0,1,0,0,0,0
892,8,zeros-la-2-4,zeros-la-2,81,892,8,184,128,2,0,0,0,2,4,0,0,128,32,0,0,4,8,4,0,8,2,3,1,0,1,0,1,0,0,0,0
896,8,zeros-la-2-4,zeros-la-2,82,896,8,186,128,4,4,4,2,128,32,0,0,4,8,0,0,0,0,0,0,8,1,4,1,0,1,0,1,0,0,0,0
904,8,zeros-la-2-4,zeros-la-2,83,904,8,188,128,8,4,2,0,128,32,0,0,4,8,0,0,0,2,0,0,8,2,2,2,0,1,0,1,0,0,0,0
904,7,zeros-la-2-4,zeros-la-2,84,904,7,190,128,2,4,0,0,8,32,0,0,128,8,0,0,4,2,2,0,7,3,2,2,0,1,0,1,0,0,0,0
908,7,zeros-la-2-4,zeros-la-2,85,908,7,192,128,0,2,2,4,0,0,8,32,0,0,128,8,0,0,4,4,7,2,3,2,0,1,0,1,0,0,0,0
920,8,zeros-la-2-4,zeros-la-2,86,920,8,196,128,0,0,4,4,0,0,8,32,0,0,128,8,0,4,0,8,8,0,3,3,0,1,0,1,0,0,0,0
928,8,zeros-la-2-4,zeros-la-2,87,928,8,198,128,8,0,2,0,8,32,0,0,128,8,0,0,4,8,0,0,8,1,1,4,0,1,0,1,0,0,0,0
960,9,zeros-la-2-4,zeros-la-2,88,960,9,200,128,16,32,2,0,128,16,0,0,4,0,0,2,0,0,0,0,9,2,1,0,2,1,0,1,0,0,0,0
960,8,zeros-la-2-4,zeros-la-2,89,960,8,202,128,16,32,2,2,128,16,0,0,4,2,0,0,0,0,0,0,8,3,1,0,2,1,0,1,0,0,0,0
964,8,zeros-la-2-4,zeros-la-2,90,964,8,204,128,16,32,4,0,128,16,2,0,4,2,0,0,0,0,0,0,8,2,2,0,2,1,0,1,0,0,0,0
964,7,zeros-la-2-4,zeros-la-2,91,964,7,206,128,0,0,0,2,16,32,0,0,128,16,4,0,4,2,2,0,7,3,2,0,2,1,0,1,0,0,0,0
968,7,zeros-la-2-4,zeros-la-2,92,968,7,208,128,0,0,0,2,2,0,16,32,0,128,16,4,0,0,4,4,7,2,3,0,2,1,0,1,0,0,0,0
1008,8,zeros-la-2-4,zeros-la-2,93,1008,8,210,128,0,0,2,0,0,0,0,2,0,0,32,32,2,128,4,8,8,3,1,1,0,2,0,1,0,0,0,0
1072,8,zeros-la-2-4,zeros-la-2,94,1072,8,212,128,0,0,0,2,0,0,0,2,0,2,0,64,2,128,4,8,8,4,1,1,0,0,1,1,0,0,0,0
1076,8,zeros-la-2-4,zeros-la-2,95,1076,8,214,128,2,2,4,4,0,128,2,64,0,0,0,8,0,0,0,0,8,3,2,1,0,0,1,1,0,0,0,0
1088,9,zeros-la-2-4,zeros-la-2,96,1088,9,216,128,0,0,4,8,0,128,2,64,0,0,0,8,0,0,2,0,9,2,1,2,0,0,1,1,0,0,0,0
1092,9,zeros-la-2-4,zeros-la-2,97,1092,9,218,128,0,2,0,0,0,0,0,8,0,0,4,64,0,128,4,8,9,1,2,2,0,0,1,1,0,0,0,0
1100,9,zeros-la-2-4,zeros-la-2,98,1100,9,220,128,0,2,8,8,0,128,0,64,0,0,2,8,0,0,0,0,9,2,0,3,0,0,1,1,0,0,0,0
1116,9,zeros-la-2-4,zeros-la-2,99,1116,9,222,128,0,0,2,16,0,0,128,64,0,0,2,8,0,0,2,0,9,3,0,1,1,0,1,1,0,0,0,0
1120,9,zeros-la-2-4,zeros-la-2,100,1120,9,224,128,0,0,2,0,0,0,2,16,0,0,128,64,0,0,4,8,9,2,1,1,1,0,1,1,0,0,0,0
1124,9,zeros-la-2-4,zeros-la-2,101,1124,9,226,128,0,0,0,2,0,0,4,16,0,0,128,64,0,0,4,8,9,1,2,1,1,0,1,1,0,0,0,0
1124,8,zeros-la-2-4,zeros-la-2,102,1124,8,228,128,0,0,0,2,0,0,4,16,0,2,128,64,0,0,4,8,8,2,2,1,1,0,1,1,0,0,0,0
1124,7,zeros-la-2-4,zeros-la-2,103,1124,7,230,128,0,0,2,2,0,0,4,16,0,0,128,64,0,2,4,8,7,3,2,1,1,0,1,1,0,0,0,0
1128,7,zeros-la-2-4,zeros-la-2,104,1128,7,234,128,0,0,0,4,0,0,4,16,4,0,128,64,0,2,4,8,7,1,4,1,1,0,1,1,0,0,0,0
1128,6,zeros-la-2-4,zeros-la-2,105,1128,6,236,128,0,0,2,4,0,0,4,16,0,0,128,64,4,2,4,8,6,2,4,1,1,0,1,1,0,0,0,0
1128,5,zeros-la-2-4,zeros-la-2,106,1128,5,238,128,4,2,2,4,0,2,4,16,0,0,128,64,0,0,4,8,5,3,4,1,1,0,1,1,0,0,0,0
1132,5,zeros-la-2-4,zeros-la-2,107,1132,5,240,128,0,4,4,4,0,2,4,16,0,0,128,64,2,0,4,8,5,2,5,1,1,0,1,1,0,0,0,0
1140,5,zeros-la-2-4,zeros-la-2,108,1140,5,242,128,0,0,4,8,0,2,4,16,0,2,128,64,0,2,4,8,5,3,3,2,1,0,1,1,0,0,0,0
1152,6,zeros-la-2-4,zeros-la-2,109,1152,6,244,128,0,0,0,8,0,0,8,16,0,2,128,64,2,4,4,8,6,2,2,3,1,0,1,1,0,0,0,0
1160,6,zeros-la-2-4,zeros-la-2,110,1160,6,246,128,8,0,0,0,8,16,2,0,2,128,64,0,2,8,8,0,6,3,0,4,1,0,1,1,0,0,0,0
1180,7,zeros-la-2-4,zeros-la-2,111,1180,7,248,128,0,0,0,0,0,16,2,2,16,128,64,0,4,8,8,0,7,2,1,2,2,0,1,1,0,0,0,0
1200,8,zeros-la-2-4,zeros-la-2,112,1200,8,250,128,0,0,0,0,16,4,0,2,16,128,64,0,4,16,0,0,8,1,2,0,3,0,1,1,0,0,0,0
1232,8,zeros-la-2-4,zeros-la-2,113,1232,8,252,128,32,4,64,2,4,128,0,0,2,16,0,0,0,0,0,0,8,2,2,0,1,1,1,1,0,0,0,0
1232,7,zeros-la-2-4,zeros-la-2,114,1232,7,256,128,32,4,64,2,0,0,4,128,0,0,2,16,4,0,0,0,7,2,3,0,1,1,1,1,0,0,0,0
1232,6,zeros-la-2-4,zeros-la-2,115,1232,6,258,128,32,4,64,2,4,0,4,128,0,0,2,16,0,2,0,0,6,3,3,0,1,1,1,1,0,0,0,0
1240,6,zeros-la-2-4,zeros-la-2,116,1240,6,260,128,32,4,64,2,8,128,0,0,2,16,0,0,2,0,0,2,6,4,1,1,1,1,1,1,0,0,0,0
1248,7,zeros-la-2-4,zeros-la-2,117,1248,7,264,128,32,4,64,4,8,128,0,0,4,16,0,0,0,0,0,4,7,0,4,1,1,1,1,1,0,0,0,0
1256,7,zeros-la-2-4,zeros-la-2,118,1256,7,266,128,0,0,0,0,32,4,2,0,8,128,0,0,4,16,64,8,7,1,2,2,1,1,1,1,0,0,0,0
1256,6,zeros-la-2-4,zeros-la-2,119,1256,6,268,128,2,0,0,0,32,4,2,0,8,128,0,0,4,16,64,8,6,2,2,2,1,1,1,1,0,0,0,0
1256,5,zeros-la-2-4,zeros-la-2,120,1256,5,270,128,0,0,0,2,0,32,4,2,0,2,8,128,4,16,64,8,5,3,2,2,1,1,1,1,0,0,0,0
1260,5,zeros-la-2-4,zeros-la-2,121,1260,5,272,128,4,32,4,4,0,2,8,128,0,16,64,8,0,2,0,0,5,2,3,2,1,1,1,1,0,0,0,0
1268,5,zeros-la-2-4,zeros-la-2,122,1268,5,276,128,0,4,32,8,4,2,8,128,0,16,64,8,0,0,0,2,5,2,2,3,1,1,1,1,0,0,0,0
1268,4,zeros-la-2-4,zeros-la-2,123,1268,4,278,128,4,32,8,0,4,2,8,128,16,64,8,2,2,0,0,0,4,3,2,3,1,1,1,1,0,0,0,0
1292,5,zeros-la-2-4,zeros-la-2,124,1292,5,280,128,8,32,16,128,16,2,8,2,2,64,0,0,0,0,0,2,5,4,0,2,2,1,1,1,0,0,0,0
1296,5,zeros-la-2-4,zeros-la-2,125,1296,5,282,128,8,32,16,128,16,2,8,4,2,64,0,0,0,0,0,2,5,3,1,2,2,1,1,1,0,0,0,0
1296,4,zeros-la-2-4,zeros-la-2,126,1296,4,284,128,8,32,16,128,16,2,8,4,0,2,2,64,0,0,0,2,4,4,1,2,2,1,1,1,0,0,0,0
1300,4,zeros-la-2-4,zeros-la-2,127,1300,4,286,128,8,32,16,128,16,4,8,4,0,2,2,64,0,0,0,2,4,3,2,2,2,1,1,1,0,0,0,0
1300,3,zeros-la-2-4,zeros-la-2,128,1300,3,288,128,8,32,16,128,16,4,8,4,0,2,2,64,0,2,0,2,3,4,2,2,2,1,1,1,0,0,0,0
1308,4,zeros-la-2-4,zeros-la-2,129,1308,4,290,128,8,32,16,128,16,4,8,4,0,0,4,64,0,0,2,4,4,1,4,2,2,1,1,1,0,0,0,0
1308,3,zeros-la-2-4,zeros-la-2,130,1308,3,292,128,8,32,16,128,16,4,8,4,0,0,4,64,2,0,2,4,3,2,4,2,2,1,1,1,0,0,0,0
1312,3,zeros-la-2-4,zeros-la-2,131,1312,3,294,128,8,32,16,128,16,4,8,4,0,0,4,64,2,0,4,4,3,1,5,2,2,1,1,1,0,0,0,0
1320,3,zeros-la-2-4,zeros-la-2,132,1320,3,296,128,8,32,16,128,16,4,8,4,2,2,8,64,0,0,0,4,3,2,3,3,2,1,1,1,0,0,0,0
1336,3,zeros-la-2-4,zeros-la-2,133,1336,3,298,128,8,32,16,128,16,4,16,4,2,2,2,64,0,0,0,4,3,3,3,1,3,1,1,1,0,0,0,0
1368,3,zeros-la-2-4,zeros-la-2,134,1368,3,300,128,8,32,32,128,16,4,2,4,2,2,0,64,0,0,2,4,3,4,3,1,1,2,1,1,0,0,0,0
1372,3,zeros-la-2-4,zeros-la-2,135,1372,3,302,128,8,32,32,128,16,4,4,4,2,2,2,64,0,0,0,4,3,3,4,1,1,2,1,1,0,0,0,0
1448,5,zeros-la-2-4,zeros-la-2,136,1448,5,304,128,0,8,64,128,2,16,4,8,0,2,4,64,0,0,0,4,5,2,3,2,1,0,2,1,0,0,0,0
1456,5,zeros-la-2-4,zeros-la-2,137,1456,5,306,128,2,8,64,128,0,16,8,8,0,2,2,64,0,0,0,4,5,3,1,3,1,0,2,1,0,0,0,0
1476,6,zeros-la-2-4,zeros-la-2,138,1476,6,308,128,2,8,64,128,16,16,0,0,4,64,0,0,4,0,2,0,6,2,2,1,2,0,2,1,0,0,0,0
1508,6,zeros-la-2-4,zeros-la-2,139,1508,6,310,128,2,8,64,128,0,0,0,32,0,2,4,64,0,0,4,2,6,3,2,1,0,1,2,1,0,0,0,0
1516,6,zeros-la-2-4,zeros-la-2,140,1516,6,312,128,0,0,0,128,0,0,0,32,2,8,64,64,2,2,8,2,6,4,0,2,0,1,2,1,0,0,0,0
1648,7,zeros-la-2-4,zeros-la-2,141,1648,7,314,128,0,0,0,128,0,0,2,32,0,2,8,128,0,4,8,2,7,3,1,2,0,1,0,2,0,0,0,0
1664,7,zeros-la-2-4,zeros-la-2,142,1664,7,316,128,0,0,0,128,0,2,0,32,0,2,2,128,0,4,16,2,7,4,1,0,1,1,0,2,0,0,0,0
1668,7,zeros-la-2-4,zeros-la-2,143,1668,7,318,128,128,0,0,2,2,32,0,0,4,128,0,0,4,16,2,0,7,3,2,0,1,1,0,2,0,0,0,0
1676,7,zeros-la-2-4,zeros-la-2,144,1676,7,320,128,128,32,2,2,2,128,0,0,8,16,0,0,0,0,0,2,7,4,0,1,1,1,0,2,0,0,0,0
1680,7,zeros-la-2-4,zeros-la-2,145,1680,7,322,128,0,128,32,4,0,2,2,128,0,0,8,16,0,0,0,2,7,3,1,1,1,1,0,2,0,0,0,0
1684,7,zeros-la-2-4,zeros-la-2,146,1684,7,324,128,128,32,4,0,4,128,0,2,8,16,0,0,2,0,0,0,7,2,2,1,1,1,0,2,0,0,0,0
1684,6,zeros-la-2-4,zeros-la-2,147,1684,6,328,128,128,32,4,0,4,128,2,0,8,16,0,0,2,0,0,4,6,2,3,1,1,1,0,2,0,0,0,0
1684,5,zeros-la-2-4,zeros-la-2,148,1684,5,330,128,128,32,4,4,4,128,2,0,8,16,0,0,2,2,0,0,5,3,3,1,1,1,0,2,0,0,0,0
1696,6,zeros-la-2-4,zeros-la-2,149,1696,6,332,128,128,32,8,0,4,128,2,0,8,16,0,0,4,0,0,2,6,2,2,2,1,1,0,2,0,0,0,0
1696,5,zeros-la-2-4,zeros-la-2,150,1696,5,334,128,128,0,2,0,4,32,0,0,8,128,8,0,4,16,2,2,5,3,2,2,1,1,0,2,0,0,0,0
1700,5,zeros-la-2-4,zeros-la-2,151,1700,5,336,128,128,2,0,0,4,32,0,2,8,128,8,0,4,16,4,0,5,2,3,2,1,1,0,2,0,0,0,0
1700,4,zeros-la-2-4,zeros-la-2,152,1700,4,338,128,0,2,128,2,0,4,32,2,0,8,128,8,0,4,16,4,4,3,3,2,1,1,0,2,0,0,0,0
1704,4,zeros-la-2-4,zeros-la-2,153,1704,4,340,128,0,2,128,4,0,4,32,8,0,8,128,4,2,4,16,0,4,2,4,2,1,1,0,2,0,0,0,0
1704,3,zeros-la-2-4,zeros-la-2,154,1704,3,342,128,2,2,128,4,0,4,32,8,0,8,128,4,0,4,16,2,3,3,4,2,1,1,0,2,0,0,0,0
1708,3,zeros-la-2-4,zeros-la-2,155,1708,3,344,128,4,128,4,2,4,32,8,0,8,128,4,0,4,16,2,0,3,2,5,2,1,1,0,2,0,0,0,0
1716,3,zeros-la-2-4,zeros-la-2,156,1716,3,346,128,8,128,4,2,8,32,8,0,4,128,4,2,0,16,2,0,3,3,3,3,1,1,0,2,0,0,0,0
1736,4,zeros-la-2-4,zeros-la-2,157,1736,4,348,128,16,128,4,4,4,32,8,0,0,128,4,0,0,16,2,2,4,2,4,1,2,1,0,2,0,0,0,0
1748,5,zeros-la-2-4,zeros-la-2,158,1748,5,350,128,0,16,128,8,2,4,32,8,0,0,128,4,0,0,16,4,5,1,3,2,2,1,0,2,0,0,0,0
1772,6,zeros-la-2-4,zeros-la-2,159,1772,6,354,128,2,16,128,16,0,4,32,8,0,0,128,4,0,0,16,0,6,1,2,1,3,1,0,2,0,0,0,0
1772,5,zeros-la-2-4,zeros-la-2,160,1772,5,356,128,2,0,128,0,0,0,32,16,0,16,128,8,2,4,16,4,5,2,2,1,3,1,0,2,0,0,0,0
1776,5,zeros-la-2-4,zeros-la-2,161,1776,5,358,128,0,2,128,0,0,0,32,16,0,16,128,8,4,4,16,4,5,1,3,1,3,1,0,2,0,0,0,0
1784,5,zeros-la-2-4,zeros-la-2,162,1784,5,360,128,2,128,0,0,32,16,0,0,16,128,8,0,8,16,4,2,5,2,1,2,3,1,0,2,0,0,0,0
1784,4,zeros-la-2-4,zeros-la-2,163,1784,4,362,128,0,0,2,128,2,0,32,16,0,16,128,8,8,16,4,2,4,3,1,2,3,1,0,2,0,0,0,0
1816,4,zeros-la-2-4,zeros-la-2,164,1816,4,364,128,0,0,2,128,0,0,32,16,2,2,128,8,8,32,4,2,4,4,1,2,1,2,0,2,0,0,0,0
1820,4,zeros-la-2-4,zeros-la-2,165,1820,4,366,128,2,128,0,0,32,16,0,2,4,128,8,0,8,32,4,2,4,3,2,2,1,2,0,2,0,0,0,0
1824,4,zeros-la-2-4,zeros-la-2,166,1824,4,368,128,2,128,2,0,32,16,0,0,4,128,8,0,8,32,4,4,4,2,3,2,1,2,0,2,0,0,0,0
1832,4,zeros-la-2-4,zeros-la-2,167,1832,4,370,128,2,128,2,2,32,16,0,0,4,128,8,0,8,32,8,0,4,3,1,3,1,2,0,2,0,0,0,0
1848,4,zeros-la-2-4,zeros-la-2,168,1848,4,372,128,2,128,2,2,32,16,16,0,4,128,2,0,8,32,0,0,4,4,1,1,2,2,0,2,0,0,0,0
1884,5,zeros-la-2-4,zeros-la-2,169,1884,5,374,128,2,128,4,2,32,32,0,0,4,128,2,0,8,32,0,0,5,3,2,1,0,3,0,2,0,0,0,0
1948,5,zeros-la-2-4,zeros-la-2,170,1948,5,376,128,2,128,4,2,64,0,0,2,4,128,2,0,8,32,0,0,5,4,2,1,0,1,1,2,0,0,0,0
2208,6,zeros-la-2-4,zeros-la-2,171,2208,6,378,256,2,256,4,4,64,32,2,0,4,0,0,0,8,2,0,0,6,3,3,1,0,1,1,0,1,0,0,0
2216,6,zeros-la-2-4,zeros-la-2,172,2216,6,382,256,2,256,8,0,64,32,2,4,4,0,0,0,8,2,0,0,6,3,2,2,0,1,1,0,1,0,0,0
2216,5,zeros-la-2-4,zeros-la-2,173,2216,5,384,256,2,0,0,0,64,256,0,0,4,32,8,2,8,2,2,4,5,4,2,2,0,1,1,0,1,0,0,0
2220,5,zeros-la-2-4,zeros-la-2,174,2220,5,386,256,2,0,0,2,64,256,0,0,4,32,8,2,8,4,4,0,5,3,3,2,0,1,1,0,1,0,0,0
2232,6,zeros-la-2-4,zeros-la-2,175,2232,6,388,256,0,0,0,4,0,2,64,256,4,32,8,2,0,0,8,8,6,2,2,3,0,1,1,0,1,0,0,0
2248,6,zeros-la-2-4,zeros-la-2,176,2248,6,392,256,4,0,0,0,2,64,256,0,4,32,8,2,16,0,4,0,6,2,3,1,1,1,1,0,1,0,0,0
2248,5,zeros-la-2-4,zeros-la-2,177,2248,5,394,256,4,64,256,2,2,32,8,0,4,0,4,0,16,0,2,0,5,3,3,1,1,1,1,0,1,0,0,0
2256,5,zeros-la-2-4,zeros-la-2,178,2256,5,396,256,4,64,256,2,0,2,32,8,0,0,2,8,0,0,16,2,5,4,1,2,1,1,1,0,1,0,0,0
2272,5,zeros-la-2-4,zeros-la-2,179,2272,5,398,256,0,0,256,0,2,0,32,2,0,64,2,16,4,2,16,2,5,5,1,0,2,1,1,0,1,0,0,0
2272,4,zeros-la-2-4,zeros-la-2,180,2272,4,400,256,256,2,0,0,2,32,2,0,64,2,16,0,4,2,16,2,4,6,1,0,2,1,1,0,1,0,0,0
2308,5,zeros-la-2-4,zeros-la-2,181,2308,5,402,256,256,0,0,0,2,2,2,0,64,32,2,0,4,4,32,2,5,5,2,0,0,2,1,0,1,0,0,0
2320,6,zeros-la-2-4,zeros-la-2,182,2320,6,406,256,0,0,4,256,0,0,2,4,0,64,32,2,0,8,32,2,6,3,2,1,0,2,1,0,1,0,0,0
2388,7,zeros-la-2-4,zeros-la-2,183,2388,7,408,256,0,64,4,256,0,8,2,4,0,0,64,4,2,0,0,0,7,2,3,1,0,0,2,0,1,0,0,0
2396,7,zeros-la-2-4,zeros-la-2,184,2396,7,410,256,2,64,4,256,0,8,2,8,0,0,64,0,0,2,0,0,7,3,1,2,0,0,2,0,1,0,0,0
2396,6,zeros-la-2-4,zeros-la-2,185,2396,6,414,256,0,0,0,0,4,64,4,0,0,8,2,256,2,2,64,8,6,3,2,2,0,0,2,0,1,0,0,0
2400,6,zeros-la-2-4,zeros-la-2,186,2400,6,416,256,0,0,2,0,4,64,4,0,8,2,256,0,4,64,8,0,6,2,3,2,0,0,2,0,1,0,0,0
2400,5,zeros-la-2-4,zeros-la-2,187,2400,5,418,256,0,0,0,2,2,4,64,4,0,8,2,256,0,4,64,8,5,3,3,2,0,0,2,0,1,0,0,0
2400,4,zeros-la-2-4,zeros-la-2,188,2400,4,420,256,0,0,2,2,0,4,64,4,0,8,2,256,2,4,64,8,4,4,3,2,0,0,2,0,1,0,0,0
2404,4,zeros-la-2-4,zeros-la-2,189,2404,4,422,256,4,0,2,0,4,64,4,0,8,2,256,0,2,4,64,8,4,3,4,2,0,0,2,0,1,0,0,0
2412,4,zeros-la-2-4,zeros-la-2,190,2412,4,424,256,8,64,2,8,8,2,4,0,2,4,256,0,2,0,64,0,4,4,2,3,0,0,2,0,1,0,0,0
2432,5,zeros-la-2-4,zeros-la-2,191,2432,5,426,256,0,0,2,0,0,64,4,2,16,2,256,0,4,4,64,8,5,3,3,1,1,0,2,0,1,0,0,0
2440,5,zeros-la-2-4,zeros-la-2,192,2440,5,428,256,0,0,0,2,0,64,4,2,2,16,2,256,0,8,64,8,5,4,1,2,1,0,2,0,1,0,0,0
2444,5,zeros-la-2-4,zeros-la-2,193,2444,5,430,256,2,64,4,4,0,16,2,256,0,8,64,8,2,0,0,0,5,3,2,2,1,0,2,0,1,0,0,0
2448,5,zeros-la-2-4,zeros-la-2,194,2448,5,432,256,4,64,4,4,0,16,2,256,0,8,64,8,0,0,2,0,5,2,3,2,1,0,2,0,1,0,0,0
2456,5,zeros-la-2-4,zeros-la-2,195,2456,5,434,256,0,4,64,8,0,16,2,256,0,8,64,8,0,2,0,2,5,3,1,3,1,0,2,0,1,0,0,0
2460,5,zeros-la-2-4,zeros-la-2,196,2460,5,436,256,0,4,64,8,0,16,2,256,0,8,64,8,0,2,0,4,5,2,2,3,1,0,2,0,1,0,0,0
2460,4,zeros-la-2-4,zeros-la-2,197,2460,4,438,256,0,4,64,8,2,16,2,256,0,8,64,8,0,0,2,4,4,3,2,3,1,0,2,0,1,0,0,0
2460,3,zeros-la-2-4,zeros-la-2,198,2460,3,440,256,2,4,64,8,0,16,2,256,0,8,64,8,0,2,2,4,3,4,2,3,1,0,2,0,1,0,0,0
2464,3,zeros-la-2-4,zeros-la-2,199,2464,3,442,256,2,4,64,8,0,16,2,256,0,8,64,8,0,2,4,4,3,3,3,3,1,0,2,0,1,0,0,0
2472,3,zeros-la-2-4,zeros-la-2,200,2472,3,444,256,2,4,64,8,2,16,2,256,0,8,64,8,0,0,2,8,3,4,1,4,1,0,2,0,1,0,0,0
2492,4,zeros-la-2-4,zeros-la-2,201,2492,4,446,256,4,4,64,8,2,16,2,256,0,8,64,16,0,0,2,0,4,3,2,2,2,0,2,0,1,0,0,0
2500,4,zeros-la-2-4,zeros-la-2,202,2500,4,448,256,0,8,64,8,2,16,2,256,0,8,64,16,2,0,0,2,4,4,0,3,2,0,2,0,1,0,0,0
2504,4,zeros-la-2-4,zeros-la-2,203,2504,4,450,256,4,8,64,8,0,16,2,256,2,8,64,16,0,0,0,2,4,3,1,3,2,0,2,0,1,0,0,0
2504,3,zeros-la-2-4,zeros-la-2,204,2504,3,452,256,4,8,64,8,2,16,2,256,0,8,64,16,2,0,0,2,3,4,1,3,2,0,2,0,1,0,0,0
2508,3,zeros-la-2-4,zeros-la-2,205,2508,3,454,256,4,8,64,8,4,16,2,256,0,8,64,16,0,2,0,2,3,3,2,3,2,0,2,0,1,0,0,0
2516,3,zeros-la-2-4,zeros-la-2,206,2516,3,456,256,8,8,64,8,0,16,2,256,0,8,64,16,0,2,2,2,3,4,0,4,2,0,2,0,1,0,0,0
2536,4,zeros-la-2-4,zeros-la-2,207,2536,4,458,256,16,64,8,0,16,2,256,0,8,64,16,0,4,2,2,0,4,3,1,2,3,0,2,0,1,0,0,0
2540,4,zeros-la-2-4,zeros-la-2,208,2540,4,460,256,16,64,8,0,16,2,256,2,8,64,16,0,4,4,0,0,4,2,2,2,3,0,2,0,1,0,0,0
2548,4,zeros-la-2-4,zeros-la-2,209,2548,4,462,256,16,64,8,0,16,2,256,2,8,64,16,0,8,2,0,0,4,3,0,3,3,0,2,0,1,0,0,0
2596,5,zeros-la-2-4,zeros-la-2,210,2596,5,464,256,32,64,8,2,16,2,256,2,0,64,16,0,0,2,0,0,5,4,0,1,2,1,2,0,1,0,0,0
2600,5,zeros-la-2-4,zeros-la-2,211,2600,5,468,256,32,64,8,4,16,2,256,0,0,64,16,0,0,2,4,0,5,2,2,1,2,1,2,0,1,0,0,0
2600,4,zeros-la-2-4,zeros-la-2,212,2600,4,470,256,0,64,8,0,2,2,256,0,32,64,16,0,16,2,4,4,4,3,2,1,2,1,2,0,1,0,0,0
2612,5,zeros-la-2-4,zeros-la-2,213,2612,5,474,256,0,4,64,8,0,0,4,256,0,32,64,16,0,16,2,8,5,1,2,2,2,1,2,0,1,0,0,0
2612,4,zeros-la-2-4,zeros-la-2,214,2612,4,476,256,0,0,64,8,2,4,4,256,0,32,64,16,0,16,2,8,4,2,2,2,2,1,2,0,1,0,0,0
2620,4,zeros-la-2-4,zeros-la-2,215,2620,4,478,256,64,8,0,0,2,8,256,0,32,64,16,2,16,2,8,0,4,3,0,3,2,1,2,0,1,0,0,0
2636,4,zeros-la-2-4,zeros-la-2,216,2636,4,480,256,64,16,256,2,2,64,16,0,32,2,8,0,16,2,0,0,4,4,0,1,3,1,2,0,1,0,0,0
2640,4,zeros-la-2-4,zeros-la-2,217,2640,4,484,256,64,16,256,2,2,64,16,0,32,4,8,4,16,0,0,0,4,2,2,1,3,1,2,0,1,0,0,0
2640,3,zeros-la-2-4,zeros-la-2,218,2640,3,486,256,64,16,256,2,0,2,64,16,32,4,8,4,0,2,0,16,3,3,2,1,3,1,2,0,1,0,0,0
2640,2,zeros-la-2-4,zeros-la-2,219,2640,2,488,256,64,16,256,2,0,2,64,16,32,4,8,4,0,2,2,16,2,4,2,1,3,1,2,0,1,0,0,0
2644,2,zeros-la-2-4,zeros-la-2,220,2644,2,490,256,64,16,256,2,0,2,64,16,32,4,8,4,2,0,4,16,2,3,3,1,3,1,2,0,1,0,0,0
2644,1,zeros-la-2-4,zeros-la-2,221,2644,1,492,256,64,16,256,2,2,64,16,2,32,4,8,4,2,4,16,0,1,4,3,1,3,1,2,0,1,0,0,0
2656,2,zeros-la-2-4,zeros-la-2,222,2656,2,494,256,64,16,256,4,2,64,16,4,32,8,8,2,2,0,16,0,2,3,2,2,3,1,2,0,1,0,0,0
2672,2,zeros-la-2-4,zeros-la-2,223,2672,2,496,256,64,16,256,4,2,64,16,4,2,32,16,2,0,0,2,16,2,4,2,0,4,1,2,0,1,0,0,0
2716,4,zeros-la-2-4,zeros-la-2,224,2716,4,498,256,0,2,0,0,0,16,256,8,64,64,32,2,4,32,2,16,4,3,1,1,2,2,2,0,1,0,0,0
2844,4,zeros-la-2-4,zeros-la-2,225,2844,4,500,256,2,0,2,0,16,256,8,0,128,32,2,0,4,32,2,16,4,4,1,1,2,2,0,1,1,0,0,0
2912,5,zeros-la-2-4,zeros-la-2,226,2912,5,504,256,2,0,0,0,16,4,2,0,128,256,8,0,4,64,4,16,5,2,3,1,2,0,1,1,1,0,0,0
2912,4,zeros-la-2-4,zeros-la-2,227,2912,4,506,256,0,0,0,2,2,16,4,2,0,128,256,8,4,64,4,16,4,3,3,1,2,0,1,1,1,0,0,0
2916,4,zeros-la-2-4,zeros-la-2,228,2916,4,508,256,0,0,2,0,0,16,4,4,2,128,256,8,4,64,4,16,4,2,4,1,2,0,1,1,1,0,0,0
2924,4,zeros-la-2-4,zeros-la-2,229,2924,4,510,256,0,2,0,2,0,0,16,8,2,128,256,8,4,64,4,16,4,3,2,2,2,0,1,1,1,0,0,0
2940,4,zeros-la-2-4,zeros-la-2,230,2940,4,514,256,4,0,0,0,0,2,16,2,2,128,256,16,4,64,4,16,4,3,3,0,3,0,1,1,1,0,0,0
2940,3,zeros-la-2-4,zeros-la-2,231,2940,3,516,256,0,2,0,4,0,2,16,2,2,128,256,16,4,64,4,16,3,4,3,0,3,0,1,1,1,0,0,0
2976,4,zeros-la-2-4,zeros-la-2,232,2976,4,518,256,0,2,0,0,0,4,16,4,2,128,256,2,4,64,4,32,4,3,4,0,1,1,1,1,1,0,0,0
2976,3,zeros-la-2-4,zeros-la-2,233,2976,3,520,256,0,2,0,0,2,4,16,4,2,128,256,2,4,64,4,32,3,4,4,0,1,1,1,1,1,0,0,0
2980,3,zeros-la-2-4,zeros-la-2,234,2980,3,522,256,0,2,0,2,0,4,16,4,4,128,256,2,4,64,4,32,3,3,5,0,1,1,1,1,1,0,0,0
2984,3,zeros-la-2-4,zeros-la-2,235,2984,3,524,256,4,0,0,2,4,16,4,0,4,128,256,2,4,64,4,32,3,2,6,0,1,1,1,1,1,0,0,0
3004,5,zeros-la-2-4,zeros-la-2,236,3004,5,526,256,8,16,4,4,8,128,256,32,0,64,4,0,0,2,0,0,5,1,3,2,1,1,1,1,1,0,0,0
3020,5,zeros-la-2-4,zeros-la-2,237,3020,5,528,256,16,16,4,4,0,128,256,32,0,64,4,0,0,2,0,2,5,2,3,0,2,1,1,1,1,0,0,0
3064,7,zeros-la-2-4,zeros-la-2,238,3064,7,530,256,0,0,32,8,2,128,256,32,0,0,64,4,0,0,0,4,7,1,2,1,0,2,1,1,1,0,0,0
3072,7,zeros-la-2-4,zeros-la-2,239,3072,7,532,256,0,0,0,0,2,0,32,8,0,0,256,32,2,128,64,8,7,2,0,2,0,2,1,1,1,0,0,0
3076,7,zeros-la-2-4,zeros-la-2,240,3076,7,534,256,0,0,0,0,0,2,32,8,0,0,256,32,4,128,64,8,7,1,1,2,0,2,1,1,1,0,0,0
3076,6,zeros-la-2-4,zeros-la-2,241,3076,6,536,256,0,0,0,0,2,32,8,2,256,32,0,0,4,128,64,8,6,2,1,2,0,2,1,1,1,0,0,0
3140,6,zeros-la-2-4,zeros-la-2,242,3140,6,540,256,2,64,8,2,256,128,64,8,4,0,0,0,0,0,0,4,6,2,2,2,0,0,2,1,1,0,0,0
3140,5,zeros-la-2-4,zeros-la-2,243,3140,5,542,256,0,0,0,0,2,2,0,2,256,64,8,8,4,128,64,4,5,3,2,2,0,0,2,1,1,0,0,0
3160,6,zeros-la-2-4,zeros-la-2,244,3160,6,544,256,0,0,2,0,0,0,2,4,0,256,64,16,4,128,64,4,6,2,3,0,1,0,2,1,1,0,0,0
3292,7,zeros-la-2-4,zeros-la-2,245,3292,7,546,256,4,256,4,4,0,128,128,16,0,0,0,4,2,0,0,0,7,1,4,0,1,0,0,2,1,0,0,0
3556,8,zeros-la-2-4,zeros-la-2,246,3556,8,548,256,0,4,256,8,0,2,256,16,0,0,0,4,0,0,0,2,8,2,2,1,1,0,0,0,2,0,0,0
4068,8,zeros-la-2-4,zeros-la-2,247,4068,8,550,512,0,4,512,8,0,2,2,16,0,0,0,4,0,0,0,2,8,3,2,1,1,0,0,0,0,1,0,0
4072,8,zeros-la-2-4,zeros-la-2,248,4072,8,554,512,4,512,8,0,4,16,4,0,4,0,0,0,2,0,0,0,8,1,4,1,1,0,0,0,0,1,0,0
4072,7,zeros-la-2-4,zeros-la-2,249,4072,7,558,512,0,4,512,8,0,4,16,4,0,0,4,4,0,0,0,2,7,1,5,1,1,0,0,0,0,1,0,0
4088,8,zeros-la-2-4,zeros-la-2,250,4088,8,562,512,4,0,0,0,0,0,512,8,0,0,16,8,0,8,4,2,8,1,2,3,1,0,0,0,0,1,0,0
4104,8,zeros-la-2-4,zeros-la-2,251,4104,8,564,512,0,0,0,0,0,0,512,0,0,2,16,16,4,8,4,2,8,2,2,1,2,0,0,0,0,1,0,0
4136,8,zeros-la-2-4,zeros-la-2,252,4136,8,566,512,0,0,0,0,512,0,0,0,2,32,2,0,4,8,4,2,8,3,2,1,0,1,0,0,0,1,0,0
4136,7,zeros-la-2-4,zeros-la-2,253,4136,7,568,512,0,0,2,0,512,0,0,0,2,32,2,0,4,8,4,2,7,4,2,1,0,1,0,0,0,1,0,0
4140,7,zeros-la-2-4,zeros-la-2,254,4140,7,570,512,512,32,4,2,2,8,4,0,4,0,0,0,0,0,0,2,7,3,3,1,0,1,0,0,0,1,0,0
4152,8,zeros-la-2-4,zeros-la-2,255,4152,8,572,512,0,0,0,0,512,0,0,0,2,32,0,2,4,8,8,4,8,2,2,2,0,1,0,0,0,1,0,0
4168,8,zeros-la-2-4,zeros-la-2,256,4168,8,574,512,0,0,0,0,0,0,0,512,2,2,32,2,0,4,16,4,8,3,2,0,1,1,0,0,0,1,0,0
4172,8,zeros-la-2-4,zeros-la-2,257,4172,8,578,512,0,0,0,0,0,0,0,512,4,4,32,2,0,4,16,4,8,1,4,0,1,1,0,0,0,1,0,0
4180,8,zeros-la-2-4,zeros-la-2,258,4180,8,580,512,0,0,0,0,512,0,2,0,8,32,2,0,4,16,4,0,8,2,2,1,1,1,0,0,0,1,0,0
4184,8,zeros-la-2-4,zeros-la-2,259,4184,8,584,512,512,32,4,0,8,16,4,0,4,0,0,0,4,0,0,0,8,0,4,1,1,1,0,0,0,1,0,0
4200,9,zeros-la-2-4,zeros-la-2,260,4200,9,586,512,512,32,8,2,8,16,0,0,8,0,0,0,0,0,0,0,9,1,0,3,1,1,0,0,0,1,0,0
4216,9,zeros-la-2-4,zeros-la-2,261,4216,9,588,512,512,32,8,2,16,16,0,0,0,0,0,0,0,2,0,0,9,2,0,1,2,1,0,0,0,1,0,0
4248,9,zeros-la-2-4,zeros-la-2,262,4248,9,590,512,512,32,8,2,32,0,2,0,0,0,0,0,2,0,0,0,9,3,0,1,0,2,0,0,0,1,0,0
4248,8,zeros-la-2-4,zeros-la-2,263,4248,8,592,512,512,32,8,2,32,2,0,0,0,0,0,0,2,0,2,0,8,4,0,1,0,2,0,0,0,1,0,0
4248,7,zeros-la-2-4,zeros-la-2,264,4248,7,594,512,0,0,0,2,512,0,0,0,32,32,8,0,2,2,2,2,7,5,0,1,0,2,0,0,0,1,0,0
4320,9,zeros-la-2-4,zeros-la-2,265,4320,9,598,512,0,0,4,2,0,0,0,512,0,0,64,8,0,0,4,4,9,1,3,1,0,0,1,0,0,1,0,0
4328,9,zeros-la-2-4,zeros-la-2,266,4328,9,600,512,0,0,4,2,2,0,0,512,0,0,64,8,0,0,0,8,9,2,1,2,0,0,1,0,0,1,0,0
4344,9,zeros-la-2-4,zeros-la-2,267,4344,9,602,512,2,0,4,2,0,0,64,512,0,0,2,16,0,0,0,0,9,3,1,0,1,0,1,0,0,1,0,0
4344,8,zeros-la-2-4,zeros-la-2,268,4344,8,604,512,2,0,0,0,0,0,4,2,0,0,64,512,2,0,2,16,8,4,1,0,1,0,1,0,0,1,0,0
4348,8,zeros-la-2-4,zeros-la-2,269,4348,8,608,512,0,0,0,2,0,4,4,2,0,0,64,512,0,0,4,16,8,2,3,0,1,0,1,0,0,1,0,0
4352,8,zeros-la-2-4,zeros-la-2,270,4352,8,610,512,0,0,0,0,0,2,4,4,0,0,64,512,0,4,4,16,8,1,4,0,1,0,1,0,0,1,0,0
4368,9,zeros-la-2-4,zeros-la-2,271,4368,9,612,512,0,2,0,0,0,0,2,8,0,0,64,512,0,0,8,16,9,2,0,2,1,0,1,0,0,1,0,0
4368,8,zeros-la-2-4,zeros-la-2,272,4368,8,614,512,2,0,0,0,2,8,2,0,64,512,0,0,8,16,0,0,8,3,0,2,1,0,1,0,0,1,0,0
4372,8,zeros-la-2-4,zeros-la-2,273,4372,8,616,512,4,8,2,0,64,512,0,0,8,16,0,2,0,0,0,0,8,2,1,2,1,0,1,0,0,1,0,0
4372,7,zeros-la-2-4,zeros-la-2,274,4372,7,618,512,4,8,2,2,64,512,0,0,8,16,0,2,0,0,0,0,7,3,1,2,1,0,1,0,0,1,0,0
4376,7,zeros-la-2-4,zeros-la-2,275,4376,7,622,512,4,8,4,4,64,512,0,0,8,16,2,0,0,0,0,0,7,1,3,2,1,0,1,0,0,1,0,0
4384,7,zeros-la-2-4,zeros-la-2,276,4384,7,624,512,0,4,8,8,0,0,64,512,0,8,16,2,2,0,0,0,7,2,1,3,1,0,1,0,0,1,0,0
4400,7,zeros-la-2-4,zeros-la-2,277,4400,7,626,512,0,0,4,16,0,0,64,512,0,8,16,2,2,0,0,2,7,3,1,1,2,0,1,0,0,1,0,0
4404,7,zeros-la-2-4,zeros-la-2,278,4404,7,628,512,4,16,0,0,64,512,2,0,8,16,2,0,4,0,0,0,7,2,2,1,2,0,1,0,0,1,0,0
4408,7,zeros-la-2-4,zeros-la-2,279,4408,7,630,512,4,16,4,0,64,512,0,0,8,16,0,0,4,0,0,2,7,1,3,1,2,0,1,0,0,1,0,0
4408,6,zeros-la-2-4,zeros-la-2,280,4408,6,632,512,4,16,4,2,64,512,2,0,8,16,0,0,4,0,0,0,6,2,3,1,2,0,1,0,0,1,0,0
4408,5,zeros-la-2-4,zeros-la-2,281,4408,5,634,512,4,0,0,0,64,16,2,0,8,512,4,0,4,16,2,2,5,3,3,1,2,0,1,0,0,1,0,0
4412,5,zeros-la-2-4,zeros-la-2,282,4412,5,636,512,4,0,0,0,64,16,2,0,8,512,4,2,4,16,4,0,5,2,4,1,2,0,1,0,0,1,0,0
4420,5,zeros-la-2-4,zeros-la-2,283,4420,5,638,512,4,16,2,2,64,512,8,0,8,16,0,0,4,2,0,0,5,3,2,2,2,0,1,0,0,1,0,0
4424,5,zeros-la-2-4,zeros-la-2,284,4424,5,640,512,0,4,16,4,0,64,512,8,0,0,8,16,2,0,4,2,5,2,3,2,2,0,1,0,0,1,0,0
4424,4,zeros-la-2-4,zeros-la-2,285,4424,4,642,512,2,4,16,4,2,64,512,8,0,0,8,16,0,0,4,2,4,3,3,2,2,0,1,0,0,1,0,0
4428,4,zeros-la-2-4,zeros-la-2,286,4428,4,644,512,4,4,16,4,0,64,512,8,2,0,8,16,0,0,4,2,4,2,4,2,2,0,1,0,0,1,0,0
4436,4,zeros-la-2-4,zeros-la-2,287,4436,4,648,512,0,8,16,4,4,64,512,8,0,2,8,16,0,0,4,2,4,2,3,3,2,0,1,0,0,1,0,0
4436,3,zeros-la-2-4,zeros-la-2,288,4436,3,650,512,4,8,16,4,0,64,512,8,0,2,8,16,0,2,4,2,3,3,3,3,2,0,1,0,0,1,0,0
4440,3,zeros-la-2-4,zeros-la-2,289,4440,3,654,512,0,4,16,4,0,8,512,8,0,64,8,16,4,4,4,2,3,1,5,3,2,0,1,0,0,1,0,0
4448,3,zeros-la-2-4,zeros-la-2,290,4448,3,656,512,0,4,16,4,0,8,512,8,2,64,8,16,0,4,8,2,3,2,3,4,2,0,1,0,0,1,0,0
4464,3,zeros-la-2-4,zeros-la-2,291,4464,3,658,512,0,4,2,4,0,8,16,8,0,64,512,16,2,4,16,2,3,3,3,2,3,0,1,0,0,1,0,0
4464,2,zeros-la-2-4,zeros-la-2,292,4464,2,660,512,4,2,4,0,8,16,8,0,64,512,16,2,2,4,16,2,2,4,3,2,3,0,1,0,0,1,0,0
4500,3,zeros-la-2-4,zeros-la-2,293,4500,3,662,512,4,2,4,4,8,16,8,0,64,512,32,2,2,4,0,0,3,3,4,2,1,1,1,0,0,1,0,0
4508,3,zeros-la-2-4,zeros-la-2,294,4508,3,664,512,0,4,2,8,0,8,16,8,64,512,32,2,2,0,2,4,3,4,2,3,1,1,1,0,0,1,0,0
4512,3,zeros-la-2-4,zeros-la-2,295,4512,3,666,512,4,2,8,2,8,16,8,0,64,512,32,2,4,4,0,0,3,3,3,3,1,1,1,0,0,1,0,0
4532,4,zeros-la-2-4,zeros-la-2,296,4532,4,668,512,4,2,0,0,8,16,0,0,64,512,16,2,4,4,32,4,4,2,4,1,2,1,1,0,0,1,0,0
4540,4,zeros-la-2-4,zeros-la-2,297,4540,4,670,512,4,2,0,0,8,16,0,0,64,512,16,2,8,32,4,2,4,3,2,2,2,1,1,0,0,1,0,0
4544,4,zeros-la-2-4,zeros-la-2,298,4544,4,672,512,4,2,0,0,8,16,0,2,64,512,16,0,8,32,4,4,4,2,3,2,2,1,1,0,0,1,0,0
4552,4,zeros-la-2-4,zeros-la-2,299,4552,4,674,512,4,2,0,0,8,16,2,2,64,512,16,0,8,32,8,0,4,3,1,3,2,1,1,0,0,1,0,0
4552,3,zeros-la-2-4,zeros-la-2,300,4552,3,676,512,4,2,2,2,8,16,16,2,64,512,8,0,8,32,0,0,3,4,1,3,2,1,1,0,0,1,0,0
4588,4,zeros-la-2-4,zeros-la-2,301,4588,4,678,512,4,4,2,0,8,32,2,0,64,512,8,2,8,32,0,0,4,3,2,3,0,2,1,0,0,1,0,0
4596,4,zeros-la-2-4,zeros-la-2,302,4596,4,680,512,8,2,0,0,8,32,2,0,64,512,8,2,8,32,2,0,4,4,0,4,0,2,1,0,0,1,0,0
4612,4,zeros-la-2-4,zeros-la-2,303,4612,4,682,512,0,2,0,0,16,32,2,2,64,512,8,0,8,32,2,2,4,5,0,2,1,2,1,0,0,1,0,0
4620,5,zeros-la-2-4,zeros-la-2,304,4620,5,684,512,2,0,0,2,16,32,4,0,64,512,8,0,8,32,4,0,5,2,2,2,1,2,1,0,0,1,0,0
4624,5,zeros-la-2-4,zeros-la-2,305,4624,5,686,512,2,0,0,4,0,16,32,4,0,64,512,8,0,8,32,4,5,1,3,2,1,2,1,0,0,1,0,0
4632,5,zeros-la-2-4,zeros-la-2,306,4632,5,688,512,2,0,0,0,0,16,32,8,0,64,512,8,2,8,32,4,5,2,1,3,1,2,1,0,0,1,0,0
4652,6,zeros-la-2-4,zeros-la-2,307,4652,6,690,512,0,0,0,0,0,16,32,0,2,64,512,16,4,8,32,4,6,1,2,1,2,2,1,0,0,1,0,0
4652,5,zeros-la-2-4,zeros-la-2,308,4652,5,692,512,0,0,2,0,0,0,16,32,2,64,512,16,4,8,32,4,5,2,2,1,2,2,1,0,0,1,0,0
4652,4,zeros-la-2-4,zeros-la-2,309,4652,4,694,512,0,0,2,2,0,0,16,32,2,64,512,16,4,8,32,4,4,3,2,1,2,2,1,0,0,1,0,0
4656,4,zeros-la-2-4,zeros-la-2,310,4656,4,696,512,0,0,0,4,0,2,16,32,2,64,512,16,4,8,32,4,4,2,3,1,2,2,1,0,0,1,0,0
4656,3,zeros-la-2-4,zeros-la-2,311,4656,3,698,512,2,2,16,4,4,64,512,32,2,8,32,16,0,0,0,4,3,3,3,1,2,2,1,0,0,1,0,0
4660,3,zeros-la-2-4,zeros-la-2,312,4660,3,700,512,4,16,4,0,4,64,512,32,2,8,32,16,4,0,2,0,3,2,4,1,2,2,1,0,0,1,0,0
4668,3,zeros-la-2-4,zeros-la-2,313,4668,3,702,512,0,2,4,0,8,16,512,0,2,64,32,32,4,8,2,16,3,3,2,2,2,2,1,0,0,1,0,0
4732,3,zeros-la-2-4,zeros-la-2,314,4732,3,704,512,0,2,2,4,0,8,16,512,0,2,64,64,4,8,2,16,3,4,2,2,2,0,2,0,0,1,0,0
4864,4,zeros-la-2-4,zeros-la-2,315,4864,4,706,512,0,0,4,4,2,8,16,512,0,0,2,128,4,8,2,16,4,3,3,2,2,0,0,1,0,1,0,0
4884,5,zeros-la-2-4,zeros-la-2,316,4884,5,708,512,2,16,4,4,4,0,16,512,0,0,4,128,0,0,2,16,5,2,4,0,3,0,0,1,0,1,0,0
4892,5,zeros-la-2-4,zeros-la-2,317,4892,5,710,512,0,2,16,8,0,4,16,512,0,0,4,128,2,0,2,16,5,3,2,1,3,0,0,1,0,1,0,0
4924,5,zeros-la-2-4,zeros-la-2,318,4924,5,712,512,2,2,32,8,2,4,4,512,0,0,2,128,0,0,0,16,5,4,2,1,1,1,0,1,0,1,0,0
4936,6,zeros-la-2-4,zeros-la-2,319,4936,6,714,512,0,4,32,8,0,2,8,512,2,0,2,128,0,0,0,16,6,3,1,2,1,1,0,1,0,1,0,0
4936,5,zeros-la-2-4,zeros-la-2,320,4936,5,716,512,0,0,0,8,0,2,32,512,0,4,8,128,2,2,2,16,5,4,1,2,1,1,0,1,0,1,0,0
4940,5,zeros-la-2-4,zeros-la-2,321,4940,5,720,512,8,0,4,0,2,32,512,0,4,8,128,0,4,2,16,0,5,2,3,2,1,1,0,1,0,1,0,0
4948,5,zeros-la-2-4,zeros-la-2,322,4948,5,722,512,8,32,4,2,2,8,512,0,8,2,128,0,0,0,16,0,5,3,1,3,1,1,0,1,0,1,0,0
4948,4,zeros-la-2-4,zeros-la-2,323,4948,4,724,512,8,32,4,2,2,8,512,0,8,2,128,0,2,0,16,0,4,4,1,3,1,1,0,1,0,1,0,0
4948,3,zeros-la-2-4,zeros-la-2,324,4948,3,728,512,8,0,4,0,2,32,512,4,8,8,128,0,2,2,16,2,3,4,2,3,1,1,0,1,0,1,0,0
4968,4,zeros-la-2-4,zeros-la-2,325,4968,4,730,512,0,0,8,4,2,32,512,4,2,0,16,128,0,4,16,2,4,3,3,1,2,1,0,1,0,1,0,0
5012,6,zeros-la-2-4,zeros-la-2,326,5012,6,732,512,0,2,0,0,0,0,8,8,0,32,512,128,4,4,32,2,6,2,2,2,0,2,0,1,0,1,0,0
5036,7,zeros-la-2-4,zeros-la-2,327,5036,7,734,512,2,0,0,0,16,0,2,0,32,512,128,0,8,32,2,0,7,3,0,1,1,2,0,1,0,1,0,0
5036,6,zeros-la-2-4,zeros-la-2,328,5036,6,736,512,2,2,0,0,16,0,2,0,32,512,128,0,8,32,2,0,6,4,0,1,1,2,0,1,0,1,0,0
5040,6,zeros-la-2-4,zeros-la-2,329,5040,6,738,512,4,0,0,0,16,2,0,0,32,512,128,2,8,32,2,0,6,3,1,1,1,2,0,1,0,1,0,0
5040,5,zeros-la-2-4,zeros-la-2,330,5040,5,740,512,4,0,0,0,16,2,0,2,32,512,128,0,8,32,2,2,5,4,1,1,1,2,0,1,0,1,0,0
5048,6,zeros-la-2-4,zeros-la-2,331,5048,6,742,512,0,2,0,4,0,0,16,4,0,32,512,128,0,8,32,4,6,1,3,1,1,2,0,1,0,1,0,0
5056,6,zeros-la-2-4,zeros-la-2,332,5056,6,744,512,0,2,16,8,0,32,512,128,0,8,32,4,2,0,0,0,6,2,1,2,1,2,0,1,0,1,0,0
5056,5,zeros-la-2-4,zeros-la-2,333,5056,5,746,512,2,2,16,8,0,32,512,128,0,8,32,4,0,0,2,0,5,3,1,2,1,2,0,1,0,1,0,0
5060,5,zeros-la-2-4,zeros-la-2,334,5060,5,750,512,0,4,16,8,0,32,512,128,0,8,32,4,4,0,0,2,5,1,3,2,1,2,0,1,0,1,0,0
5060,4,zeros-la-2-4,zeros-la-2,335,5060,4,752,512,4,4,16,8,0,32,512,128,0,8,32,4,2,0,0,2,4,2,3,2,1,2,0,1,0,1,0,0
5072,5,zeros-la-2-4,zeros-la-2,336,5072,5,756,512,0,8,16,8,0,32,512,128,0,8,32,4,0,4,0,4,5,0,3,3,1,2,0,1,0,1,0,0
5080,5,zeros-la-2-4,zeros-la-2,337,5080,5,758,512,8,16,8,0,32,512,128,0,8,32,4,2,8,0,0,0,5,1,1,4,1,2,0,1,0,1,0,0
5096,5,zeros-la-2-4,zeros-la-2,338,5096,5,760,512,0,2,0,0,8,16,8,0,32,512,128,0,16,32,4,2,5,2,1,2,2,2,0,1,0,1,0,0
5096,4,zeros-la-2-4,zeros-la-2,339,5096,4,762,512,0,0,2,2,0,8,16,8,0,32,512,128,16,32,4,2,4,3,1,2,2,2,0,1,0,1,0,0
5100,4,zeros-la-2-4,zeros-la-2,340,5100,4,764,512,4,2,0,0,8,16,8,0,32,512,128,0,16,32,4,2,4,2,2,2,2,2,0,1,0,1,0,0
5100,3,zeros-la-2-4,zeros-la-2,341,5100,3,768,512,4,2,0,0,8,16,8,4,32,512,128,0,16,32,4,2,3,2,3,2,2,2,0,1,0,1,0,0
5100,2,zeros-la-2-4,zeros-la-2,342,5100,2,772,512,4,2,8,4,8,16,128,2,32,512,4,4,16,32,0,0,2,2,4,2,2,2,0,1,0,1,0,0
5100,1,zeros-la-2-4,zeros-la-2,343,5100,1,774,512,4,2,0,2,8,16,8,4,32,512,128,2,16,32,4,4,1,3,4,2,2,2,0,1,0,1,0,0
5112,2,zeros-la-2-4,zeros-la-2,344,5112,2,776,512,0,0,4,4,8,16,8,4,32,512,128,2,2,16,32,8,2,2,3,3,2,2,0,1,0,1,0,0
5120,2,zeros-la-2-4,zeros-la-2,345,5120,2,778,512,2,0,4,0,8,16,8,8,32,512,128,2,2,16,32,8,2,3,1,4,2,2,0,1,0,1,0,0
5136,2,zeros-la-2-4,zeros-la-2,346,5136,2,780,512,2,0,2,4,0,8,16,16,32,512,128,2,2,16,32,8,2,4,1,2,3,2,0,1,0,1,0,0
5172,3,zeros-la-2-4,zeros-la-2,347,5172,3,782,512,4,4,0,0,8,32,0,2,32,512,128,2,2,16,32,8,3,3,2,2,1,3,0,1,0,1,0,0
5176,3,zeros-la-2-4,zeros-la-2,348,5176,3,784,512,4,4,128,4,8,32,32,8,32,512,0,2,2,16,0,0,3,2,3,2,1,3,0,1,0,1,0,0
5248,4,zeros-la-2-4,zeros-la-2,349,5248,4,786,512,8,128,4,0,8,64,8,0,32,512,2,2,2,16,0,0,4,3,1,3,1,1,1,1,0,1,0,0
5252,4,zeros-la-2-4,zeros-la-2,350,5252,4,788,512,0,8,128,4,0,8,64,8,0,32,512,4,0,2,2,16,4,2,2,3,1,1,1,1,0,1,0,0
5256,4,zeros-la-2-4,zeros-la-2,351,5256,4,790,512,0,8,128,4,0,8,64,8,2,32,512,4,0,0,4,16,4,1,3,3,1,1,1,1,0,1,0,0
5272,4,zeros-la-2-4,zeros-la-2,352,5272,4,792,512,0,2,128,4,0,0,64,8,0,16,512,4,2,32,4,16,4,2,3,1,2,1,1,1,0,1,0,0
5272,3,zeros-la-2-4,zeros-la-2,353,5272,3,794,512,2,2,128,4,0,16,64,8,2,32,512,4,0,0,4,16,3,3,3,1,2,1,1,1,0,1,0,0
5276,3,zeros-la-2-4,zeros-la-2,354,5276,3,796,512,2,0,128,4,0,2,64,8,0,16,512,4,4,32,4,16,3,2,4,1,2,1,1,1,0,1,0,0
5276,2,zeros-la-2-4,zeros-la-2,355,5276,2,798,512,2,128,4,2,2,64,8,0,16,512,4,0,4,32,4,16,2,3,4,1,2,1,1,1,0,1,0,0
5288,3,zeros-la-2-4,zeros-la-2,356,5288,3,800,512,0,128,2,0,4,64,4,0,16,512,8,2,4,32,8,16,3,2,3,2,2,1,1,1,0,1,0,0
5304,3,zeros-la-2-4,zeros-la-2,357,5304,3,804,512,0,128,4,0,4,64,2,0,16,512,4,2,4,32,16,16,3,2,4,0,3,1,1,1,0,1,0,0
5336,3,zeros-la-2-4,zeros-la-2,358,5336,3,806,512,0,0,128,4,2,4,64,2,16,512,4,2,0,4,32,32,3,3,4,0,1,2,1,1,0,1,0,0
5340,3,zeros-la-2-4,zeros-la-2,359,5340,3,808,512,0,0,128,0,2,4,64,4,2,512,4,4,16,4,32,32,3,2,5,0,1,2,1,1,0,1,0,0
5352,4,zeros-la-2-4,zeros-la-2,360,5352,4,810,512,4,4,128,8,16,512,64,32,2,4,4,0,0,0,32,0,4,1,4,1,1,2,1,1,0,1,0,0
5368,5,zeros-la-2-4,zeros-la-2,361,5368,5,812,512,0,8,128,8,16,512,64,32,0,0,2,8,0,2,0,32,5,2,0,3,1,2,1,1,0,1,0,0
5368,4,zeros-la-2-4,zeros-la-2,362,5368,4,814,512,0,8,128,8,16,512,64,32,0,0,2,8,0,2,2,32,4,3,0,3,1,2,1,1,0,1,0,0
5372,4,zeros-la-2-4,zeros-la-2,363,5372,4,816,512,16,8,128,8,0,512,64,32,0,2,4,8,0,2,0,32,4,2,1,3,1,2,1,1,0,1,0,0
5376,4,zeros-la-2-4,zeros-la-2,364,5376,4,818,512,16,8,128,8,0,512,64,32,0,4,4,8,0,0,2,32,4,1,2,3,1,2,1,1,0,1,0,0
5384,4,zeros-la-2-4,zeros-la-2,365,5384,4,820,512,16,8,128,8,0,512,64,32,0,0,8,8,2,0,2,32,4,2,0,4,1,2,1,1,0,1,0,0
5404,5,zeros-la-2-4,zeros-la-2,366,5404,5,822,512,16,8,128,8,512,64,32,0,16,0,2,0,4,32,0,0,5,1,1,2,2,2,1,1,0,1,0,0
5404,4,zeros-la-2-4,zeros-la-2,367,5404,4,824,512,16,8,128,8,0,512,64,32,0,2,16,2,0,0,4,32,4,2,1,2,2,2,1,1,0,1,0,0
5404,3,zeros-la-2-4,zeros-la-2,368,5404,3,826,512,16,8,128,8,0,512,64,32,0,2,16,2,2,0,4,32,3,3,1,2,2,2,1,1,0,1,0,0
5404,2,zeros-la-2-4,zeros-la-2,369,5404,2,828,512,16,8,128,8,2,512,64,32,0,2,16,2,0,2,4,32,2,4,1,2,2,2,1,1,0,1,0,0
5408,2,zeros-la-2-4,zeros-la-2,370,5408,2,830,512,0,2,128,8,0,8,64,32,16,512,16,2,2,4,4,32,2,3,2,2,2,2,1,1,0,1,0,0
5416,2,zeros-la-2-4,zeros-la-2,371,5416,2,834,512,0,2,128,8,0,8,64,32,16,512,16,2,4,2,8,32,2,3,1,3,2,2,1,1,0,1,0,0
5416,1,zeros-la-2-4,zeros-la-2,372,5416,1,836,512,2,2,128,8,0,8,64,32,16,512,16,2,4,2,8,32,1,4,1,3,2,2,1,1,0,1,0,0
5416,0,zeros-la-2-4,zeros-la-2,373,5416,0,840,512,2,2,128,8,16,8,64,32,4,512,16,2,4,2,8,32,0,4,2,3,2,2,1,1,0,1,0,0
5424,0,zeros-la-2-4,zeros-la-2,374,5424,0,844,512,2,2,128,8,16,8,64,32,8,512,16,2,4,2,8,32,0,4,1,4,2,2,1,1,0,1,0,0
5428,0,zeros-la-2-4,zeros-la-2,375,5428,0,846,512,4,128,8,2,16,8,64,32,8,512,16,2,4,2,8,32,0,3,2,4,2,2,1,1,0,1,0,0
0,13,zeros-la-2-5,zeros-la-2,0,0,13,6,2,0,2,0,2,0,0,2,0,0,0,0,0,0,0,0,0,13,3,0,0,0,0,0,0,0,0,0,0
4,13,zeros-la-2-5,zeros-la-2,1,4,13,8,4,4,0,2,0,2,0,0,0,0,0,0,0,0,0,0,0,13,2,1,0,0,0,0,0,0,0,0,0
4,12,zeros-la-2-5,zeros-la-2,2,4,12,10,4,4,0,2,0,2,0,0,0,0,0,0,2,0,0,0,0,12,3,1,0,0,0,0,0,0,0,0,0
4,11,zeros-la-2-5,zeros-la-2,3,4,11,14,4,0,0,0,0,0,0,4,0,4,0,0,0,2,0,2,2,11,3,2,0,0,0,0,0,0,0,0,0
8,11,zeros-la-2-5,zeros-la-2,4,8,11,16,4,0,0,0,0,0,0,0,4,0,0,0,4,2,0,2,4,11,2,3,0,0,0,0,0,0,0,0,0
12,11,zeros-la-2-5,zeros-la-2,5,12,11,18,4,0,2,0,0,0,0,0,4,0,0,0,4,0,0,4,4,11,1,4,0,0,0,0,0,0,0,0,0
20,11,zeros-la-2-5,zeros-la-2,6,20,11,20,8,0,0,0,2,0,2,0,4,0,0,0,4,0,0,0,8,11,2,2,1,0,0,0,0,0,0,0,0
28,11,zeros-la-2-5,zeros-la-2,7,28,11,24,8,0,0,0,0,0,0,0,2,0,0,4,8,0,2,0,8,11,2,1,2,0,0,0,0,0,0,0,0
44,11,zeros-la-2-5,zeros-la-2,8,44,11,26,16,0,0,0,0,0,0,0,0,2,0,0,2,0,2,4,16,11,3,1,0,1,0,0,0,0,0,0,0
48,11,zeros-la-2-5,zeros-la-2,9,48,11,28,16,0,0,2,0,0,0,0,0,0,0,0,4,0,2,4,16,11,2,2,0,1,0,0,0,0,0,0,0
48,10,zeros-la-2-5,zeros-la-2,10,48,10,30,16,0,2,2,4,0,0,4,16,0,0,2,0,0,0,0,0,10,3,2,0,1,0,0,0,0,0,0,0
52,10,zeros-la-2-5,zeros-la-2,11,52,10,32,16,0,0,4,4,0,0,4,16,0,2,0,2,0,0,0,0,10,2,3,0,1,0,0,0,0,0,0,0
64,11,zeros-la-2-5,zeros-la-2,12,64,11,34,16,8,0,0,0,4,16,2,0,4,0,0,0,0,0,0,0,11,1,2,1,1,0,0,0,0,0,0,0
72,11,zeros-la-2-5,zeros-la-2,13,72,11,36,16,8,16,2,0,8,0,0,0,0,0,0,2,0,0,0,0,11,2,0,2,1,0,0,0,0,0,0,0
88,11,zeros-la-2-5,zeros-la-2,14,88,11,38,16,0,0,0,0,2,0,0,0,0,0,0,0,16,16,2,2,11,3,0,0,2,0,0,0,0,0,0,0
124,12,zeros-la-2-5,zeros-la-2,15,124,12,40,32,0,0,0,0,0,0,0,2,0,0,0,2,0,0,32,4,12,2,1,0,0,1,0,0,0,0,0,0
128,12,zeros-la-2-5,zeros-la-2,16,128,12,42,32,0,0,32,4,0,0,0,4,0,0,0,0,0,2,0,0,12,1,2,0,0,1,0,0,0,0,0,0
136,12,zeros-la-2-5,zeros-la-2,17,136,12,44,32,0,0,0,0,0,0,0,0,0,0,0,2,0,2,32,8,12,2,0,1,0,1,0,0,0,0,0,0
136,11,zeros-la-2-5,zeros-la-2,18,136,11,46,32,0,0,0,0,0,0,0,2,0,0,0,2,0,2,32,8,11,3,0,1,0,1,0,0,0,0,0,0
140,11,zeros-la-2-5,zeros-la-2,19,140,11,50,32,0,2,32,4,0,4,0,8,0,0,0,0,0,0,0,0,11,1,2,1,0,1,0,0,0,0,0,0
140,10,zeros-la-2-5,zeros-la-2,20,140,10,52,32,0,0,0,2,0,0,0,0,0,2,0,4,0,4,32,8,10,2,2,1,0,1,0,0,0,0,0,0
140,9,zeros-la-2-5,zeros-la-2,21,140,9,54,32,2,0,0,0,0,0,2,0,2,4,0,0,4,32,8,0,9,3,2,1,0,1,0,0,0,0,0,0
144,9,zeros-la-2-5,zeros-la-2,22,144,9,56,32,2,0,0,0,0,0,0,0,4,4,2,0,4,32,8,0,9,2,3,1,0,1,0,0,0,0,0,0
152,9,zeros-la-2-5,zeros-la-2,23,152,9,58,32,0,0,0,2,0,0,0,0,0,2,8,2,0,4,32,8,9,3,1,2,0,1,0,0,0,0,0,0
156,9,zeros-la-2-5,zeros-la-2,24,156,9,60,32,2,0,0,0,0,0,0,0,0,2,8,4,0,4,32,8,9,2,2,2,0,1,0,0,0,0,0,0
156,8,zeros-la-2-5,zeros-la-2,25,156,8,62,32,2,0,0,0,2,0,0,0,2,8,4,0,4,32,8,0,8,3,2,2,0,1,0,0,0,0,0,0
160,8,zeros-la-2-5,zeros-la-2,26,160,8,64,32,0,0,0,0,2,0,2,0,4,8,4,0,4,32,8,0,8,2,3,2,0,1,0,0,0,0,0,0
164,8,zeros-la-2-5,zeros-la-2,27,164,8,66,32,0,2,0,0,0,0,0,4,0,4,8,4,0,4,32,8,8,1,4,2,0,1,0,0,0,0,0,0
180,9,zeros-la-2-5,zeros-la-2,28,180,9,70,32,0,2,8,8,0,8,32,8,0,0,4,0,0,0,0,0,9,1,1,4,0,1,0,0,0,0,0,0
196,9,zeros-la-2-5,zeros-la-2,29,196,9,72,32,2,2,8,16,0,8,32,0,0,0,4,0,0,0,0,0,9,2,1,2,1,1,0,0,0,0,0,0
200,9,zeros-la-2-5,zeros-la-2,30,200,9,74,32,0,4,8,16,0,0,8,32,0,0,0,4,0,0,0,2,9,1,2,2,1,1,0,0,0,0,0,0
216,9,zeros-la-2-5,zeros-la-2,31,216,9,76,32,0,4,16,16,0,2,0,32,0,0,0,4,0,0,0,2,9,2,2,0,2,1,0,0,0,0,0,0
248,9,zeros-la-2-5,zeros-la-2,32,248,9,78,32,0,0,4,32,0,0,2,32,0,0,2,4,0,0,0,2,9,3,2,0,0,2,0,0,0,0,0,0
316,10,zeros-la-2-5,zeros-la-2,33,316,10,80,64,0,0,4,64,0,2,4,4,0,0,0,2,0,0,0,0,10,2,3,0,0,0,1,0,0,0,0,0
324,10,zeros-la-2-5,zeros-la-2,34,324,10,82,64,4,64,0,0,2,8,0,0,2,0,0,0,2,0,0,0,10,3,1,1,0,0,1,0,0,0,0,0
328,10,zeros-la-2-5,zeros-la-2,35,328,10,84,64,4,64,0,0,4,8,0,0,2,0,0,0,2,0,0,0,10,2,2,1,0,0,1,0,0,0,0,0
340,11,zeros-la-2-5,zeros-la-2,36,340,11,86,64,0,0,2,0,0,0,0,0,8,64,0,0,4,8,0,0,11,1,1,2,0,0,1,0,0,0,0,0
340,10,zeros-la-2-5,zeros-la-2,37,340,10,88,64,2,0,0,0,0,0,0,0,8,64,0,0,4,8,0,2,10,2,1,2,0,0,1,0,0,0,0,0
340,9,zeros-la-2-5,zeros-la-2,38,340,9,90,64,0,0,0,2,0,0,0,0,0,0,8,64,2,4,8,2,9,3,1,2,0,0,1,0,0,0,0,0
356,9,zeros-la-2-5,zeros-la-2,39,356,9,92,64,2,4,16,2,0,0,0,64,0,0,0,2,0,2,0,0,9,4,1,0,1,0,1,0,0,0,0,0
356,8,zeros-la-2-5,zeros-la-2,40,356,8,94,64,2,4,16,2,0,0,0,64,0,0,0,2,0,0,2,2,8,5,1,0,1,0,1,0,0,0,0,0
360,8,zeros-la-2-5,zeros-la-2,41,360,8,96,64,2,4,16,2,64,0,0,0,2,0,0,0,4,0,0,2,8,4,2,0,1,0,1,0,0,0,0,0
364,8,zeros-la-2-5,zeros-la-2,42,364,8,98,64,2,0,0,0,64,0,0,0,2,0,0,2,4,4,16,4,8,3,3,0,1,0,1,0,0,0,0,0
376,9,zeros-la-2-5,zeros-la-2,43,376,9,100,64,0,2,0,2,0,0,0,64,0,0,0,4,0,8,16,4,9,2,2,1,1,0,1,0,0,0,0,0
380,9,zeros-la-2-5,zeros-la-2,44,380,9,102,64,0,0,0,4,0,0,0,64,2,0,0,4,0,8,16,4,9,1,3,1,1,0,1,0,0,0,0,0
388,9,zeros-la-2-5,zeros-la-2,45,388,9,104,64,2,0,0,0,0,0,0,4,0,0,0,64,2,8,16,8,9,2,1,2,1,0,1,0,0,0,0,0
392,9,zeros-la-2-5,zeros-la-2,46,392,9,106,64,4,8,16,4,2,0,0,64,0,0,0,8,0,0,0,0,9,1,2,2,1,0,1,0,0,0,0,0
392,8,zeros-la-2-5,zeros-la-2,47,392,8,108,64,4,8,16,4,2,2,0,64,0,0,0,8,0,0,0,0,8,2,2,2,1,0,1,0,0,0,0,0
396,8,zeros-la-2-5,zeros-la-2,48,396,8,110,64,4,8,16,4,4,64,2,0,8,0,0,0,0,0,0,0,8,1,3,2,1,0,1,0,0,0,0,0
404,8,zeros-la-2-5,zeros-la-2,49,404,8,112,64,8,8,16,4,8,64,2,0,2,0,0,0,0,0,0,0,8,2,1,3,1,0,1,0,0,0,0,0
420,8,zeros-la-2-5,zeros-la-2,50,420,8,114,64,0,16,16,4,2,8,64,2,0,0,0,2,0,0,0,0,8,3,1,1,2,0,1,0,0,0,0,0
424,8,zeros-la-2-5,zeros-la-2,51,424,8,116,64,2,16,16,4,0,8,64,4,0,0,2,0,0,0,0,0,8,2,2,1,2,0,1,0,0,0,0,0
432,8,zeros-la-2-5,zeros-la-2,52,432,8,120,64,2,16,16,8,4,8,64,0,0,0,2,0,0,0,0,0,8,2,1,2,2,0,1,0,0,0,0,0
464,8,zeros-la-2-5,zeros-la-2,53,464,8,122,64,2,32,8,0,4,8,64,0,2,0,0,0,2,0,0,0,8,3,1,2,0,1,1,0,0,0,0,0
468,8,zeros-la-2-5,zeros-la-2,54,468,8,124,64,2,0,0,0,2,0,0,0,4,32,8,0,4,8,64,0,8,2,2,2,0,1,1,0,0,0,0,0
480,9,zeros-la-2-5,zeros-la-2,55,480,9,126,64,4,32,8,0,8,8,64,0,0,0,0,0,0,2,0,0,9,1,1,3,0,1,1,0,0,0,0,0
496,9,zeros-la-2-5,zeros-la-2,56,496,9,130,64,4,32,8,0,16,64,0,0,0,0,0,0,2,0,0,4,9,1,2,1,1,1,1,0,0,0,0,0
496,8,zeros-la-2-5,zeros-la-2,57,496,8,134,64,0,4,32,8,0,0,16,64,0,0,0,4,0,0,2,4,8,1,3,1,1,1,1,0,0,0,0,0
504,8,zeros-la-2-5,zeros-la-2,58,504,8,136,64,0,4,32,8,0,0,16,64,0,2,2,8,0,0,0,0,8,2,1,2,1,1,1,0,0,0,0,0
504,7,zeros-la-2-5,zeros-la-2,59,504,7,138,64,0,4,32,8,0,2,16,64,0,0,2,8,2,0,0,0,7,3,1,2,1,1,1,0,0,0,0,0
504,6,zeros-la-2-5,zeros-la-2,60,504,6,140,64,2,4,32,8,0,2,16,64,0,0,2,8,0,0,0,2,6,4,1,2,1,1,1,0,0,0,0,0
504,5,zeros-la-2-5,zeros-la-2,61,504,5,142,64,0,0,0,8,0,0,32,64,2,4,16,8,2,2,2,2,5,5,1,2,1,1,1,0,0,0,0,0
512,6,zeros-la-2-5,zeros-la-2,62,512,6,144,64,8,2,0,0,32,64,0,0,2,4,16,8,4,4,0,0,6,2,3,2,1,1,1,0,0,0,0,0
520,6,zeros-la-2-5,zeros-la-2,63,520,6,146,64,0,0,8,2,0,2,32,64,2,4,16,8,0,0,0,8,6,3,1,3,1,1,1,0,0,0,0,0
536,6,zeros-la-2-5,zeros-la-2,64,536,6,148,64,2,2,8,2,0,4,32,64,0,0,16,16,0,0,2,0,6,4,1,1,2,1,1,0,0,0,0,0
572,7,zeros-la-2-5,zeros-la-2,65,572,7,150,64,4,8,2,0,4,32,64,0,32,0,0,0,2,0,0,2,7,3,2,1,0,2,1,0,0,0,0,0
580,7,zeros-la-2-5,zeros-la-2,66,580,7,152,64,8,8,2,2,32,32,64,0,2,2,0,0,0,0,0,0,7,4,0,2,0,2,1,0,0,0,0,0
668,10,zeros-la-2-5,zeros-la-2,67,668,10,154,64,16,4,0,0,64,64,0,0,4,0,0,0,2,0,0,0,10,1,2,0,1,0,2,0,0,0,0,0
796,10,zeros-la-2-5,zeros-la-2,68,796,10,156,128,16,4,2,0,128,0,0,0,4,0,0,0,2,0,0,0,10,2,2,0,1,0,0,1,0,0,0,0
796,9,zeros-la-2-5,zeros-la-2,69,796,9,158,128,16,4,2,0,128,0,0,0,4,0,0,0,2,0,2,0,9,3,2,0,1,0,0,1,0,0,0,0
800,9,zeros-la-2-5,zeros-la-2,70,800,9,160,128,16,4,2,0,128,0,0,0,4,0,0,0,4,0,0,2,9,2,3,0,1,0,0,1,0,0,0,0
808,9,zeros-la-2-5,zeros-la-2,71,808,9,162,128,0,0,0,0,16,0,0,0,128,2,0,0,8,4,2,2,9,3,1,1,1,0,0,1,0,0,0,0
812,9,zeros-la-2-5,zeros-la-2,72,812,9,166,128,0,0,0,0,16,0,4,0,128,2,0,0,8,4,4,0,9,1,3,1,1,0,0,1,0,0,0,0
820,9,zeros-la-2-5,zeros-la-2,73,820,9,168,128,0,0,0,0,16,2,0,0,128,2,0,0,8,4,8,0,9,2,1,2,1,0,0,1,0,0,0,0
824,9,zeros-la-2-5,zeros-la-2,74,824,9,170,128,16,4,8,0,128,4,0,0,8,0,0,0,0,2,0,0,9,1,2,2,1,0,0,1,0,0,0,0
832,9,zeros-la-2-5,zeros-la-2,75,832,9,172,128,16,8,8,0,128,2,0,0,8,0,0,0,0,0,2,0,9,2,0,3,1,0,0,1,0,0,0,0
848,9,zeros-la-2-5,zeros-la-2,76,848,9,174,128,16,16,0,0,128,2,0,0,8,0,0,0,2,2,0,0,9,3,0,1,2,0,0,1,0,0,0,0
884,10,zeros-la-2-5,zeros-la-2,77,884,10,176,128,32,0,0,0,128,2,0,0,8,0,2,0,4,0,0,0,10,2,1,1,0,1,0,1,0,0,0,0
884,9,zeros-la-2-5,zeros-la-2,78,884,9,178,128,32,2,2,0,128,0,0,0,8,0,0,0,4,0,2,0,9,3,1,1,0,1,0,1,0,0,0,0
888,9,zeros-la-2-5,zeros-la-2,79,888,9,180,128,32,2,4,0,128,0,2,0,8,0,0,0,4,0,0,0,9,2,2,1,0,1,0,1,0,0,0,0
888,8,zeros-la-2-5,zeros-la-2,80,888,8,184,128,32,2,4,0,128,2,0,0,8,0,0,0,4,0,0,4,8,2,3,1,0,1,0,1,0,0,0,0
892,8,zeros-la-2-5,zeros-la-2,81,892,8,186,128,32,0,0,0,128,0,2,0,8,0,0,0,4,4,4,4,8,1,4,1,0,1,0,1,0,0,0,0
908,9,zeros-la-2-5,zeros-la-2,82,908,9,188,128,32,2,0,0,128,2,0,0,8,0,0,0,8,8,0,0,9,2,0,3,0,1,0,1,0,0,0,0
928,10,zeros-la-2-5,zeros-la-2,83,928,10,190,128,32,4,0,0,128,8,0,0,16,0,2,0,0,0,0,0,10,1,1,1,1,1,0,1,0,0,0,0
928,9,zeros-la-2-5,zeros-la-2,84,928,9,192,128,32,4,0,0,128,8,0,0,16,2,0,0,2,0,0,0,9,2,1,1,1,1,0,1,0,0,0,0
928,8,zeros-la-2-5,zeros-la-2,85,928,8,194,128,0,0,32,4,0,0,128,8,0,0,16,2,0,2,0,2,8,3,1,1,1,1,0,1,0,0,0,0
932,8,zeros-la-2-5,zeros-la-2,86,932,8,196,128,32,4,0,0,128,8,0,0,16,2,0,0,4,2,0,0,8,2,2,1,1,1,0,1,0,0,0,0
936,8,zeros-la-2-5,zeros-la-2,87,936,8,198,128,32,2,0,0,128,4,0,0,16,8,0,0,4,4,0,0,8,1,3,1,1,1,0,1,0,0,0,0
944,8,zeros-la-2-5,zeros-la-2,88,944,8,200,128,0,0,32,2,0,0,128,4,0,0,16,8,0,2,0,8,8,2,1,2,1,1,0,1,0,0,0,0
960,8,zeros-la-2-5,zeros-la-2,89,960,8,202,128,0,2,0,0,0,0,32,2,0,0,128,4,0,2,16,16,8,3,1,0,2,1,0,1,0,0,0,0
992,8,zeros-la-2-5,zeros-la-2,90,992,8,204,128,2,0,0,2,32,2,0,0,128,4,0,0,2,32,0,0,8,4,1,0,0,2,0,1,0,0,0,0
996,8,zeros-la-2-5,zeros-la-2,91,996,8,206,128,4,0,0,0,32,2,0,2,128,4,0,0,2,32,0,0,8,3,2,0,0,2,0,1,0,0,0,0
1000,8,zeros-la-2-5,zeros-la-2,92,1000,8,208,128,0,0,0,4,0,0,32,4,0,2,128,4,0,0,2,32,8,2,3,0,0,2,0,1,0,0,0,0
1008,8,zeros-la-2-5,zeros-la-2,93,1008,8,210,128,0,0,0,0,0,0,32,4,0,2,128,8,0,2,2,32,8,3,1,1,0,2,0,1,0,0,0,0
1012,8,zeros-la-2-5,zeros-la-2,94,1012,8,214,128,0,0,0,0,0,0,32,4,4,0,128,8,0,4,2,32,8,1,3,1,0,2,0,1,0,0,0,0
1012,7,zeros-la-2-5,zeros-la-2,95,1012,7,216,128,4,4,32,4,0,0,128,8,0,2,2,32,0,0,0,0,7,2,3,1,0,2,0,1,0,0,0,0
1024,8,zeros-la-2-5,zeros-la-2,96,1024,8,218,128,8,32,4,0,128,8,0,0,4,32,0,0,0,0,0,2,8,1,2,2,0,2,0,1,0,0,0,0
1024,7,zeros-la-2-5,zeros-la-2,97,1024,7,220,128,8,32,4,0,128,8,0,0,4,32,0,2,2,0,0,0,7,2,2,2,0,2,0,1,0,0,0,0
1024,6,zeros-la-2-5,zeros-la-2,98,1024,6,224,128,0,8,32,4,4,0,128,8,0,4,32,2,0,0,0,2,6,2,3,2,0,2,0,1,0,0,0,0
1028,6,zeros-la-2-5,zeros-la-2,99,1028,6,228,128,0,0,4,0,0,0,32,4,0,8,128,8,4,4,32,4,6,0,5,2,0,2,0,1,0,0,0,0
1036,6,zeros-la-2-5,zeros-la-2,100,1036,6,230,128,0,0,2,4,0,0,32,4,0,8,128,8,0,8,32,4,6,1,3,3,0,2,0,1,0,0,0,0
1060,7,zeros-la-2-5,zeros-la-2,101,1060,7,234,128,4,0,2,0,0,0,32,8,0,0,128,8,0,16,32,4,7,1,2,2,1,2,0,1,0,0,0,0
1076,7,zeros-la-2-5,zeros-la-2,102,1076,7,236,128,0,0,2,2,0,0,32,0,0,0,128,16,4,16,32,4,7,2,2,0,2,2,0,1,0,0,0,0
1080,7,zeros-la-2-5,zeros-la-2,103,1080,7,238,128,4,2,0,0,32,0,0,0,128,16,0,0,4,16,32,4,7,1,3,0,2,2,0,1,0,0,0,0
1112,7,zeros-la-2-5,zeros-la-2,104,1112,7,240,128,4,0,0,0,32,0,0,2,128,2,0,0,4,32,32,4,7,2,3,0,0,3,0,1,0,0,0,0
1176,7,zeros-la-2-5,zeros-la-2,105,1176,7,242,128,4,0,0,0,32,2,0,0,128,2,0,2,4,64,4,0,7,3,3,0,0,1,1,1,0,0,0,0
1180,7,zeros-la-2-5,zeros-la-2,106,1180,7,244,128,4,4,4,2,32,64,0,0,128,0,0,0,4,0,0,2,7,2,4,0,0,1,1,1,0,0,0,0
1184,7,zeros-la-2-5,zeros-la-2,107,1184,7,246,128,4,4,4,4,32,64,0,2,128,0,0,0,4,0,0,0,7,1,5,0,0,1,1,1,0,0,0,0
1200,8,zeros-la-2-5,zeros-la-2,108,1200,8,248,128,8,8,2,0,32,64,2,0,128,0,0,0,4,0,0,0,8,2,1,2,0,1,1,1,0,0,0,0
1216,8,zeros-la-2-5,zeros-la-2,109,1216,8,250,128,0,2,16,2,0,32,64,2,0,0,0,128,0,0,0,4,8,3,1,0,1,1,1,1,0,0,0,0
1216,7,zeros-la-2-5,zeros-la-2,110,1216,7,252,128,0,2,16,2,2,32,64,2,0,0,0,128,0,0,0,4,7,4,1,0,1,1,1,1,0,0,0,0
1220,7,zeros-la-2-5,zeros-la-2,111,1220,7,254,128,2,2,16,4,0,32,64,128,0,0,0,4,2,0,0,0,7,3,2,0,1,1,1,1,0,0,0,0
1224,7,zeros-la-2-5,zeros-la-2,112,1224,7,256,128,4,16,4,0,32,64,128,0,4,0,0,0,2,2,0,0,7,2,3,0,1,1,1,1,0,0,0,0
1228,7,zeros-la-2-5,zeros-la-2,113,1228,7,258,128,0,4,16,4,2,32,64,128,0,0,0,4,0,0,0,4,7,1,4,0,1,1,1,1,0,0,0,0
1236,7,zeros-la-2-5,zeros-la-2,114,1236,7,260,128,0,0,0,0,2,0,0,4,0,4,16,128,2,32,64,8,7,2,2,1,1,1,1,1,0,0,0,0
1240,7,zeros-la-2-5,zeros-la-2,115,1240,7,262,128,4,4,16,4,0,32,64,128,0,0,0,8,0,0,2,0,7,1,3,1,1,1,1,1,0,0,0,0
1248,7,zeros-la-2-5,zeros-la-2,116,1248,7,266,128,8,16,4,0,32,64,128,0,8,0,0,4,2,0,0,0,7,1,2,2,1,1,1,1,0,0,0,0
1248,6,zeros-la-2-5,zeros-la-2,117,1248,6,270,128,8,16,4,4,32,64,128,0,8,0,0,0,2,0,0,4,6,1,3,2,1,1,1,1,0,0,0,0
1256,6,zeros-la-2-5,zeros-la-2,118,1256,6,272,128,0,8,16,8,0,32,64,128,0,2,0,8,0,0,2,4,6,2,1,3,1,1,1,1,0,0,0,0
1256,5,zeros-la-2-5,zeros-la-2,119,1256,5,274,128,0,8,16,8,0,32,64,128,2,2,2,8,0,0,0,4,5,3,1,3,1,1,1,1,0,0,0,0
1260,5,zeros-la-2-5,zeros-la-2,120,1260,5,276,128,8,16,8,0,32,64,128,0,4,2,8,0,4,0,0,2,5,2,2,3,1,1,1,1,0,0,0,0
1268,5,zeros-la-2-5,zeros-la-2,121,1268,5,278,128,8,16,8,2,32,64,128,2,8,2,8,0,0,0,0,0,5,3,0,4,1,1,1,1,0,0,0,0
1272,5,zeros-la-2-5,zeros-la-2,122,1272,5,280,128,0,2,0,0,8,16,8,0,32,64,128,0,8,2,8,4,5,2,1,4,1,1,1,1,0,0,0,0
1272,4,zeros-la-2-5,zeros-la-2,123,1272,4,282,128,2,0,2,0,8,16,8,0,32,64,128,0,8,2,8,4,4,3,1,4,1,1,1,1,0,0,0,0
1276,4,zeros-la-2-5,zeros-la-2,124,1276,4,284,128,0,0,0,4,2,8,16,8,0,32,64,128,8,2,8,4,4,2,2,4,1,1,1,1,0,0,0,0
1276,3,zeros-la-2-5,zeros-la-2,125,1276,3,286,128,0,2,0,4,2,8,16,8,0,32,64,128,8,2,8,4,3,3,2,4,1,1,1,1,0,0,0,0
1276,2,zeros-la-2-5,zeros-la-2,126,1276,2,288,128,2,2,16,4,8,8,64,8,0,32,8,128,0,2,2,4,2,4,2,4,1,1,1,1,0,0,0,0
1300,4,zeros-la-2-5,zeros-la-2,127,1300,4,290,128,4,16,4,0,16,64,8,0,32,8,128,0,4,4,2,0,4,1,4,2,2,1,1,1,0,0,0,0
1308,4,zeros-la-2-5,zeros-la-2,128,1308,4,292,128,2,4,16,4,0,16,64,8,0,32,8,128,0,0,8,2,4,2,2,3,2,1,1,1,0,0,0,0
1324,4,zeros-la-2-5,zeros-la-2,129,1324,4,294,128,2,4,16,4,2,16,64,8,0,32,16,128,0,0,0,2,4,3,2,1,3,1,1,1,0,0,0,0
1328,4,zeros-la-2-5,zeros-la-2,130,1328,4,296,128,4,4,16,4,0,16,64,8,2,32,16,128,0,0,0,2,4,2,3,1,3,1,1,1,0,0,0,0
1336,4,zeros-la-2-5,zeros-la-2,131,1336,4,298,128,0,8,16,4,0,16,64,8,2,32,16,128,0,0,2,2,4,3,1,2,3,1,1,1,0,0,0,0
1336,3,zeros-la-2-5,zeros-la-2,132,1336,3,300,128,0,0,16,4,0,8,64,8,2,16,16,128,2,32,2,2,3,4,1,2,3,1,1,1,0,0,0,0
1372,4,zeros-la-2-5,zeros-la-2,133,1372,4,302,128,16,4,0,2,8,64,8,0,2,32,128,0,2,32,4,0,4,3,2,2,1,2,1,1,0,0,0,0
1440,5,zeros-la-2-5,zeros-la-2,134,1440,5,304,128,16,4,8,2,8,64,128,0,4,64,4,0,0,0,0,2,5,2,3,2,1,0,2,1,0,0,0,0
1572,6,zeros-la-2-5,zeros-la-2,135,1572,6,308,128,16,4,8,4,8,128,128,0,4,0,4,0,0,0,4,0,6,0,5,2,1,0,0,2,0,0,0,0
1836,7,zeros-la-2-5,zeros-la-2,136,1836,7,310,256,16,4,8,4,8,256,0,0,8,0,0,0,4,0,0,2,7,1,3,3,1,0,0,0,1,0,0,0
1852,7,zeros-la-2-5,zeros-la-2,137,1852,7,312,256,16,4,8,4,16,256,0,2,4,0,2,0,0,0,0,0,7,2,3,1,2,0,0,0,1,0,0,0
1884,7,zeros-la-2-5,zeros-la-2,138,1884,7,314,256,32,4,8,4,4,256,2,2,0,0,0,2,0,0,0,0,7,3,3,1,0,1,0,0,1,0,0,0
1888,7,zeros-la-2-5,zeros-la-2,139,1888,7,316,256,32,4,8,4,0,4,256,4,2,0,0,2,0,0,0,0,7,2,4,1,0,1,0,0,1,0,0,0
1904,8,zeros-la-2-5,zeros-la-2,140,1904,8,318,256,32,8,8,8,2,0,256,2,0,2,0,0,0,0,0,0,8,3,0,3,0,1,0,0,1,0,0,0
1920,8,zeros-la-2-5,zeros-la-2,141,1920,8,320,256,2,32,8,16,0,2,256,2,0,0,0,2,0,0,0,0,8,4,0,1,1,1,0,0,1,0,0,0
1924,8,zeros-la-2-5,zeros-la-2,142,1924,8,322,256,0,0,0,0,0,0,0,0,2,32,8,16,2,2,256,4,8,3,1,1,1,1,0,0,1,0,0,0
1928,8,zeros-la-2-5,zeros-la-2,143,1928,8,324,256,0,0,0,2,0,0,0,0,2,32,8,16,0,4,256,4,8,2,2,1,1,1,0,0,1,0,0,0
1928,7,zeros-la-2-5,zeros-la-2,144,1928,7,328,256,2,0,0,0,0,4,0,0,2,32,8,16,4,256,4,0,7,2,3,1,1,1,0,0,1,0,0,0
1932,7,zeros-la-2-5,zeros-la-2,145,1932,7,330,256,4,4,8,16,4,32,4,0,0,256,0,0,2,0,0,0,7,1,4,1,1,1,0,0,1,0,0,0
1940,7,zeros-la-2-5,zeros-la-2,146,1940,7,332,256,8,8,16,0,4,32,4,0,256,0,0,0,2,2,0,0,7,2,2,2,1,1,0,0,1,0,0,0
1960,8,zeros-la-2-5,zeros-la-2,147,1960,8,334,256,16,16,0,2,4,32,4,0,256,0,0,0,4,0,0,0,8,1,3,0,2,1,0,0,1,0,0,0
1992,8,zeros-la-2-5,zeros-la-2,148,1992,8,336,256,0,2,32,2,0,4,32,4,0,0,0,256,0,0,0,4,8,2,3,0,0,2,0,0,1,0,0,0
2056,8,zeros-la-2-5,zeros-la-2,149,2056,8,338,256,0,0,0,2,2,0,0,4,0,2,0,256,0,4,64,4,8,3,3,0,0,0,1,0,1,0,0,0
2056,7,zeros-la-2-5,zeros-la-2,150,2056,7,340,256,0,0,0,2,0,0,0,4,2,2,0,256,2,4,64,4,7,4,3,0,0,0,1,0,1,0,0,0
2060,7,zeros-la-2-5,zeros-la-2,151,2060,7,342,256,0,0,0,2,0,2,0,4,0,2,0,256,4,4,64,4,7,3,4,0,0,0,1,0,1,0,0,0
2064,7,zeros-la-2-5,zeros-la-2,152,2064,7,344,256,4,4,64,2,0,4,0,4,0,0,2,256,0,0,0,4,7,2,5,0,0,0,1,0,1,0,0,0
2080,8,zeros-la-2-5,zeros-la-2,153,2080,8,346,256,8,64,2,0,8,0,0,0,2,256,0,0,4,0,2,0,8,3,1,2,0,0,1,0,1,0,0,0
2100,9,zeros-la-2-5,zeros-la-2,154,2100,9,348,256,0,0,0,0,16,2,0,0,2,64,0,0,4,256,4,0,9,2,2,0,1,0,1,0,1,0,0,0
2100,8,zeros-la-2-5,zeros-la-2,155,2100,8,350,256,16,2,4,0,2,64,0,0,4,256,0,0,2,0,0,0,8,3,2,0,1,0,1,0,1,0,0,0
2100,7,zeros-la-2-5,zeros-la-2,156,2100,7,352,256,0,16,2,4,0,2,2,64,0,0,4,256,0,0,0,2,7,4,2,0,1,0,1,0,1,0,0,0
2104,7,zeros-la-2-5,zeros-la-2,157,2104,7,354,256,0,16,4,4,0,2,4,64,0,2,0,256,0,0,0,2,7,3,3,0,1,0,1,0,1,0,0,0
2116,8,zeros-la-2-5,zeros-la-2,158,2116,8,356,256,0,16,8,4,0,4,2,64,0,0,0,256,0,0,0,2,8,2,2,1,1,0,1,0,1,0,0,0
2116,7,zeros-la-2-5,zeros-la-2,159,2116,7,360,256,0,16,8,4,0,4,2,64,0,0,0,256,0,0,4,2,7,2,3,1,1,0,1,0,1,0,0,0
2116,6,zeros-la-2-5,zeros-la-2,160,2116,6,362,256,16,8,4,0,4,2,64,2,256,0,0,0,4,2,0,0,6,3,3,1,1,0,1,0,1,0,0,0
2120,6,zeros-la-2-5,zeros-la-2,161,2120,6,364,256,16,2,0,0,4,0,0,0,256,8,4,0,4,4,64,2,6,2,4,1,1,0,1,0,1,0,0,0
2128,6,zeros-la-2-5,zeros-la-2,162,2128,6,366,256,0,0,16,2,0,2,0,4,0,256,8,4,0,8,64,2,6,3,2,2,1,0,1,0,1,0,0,0
2136,6,zeros-la-2-5,zeros-la-2,163,2136,6,368,256,0,0,0,0,0,2,16,2,0,256,8,8,2,8,64,2,6,4,0,3,1,0,1,0,1,0,0,0
2152,6,zeros-la-2-5,zeros-la-2,164,2152,6,370,256,0,0,0,0,2,16,2,2,256,16,0,0,2,8,64,2,6,5,0,1,2,0,1,0,1,0,0,0
2188,7,zeros-la-2-5,zeros-la-2,165,2188,7,372,256,2,32,2,4,256,8,64,0,2,0,0,2,0,0,0,0,7,4,1,1,0,1,1,0,1,0,0,0
2188,6,zeros-la-2-5,zeros-la-2,166,2188,6,374,256,0,0,2,0,2,0,0,0,256,32,2,4,2,8,64,2,6,5,1,1,0,1,1,0,1,0,0,0
2192,6,zeros-la-2-5,zeros-la-2,167,2192,6,376,256,2,32,4,4,256,8,64,2,2,0,2,0,0,0,0,0,6,4,2,1,0,1,1,0,1,0,0,0
2204,7,zeros-la-2-5,zeros-la-2,168,2204,7,378,256,2,32,8,0,256,8,64,2,4,0,0,0,0,0,2,0,7,3,1,2,0,1,1,0,1,0,0,0
2204,6,zeros-la-2-5,zeros-la-2,169,2204,6,380,256,2,32,8,2,256,8,64,0,4,0,2,0,0,2,0,0,6,4,1,2,0,1,1,0,1,0,0,0
2204,5,zeros-la-2-5,zeros-la-2,170,2204,5,382,256,2,32,8,2,2,256,8,64,0,0,4,2,0,0,0,2,5,5,1,2,0,1,1,0,1,0,0,0
2228,7,zeros-la-2-5,zeros-la-2,171,2228,7,384,256,0,0,0,0,0,0,0,2,2,32,16,64,4,256,4,4,7,2,3,0,1,1,1,0,1,0,0,0
2236,7,zeros-la-2-5,zeros-la-2,172,2236,7,386,256,0,0,0,2,2,0,0,0,2,32,16,64,4,256,8,0,7,3,1,1,1,1,1,0,1,0,0,0
2240,7,zeros-la-2-5,zeros-la-2,173,2240,7,388,256,4,32,16,2,4,256,8,64,0,2,0,0,0,0,0,0,7,2,2,1,1,1,1,0,1,0,0,0
2248,7,zeros-la-2-5,zeros-la-2,174,2248,7,390,256,8,32,16,2,2,256,8,64,0,2,0,0,0,0,0,0,7,3,0,2,1,1,1,0,1,0,0,0
2248,6,zeros-la-2-5,zeros-la-2,175,2248,6,392,256,0,0,0,0,0,32,0,2,8,256,16,2,2,2,8,64,6,4,0,2,1,1,1,0,1,0,0,0
2252,6,zeros-la-2-5,zeros-la-2,176,2252,6,394,256,2,0,0,0,0,32,0,0,8,256,16,4,2,2,8,64,6,3,1,2,1,1,1,0,1,0,0,0
2256,6,zeros-la-2-5,zeros-la-2,177,2256,6,398,256,2,0,0,0,32,4,0,0,8,256,16,4,4,8,64,0,6,1,3,2,1,1,1,0,1,0,0,0
2256,5,zeros-la-2-5,zeros-la-2,178,2256,5,402,256,2,0,0,0,32,4,4,0,8,256,16,0,4,8,64,4,5,1,4,2,1,1,1,0,1,0,0,0
2264,5,zeros-la-2-5,zeros-la-2,179,2264,5,404,256,0,0,0,2,0,0,32,8,2,8,256,16,4,8,64,4,5,2,2,3,1,1,1,0,1,0,0,0
2280,5,zeros-la-2-5,zeros-la-2,180,2280,5,406,256,2,0,0,2,0,0,32,8,2,0,256,16,4,16,64,4,5,3,2,1,2,1,1,0,1,0,0,0
2284,5,zeros-la-2-5,zeros-la-2,181,2284,5,410,256,0,0,0,2,0,0,32,8,4,4,256,16,4,16,64,4,5,1,4,1,2,1,1,0,1,0,0,0
2292,5,zeros-la-2-5,zeros-la-2,182,2292,5,412,256,8,4,32,2,0,16,256,8,0,0,64,16,0,0,2,4,5,2,2,2,2,1,1,0,1,0,0,0
2292,4,zeros-la-2-5,zeros-la-2,183,2292,4,414,256,8,4,32,2,0,16,256,8,0,0,64,16,0,2,2,4,4,3,2,2,2,1,1,0,1,0,0,0
2296,4,zeros-la-2-5,zeros-la-2,184,2296,4,416,256,8,4,32,2,16,256,8,0,64,16,2,0,4,4,0,0,4,2,3,2,2,1,1,0,1,0,0,0
2304,4,zeros-la-2-5,zeros-la-2,185,2304,4,418,256,8,4,32,2,16,256,8,0,64,16,2,0,8,0,0,2,4,3,1,3,2,1,1,0,1,0,0,0
2308,4,zeros-la-2-5,zeros-la-2,186,2308,4,420,256,8,4,32,4,16,256,8,2,64,16,2,0,8,0,0,0,4,2,2,3,2,1,1,0,1,0,0,0
2308,3,zeros-la-2-5,zeros-la-2,187,2308,3,422,256,8,4,32,4,16,256,8,2,64,16,2,0,8,0,0,2,3,3,2,3,2,1,1,0,1,0,0,0
2312,3,zeros-la-2-5,zeros-la-2,188,2312,3,424,256,8,4,32,4,16,256,8,4,64,16,2,0,8,2,0,0,3,2,3,3,2,1,1,0,1,0,0,0
2320,3,zeros-la-2-5,zeros-la-2,189,2320,3,426,256,8,4,0,2,16,256,32,0,64,16,8,0,8,2,2,8,3,3,1,4,2,1,1,0,1,0,0,0
2324,3,zeros-la-2-5,zeros-la-2,190,2324,3,428,256,8,4,2,0,16,256,32,2,64,16,8,0,8,4,8,0,3,2,2,4,2,1,1,0,1,0,0,0
2340,3,zeros-la-2-5,zeros-la-2,191,2340,3,430,256,8,4,2,2,16,256,32,0,64,16,16,0,8,4,0,2,3,3,2,2,3,1,1,0,1,0,0,0
2376,4,zeros-la-2-5,zeros-la-2,192,2376,4,432,256,0,8,4,4,2,16,256,32,0,0,64,32,0,8,4,2,4,2,3,2,1,2,1,0,1,0,0,0
2440,4,zeros-la-2-5,zeros-la-2,193,2440,4,434,256,2,8,4,4,0,16,256,64,0,8,64,2,0,0,4,2,4,3,3,2,1,0,2,0,1,0,0,0
2444,4,zeros-la-2-5,zeros-la-2,194,2444,4,436,256,0,2,4,0,0,8,256,4,0,16,64,64,2,8,4,4,4,2,4,2,1,0,2,0,1,0,0,0
2580,5,zeros-la-2-5,zeros-la-2,195,2580,5,440,256,0,0,2,4,0,8,256,4,0,0,16,128,4,2,8,8,5,2,3,3,1,0,0,1,1,0,0,0
2596,5,zeros-la-2-5,zeros-la-2,196,2596,5,442,256,0,0,2,4,2,8,256,4,0,0,16,128,0,4,2,16,5,3,3,1,2,0,0,1,1,0,0,0
2604,5,zeros-la-2-5,zeros-la-2,197,2604,5,444,256,2,8,2,8,0,4,256,128,0,0,16,16,0,0,2,2,5,4,1,2,2,0,0,1,1,0,0,0
2640,6,zeros-la-2-5,zeros-la-2,198,2640,6,446,256,2,8,2,8,0,4,256,128,0,0,0,32,2,0,0,4,6,3,2,2,0,1,0,1,1,0,0,0
2644,6,zeros-la-2-5,zeros-la-2,199,2644,6,448,256,4,8,2,8,0,4,256,128,0,0,0,32,0,0,2,4,6,2,3,2,0,1,0,1,1,0,0,0
2644,5,zeros-la-2-5,zeros-la-2,200,2644,5,450,256,4,8,2,8,4,256,128,0,32,0,2,0,2,4,0,0,5,3,3,2,0,1,0,1,1,0,0,0
2652,5,zeros-la-2-5,zeros-la-2,201,2652,5,452,256,0,0,0,0,8,8,2,0,32,256,128,2,2,4,2,8,5,4,1,3,0,1,0,1,1,0,0,0
2668,5,zeros-la-2-5,zeros-la-2,202,2668,5,454,256,0,0,0,0,16,2,0,2,32,256,128,2,2,4,2,8,5,5,1,1,1,1,0,1,1,0,0,0
2672,5,zeros-la-2-5,zeros-la-2,203,2672,5,458,256,0,0,0,0,16,2,0,4,32,256,128,4,2,4,2,8,5,3,3,1,1,1,0,1,1,0,0,0
2680,5,zeros-la-2-5,zeros-la-2,204,2680,5,460,256,16,2,128,8,32,256,2,8,2,4,0,0,0,0,0,2,5,4,1,2,1,1,0,1,1,0,0,0
2696,5,zeros-la-2-5,zeros-la-2,205,2696,5,462,256,16,2,128,16,32,256,2,2,2,4,0,2,0,0,0,0,5,5,1,0,2,1,0,1,1,0,0,0
2700,5,zeros-la-2-5,zeros-la-2,206,2700,5,464,256,16,2,128,16,2,32,256,4,0,2,4,2,0,0,0,0,5,4,2,0,2,1,0,1,1,0,0,0
2700,4,zeros-la-2-5,zeros-la-2,207,2700,4,466,256,16,2,128,16,2,32,256,4,0,2,4,2,0,2,0,0,4,5,2,0,2,1,0,1,1,0,0,0
2704,4,zeros-la-2-5,zeros-la-2,208,2704,4,468,256,0,0,0,0,2,2,128,16,16,32,256,4,2,4,4,2,4,4,3,0,2,1,0,1,1,0,0,0
2716,5,zeros-la-2-5,zeros-la-2,209,2716,5,470,256,0,0,0,0,2,4,128,16,16,32,256,4,0,2,8,2,5,3,2,1,2,1,0,1,1,0,0,0
2716,4,zeros-la-2-5,zeros-la-2,210,2716,4,474,256,0,0,0,0,4,4,128,16,2,32,256,4,16,2,8,2,4,3,3,1,2,1,0,1,1,0,0,0
2724,4,zeros-la-2-5,zeros-la-2,211,2724,4,476,256,2,0,0,0,0,8,128,16,2,32,256,4,16,2,8,2,4,4,1,2,2,1,0,1,1,0,0,0
2728,4,zeros-la-2-5,zeros-la-2,212,2728,4,478,256,4,8,128,16,16,32,256,4,0,2,8,2,2,0,0,0,4,3,2,2,2,1,0,1,1,0,0,0
2728,3,zeros-la-2-5,zeros-la-2,213,2728,3,480,256,4,8,128,16,16,32,256,4,2,8,2,2,2,0,0,0,3,4,2,2,2,1,0,1,1,0,0,0
2732,3,zeros-la-2-5,zeros-la-2,214,2732,3,482,256,4,8,128,16,16,32,256,4,0,2,8,4,0,2,0,2,3,3,3,2,2,1,0,1,1,0,0,0
2744,4,zeros-la-2-5,zeros-la-2,215,2744,4,484,256,0,0,0,2,0,8,128,16,4,32,256,8,16,4,8,2,4,2,2,3,2,1,0,1,1,0,0,0
2744,3,zeros-la-2-5,zeros-la-2,216,2744,3,486,256,4,8,128,2,16,32,256,16,0,4,8,8,0,2,0,2,3,3,2,3,2,1,0,1,1,0,0,0
2764,4,zeros-la-2-5,zeros-la-2,217,2764,4,488,256,4,8,128,2,16,32,256,16,4,16,0,2,4,0,0,0,4,2,3,1,3,1,0,1,1,0,0,0
2772,4,zeros-la-2-5,zeros-la-2,218,2772,4,490,256,4,8,128,2,16,32,256,16,8,16,0,2,0,0,0,2,4,3,1,2,3,1,0,1,1,0,0,0
2776,4,zeros-la-2-5,zeros-la-2,219,2776,4,492,256,2,0,0,0,4,8,0,2,16,32,128,16,8,16,256,4,4,2,2,2,3,1,0,1,1,0,0,0
2776,3,zeros-la-2-5,zeros-la-2,220,2776,3,494,256,0,2,0,2,0,4,8,2,16,32,128,16,8,16,256,4,3,3,2,2,3,1,0,1,1,0,0,0
2780,3,zeros-la-2-5,zeros-la-2,221,2780,3,496,256,4,0,2,0,4,8,2,0,16,32,128,16,8,16,256,4,3,2,3,2,3,1,0,1,1,0,0,0
2792,4,zeros-la-2-5,zeros-la-2,222,2792,4,500,256,8,8,4,16,16,32,128,4,8,16,256,0,0,0,4,0,4,0,3,3,3,1,0,1,1,0,0,0
2808,4,zeros-la-2-5,zeros-la-2,223,2808,4,502,256,16,4,16,0,16,32,128,4,8,16,256,0,4,0,2,0,4,1,3,1,4,1,0,1,1,0,0,0
2840,4,zeros-la-2-5,zeros-la-2,224,2840,4,504,256,32,4,16,4,8,32,128,0,4,16,256,0,2,0,2,0,4,2,3,1,2,2,0,1,1,0,0,0
2844,4,zeros-la-2-5,zeros-la-2,225,2844,4,506,256,32,4,16,4,8,32,128,0,4,16,256,0,4,0,0,2,4,1,4,1,2,2,0,1,1,0,0,0
2852,4,zeros-la-2-5,zeros-la-2,226,2852,4,508,256,32,4,16,4,8,32,128,2,8,16,256,0,2,0,0,0,4,2,2,2,2,2,0,1,1,0,0,0
2868,4,zeros-la-2-5,zeros-la-2,227,2868,4,510,256,32,4,16,4,16,32,128,2,2,16,256,0,0,0,0,2,4,3,2,0,3,2,0,1,1,0,0,0
2872,4,zeros-la-2-5,zeros-la-2,228,2872,4,512,256,32,4,16,4,16,32,128,4,2,16,256,0,0,0,2,0,4,2,3,0,3,2,0,1,1,0,0,0
2880,4,zeros-la-2-5,zeros-la-2,229,2880,4,514,256,32,4,16,8,16,32,128,0,2,16,256,0,2,0,2,0,4,3,1,1,3,2,0,1,1,0,0,0
2884,4,zeros-la-2-5,zeros-la-2,230,2884,4,516,256,0,0,16,0,32,4,128,0,16,32,256,2,4,16,2,8,4,2,2,1,3,2,0,1,1,0,0,0
2884,3,zeros-la-2-5,zeros-la-2,231,2884,3,518,256,16,0,0,0,32,4,128,2,16,32,256,2,4,16,2,8,3,3,2,1,3,2,0,1,1,0,0,0
2888,3,zeros-la-2-5,zeros-la-2,232,2888,3,520,256,16,4,128,4,32,32,256,8,16,16,2,0,4,2,0,0,3,2,3,1,3,2,0,1,1,0,0,0
2984,4,zeros-la-2-5,zeros-la-2,233,2984,4,522,256,16,4,128,4,0,64,256,8,0,2,32,2,0,0,4,2,4,3,3,1,1,1,1,1,1,0,0,0
2988,4,zeros-la-2-5,zeros-la-2,234,2988,4,524,256,0,0,128,0,0,4,256,4,2,64,32,8,16,2,4,4,4,2,4,1,1,1,1,1,1,0,0,0
2996,4,zeros-la-2-5,zeros-la-2,235,2996,4,526,256,0,0,0,128,2,4,256,4,2,64,32,8,0,16,2,8,4,3,2,2,1,1,1,1,1,0,0,0
3016,5,zeros-la-2-5,zeros-la-2,236,3016,5,528,256,4,4,256,128,0,64,32,4,2,16,2,16,0,0,0,0,5,2,3,0,2,1,1,1,1,0,0,0
3016,4,zeros-la-2-5,zeros-la-2,237,3016,4,530,256,4,4,256,128,2,64,32,4,0,16,2,16,0,0,0,2,4,3,3,0,2,1,1,1,1,0,0,0
3024,4,zeros-la-2-5,zeros-la-2,238,3024,4,532,256,0,8,256,128,2,64,32,4,0,16,2,16,0,0,2,2,4,4,1,1,2,1,1,1,1,0,0,0
3028,4,zeros-la-2-5,zeros-la-2,239,3028,4,534,256,2,8,256,128,2,64,32,4,0,16,4,16,0,0,0,2,4,3,2,1,2,1,1,1,1,0,0,0
3032,4,zeros-la-2-5,zeros-la-2,240,3032,4,536,256,4,8,256,128,2,64,32,4,0,16,4,16,0,0,0,2,4,2,3,1,2,1,1,1,1,0,0,0
3032,3,zeros-la-2-5,zeros-la-2,241,3032,3,538,256,4,8,256,128,2,64,32,4,0,16,4,16,0,0,2,2,3,3,3,1,2,1,1,1,1,0,0,0
3036,3,zeros-la-2-5,zeros-la-2,242,3036,3,540,256,4,8,256,128,2,64,32,4,16,4,16,0,4,2,0,0,3,2,4,1,2,1,1,1,1,0,0,0
3036,2,zeros-la-2-5,zeros-la-2,243,3036,2,542,256,4,8,256,128,2,64,32,4,0,16,4,16,0,2,4,2,2,3,4,1,2,1,1,1,1,0,0,0
3044,2,zeros-la-2-5,zeros-la-2,244,3044,2,544,256,4,8,256,128,2,64,32,4,0,16,8,16,0,2,2,2,2,4,2,2,2,1,1,1,1,0,0,0
3044,1,zeros-la-2-5,zeros-la-2,245,3044,1,546,256,4,8,256,128,2,64,32,4,2,16,8,16,0,2,2,2,1,5,2,2,2,1,1,1,1,0,0,0
3048,1,zeros-la-2-5,zeros-la-2,246,3048,1,548,256,4,8,256,128,4,64,32,4,0,16,8,16,2,2,2,2,1,4,3,2,2,1,1,1,1,0,0,0
3056,2,zeros-la-2-5,zeros-la-2,247,3056,2,550,256,4,8,256,128,4,64,32,4,0,16,8,16,0,2,4,4,2,1,5,2,2,1,1,1,1,0,0,0
3064,2,zeros-la-2-5,zeros-la-2,248,3064,2,554,256,4,8,256,128,4,64,32,4,16,8,16,4,2,8,0,0,2,1,4,3,2,1,1,1,1,0,0,0
3096,4,zeros-la-2-5,zeros-la-2,249,3096,4,556,256,8,8,256,128,16,64,32,8,2,16,16,2,0,0,0,0,4,2,0,3,3,1,1,1,1,0,0,0
3144,5,zeros-la-2-5,zeros-la-2,250,3144,5,560,256,0,16,256,128,16,64,32,8,4,2,32,2,0,0,0,0,5,2,1,1,2,2,1,1,1,0,0,0
3208,5,zeros-la-2-5,zeros-la-2,251,3208,5,562,256,16,16,256,128,4,64,64,8,0,2,0,2,0,2,0,0,5,3,1,1,2,0,2,1,1,0,0,0
3372,7,zeros-la-2-5,zeros-la-2,252,3372,7,564,256,32,256,128,0,4,128,8,0,4,2,0,0,2,0,0,0,7,2,2,1,0,1,0,2,1,0,0,0
3380,7,zeros-la-2-5,zeros-la-2,253,3380,7,566,256,0,0,0,0,32,256,0,0,8,128,128,2,2,2,8,0,7,3,0,2,0,1,0,2,1,0,0,0
3640,8,zeros-la-2-5,zeros-la-2,254,3640,8,568,256,0,0,0,0,32,256,2,0,8,256,2,0,4,8,0,0,8,2,1,2,0,1,0,0,2,0,0,0
4156,9,zeros-la-2-5,zeros-la-2,255,4156,9,570,512,32,512,4,0,8,8,0,0,4,0,0,0,0,2,0,0,9,1,2,2,0,1,0,0,0,1,0,0
4172,9,zeros-la-2-5,zeros-la-2,256,4172,9,572,512,0,32,512,4,0,2,0,16,0,0,0,4,0,0,0,2,9,2,2,0,1,1,0,0,0,1,0,0
4172,8,zeros-la-2-5,zeros-la-2,257,4172,8,574,512,0,32,512,4,0,2,0,16,0,0,0,4,0,2,0,2,8,3,2,0,1,1,0,0,0,1,0,0
4176,8,zeros-la-2-5,zeros-la-2,258,4176,8,576,512,0,32,512,4,2,0,2,16,0,0,0,4,0,0,0,4,8,2,3,0,1,1,0,0,0,1,0,0
4180,8,zeros-la-2-5,zeros-la-2,259,4180,8,578,512,0,32,512,4,0,0,4,16,0,0,0,4,2,0,0,4,8,1,4,0,1,1,0,0,0,1,0,0
4180,7,zeros-la-2-5,zeros-la-2,260,4180,7,580,512,32,512,4,0,4,16,0,0,4,0,2,0,2,4,0,0,7,2,4,0,1,1,0,0,0,1,0,0
4188,7,zeros-la-2-5,zeros-la-2,261,4188,7,582,512,32,512,4,0,8,16,2,0,2,4,0,0,0,0,2,0,7,3,2,1,1,1,0,0,0,1,0,0
4192,7,zeros-la-2-5,zeros-la-2,262,4192,7,584,512,2,0,0,0,32,512,0,0,8,16,4,0,2,4,4,0,7,2,3,1,1,1,0,0,0,1,0,0
4200,7,zeros-la-2-5,zeros-la-2,263,4200,7,586,512,2,2,0,0,32,512,0,0,8,16,0,0,2,4,8,0,7,3,1,2,1,1,0,0,0,1,0,0
4204,7,zeros-la-2-5,zeros-la-2,264,4204,7,588,512,0,0,0,4,0,2,32,512,0,0,8,16,0,2,4,8,7,2,2,2,1,1,0,0,0,1,0,0
4208,7,zeros-la-2-5,zeros-la-2,265,4208,7,590,512,0,0,0,4,0,0,32,512,0,2,8,16,0,4,4,8,7,1,3,2,1,1,0,0,0,1,0,0
4216,7,zeros-la-2-5,zeros-la-2,266,4216,7,592,512,0,0,0,4,2,0,32,512,0,2,8,16,0,0,8,8,7,2,1,3,1,1,0,0,0,1,0,0
4232,7,zeros-la-2-5,zeros-la-2,267,4232,7,594,512,0,0,0,4,0,2,32,512,0,2,8,16,0,0,2,16,7,3,1,1,2,1,0,0,0,1,0,0
4268,8,zeros-la-2-5,zeros-la-2,268,4268,8,596,512,0,4,32,4,0,0,8,512,0,2,2,32,0,0,0,0,8,2,2,1,0,2,0,0,0,1,0,0
4272,8,zeros-la-2-5,zeros-la-2,269,4272,8,598,512,0,4,32,4,0,2,8,512,0,0,4,32,0,0,0,0,8,1,3,1,0,2,0,0,0,1,0,0
4272,7,zeros-la-2-5,zeros-la-2,270,4272,7,602,512,4,4,32,4,0,2,8,512,0,0,4,32,0,0,0,0,7,1,4,1,0,2,0,0,0,1,0,0
4272,6,zeros-la-2-5,zeros-la-2,271,4272,6,604,512,4,4,32,4,0,2,8,512,0,0,4,32,0,0,2,0,6,2,4,1,0,2,0,0,0,1,0,0
4280,6,zeros-la-2-5,zeros-la-2,272,4280,6,606,512,0,8,32,4,0,2,8,512,0,0,4,32,0,2,0,2,6,3,2,2,0,2,0,0,0,1,0,0
4284,6,zeros-la-2-5,zeros-la-2,273,4284,6,608,512,0,0,0,4,0,2,32,512,0,8,8,32,0,4,4,2,6,2,3,2,0,2,0,0,0,1,0,0
4308,7,zeros-la-2-5,zeros-la-2,274,4308,7,610,512,4,0,0,2,2,32,512,0,16,32,0,0,8,2,0,0,7,3,1,1,1,2,0,0,0,1,0,0
4372,7,zeros-la-2-5,zeros-la-2,275,4372,7,614,512,4,64,512,2,2,2,0,0,16,0,4,0,8,0,0,0,7,3,2,1,1,0,1,0,0,1,0,0
4376,7,zeros-la-2-5,zeros-la-2,276,4376,7,616,512,4,64,512,2,0,0,0,4,0,0,16,4,0,0,2,8,7,2,3,1,1,0,1,0,0,1,0,0
4384,7,zeros-la-2-5,zeros-la-2,277,4384,7,618,512,4,64,512,2,0,0,16,8,0,0,2,8,0,2,0,0,7,3,1,2,1,0,1,0,0,1,0,0
4400,7,zeros-la-2-5,zeros-la-2,278,4400,7,620,512,0,2,0,0,0,0,512,0,0,64,16,2,4,2,2,16,7,4,1,0,2,0,1,0,0,1,0,0
4404,7,zeros-la-2-5,zeros-la-2,279,4404,7,624,512,2,0,0,0,512,0,4,0,64,16,2,0,4,4,16,0,7,2,3,0,2,0,1,0,0,1,0,0
4412,7,zeros-la-2-5,zeros-la-2,280,4412,7,626,512,2,0,0,0,512,4,0,2,64,16,2,0,8,16,0,0,7,3,1,1,2,0,1,0,0,1,0,0
4444,7,zeros-la-2-5,zeros-la-2,281,4444,7,628,512,2,0,0,0,512,0,2,0,64,4,0,0,8,32,2,2,7,4,1,1,0,1,1,0,0,1,0,0
4448,7,zeros-la-2-5,zeros-la-2,282,4448,7,630,512,0,0,0,2,0,0,512,2,0,2,64,4,0,8,32,4,7,3,2,1,0,1,1,0,0,1,0,0
4460,8,zeros-la-2-5,zeros-la-2,283,4460,8,632,512,0,0,0,0,0,0,512,2,0,2,64,4,0,8,32,8,8,2,1,2,0,1,1,0,0,1,0,0
4460,7,zeros-la-2-5,zeros-la-2,284,4460,7,634,512,0,0,0,0,0,0,512,2,2,2,64,4,0,8,32,8,7,3,1,2,0,1,1,0,0,1,0,0
4464,7,zeros-la-2-5,zeros-la-2,285,4464,7,636,512,0,0,0,0,512,2,2,0,4,64,4,0,8,32,8,0,7,2,2,2,0,1,1,0,0,1,0,0
4468,7,zeros-la-2-5,zeros-la-2,286,4468,7,638,512,0,0,0,0,0,2,512,4,0,4,64,4,0,8,32,8,7,1,3,2,0,1,1,0,0,1,0,0
4476,7,zeros-la-2-5,zeros-la-2,287,4476,7,640,512,2,2,512,8,0,4,64,8,0,8,32,0,0,0,0,0,7,2,1,3,0,1,1,0,0,1,0,0
4480,7,zeros-la-2-5,zeros-la-2,288,4480,7,642,512,4,512,8,0,4,64,8,0,8,32,0,2,0,0,0,0,7,1,2,3,0,1,1,0,0,1,0,0
4504,8,zeros-la-2-5,zeros-la-2,289,4504,8,644,512,2,0,0,0,0,512,0,0,8,64,0,0,8,32,16,2,8,2,0,2,1,1,1,0,0,1,0,0
4520,8,zeros-la-2-5,zeros-la-2,290,4520,8,646,512,2,512,16,2,16,64,0,0,0,32,0,0,0,0,0,2,8,3,0,0,2,1,1,0,0,1,0,0
4524,8,zeros-la-2-5,zeros-la-2,291,4524,8,648,512,2,0,0,0,0,512,0,0,2,64,0,0,16,32,16,4,8,2,1,0,2,1,1,0,0,1,0,0
4528,8,zeros-la-2-5,zeros-la-2,292,4528,8,650,512,0,0,0,0,0,512,0,0,4,64,0,2,16,32,16,4,8,1,2,0,2,1,1,0,0,1,0,0
4528,7,zeros-la-2-5,zeros-la-2,293,4528,7,652,512,0,0,0,2,512,0,0,0,4,64,2,0,16,32,16,4,7,2,2,0,2,1,1,0,0,1,0,0
4528,6,zeros-la-2-5,zeros-la-2,294,4528,6,654,512,512,64,2,2,4,32,16,4,16,0,0,0,0,0,2,0,6,3,2,0,2,1,1,0,0,1,0,0
4532,6,zeros-la-2-5,zeros-la-2,295,4532,6,656,512,2,512,64,4,4,32,16,4,0,0,0,16,0,0,0,2,6,2,3,0,2,1,1,0,0,1,0,0
4540,6,zeros-la-2-5,zeros-la-2,296,4540,6,658,512,2,512,64,8,4,32,16,16,0,0,0,2,0,0,0,2,6,3,1,1,2,1,1,0,0,1,0,0
4572,6,zeros-la-2-5,zeros-la-2,297,4572,6,660,512,2,512,64,8,0,4,32,32,2,0,0,2,0,0,0,2,6,4,1,1,0,2,1,0,0,1,0,0
4580,7,zeros-la-2-5,zeros-la-2,298,4580,7,662,512,4,512,64,8,0,4,32,32,0,0,0,4,0,0,0,2,7,1,3,1,0,2,1,0,0,1,0,0
4644,7,zeros-la-2-5,zeros-la-2,299,4644,7,664,512,4,512,64,8,0,0,4,64,0,0,0,4,2,0,0,2,7,2,3,1,0,0,2,0,0,1,0,0
4648,7,zeros-la-2-5,zeros-la-2,300,4648,7,666,512,4,512,64,8,4,64,0,0,4,0,0,2,4,0,0,0,7,1,4,1,0,0,2,0,0,1,0,0
4664,8,zeros-la-2-5,zeros-la-2,301,4664,8,668,512,2,0,0,0,0,0,0,0,8,512,0,8,8,64,64,2,8,2,0,3,0,0,2,0,0,1,0,0
4792,8,zeros-la-2-5,zeros-la-2,302,4792,8,670,512,2,0,0,0,0,0,0,0,8,512,8,2,8,128,2,0,8,3,0,3,0,0,0,1,0,1,0,0
4808,8,zeros-la-2-5,zeros-la-2,303,4808,8,672,512,0,0,0,0,0,0,0,2,2,512,8,0,16,128,2,2,8,4,0,1,1,0,0,1,0,1,0,0
4812,8,zeros-la-2-5,zeros-la-2,304,4812,8,676,512,0,0,0,0,2,0,4,0,2,512,8,0,16,128,4,0,8,2,2,1,1,0,0,1,0,1,0,0
4816,8,zeros-la-2-5,zeros-la-2,305,4816,8,678,512,4,512,4,0,16,128,8,0,2,0,4,0,0,0,0,0,8,1,3,1,1,0,0,1,0,1,0,0
4816,7,zeros-la-2-5,zeros-la-2,306,4816,7,680,512,0,4,512,4,0,16,128,8,0,0,2,4,0,2,0,0,7,2,3,1,1,0,0,1,0,1,0,0
4816,6,zeros-la-2-5,zeros-la-2,307,4816,6,682,512,4,512,4,0,16,128,8,0,2,4,2,0,2,0,0,0,6,3,3,1,1,0,0,1,0,1,0,0
4820,6,zeros-la-2-5,zeros-la-2,308,4820,6,684,512,4,512,4,0,16,128,8,2,4,4,2,0,0,0,0,0,6,2,4,1,1,0,0,1,0,1,0,0
4828,6,zeros-la-2-5,zeros-la-2,309,4828,6,686,512,0,4,512,4,16,128,8,2,0,0,8,2,2,0,0,0,6,3,2,2,1,0,0,1,0,1,0,0
4848,7,zeros-la-2-5,zeros-la-2,310,4848,7,688,512,16,4,512,4,2,128,16,4,0,0,2,0,0,0,0,0,7,2,3,0,2,0,0,1,0,1,0,0
4856,7,zeros-la-2-5,zeros-la-2,311,4856,7,690,512,16,4,512,8,2,128,16,2,0,0,2,0,0,0,0,0,7,3,1,1,2,0,0,1,0,1,0,0
4856,6,zeros-la-2-5,zeros-la-2,312,4856,6,692,512,16,4,512,8,2,128,16,2,2,0,0,0,0,2,0,0,6,4,1,1,2,0,0,1,0,1,0,0
4856,5,zeros-la-2-5,zeros-la-2,313,4856,5,694,512,16,4,512,8,2,128,16,2,0,0,2,2,0,0,0,2,5,5,1,1,2,0,0,1,0,1,0,0
4860,5,zeros-la-2-5,zeros-la-2,314,4860,5,696,512,16,4,512,8,2,128,16,2,2,0,0,4,0,0,0,2,5,4,2,1,2,0,0,1,0,1,0,0
4864,5,zeros-la-2-5,zeros-la-2,315,4864,5,698,512,16,4,512,8,4,128,16,2,0,0,0,4,0,2,0,2,5,3,3,1,2,0,0,1,0,1,0,0
4868,5,zeros-la-2-5,zeros-la-2,316,4868,5,700,512,16,4,512,8,4,128,16,2,4,0,0,0,4,0,0,2,5,2,4,1,2,0,0,1,0,1,0,0
4880,6,zeros-la-2-5,zeros-la-2,317,4880,6,702,512,0,0,0,0,16,2,0,0,4,4,512,8,8,128,16,4,6,1,3,2,2,0,0,1,0,1,0,0
4888,6,zeros-la-2-5,zeros-la-2,318,4888,6,704,512,0,2,0,0,16,2,0,0,8,512,8,0,8,128,16,4,6,2,1,3,2,0,0,1,0,1,0,0
4908,7,zeros-la-2-5,zeros-la-2,319,4908,7,706,512,0,0,2,0,0,4,0,0,16,512,8,0,16,128,16,4,7,1,2,1,3,0,0,1,0,1,0,0
4940,7,zeros-la-2-5,zeros-la-2,320,4940,7,708,512,0,0,0,0,0,4,2,2,0,512,8,0,32,128,16,4,7,2,2,1,1,1,0,1,0,1,0,0
4944,7,zeros-la-2-5,zeros-la-2,321,4944,7,710,512,0,0,0,0,2,0,4,4,0,0,512,8,32,128,16,4,7,1,3,1,1,1,0,1,0,1,0,0
4952,7,zeros-la-2-5,zeros-la-2,322,4952,7,712,512,0,0,2,0,0,0,2,8,0,0,512,8,32,128,16,4,7,2,1,2,1,1,0,1,0,1,0,0
4972,8,zeros-la-2-5,zeros-la-2,323,4972,8,714,512,32,128,4,16,0,0,512,4,2,0,16,0,0,0,0,0,8,1,2,0,2,1,0,1,0,1,0,0
4972,7,zeros-la-2-5,zeros-la-2,324,4972,7,716,512,32,128,4,16,2,2,512,4,0,0,16,0,0,0,0,0,7,2,2,0,2,1,0,1,0,1,0,0
4976,7,zeros-la-2-5,zeros-la-2,325,4976,7,718,512,32,128,4,16,0,4,512,4,0,0,0,16,0,0,0,2,7,1,3,0,2,1,0,1,0,1,0,0
4976,6,zeros-la-2-5,zeros-la-2,326,4976,6,720,512,32,128,4,16,4,512,4,0,16,0,0,0,2,2,0,0,6,2,3,0,2,1,0,1,0,1,0,0
4980,6,zeros-la-2-5,zeros-la-2,327,4980,6,722,512,32,128,4,16,4,512,4,0,16,0,0,0,4,0,2,0,6,1,4,0,2,1,0,1,0,1,0,0
4988,6,zeros-la-2-5,zeros-la-2,328,4988,6,724,512,32,128,8,16,4,512,2,0,16,0,0,0,4,0,0,2,6,2,2,1,2,1,0,1,0,1,0,0
4988,5,zeros-la-2-5,zeros-la-2,329,4988,5,726,512,32,128,8,16,4,512,2,2,16,0,0,0,4,0,2,0,5,3,2,1,2,1,0,1,0,1,0,0
4992,5,zeros-la-2-5,zeros-la-2,330,4992,5,728,512,32,128,8,16,0,4,512,4,0,0,0,16,2,0,4,2,5,2,3,1,2,1,0,1,0,1,0,0
4992,4,zeros-la-2-5,zeros-la-2,331,4992,4,730,512,32,128,8,16,2,4,512,4,0,0,4,16,0,0,2,2,4,3,3,1,2,1,0,1,0,1,0,0
4996,4,zeros-la-2-5,zeros-la-2,332,4996,4,732,512,32,128,8,16,2,4,512,4,4,16,2,0,4,0,0,0,4,2,4,1,2,1,0,1,0,1,0,0
5004,4,zeros-la-2-5,zeros-la-2,333,5004,4,734,512,32,128,8,16,2,4,512,4,8,16,2,0,0,0,2,0,4,3,2,2,2,1,0,1,0,1,0,0
5008,4,zeros-la-2-5,zeros-la-2,334,5008,4,738,512,0,4,0,0,32,128,8,0,2,4,512,16,8,16,4,4,4,1,4,2,2,1,0,1,0,1,0,0
5016,4,zeros-la-2-5,zeros-la-2,335,5016,4,740,512,0,2,0,4,0,32,128,8,2,4,512,16,0,8,16,8,4,2,2,3,2,1,0,1,0,1,0,0
5016,3,zeros-la-2-5,zeros-la-2,336,5016,3,742,512,2,2,128,4,2,32,512,8,0,4,16,16,0,8,0,8,3,3,2,3,2,1,0,1,0,1,0,0
5068,5,zeros-la-2-5,zeros-la-2,337,5068,5,744,512,0,4,128,4,2,32,512,8,2,0,4,32,0,0,0,16,5,2,3,1,1,2,0,1,0,1,0,0
5072,5,zeros-la-2-5,zeros-la-2,338,5072,5,746,512,2,0,0,4,0,0,128,8,0,4,512,32,4,32,4,16,5,1,4,1,1,2,0,1,0,1,0,0
5072,4,zeros-la-2-5,zeros-la-2,339,5072,4,748,512,0,0,0,4,2,0,128,8,2,4,512,32,4,32,4,16,4,2,4,1,1,2,0,1,0,1,0,0
5076,4,zeros-la-2-5,zeros-la-2,340,5076,4,750,512,4,4,128,4,4,32,512,8,0,0,4,32,0,2,0,16,4,1,5,1,1,2,0,1,0,1,0,0
5084,4,zeros-la-2-5,zeros-la-2,341,5084,4,752,512,8,128,4,2,4,32,512,8,4,32,0,0,2,16,0,0,4,2,3,2,1,2,0,1,0,1,0,0
5156,5,zeros-la-2-5,zeros-la-2,342,5156,5,754,512,2,0,0,0,8,128,0,0,8,64,4,2,2,16,512,8,5,3,1,3,1,0,1,1,0,1,0,0
5172,5,zeros-la-2-5,zeros-la-2,343,5172,5,758,512,0,0,4,0,2,128,0,0,16,64,4,2,2,16,512,8,5,3,2,1,2,0,1,1,0,1,0,0
5180,5,zeros-la-2-5,zeros-la-2,344,5180,5,760,512,0,0,2,0,2,128,0,0,16,64,8,2,2,16,512,8,5,4,0,2,2,0,1,1,0,1,0,0
5180,4,zeros-la-2-5,zeros-la-2,345,5180,4,762,512,2,128,2,2,16,64,8,8,2,16,512,0,0,0,0,2,4,5,0,2,2,0,1,1,0,1,0,0
5200,5,zeros-la-2-5,zeros-la-2,346,5200,5,766,512,4,2,128,4,0,16,64,16,0,2,16,512,0,0,0,2,5,3,2,0,3,0,1,1,0,1,0,0
5200,4,zeros-la-2-5,zeros-la-2,347,5200,4,768,512,0,0,0,4,2,2,128,16,0,16,64,512,4,2,16,2,4,4,2,0,3,0,1,1,0,1,0,0
5204,4,zeros-la-2-5,zeros-la-2,348,5204,4,770,512,4,0,0,0,4,128,16,0,16,64,512,2,4,2,16,2,4,3,3,0,3,0,1,1,0,1,0,0
5216,5,zeros-la-2-5,zeros-la-2,349,5216,5,772,512,8,128,16,4,16,64,512,0,4,2,16,2,0,0,0,0,5,2,2,1,3,0,1,1,0,1,0,0
5216,4,zeros-la-2-5,zeros-la-2,350,5216,4,776,512,8,128,16,4,16,64,512,0,4,2,16,2,4,0,0,0,4,2,3,1,3,0,1,1,0,1,0,0
5224,4,zeros-la-2-5,zeros-la-2,351,5224,4,778,512,8,128,16,4,16,64,512,2,8,2,16,0,0,0,2,0,4,3,1,2,3,0,1,1,0,1,0,0
5224,3,zeros-la-2-5,zeros-la-2,352,5224,3,782,512,8,128,16,4,16,64,512,2,8,2,16,0,2,4,0,0,3,3,2,2,3,0,1,1,0,1,0,0
5224,2,zeros-la-2-5,zeros-la-2,353,5224,2,784,512,8,128,16,4,16,64,512,2,8,2,16,0,2,4,2,0,2,4,2,2,3,0,1,1,0,1,0,0
5224,1,zeros-la-2-5,zeros-la-2,354,5224,1,786,512,8,128,16,4,16,64,512,2,8,2,16,0,2,4,2,2,1,5,2,2,3,0,1,1,0,1,0,0
5228,1,zeros-la-2-5,zeros-la-2,355,5228,1,788,512,8,128,16,4,16,64,512,2,8,2,16,0,2,4,4,2,1,4,3,2,3,0,1,1,0,1,0,0
5232,1,zeros-la-2-5,zeros-la-2,356,5232,1,790,512,8,128,16,4,16,64,512,4,8,2,16,0,2,4,4,2,1,3,4,2,3,0,1,1,0,1,0,0
5240,1,zeros-la-2-5,zeros-la-2,357,5240,1,792,512,8,128,16,8,16,64,512,2,8,2,16,0,2,4,4,2,1,4,2,3,3,0,1,1,0,1,0,0
5244,1,zeros-la-2-5,zeros-la-2,358,5244,1,794,512,8,128,16,0,16,64,512,2,8,2,16,8,2,4,4,4,1,3,3,3,3,0,1,1,0,1,0,0
5252,1,zeros-la-2-5,zeros-la-2,359,5252,1,796,512,0,8,128,16,16,64,512,2,8,2,16,8,2,2,4,8,1,4,1,4,3,0,1,1,0,1,0,0
5272,2,zeros-la-2-5,zeros-la-2,360,5272,2,798,512,16,8,128,16,8,64,512,2,2,4,16,16,0,2,4,0,2,3,2,2,4,0,1,1,0,1,0,0
5304,2,zeros-la-2-5,zeros-la-2,361,5304,2,800,512,16,8,128,16,8,64,512,2,2,4,32,2,2,4,0,0,2,4,2,2,2,1,1,1,0,1,0,0
5320,4,zeros-la-2-5,zeros-la-2,362,5320,4,802,512,0,2,0,0,16,8,128,0,8,64,512,16,4,8,32,4,4,1,2,3,2,1,1,1,0,1,0,0
5320,3,zeros-la-2-5,zeros-la-2,363,5320,3,804,512,16,2,128,16,8,8,512,4,4,64,32,0,2,8,0,0,3,2,2,3,2,1,1,1,0,1,0,0
5336,3,zeros-la-2-5,zeros-la-2,364,5336,3,806,512,16,2,128,16,0,16,512,4,2,4,64,32,0,0,2,8,3,3,2,1,3,1,1,1,0,1,0,0
5336,2,zeros-la-2-5,zeros-la-2,365,5336,2,808,512,16,2,128,16,16,512,4,0,2,4,64,32,2,8,2,0,2,4,2,1,3,1,1,1,0,1,0,0
5372,3,zeros-la-2-5,zeros-la-2,366,5372,3,810,512,0,2,128,0,0,512,4,2,32,4,64,16,4,8,2,32,3,3,3,1,1,2,1,1,0,1,0,0
5372,2,zeros-la-2-5,zeros-la-2,367,5372,2,812,512,2,128,0,0,512,4,2,2,32,4,64,16,4,8,2,32,2,4,3,1,1,2,1,1,0,1,0,0
5380,2,zeros-la-2-5,zeros-la-2,368,5380,2,816,512,2,4,0,0,512,128,2,2,32,8,64,16,4,8,2,32,2,4,2,2,1,2,1,1,0,1,0,0
5396,2,zeros-la-2-5,zeros-la-2,369,5396,2,818,512,2,0,2,0,512,4,2,2,32,128,64,16,4,16,2,32,2,5,2,0,2,2,1,1,0,1,0,0
5404,3,zeros-la-2-5,zeros-la-2,370,5404,3,820,512,0,0,0,4,2,512,4,4,32,128,64,16,4,16,2,32,3,2,4,0,2,2,1,1,0,1,0,0
5412,3,zeros-la-2-5,zeros-la-2,371,5412,3,824,512,4,0,0,0,2,512,4,8,32,128,64,16,4,16,2,32,3,2,3,1,2,2,1,1,0,1,0,0
5412,2,zeros-la-2-5,zeros-la-2,372,5412,2,828,512,4,0,0,4,2,512,4,8,32,128,64,16,4,16,2,32,2,2,4,1,2,2,1,1,0,1,0,0
5420,2,zeros-la-2-5,zeros-la-2,373,5420,2,832,512,0,4,0,8,2,512,4,8,32,128,64,16,4,16,2,32,2,2,3,2,2,2,1,1,0,1,0,0
5436,2,zeros-la-2-5,zeros-la-2,374,5436,2,834,512,2,4,4,16,32,512,64,16,4,128,2,32,0,16,0,2,2,3,3,0,3,2,1,1,0,1,0,0
5468,2,zeros-la-2-5,zeros-la-2,375,5468,2,838,512,2,4,4,32,32,512,64,32,4,128,2,2,0,16,4,0,2,3,4,0,1,3,1,1,0,1,0,0
5480,3,zeros-la-2-5,zeros-la-2,376,5480,3,840,512,0,2,8,32,32,512,64,32,0,4,128,4,2,0,16,4,3,2,3,1,1,3,1,1,0,1,0,0
5552,4,zeros-la-2-5,zeros-la-2,377,5552,4,842,512,32,2,8,64,2,512,64,8,0,4,128,0,0,2,16,0,4,3,1,2,1,1,2,1,0,1,0,0
5552,3,zeros-la-2-5,zeros-la-2,378,5552,3,844,512,0,2,8,0,0,512,64,2,32,4,128,64,2,2,16,8,3,4,1,2,1,1,2,1,0,1,0,0
5556,3,zeros-la-2-5,zeros-la-2,379,5556,3,846,512,2,8,0,0,512,64,2,2,32,4,128,64,4,16,8,0,3,3,2,2,1,1,2,1,0,1,0,0
5560,3,zeros-la-2-5,zeros-la-2,380,5560,3,848,512,0,0,2,8,2,512,64,4,32,4,128,64,0,4,16,8,3,2,3,2,1,1,2,1,0,1,0,0
5568,3,zeros-la-2-5,zeros-la-2,381,5568,3,850,512,0,2,2,8,0,0,64,4,2,512,128,64,32,8,16,8,3,3,1,3,1,1,2,1,0,1,0,0
5572,3,zeros-la-2-5,zeros-la-2,382,5572,3,854,512,4,0,4,8,0,0,64,4,2,512,128,64,32,8,16,8,3,1,3,3,1,1,2,1,0,1,0,0
5580,3,zeros-la-2-5,zeros-la-2,383,5580,3,856,512,0,2,8,8,0,0,64,4,2,512,128,64,32,8,16,8,3,2,1,4,1,1,2,1,0,1,0,0
5596,3,zeros-la-2-5,zeros-la-2,384,5596,3,858,512,0,2,2,16,0,0,64,4,2,512,128,64,32,8,16,8,3,3,1,2,2,1,2,1,0,1,0,0
5600,3,zeros-la-2-5,zeros-la-2,385,5600,3,860,512,0,0,4,16,0,2,64,4,2,512,128,64,32,8,16,8,3,2,2,2,2,1,2,1,0,1,0,0
5600,2,zeros-la-2-5,zeros-la-2,386,5600,2,862,512,4,16,0,2,2,64,4,0,2,512,128,64,32,8,16,8,2,3,2,2,2,1,2,1,0,1,0,0
5604,2,zeros-la-2-5,zeros-la-2,387,5604,2,864,512,4,16,4,2,4,64,128,64,32,512,16,8,0,8,0,2,2,2,3,2,2,1,2,1,0,1,0,0
5612,2,zeros-la-2-5,zeros-la-2,388,5612,2,866,512,0,16,2,2,0,64,4,64,8,512,128,8,32,8,16,2,2,3,1,3,2,1,2,1,0,1,0,0
5616,2,zeros-la-2-5,zeros-la-2,389,5616,2,868,512,16,4,2,0,64,4,64,0,8,512,128,8,32,8,16,2,2,2,2,3,2,1,2,1,0,1,0,0
5624,2,zeros-la-2-5,zeros-la-2,390,5624,2,870,512,16,8,2,8,64,512,64,2,8,8,128,0,32,0,16,2,2,3,0,4,2,1,2,1,0,1,0,0
5640,2,zeros-la-2-5,zeros-la-2,391,5640,2,872,512,16,8,2,8,64,512,64,2,2,0,16,128,0,32,16,2,2,4,0,2,3,1,2,1,0,1,0,0
5672,2,zeros-la-2-5,zeros-la-2,392,5672,2,874,512,0,0,2,8,16,8,2,2,64,512,64,128,2,32,32,2,2,5,0,2,1,2,2,1,0,1,0,0
5740,3,zeros-la-2-5,zeros-la-2,393,5740,3,876,512,0,0,2,8,2,16,8,4,64,512,64,128,0,2,64,2,3,4,1,2,1,0,3,1,0,1,0,0
5868,3,zeros-la-2-5,zeros-la-2,394,5868,3,878,512,2,16,2,8,64,512,8,4,0,2,128,128,0,0,2,2,3,5,1,2,1,0,1,2,0,1,0,0
6128,4,zeros-la-2-5,zeros-la-2,395,6128,4,880,512,2,16,2,8,64,512,8,4,2,256,0,2,4,0,0,0,4,4,2,2,1,0,1,0,1,1,0,0
6128,3,zeros-la-2-5,zeros-la-2,396,6128,3,882,512,2,16,2,8,64,512,8,4,2,256,0,2,4,0,0,2,3,5,2,2,1,0,1,0,1,1,0,0
6132,3,zeros-la-2-5,zeros-la-2,397,6132,3,884,512,2,0,0,2,64,16,0,8,2,512,2,4,4,256,8,4,3,4,3,2,1,0,1,0,1,1,0,0
6140,3,zeros-la-2-5,zeros-la-2,398,6140,3,886,512,2,0,0,0,64,16,2,2,2,512,2,8,4,256,8,8,3,5,1,3,1,0,1,0,1,1,0,0
6160,4,zeros-la-2-5,zeros-la-2,399,6160,4,888,512,2,0,0,2,64,16,0,0,2,512,4,2,4,256,8,16,4,4,2,1,2,0,1,0,1,1,0,0
6164,4,zeros-la-2-5,zeros-la-2,400,6164,4,890,512,2,2,0,0,64,16,0,0,2,512,4,4,4,256,8,16,4,3,3,1,2,0,1,0,1,1,0,0
6176,5,zeros-la-2-5,zeros-la-2,401,6176,5,892,512,0,0,2,4,0,0,64,16,0,2,512,8,4,256,8,16,5,2,2,2,2,0,1,0,1,1,0,0
6176,4,zeros-la-2-5,zeros-la-2,402,6176,4,894,512,0,0,2,4,0,0,64,16,2,2,512,8,4,256,8,16,4,3,2,2,2,0,1,0,1,1,0,0
6180,4,zeros-la-2-5,zeros-la-2,403,6180,4,896,512,2,4,2,0,64,16,0,0,4,512,8,0,4,256,8,16,4,2,3,2,2,0,1,0,1,1,0,0
6204,5,zeros-la-2-5,zeros-la-2,404,6204,5,898,512,2,4,0,0,2,16,0,0,64,512,2,0,8,256,16,16,5,3,1,1,3,0,1,0,1,1,0,0
6236,5,zeros-la-2-5,zeros-la-2,405,6236,5,900,512,0,0,2,4,0,0,2,16,2,64,512,2,0,8,256,32,5,4,1,1,1,1,1,0,1,1,0,0
6240,5,zeros-la-2-5,zeros-la-2,406,6240,5,902,512,2,64,4,4,0,8,512,16,0,0,256,2,0,0,2,32,5,3,2,1,1,1,1,0,1,1,0,0
6248,5,zeros-la-2-5,zeros-la-2,407,6248,5,904,512,0,2,64,8,2,8,512,16,0,0,256,2,0,0,2,32,5,4,0,2,1,1,1,0,1,1,0,0
6248,4,zeros-la-2-5,zeros-la-2,408,6248,4,906,512,2,0,64,8,0,0,512,16,0,2,256,2,2,8,2,32,4,5,0,2,1,1,1,0,1,1,0,0
6252,4,zeros-la-2-5,zeros-la-2,409,6252,4,908,512,2,0,64,8,0,0,512,16,0,2,256,2,4,8,2,32,4,4,1,2,1,1,1,0,1,1,0,0
6252,3,zeros-la-2-5,zeros-la-2,410,6252,3,910,512,2,2,64,8,4,8,512,16,0,0,256,2,0,2,2,32,3,5,1,2,1,1,1,0,1,1,0,0
6260,4,zeros-la-2-5,zeros-la-2,411,6260,4,912,512,4,64,8,0,4,8,512,16,256,2,0,2,4,32,0,0,4,2,3,2,1,1,1,0,1,1,0,0
6268,4,zeros-la-2-5,zeros-la-2,412,6268,4,914,512,8,64,8,16,256,8,512,2,4,2,0,0,0,32,2,0,4,3,1,3,1,1,1,0,1,1,0,0
6268,3,zeros-la-2-5,zeros-la-2,413,6268,3,916,512,8,64,8,16,256,8,512,2,4,2,0,0,32,2,2,0,3,4,1,3,1,1,1,0,1,1,0,0
6272,3,zeros-la-2-5,zeros-la-2,414,6272,3,918,512,8,64,8,16,256,8,512,2,4,2,0,0,32,4,2,0,3,3,2,3,1,1,1,0,1,1,0,0
6272,2,zeros-la-2-5,zeros-la-2,415,6272,2,920,512,8,64,8,16,256,8,512,2,4,2,2,0,32,4,0,2,2,4,2,3,1,1,1,0,1,1,0,0
6276,2,zeros-la-2-5,zeros-la-2,416,6276,2,922,512,8,64,8,16,256,8,512,2,4,4,0,2,32,4,2,0,2,3,3,3,1,1,1,0,1,1,0,0
6288,3,zeros-la-2-5,zeros-la-2,417,6288,3,924,512,8,64,8,16,256,8,512,4,4,8,2,0,32,2,0,0,3,2,2,4,1,1,1,0,1,1,0,0
6304,3,zeros-la-2-5,zeros-la-2,418,6304,3,926,512,8,64,8,16,256,16,512,4,4,2,2,0,32,2,0,0,3,3,2,2,2,1,1,0,1,1,0,0
6308,3,zeros-la-2-5,zeros-la-2,419,6308,3,928,512,8,64,8,16,256,16,512,4,0,0,4,4,2,0,32,2,3,2,3,2,2,1,1,0,1,1,0,0
6316,3,zeros-la-2-5,zeros-la-2,420,6316,3,930,512,8,64,8,16,256,16,512,4,8,0,0,0,2,32,2,2,3,3,1,3,2,1,1,0,1,1,0,0
6316,2,zeros-la-2-5,zeros-la-2,421,6316,2,932,512,8,64,8,16,256,16,512,4,8,32,2,2,2,0,0,2,2,4,1,3,2,1,1,0,1,1,0,0
6324,3,zeros-la-2-5,zeros-la-2,422,6324,3,934,512,8,64,8,16,256,16,512,4,0,8,32,4,2,0,0,4,3,1,3,3,2,1,1,0,1,1,0,0
6332,3,zeros-la-2-5,zeros-la-2,423,6332,3,938,512,8,64,8,16,256,16,512,8,2,8,32,4,0,0,0,4,3,1,2,4,2,1,1,0,1,1,0,0
6340,3,zeros-la-2-5,zeros-la-2,424,6340,3,940,512,8,64,8,16,256,16,512,8,2,8,32,8,2,0,0,0,3,2,0,5,2,1,1,0,1,1,0,0
6360,4,zeros-la-2-5,zeros-la-2,425,6360,4,942,512,0,0,0,2,8,64,8,0,256,16,512,16,4,8,32,16,4,1,1,3,3,1,1,0,1,1,0,0
6392,4,zeros-la-2-5,zeros-la-2,426,6392,4,946,512,0,0,0,4,8,64,8,0,256,16,512,2,4,8,32,32,4,1,2,3,1,2,1,0,1,1,0,0
6456,4,zeros-la-2-5,zeros-la-2,427,6456,4,948,512,0,2,0,4,0,8,64,8,256,16,512,2,0,4,8,64,4,2,2,3,1,0,2,0,1,1,0,0
6456,3,zeros-la-2-5,zeros-la-2,428,6456,3,950,512,2,2,0,4,0,8,64,8,0,16,512,2,256,4,8,64,3,3,2,3,1,0,2,0,1,1,0,0
6460,3,zeros-la-2-5,zeros-la-2,429,6460,3,952,512,4,4,0,0,8,64,8,0,16,512,2,2,256,4,8,64,3,2,3,3,1,0,2,0,1,1,0,0
6472,4,zeros-la-2-5,zeros-la-2,430,6472,4,954,512,8,0,0,0,8,64,8,0,16,512,4,2,256,4,8,64,4,1,2,4,1,0,2,0,1,1,0,0
6488,4,zeros-la-2-5,zeros-la-2,431,6488,4,956,512,16,64,8,2,16,512,4,64,256,4,8,0,0,0,2,0,4,2,2,2,2,0,2,0,1,1,0,0
6488,3,zeros-la-2-5,zeros-la-2,432,6488,3,958,512,16,64,8,2,16,512,4,64,0,256,4,8,2,0,0,2,3,3,2,2,2,0,2,0,1,1,0,0
6528,4,zeros-la-2-5,zeros-la-2,433,6528,4,960,512,0,0,0,2,2,64,0,64,32,512,8,8,2,256,8,2,4,4,0,3,0,1,2,0,1,1,0,0
6672,5,zeros-la-2-5,zeros-la-2,434,6672,5,962,512,2,2,0,0,2,128,0,0,32,512,16,0,2,256,8,2,5,5,0,1,1,1,0,1,1,1,0,0
6676,5,zeros-la-2-5,zeros-la-2,435,6676,5,964,512,0,2,0,2,4,128,0,0,32,512,16,0,2,256,8,2,5,4,1,1,1,1,0,1,1,1,0,0
6680,5,zeros-la-2-5,zeros-la-2,436,6680,5,966,512,4,2,0,0,4,128,0,0,32,512,16,0,2,256,8,2,5,3,2,1,1,1,0,1,1,1,0,0
6688,5,zeros-la-2-5,zeros-la-2,437,6688,5,970,512,0,2,4,0,8,128,0,0,32,512,16,0,2,256,8,2,5,3,1,2,1,1,0,1,1,1,0,0
6688,4,zeros-la-2-5,zeros-la-2,438,6688,4,972,512,0,2,0,0,8,128,4,2,32,512,16,0,2,256,8,2,4,4,1,2,1,1,0,1,1,1,0,0
6692,4,zeros-la-2-5,zeros-la-2,439,6692,4,974,512,8,2,4,4,32,128,16,2,2,512,8,0,0,256,0,0,4,3,2,2,1,1,0,1,1,1,0,0
6700,4,zeros-la-2-5,zeros-la-2,440,6700,4,976,512,0,8,2,8,32,128,16,2,0,2,512,8,0,2,0,256,4,4,0,3,1,1,0,1,1,1,0,0
6704,4,zeros-la-2-5,zeros-la-2,441,6704,4,978,512,0,2,0,8,0,8,2,2,0,128,16,8,32,4,512,256,4,3,1,3,1,1,0,1,1,1,0,0
6708,4,zeros-la-2-5,zeros-la-2,442,6708,4,982,512,2,8,4,0,8,4,0,0,128,16,8,0,32,4,512,256,4,1,3,3,1,1,0,1,1,1,0,0
6708,3,zeros-la-2-5,zeros-la-2,443,6708,3,984,512,0,2,8,4,0,0,8,4,2,128,16,8,32,4,512,256,3,2,3,3,1,1,0,1,1,1,0,0
6732,4,zeros-la-2-5,zeros-la-2,444,6732,4,986,512,2,2,16,8,32,128,16,8,0,4,512,256,0,2,0,0,4,3,1,2,2,1,0,1,1,1,0,0
6780,5,zeros-la-2-5,zeros-la-2,445,6780,5,988,512,2,2,32,16,32,128,512,256,0,4,0,2,0,2,0,0,5,4,1,0,1,2,0,1,1,1,0,0
6784,5,zeros-la-2-5,zeros-la-2,446,6784,5,990,512,0,4,32,16,32,128,512,256,0,0,4,2,0,0,2,2,5,3,2,0,1,2,0,1,1,1,0,0
6788,5,zeros-la-2-5,zeros-la-2,447,6788,5,992,512,4,32,16,0,32,128,512,256,4,2,0,0,4,0,2,0,5,2,3,0,1,2,0,1,1,1,0,0
6796,5,zeros-la-2-5,zeros-la-2,448,6796,5,994,512,4,32,16,256,32,128,512,0,8,2,2,0,0,0,0,2,5,3,1,1,1,2,0,1,1,1,0,0
6800,5,zeros-la-2-5,zeros-la-2,449,6800,5,996,512,4,32,16,256,0,32,128,512,2,0,8,4,0,0,0,2,5,2,2,1,1,2,0,1,1,1,0,0
6864,5,zeros-la-2-5,zeros-la-2,450,6864,5,1000,512,4,64,16,256,2,0,128,512,0,0,8,4,4,0,0,2,5,2,3,1,1,0,1,1,1,1,0,0
6864,4,zeros-la-2-5,zeros-la-2,451,6864,4,1004,512,4,64,16,256,2,4,128,512,4,0,8,4,0,0,0,2,4,2,4,1,1,0,1,1,1,1,0,0
6864,3,zeros-la-2-5,zeros-la-2,452,6864,3,1006,512,4,64,16,256,2,4,128,512,0,4,8,4,0,2,0,2,3,3,4,1,1,0,1,1,1,1,0,0
6868,3,zeros-la-2-5,zeros-la-2,453,6868,3,1008,512,4,64,16,256,2,4,128,512,2,4,8,4,0,0,0,4,3,2,5,1,1,0,1,1,1,1,0,0
6888,5,zeros-la-2-5,zeros-la-2,454,6888,5,1010,512,0,2,0,0,0,0,16,256,4,64,128,512,4,8,8,8,5,1,2,3,1,0,1,1,1,1,0,0
6896,5,zeros-la-2-5,zeros-la-2,455,6896,5,1014,512,0,4,0,0,0,2,16,256,0,64,128,512,8,8,8,8,5,1,1,4,1,0,1,1,1,1,0,0
6928,6,zeros-la-2-5,zeros-la-2,456,6928,6,1016,512,2,0,0,4,0,2,16,256,0,64,128,512,0,0,16,16,6,2,1,0,3,0,1,1,1,1,0,0
6960,6,zeros-la-2-5,zeros-la-2,457,6960,6,1018,512,2,4,0,0,2,16,256,0,64,128,512,0,32,2,0,0,6,3,1,0,1,1,1,1,1,1,0,0
6964,6,zeros-la-2-5,zeros-la-2,458,6964,6,1020,512,4,4,256,2,64,16,512,0,32,128,0,0,0,2,0,0,6,2,2,0,1,1,1,1,1,1,0,0
6972,6,zeros-la-2-5,zeros-la-2,459,6972,6,1022,512,0,8,256,2,0,64,16,512,0,2,32,128,0,0,0,2,6,3,0,1,1,1,1,1,1,1,0,0
6972,5,zeros-la-2-5,zeros-la-2,460,6972,5,1024,512,0,8,256,2,0,64,16,512,0,2,32,128,0,2,0,2,5,4,0,1,1,1,1,1,1,1,0,0
6976,5,zeros-la-2-5,zeros-la-2,461,6976,5,1026,512,0,8,256,2,2,64,16,512,0,4,32,128,0,0,0,2,5,3,1,1,1,1,1,1,1,1,0,0
6976,4,zeros-la-2-5,zeros-la-2,462,6976,4,1028,512,0,8,256,2,2,64,16,512,0,4,32,128,2,0,0,2,4,4,1,1,1,1,1,1,1,1,0,0
6980,4,zeros-la-2-5,zeros-la-2,463,6980,4,1030,512,0,0,0,2,2,8,256,512,0,64,16,128,4,4,32,2,4,3,2,1,1,1,1,1,1,1,0,0
6988,4,zeros-la-2-5,zeros-la-2,464,6988,4,1032,512,2,0,0,0,2,8,256,512,64,16,128,0,8,32,2,2,4,4,0,2,1,1,1,1,1,1,0,0
6992,4,zeros-la-2-5,zeros-la-2,465,6992,4,1034,512,2,0,0,2,2,8,256,512,0,64,16,128,0,8,32,4,4,3,1,2,1,1,1,1,1,1,0,0
6996,4,zeros-la-2-5,zeros-la-2,466,6996,4,1038,512,0,0,0,2,4,8,256,512,0,64,16,128,4,8,32,4,4,1,3,2,1,1,1,1,1,1,0,0
7004,4,zeros-la-2-5,zeros-la-2,467,7004,4,1040,512,8,8,256,2,0,64,16,512,0,8,32,128,2,0,0,4,4,2,1,3,1,1,1,1,1,1,0,0
7020,4,zeros-la-2-5,zeros-la-2,468,7020,4,1042,512,0,16,256,2,0,64,16,512,2,8,32,128,0,0,2,4,4,3,1,1,2,1,1,1,1,1,0,0
7020,3,zeros-la-2-5,zeros-la-2,469,7020,3,1044,512,0,0,256,2,2,16,16,512,0,64,32,128,2,8,2,4,3,4,1,1,2,1,1,1,1,1,0,0
7052,3,zeros-la-2-5,zeros-la-2,470,7052,3,1046,512,0,2,256,2,0,2,32,512,0,64,32,128,2,8,2,4,3,5,1,1,0,2,1,1,1,1,0,0
7120,4,zeros-la-2-5,zeros-la-2,471,7120,4,1048,512,0,0,2,2,0,4,256,512,0,64,64,128,2,8,2,4,4,4,2,1,0,0,2,1,1,1,0,0
7252,5,zeros-la-2-5,zeros-la-2,472,7252,5,1050,512,4,0,0,2,4,256,512,0,128,128,0,0,2,8,2,4,5,3,3,1,0,0,0,2,1,1,0,0
7260,5,zeros-la-2-5,zeros-la-2,473,7260,5,1052,512,0,0,0,0,8,256,0,2,128,128,512,2,2,8,2,4,5,4,1,2,0,0,0,2,1,1,0,0
7264,5,zeros-la-2-5,zeros-la-2,474,7264,5,1054,512,8,256,512,4,128,128,2,4,2,8,0,0,0,2,0,0,5,3,2,2,0,0,0,2,1,1,0,0
7520,5,zeros-la-2-5,zeros-la-2,475,7520,5,1056,512,8,256,512,4,0,256,2,4,0,0,2,8,2,0,0,2,5,4,2,2,0,0,0,0,2,1,0,0
8044,7,zeros-la-2-5,zeros-la-2,476,8044,7,1058,512,8,512,512,8,2,0,4,8,0,0,0,2,2,0,0,0,7,3,1,3,0,0,0,0,0,2,0,0
8064,8,zeros-la-2-5,zeros-la-2,477,8064,8,1060,512,8,512,512,16,4,0,4,2,0,2,0,0,0,0,0,0,8,2,2,1,1,0,0,0,0,2,0,0
9096,9,zeros-la-2-5,zeros-la-2,478,9096,9,1062,1024,2,8,1024,16,0,0,8,2,0,0,0,2,0,0,0,0,9,3,0,2,1,0,0,0,0,0,1,0
9100,9,zeros-la-2-5,zeros-la-2,479,9100,9,1064,1024,0,0,0,0,0,2,0,0,0,0,1024,16,2,8,8,4,9,2,1,2,1,0,0,0,0,0,1,0
9116,9,zeros-la-2-5,zeros-la-2,480,9116,9,1066,1024,0,0,2,0,2,0,0,0,1024,16,0,0,2,16,4,0,9,3,1,0,2,0,0,0,0,0,1,0
9148,9,zeros-la-2-5,zeros-la-2,481,9148,9,1068,1024,0,0,0,0,2,0,0,0,1024,0,2,2,2,32,4,0,9,4,1,0,0,1,0,0,0,0,1,0
9152,9,zeros-la-2-5,zeros-la-2,482,9152,9,1070,1024,0,2,0,0,0,0,0,2,0,0,1024,4,0,2,32,4,9,3,2,0,0,1,0,0,0,0,1,0
9164,10,zeros-la-2-5,zeros-la-2,483,9164,10,1072,1024,0,0,0,0,0,0,0,0,0,2,1024,2,0,4,32,8,10,2,1,1,0,1,0,0,0,0,1,0
9164,9,zeros-la-2-5,zeros-la-2,484,9164,9,1074,1024,0,0,0,0,2,0,0,0,0,2,1024,2,0,4,32,8,9,3,1,1,0,1,0,0,0,0,1,0
9164,8,zeros-la-2-5,zeros-la-2,485,9164,8,1076,1024,0,0,0,0,2,0,2,0,2,1024,2,0,4,32,8,0,8,4,1,1,0,1,0,0,0,0,1,0
9172,9,zeros-la-2-5,zeros-la-2,486,9172,9,1078,1024,2,0,0,0,0,0,0,0,4,1024,4,0,4,32,8,0,9,1,3,1,0,1,0,0,0,0,1,0
9180,9,zeros-la-2-5,zeros-la-2,487,9180,9,1080,1024,0,2,0,0,0,0,0,0,2,1024,4,0,8,32,8,0,9,2,1,2,0,1,0,0,0,0,1,0
9180,8,zeros-la-2-5,zeros-la-2,488,9180,8,1082,1024,2,2,4,0,8,1024,8,0,0,32,0,0,0,0,0,2,8,3,1,2,0,1,0,0,0,0,1,0
9184,8,zeros-la-2-5,zeros-la-2,489,9184,8,1084,1024,4,4,0,0,8,1024,8,2,32,0,0,0,2,0,0,0,8,2,2,2,0,1,0,0,0,0,1,0
9192,8,zeros-la-2-5,zeros-la-2,490,9192,8,1086,1024,8,0,0,2,8,1024,8,2,32,0,0,0,2,0,0,0,8,3,0,3,0,1,0,0,0,0,1,0
9212,9,zeros-la-2-5,zeros-la-2,491,9212,9,1088,1024,16,1024,8,4,32,0,0,0,2,0,2,0,0,0,0,0,9,2,1,1,1,1,0,0,0,0,1,0
9216,9,zeros-la-2-5,zeros-la-2,492,9216,9,1090,1024,16,1024,8,4,0,0,0,32,0,0,0,4,0,0,2,0,9,1,2,1,1,1,0,0,0,0,1,0
9216,8,zeros-la-2-5,zeros-la-2,493,9216,8,1092,1024,16,1024,8,4,0,2,0,32,0,0,0,4,0,0,0,2,8,2,2,1,1,1,0,0,0,0,1,0
9216,7,zeros-la-2-5,zeros-la-2,494,9216,7,1094,1024,16,1024,8,4,0,0,2,32,0,0,2,4,0,0,0,2,7,3,2,1,1,1,0,0,0,0,1,0
9220,7,zeros-la-2-5,zeros-la-2,495,9220,7,1096,1024,16,1024,8,4,0,0,4,32,2,0,0,4,0,0,0,2,7,2,3,1,1,1,0,0,0,0,1,0
9220,6,zeros-la-2-5,zeros-la-2,496,9220,6,1098,1024,16,1024,8,4,2,0,4,32,2,0,0,4,0,0,0,2,6,3,3,1,1,1,0,0,0,0,1,0
9224,6,zeros-la-2-5,zeros-la-2,497,9224,6,1100,1024,16,1024,8,4,4,0,4,32,0,0,0,4,0,0,2,2,6,2,4,1,1,1,0,0,0,0,1,0
9236,7,zeros-la-2-5,zeros-la-2,498,9236,7,1102,1024,16,1024,8,4,8,32,0,0,4,0,0,0,4,0,0,2,7,1,3,2,1,1,0,0,0,0,1,0
9244,7,zeros-la-2-5,zeros-la-2,499,9244,7,1104,1024,16,1024,8,4,8,32,0,2,8,0,0,0,2,0,0,0,7,2,1,3,1,1,0,0,0,0,1,0
9260,7,zeros-la-2-5,zeros-la-2,500,9260,7,1106,1024,16,1024,8,4,16,32,0,2,2,0,2,0,0,0,0,0,7,3,1,1,2,1,0,0,0,0,1,0
9264,7,zeros-la-2-5,zeros-la-2,501,9264,7,1110,1024,16,1024,8,4,16,32,2,0,4,0,0,0,0,0,4,0,7,1,3,1,2,1,0,0,0,0,1,0
9296,7,zeros-la-2-5,zeros-la-2,502,9296,7,1112,1024,2,0,0,0,0,0,8,0,32,1024,2,0,4,32,4,4,7,2,3,1,0,2,0,0,0,0,1,0
9304,7,zeros-la-2-5,zeros-la-2,503,9304,7,1114,1024,2,0,0,0,8,0,0,0,32,1024,2,0,4,32,8,2,7,3,1,2,0,2,0,0,0,0,1,0
9304,6,zeros-la-2-5,zeros-la-2,504,9304,6,1116,1024,0,0,0,2,0,0,0,8,2,32,1024,2,4,32,8,2,6,4,1,2,0,2,0,0,0,0,1,0
9372,7,zeros-la-2-5,zeros-la-2,505,9372,7,1118,1024,2,64,1024,2,4,0,8,8,2,0,0,4,0,0,0,0,7,3,2,2,0,0,1,0,0,0,1,0
9388,7,zeros-la-2-5,zeros-la-2,506,9388,7,1120,1024,2,64,1024,2,2,0,4,16,0,0,2,4,0,0,0,0,7,4,2,0,1,0,1,0,0,0,1,0
9392,7,zeros-la-2-5,zeros-la-2,507,9392,7,1122,1024,4,64,1024,2,0,0,4,16,0,2,2,4,0,0,0,0,7,3,3,0,1,0,1,0,0,0,1,0
9396,7,zeros-la-2-5,zeros-la-2,508,9396,7,1124,1024,4,64,1024,2,4,16,0,2,4,4,0,0,0,0,0,0,7,2,4,0,1,0,1,0,0,0,1,0
9408,8,zeros-la-2-5,zeros-la-2,509,9408,8,1126,1024,8,64,1024,4,4,16,0,2,0,4,0,0,0,0,0,0,8,1,3,1,1,0,1,0,0,0,1,0
9408,7,zeros-la-2-5,zeros-la-2,510,9408,7,1128,1024,8,64,1024,4,4,16,2,0,4,0,0,0,0,0,2,0,7,2,3,1,1,0,1,0,0,0,1,0
9420,8,zeros-la-2-5,zeros-la-2,511,9420,8,1130,1024,0,0,2,0,0,0,0,0,8,64,1024,0,8,16,4,4,8,1,2,2,1,0,1,0,0,0,1,0
9436,8,zeros-la-2-5,zeros-la-2,512,9436,8,1132,1024,0,0,0,0,0,0,2,0,2,64,1024,0,16,16,4,4,8,2,2,0,2,0,1,0,0,0,1,0
9476,9,zeros-la-2-5,zeros-la-2,513,9476,9,1134,1024,0,0,0,0,2,0,2,0,2,64,1024,0,32,8,0,0,9,3,0,1,0,1,1,0,0,0,1,0
9480,9,zeros-la-2-5,zeros-la-2,514,9480,9,1136,1024,0,0,0,0,0,0,0,4,2,2,64,1024,0,0,32,8,9,2,1,1,0,1,1,0,0,0,1,0
9484,9,zeros-la-2-5,zeros-la-2,515,9484,9,1138,1024,0,0,0,2,4,0,0,0,4,64,1024,0,32,8,0,0,9,1,2,1,0,1,1,0,0,0,1,0
9492,9,zeros-la-2-5,zeros-la-2,516,9492,9,1140,1024,8,64,1024,2,32,8,0,2,0,0,0,0,0,0,0,0,9,2,0,2,0,1,1,0,0,0,1,0
9496,9,zeros-la-2-5,zeros-la-2,517,9496,9,1142,1024,8,64,1024,4,32,8,2,0,0,0,0,0,0,0,0,0,9,1,1,2,0,1,1,0,0,0,1,0
9496,8,zeros-la-2-5,zeros-la-2,518,9496,8,1144,1024,8,64,1024,4,32,8,2,0,0,0,0,0,0,0,0,2,8,2,1,2,0,1,1,0,0,0,1,0
9496,7,zeros-la-2-5,zeros-la-2,519,9496,7,1146,1024,8,64,1024,4,32,8,2,2,0,0,0,0,2,0,0,0,7,3,1,2,0,1,1,0,0,0,1,0
9500,7,zeros-la-2-5,zeros-la-2,520,9500,7,1148,1024,8,64,1024,4,0,32,8,4,0,0,0,0,2,0,0,2,7,2,2,2,0,1,1,0,0,0,1,0
9504,7,zeros-la-2-5,zeros-la-2,521,9504,7,1150,1024,8,64,1024,4,0,32,8,4,0,0,0,0,0,2,0,4,7,1,3,2,0,1,1,0,0,0,1,0
9512,7,zeros-la-2-5,zeros-la-2,522,9512,7,1152,1024,0,0,0,0,0,64,2,0,0,32,1024,4,8,2,8,8,7,2,1,3,0,1,1,0,0,0,1,0
9528,7,zeros-la-2-5,zeros-la-2,523,9528,7,1154,1024,0,0,2,0,64,2,0,0,32,1024,4,0,8,2,16,0,7,3,1,1,1,1,1,0,0,0,1,0
9528,6,zeros-la-2-5,zeros-la-2,524,9528,6,1156,1024,2,0,0,2,0,0,64,2,0,32,1024,4,0,8,2,16,6,4,1,1,1,1,1,0,0,0,1,0
9532,6,zeros-la-2-5,zeros-la-2,525,9532,6,1158,1024,2,32,64,4,0,8,1024,4,0,0,2,16,0,0,0,2,6,3,2,1,1,1,1,0,0,0,1,0
9540,6,zeros-la-2-5,zeros-la-2,526,9540,6,1160,1024,2,32,64,8,0,8,1024,16,0,0,2,2,0,2,0,0,6,4,0,2,1,1,1,0,0,0,1,0
9544,6,zeros-la-2-5,zeros-la-2,527,9544,6,1162,1024,2,32,64,8,8,1024,16,2,4,0,0,0,2,0,0,0,6,3,1,2,1,1,1,0,0,0,1,0
9544,5,zeros-la-2-5,zeros-la-2,528,9544,5,1164,1024,2,32,64,8,8,1024,16,2,4,0,0,2,2,0,0,0,5,4,1,2,1,1,1,0,0,0,1,0
9548,5,zeros-la-2-5,zeros-la-2,529,9548,5,1166,1024,2,0,0,0,8,0,0,2,4,32,64,8,2,1024,16,4,5,3,2,2,1,1,1,0,0,0,1,0
9548,4,zeros-la-2-5,zeros-la-2,530,9548,4,1168,1024,2,32,64,2,8,1024,16,8,4,0,0,4,2,0,2,0,4,4,2,2,1,1,1,0,0,0,1,0
9560,5,zeros-la-2-5,zeros-la-2,531,9560,5,1170,1024,2,32,64,2,8,1024,16,8,0,2,0,8,0,0,0,4,5,3,1,3,1,1,1,0,0,0,1,0
9576,5,zeros-la-2-5,zeros-la-2,532,9576,5,1174,1024,2,32,64,2,8,1024,16,16,0,2,4,4,0,0,0,0,5,3,2,1,2,1,1,0,0,0,1,0
9616,6,zeros-la-2-5,zeros-la-2,533,9616,6,1176,1024,2,32,64,2,0,8,1024,32,0,0,2,8,0,2,0,0,6,4,0,2,0,2,1,0,0,0,1,0
9616,5,zeros-la-2-5,zeros-la-2,534,9616,5,1178,1024,0,0,0,0,0,32,64,2,2,8,1024,32,2,2,2,8,5,5,0,2,0,2,1,0,0,0,1,0
9620,5,zeros-la-2-5,zeros-la-2,535,9620,5,1182,1024,4,32,64,2,0,8,1024,32,0,2,2,8,0,4,0,0,5,3,2,2,0,2,1,0,0,0,1,0
9624,5,zeros-la-2-5,zeros-la-2,536,9624,5,1186,1024,4,32,64,2,8,1024,32,0,4,8,0,4,4,0,0,0,5,1,4,2,0,2,1,0,0,0,1,0
9632,5,zeros-la-2-5,zeros-la-2,537,9632,5,1188,1024,4,32,64,2,8,1024,32,4,8,8,0,0,0,2,0,0,5,2,2,3,0,2,1,0,0,0,1,0
9648,5,zeros-la-2-5,zeros-la-2,538,9648,5,1190,1024,4,32,64,2,8,1024,32,4,0,0,0,16,0,2,0,2,5,3,2,1,1,2,1,0,0,0,1,0
9652,5,zeros-la-2-5,zeros-la-2,539,9652,5,1192,1024,4,32,64,2,8,1024,32,4,16,0,0,2,4,0,0,0,5,2,3,1,1,2,1,0,0,0,1,0
9652,4,zeros-la-2-5,zeros-la-2,540,9652,4,1194,1024,4,32,64,2,8,1024,32,4,16,0,2,2,4,0,0,0,4,3,3,1,1,2,1,0,0,0,1,0
9656,4,zeros-la-2-5,zeros-la-2,541,9656,4,1196,1024,4,32,64,2,8,1024,32,4,2,0,16,4,0,0,0,4,4,2,4,1,1,2,1,0,0,0,1,0
9664,4,zeros-la-2-5,zeros-la-2,542,9664,4,1198,1024,0,0,0,2,4,0,64,2,8,32,32,4,2,1024,16,8,4,3,2,2,1,2,1,0,0,0,1,0
9728,4,zeros-la-2-5,zeros-la-2,543,9728,4,1200,1024,0,2,0,2,0,4,64,2,0,8,64,4,2,1024,16,8,4,4,2,2,1,0,2,0,0,0,1,0
9860,5,zeros-la-2-5,zeros-la-2,544,9860,5,1202,1024,2,2,128,4,0,4,16,4,2,8,0,8,0,1024,0,0,5,3,3,2,1,0,0,1,0,0,1,0
9880,6,zeros-la-2-5,zeros-la-2,545,9880,6,1206,1024,4,128,4,4,4,16,4,0,2,16,0,0,1024,0,0,0,6,1,5,0,2,0,0,1,0,0,1,0
9928,8,zeros-la-2-5,zeros-la-2,546,9928,8,1208,1024,8,128,8,4,2,32,2,0,1024,0,0,0,0,0,0,0,8,2,1,2,0,1,0,1,0,0,1,0
9928,7,zeros-la-2-5,zeros-la-2,547,9928,7,1210,1024,8,128,8,4,0,2,32,2,0,0,0,1024,0,2,0,0,7,3,1,2,0,1,0,1,0,0,1,0
9932,7,zeros-la-2-5,zeros-la-2,548,9932,7,1212,1024,0,0,0,0,2,0,0,4,0,128,8,2,8,4,32,1024,7,2,2,2,0,1,0,1,0,0,1,0
9932,6,zeros-la-2-5,zeros-la-2,549,9932,6,1214,1024,0,0,0,0,2,4,0,2,128,8,2,0,8,4,32,1024,6,3,2,2,0,1,0,1,0,0,1,0
9932,5,zeros-la-2-5,zeros-la-2,550,9932,5,1218,1024,0,0,4,0,0,2,4,2,0,128,8,2,8,4,32,1024,5,3,3,2,0,1,0,1,0,0,1,0
9944,6,zeros-la-2-5,zeros-la-2,551,9944,6,1220,1024,0,2,0,0,0,2,8,0,0,128,8,4,8,4,32,1024,6,2,2,3,0,1,0,1,0,0,1,0
9964,7,zeros-la-2-5,zeros-la-2,552,9964,7,1224,1024,0,0,0,0,0,4,0,0,4,128,16,4,8,4,32,1024,7,0,4,1,1,1,0,1,0,0,1,0
9964,6,zeros-la-2-5,zeros-la-2,553,9964,6,1226,1024,0,0,0,2,4,0,0,0,4,128,16,4,8,4,32,1024,6,1,4,1,1,1,0,1,0,0,1,0
9972,6,zeros-la-2-5,zeros-la-2,554,9972,6,1228,1024,2,0,0,0,0,0,0,2,8,128,16,4,8,4,32,1024,6,2,2,2,1,1,0,1,0,0,1,0
9988,6,zeros-la-2-5,zeros-la-2,555,9988,6,1232,1024,0,0,0,0,0,0,4,2,2,128,16,4,16,4,32,1024,6,2,3,0,2,1,0,1,0,0,1,0
9988,5,zeros-la-2-5,zeros-la-2,556,9988,5,1234,1024,0,2,0,0,0,0,4,2,2,128,16,4,16,4,32,1024,5,3,3,0,2,1,0,1,0,0,1,0
9988,4,zeros-la-2-5,zeros-la-2,557,9988,4,1236,1024,0,0,0,2,0,2,4,2,2,128,16,4,16,4,32,1024,4,4,3,0,2,1,0,1,0,0,1,0
9992,4,zeros-la-2-5,zeros-la-2,558,9992,4,1238,1024,2,2,4,4,16,128,16,4,0,4,32,1024,0,0,2,0,4,3,4,0,2,1,0,1,0,0,1,0
10004,5,zeros-la-2-5,zeros-la-2,559,10004,5,1240,1024,0,0,4,8,16,128,16,4,0,4,32,1024,0,2,0,2,5,2,3,1,2,1,0,1,0,0,1,0
10008,5,zeros-la-2-5,zeros-la-2,560,10008,5,1242,1024,0,0,4,8,16,128,16,4,0,4,32,1024,0,0,2,4,5,1,4,1,2,1,0,1,0,0,1,0
10008,4,zeros-la-2-5,zeros-la-2,561,10008,4,1244,1024,2,0,4,8,16,128,16,4,0,4,32,1024,0,0,2,4,4,2,4,1,2,1,0,1,0,0,1,0
10008,3,zeros-la-2-5,zeros-la-2,562,10008,3,1246,1024,2,128,4,8,16,4,16,4,0,0,32,1024,0,2,2,4,3,3,4,1,2,1,0,1,0,0,1,0
10012,3,zeros-la-2-5,zeros-la-2,563,10012,3,1248,1024,2,128,4,8,16,4,16,4,32,1024,2,0,4,4,0,0,3,2,5,1,2,1,0,1,0,0,1,0
10020,3,zeros-la-2-5,zeros-la-2,564,10020,3,1250,1024,2,128,4,8,16,4,16,4,32,1024,2,0,8,0,2,0,3,3,3,2,2,1,0,1,0,0,1,0
10024,3,zeros-la-2-5,zeros-la-2,565,10024,3,1252,1024,2,0,0,2,16,128,4,0,32,4,16,8,8,1024,4,4,3,2,4,2,2,1,0,1,0,0,1,0
10036,4,zeros-la-2-5,zeros-la-2,566,10036,4,1254,1024,0,0,2,4,0,16,128,4,32,4,16,8,0,8,1024,8,4,1,3,3,2,1,0,1,0,0,1,0
10060,5,zeros-la-2-5,zeros-la-2,567,10060,5,1256,1024,0,0,2,0,2,16,128,0,0,4,16,8,32,8,1024,16,5,2,1,2,3,1,0,1,0,0,1,0
10060,4,zeros-la-2-5,zeros-la-2,568,10060,4,1258,1024,2,0,0,0,2,16,128,2,4,16,8,0,32,8,1024,16,4,3,1,2,3,1,0,1,0,0,1,0
10096,5,zeros-la-2-5,zeros-la-2,569,10096,5,1260,1024,4,32,128,2,4,8,8,16,32,0,1024,2,0,0,0,0,5,2,2,2,1,2,0,1,0,0,1,0
10112,5,zeros-la-2-5,zeros-la-2,570,10112,5,1262,1024,4,32,128,2,4,16,16,0,32,1024,2,0,2,0,0,0,5,3,2,0,2,2,0,1,0,0,1,0
10144,5,zeros-la-2-5,zeros-la-2,571,10144,5,1264,1024,4,32,128,2,4,32,2,0,32,1024,2,0,2,0,0,0,5,4,2,0,0,3,0,1,0,0,1,0
10220,7,zeros-la-2-5,zeros-la-2,572,10220,7,1266,1024,8,64,128,2,32,1024,4,0,2,0,0,0,0,2,0,0,7,3,1,1,0,1,1,1,0,0,1,0
10220,6,zeros-la-2-5,zeros-la-2,573,10220,6,1268,1024,8,64,128,2,32,1024,4,0,2,0,0,2,2,0,0,0,6,4,1,1,0,1,1,1,0,0,1,0
10228,7,zeros-la-2-5,zeros-la-2,574,10228,7,1272,1024,4,0,0,0,8,0,0,0,32,64,128,0,4,1024,4,4,7,0,4,1,0,1,1,1,0,0,1,0
10236,7,zeros-la-2-5,zeros-la-2,575,10236,7,1274,1024,0,0,0,4,0,0,0,8,0,32,64,128,2,4,1024,8,7,1,2,2,0,1,1,1,0,0,1,0
10236,6,zeros-la-2-5,zeros-la-2,576,10236,6,1276,1024,2,0,0,4,0,0,0,8,0,32,64,128,2,4,1024,8,6,2,2,2,0,1,1,1,0,0,1,0
10240,6,zeros-la-2-5,zeros-la-2,577,10240,6,1280,1024,4,0,0,4,0,0,0,8,0,32,64,128,4,4,1024,8,6,0,4,2,0,1,1,1,0,0,1,0
10256,7,zeros-la-2-5,zeros-la-2,578,10256,7,1282,1024,0,2,0,8,0,0,0,8,0,32,64,128,0,8,1024,8,7,1,0,4,0,1,1,1,0,0,1,0
10272,7,zeros-la-2-5,zeros-la-2,579,10272,7,1284,1024,0,2,64,16,0,32,1024,128,0,8,2,8,0,0,0,0,7,2,0,2,1,1,1,1,0,0,1,0
10272,6,zeros-la-2-5,zeros-la-2,580,10272,6,1288,1024,0,2,64,16,0,32,1024,128,0,8,2,8,4,0,0,0,6,2,1,2,1,1,1,1,0,0,1,0
10272,5,zeros-la-2-5,zeros-la-2,581,10272,5,1290,1024,0,2,0,0,0,2,64,16,0,32,1024,128,4,8,2,8,5,3,1,2,1,1,1,1,0,0,1,0
10276,5,zeros-la-2-5,zeros-la-2,582,10276,5,1292,1024,4,4,64,16,0,32,1024,128,0,8,2,8,2,0,0,0,5,2,2,2,1,1,1,1,0,0,1,0
10284,5,zeros-la-2-5,zeros-la-2,583,10284,5,1294,1024,0,8,64,16,0,32,1024,128,2,8,2,8,0,0,0,2,5,3,0,3,1,1,1,1,0,0,1,0
10284,4,zeros-la-2-5,zeros-la-2,584,10284,4,1296,1024,0,2,0,16,0,8,64,128,0,32,1024,8,2,8,2,2,4,4,0,3,1,1,1,1,0,0,1,0
10284,3,zeros-la-2-5,zeros-la-2,585,10284,3,1298,1024,2,2,64,16,0,8,1024,128,0,32,2,8,0,8,2,2,3,5,0,3,1,1,1,1,0,0,1,0
10292,4,zeros-la-2-5,zeros-la-2,586,10292,4,1302,1024,4,64,16,0,8,1024,128,0,32,2,8,4,8,4,0,0,4,1,3,3,1,1,1,1,0,0,1,0
10292,3,zeros-la-2-5,zeros-la-2,587,10292,3,1304,1024,0,4,64,16,0,8,1024,128,32,2,8,4,2,0,8,4,3,2,3,3,1,1,1,1,0,0,1,0
10316,4,zeros-la-2-5,zeros-la-2,588,10316,4,1306,1024,0,2,0,0,0,4,64,16,32,8,1024,128,2,2,16,8,4,3,1,2,2,1,1,1,0,0,1,0
10320,4,zeros-la-2-5,zeros-la-2,589,10320,4,1308,1024,0,0,0,2,0,4,64,16,32,8,1024,128,2,4,16,8,4,2,2,2,2,1,1,1,0,0,1,0
10320,3,zeros-la-2-5,zeros-la-2,590,10320,3,1310,1024,32,4,64,2,2,8,1024,16,0,4,16,128,0,0,2,8,3,3,2,2,2,1,1,1,0,0,1,0
10320,2,zeros-la-2-5,zeros-la-2,591,10320,2,1312,1024,32,4,64,2,2,8,1024,16,0,4,16,128,2,0,2,8,2,4,2,2,2,1,1,1,0,0,1,0
10324,2,zeros-la-2-5,zeros-la-2,592,10324,2,1314,1024,0,0,64,2,2,4,1024,16,32,8,16,128,4,4,2,8,2,3,3,2,2,1,1,1,0,0,1,0
10332,2,zeros-la-2-5,zeros-la-2,593,10332,2,1316,1024,0,2,64,2,2,4,1024,16,32,8,16,128,0,8,2,8,2,4,1,3,2,1,1,1,0,0,1,0
10348,2,zeros-la-2-5,zeros-la-2,594,10348,2,1318,1024,2,2,64,2,32,4,1024,16,2,16,16,128,0,0,2,8,2,5,1,1,3,1,1,1,0,0,1,0
10384,3,zeros-la-2-5,zeros-la-2,595,10384,3,1320,1024,4,64,2,2,32,4,1024,16,2,32,128,0,2,8,0,0,3,4,2,1,1,2,1,1,0,0,1,0
10388,3,zeros-la-2-5,zeros-la-2,596,10388,3,1322,1024,0,64,2,0,4,4,2,0,32,32,1024,2,4,8,128,16,3,3,3,1,1,2,1,1,0,0,1,0
10460,4,zeros-la-2-5,zeros-la-2,597,10460,4,1324,1024,64,2,0,0,8,2,0,0,64,1024,2,2,4,8,128,16,4,4,1,2,1,0,2,1,0,0,1,0
10464,4,zeros-la-2-5,zeros-la-2,598,10464,4,1326,1024,64,0,0,0,8,4,2,0,64,1024,2,2,4,8,128,16,4,3,2,2,1,0,2,1,0,0,1,0
10468,4,zeros-la-2-5,zeros-la-2,599,10468,4,1328,1024,64,0,0,0,8,4,2,2,64,1024,4,0,4,8,128,16,4,2,3,2,1,0,2,1,0,0,1,0
10472,4,zeros-la-2-5,zeros-la-2,600,10472,4,1330,1024,64,0,0,2,8,4,4,0,64,1024,4,0,4,8,128,16,4,1,4,2,1,0,2,1,0,0,1,0
10480,4,zeros-la-2-5,zeros-la-2,601,10480,4,1332,1024,64,2,0,0,8,8,2,0,64,1024,4,0,4,8,128,16,4,2,2,3,1,0,2,1,0,0,1,0
10496,4,zeros-la-2-5,zeros-la-2,602,10496,4,1334,1024,0,0,64,2,2,0,16,2,0,64,1024,4,4,8,128,16,4,3,2,1,2,0,2,1,0,0,1,0
10500,4,zeros-la-2-5,zeros-la-2,603,10500,4,1336,1024,0,0,64,0,2,0,16,4,2,64,1024,4,4,8,128,16,4,2,3,1,2,0,2,1,0,0,1,0
10512,5,zeros-la-2-5,zeros-la-2,604,10512,5,1340,1024,4,64,64,8,4,8,16,16,0,0,1024,4,0,0,128,0,5,0,3,2,2,0,2,1,0,0,1,0
10672,6,zeros-la-2-5,zeros-la-2,605,10672,6,1342,1024,4,128,8,0,4,8,32,0,1024,4,2,0,128,0,0,0,6,1,3,2,0,1,0,2,0,0,1,0
10672,5,zeros-la-2-5,zeros-la-2,606,10672,5,1344,1024,4,128,8,0,4,8,32,0,1024,4,2,0,128,0,0,2,5,2,3,2,0,1,0,2,0,0,1,0
10680,5,zeros-la-2-5,zeros-la-2,607,10680,5,1346,1024,2,0,0,0,8,128,8,0,1024,8,32,0,128,4,2,2,5,3,1,3,0,1,0,2,0,0,1,0
10684,5,zeros-la-2-5,zeros-la-2,608,10684,5,1348,1024,0,2,0,2,0,8,128,8,0,1024,8,32,0,128,4,4,5,2,2,3,0,1,0,2,0,0,1,0
10696,6,zeros-la-2-5,zeros-la-2,609,10696,6,1350,1024,4,2,0,0,8,128,8,0,1024,8,32,0,128,8,0,0,6,1,1,4,0,1,0,2,0,0,1,0
10712,6,zeros-la-2-5,zeros-la-2,610,10712,6,1354,1024,4,0,0,0,8,2,4,0,1024,128,8,0,128,16,32,0,6,1,2,2,1,1,0,2,0,0,1,0
10712,5,zeros-la-2-5,zeros-la-2,611,10712,5,1356,1024,0,2,0,4,0,8,2,4,0,1024,128,8,0,128,16,32,5,2,2,2,1,1,0,2,0,0,1,0
10720,5,zeros-la-2-5,zeros-la-2,612,10720,5,1358,1024,0,2,0,2,0,8,2,8,0,1024,128,8,0,128,16,32,5,3,0,3,1,1,0,2,0,0,1,0
10736,5,zeros-la-2-5,zeros-la-2,613,10736,5,1360,1024,2,2,0,0,0,8,2,2,0,1024,128,16,0,128,16,32,5,4,0,1,2,1,0,2,0,0,1,0
10744,6,zeros-la-2-5,zeros-la-2,614,10744,6,1362,1024,2,0,0,4,0,0,8,4,0,1024,128,16,0,128,16,32,6,1,2,1,2,1,0,2,0,0,1,0
10752,6,zeros-la-2-5,zeros-la-2,615,10752,6,1364,1024,2,1024,8,8,0,128,128,16,0,2,16,32,0,0,0,0,6,2,0,2,2,1,0,2,0,0,1,0
11024,7,zeros-la-2-5,zeros-la-2,616,11024,7,1366,1024,0,2,1024,16,2,0,256,16,0,2,16,32,0,0,0,0,7,3,0,0,3,1,0,0,1,0,1,0
11060,8,zeros-la-2-5,zeros-la-2,617,11060,8,1370,1024,2,4,1024,32,0,0,256,32,0,0,16,0,4,0,0,0,8,1,2,0,1,2,0,0,1,0,1,0
11124,8,zeros-la-2-5,zeros-la-2,618,11124,8,1372,1024,2,0,0,0,0,0,1024,0,2,0,256,0,4,4,16,64,8,2,2,0,1,0,1,0,1,0,1,0
11128,8,zeros-la-2-5,zeros-la-2,619,11128,8,1374,1024,4,4,1024,64,4,0,256,0,0,2,16,0,0,0,0,0,8,1,3,0,1,0,1,0,1,0,1,0
11136,8,zeros-la-2-5,zeros-la-2,620,11136,8,1376,1024,0,8,1024,64,0,0,4,256,0,0,2,16,0,0,2,0,8,2,1,1,1,0,1,0,1,0,1,0
11140,8,zeros-la-2-5,zeros-la-2,621,11140,8,1378,1024,0,8,1024,64,0,0,4,256,2,0,4,16,0,0,0,0,8,1,2,1,1,0,1,0,1,0,1,0
11148,8,zeros-la-2-5,zeros-la-2,622,11148,8,1380,1024,0,0,0,0,0,0,0,64,0,2,1024,256,2,8,8,16,8,2,0,2,1,0,1,0,1,0,1,0
11164,8,zeros-la-2-5,zeros-la-2,623,11164,8,1382,1024,0,0,0,0,64,0,0,0,2,1024,256,0,2,16,16,2,8,3,0,0,2,0,1,0,1,0,1,0
11168,8,zeros-la-2-5,zeros-la-2,624,11168,8,1384,1024,2,0,0,0,0,0,0,0,64,1024,256,0,4,16,16,2,8,2,1,0,2,0,1,0,1,0,1,0
11200,8,zeros-la-2-5,zeros-la-2,625,11200,8,1388,1024,0,0,4,2,0,0,0,0,0,64,1024,256,0,4,32,2,8,2,2,0,0,1,1,0,1,0,1,0
11200,7,zeros-la-2-5,zeros-la-2,626,11200,7,1390,1024,4,2,2,0,0,0,0,0,64,1024,256,0,4,32,2,0,7,3,2,0,0,1,1,0,1,0,1,0
11204,7,zeros-la-2-5,zeros-la-2,627,11204,7,1392,1024,4,4,0,0,2,0,0,0,64,1024,256,0,4,32,2,0,7,2,3,0,0,1,1,0,1,0,1,0
11212,7,zeros-la-2-5,zeros-la-2,628,11212,7,1394,1024,0,0,0,8,0,0,0,2,0,64,1024,256,2,4,32,2,7,3,1,1,0,1,1,0,1,0,1,0
11212,6,zeros-la-2-5,zeros-la-2,629,11212,6,1396,1024,0,0,0,8,0,0,2,2,0,64,1024,256,2,4,32,2,6,4,1,1,0,1,1,0,1,0,1,0
11216,6,zeros-la-2-5,zeros-la-2,630,11216,6,1400,1024,0,0,0,8,0,0,0,4,4,64,1024,256,2,4,32,2,6,2,3,1,0,1,1,0,1,0,1,0
11216,5,zeros-la-2-5,zeros-la-2,631,11216,5,1402,1024,4,64,1024,8,2,4,32,4,2,0,0,256,0,0,0,2,5,3,3,1,0,1,1,0,1,0,1,0
11220,5,zeros-la-2-5,zeros-la-2,632,11220,5,1404,1024,4,64,1024,8,4,4,32,4,0,0,0,256,0,0,2,2,5,2,4,1,0,1,1,0,1,0,1,0
11232,6,zeros-la-2-5,zeros-la-2,633,11232,6,1406,1024,4,64,1024,8,0,8,32,4,0,2,0,256,0,0,0,4,6,1,3,2,0,1,1,0,1,0,1,0
11232,5,zeros-la-2-5,zeros-la-2,634,11232,5,1408,1024,4,64,1024,8,2,8,32,4,0,2,0,256,0,0,0,4,5,2,3,2,0,1,1,0,1,0,1,0
11232,4,zeros-la-2-5,zeros-la-2,635,11232,4,1410,1024,4,64,1024,8,2,8,32,4,0,0,2,256,2,0,0,4,4,3,3,2,0,1,1,0,1,0,1,0
11232,3,zeros-la-2-5,zeros-la-2,636,11232,3,1412,1024,4,64,1024,8,2,8,32,4,2,0,2,256,0,0,2,4,3,4,3,2,0,1,1,0,1,0,1,0
11240,4,zeros-la-2-5,zeros-la-2,637,11240,4,1414,1024,0,2,0,8,0,0,1024,4,4,64,32,256,4,8,4,4,4,1,5,2,0,1,1,0,1,0,1,0
11248,4,zeros-la-2-5,zeros-la-2,638,11248,4,1416,1024,0,0,0,8,2,2,1024,4,0,64,32,256,8,8,4,4,4,2,3,3,0,1,1,0,1,0,1,0
11276,6,zeros-la-2-5,zeros-la-2,639,11276,6,1418,1024,8,0,2,0,4,1024,4,0,64,32,256,0,16,8,0,0,6,1,2,2,1,1,1,0,1,0,1,0
11276,5,zeros-la-2-5,zeros-la-2,640,11276,5,1420,1024,8,2,0,0,4,1024,4,0,64,32,256,0,16,8,0,2,5,2,2,2,1,1,1,0,1,0,1,0
11276,4,zeros-la-2-5,zeros-la-2,641,11276,4,1424,1024,8,2,0,4,4,1024,0,0,64,32,4,0,16,8,256,2,4,2,3,2,1,1,1,0,1,0,1,0
11276,3,zeros-la-2-5,zeros-la-2,642,11276,3,1426,1024,8,2,0,0,4,1024,0,2,64,32,4,4,16,8,256,2,3,3,3,2,1,1,1,0,1,0,1,0
11284,3,zeros-la-2-5,zeros-la-2,643,11284,3,1428,1024,8,2,0,0,4,1024,2,2,64,32,8,0,16,8,256,2,3,4,1,3,1,1,1,0,1,0,1,0
11288,3,zeros-la-2-5,zeros-la-2,644,11288,3,1430,1024,8,2,2,4,4,1024,8,2,64,32,256,0,16,8,0,0,3,3,2,3,1,1,1,0,1,0,1,0
11292,3,zeros-la-2-5,zeros-la-2,645,11292,3,1432,1024,8,4,4,0,4,1024,8,2,64,32,256,0,16,8,2,0,3,2,3,3,1,1,1,0,1,0,1,0
11300,3,zeros-la-2-5,zeros-la-2,646,11300,3,1434,1024,8,8,0,0,4,1024,8,2,64,32,256,0,16,8,2,2,3,3,1,4,1,1,1,0,1,0,1,0
11304,3,zeros-la-2-5,zeros-la-2,647,11304,3,1436,1024,8,8,8,4,4,1024,256,0,64,32,2,2,16,8,0,0,3,2,2,4,1,1,1,0,1,0,1,0
11324,4,zeros-la-2-5,zeros-la-2,648,11324,4,1438,1024,16,8,4,2,4,1024,256,0,64,32,4,0,16,8,0,0,4,1,3,2,2,1,1,0,1,0,1,0
11324,3,zeros-la-2-5,zeros-la-2,649,11324,3,1440,1024,16,8,0,2,4,1024,4,0,64,32,256,0,16,8,4,2,3,2,3,2,2,1,1,0,1,0,1,0
11328,3,zeros-la-2-5,zeros-la-2,650,11328,3,1442,1024,16,8,2,0,4,1024,4,0,64,32,256,0,16,8,4,4,3,1,4,2,2,1,1,0,1,0,1,0
11336,3,zeros-la-2-5,zeros-la-2,651,11336,3,1444,1024,16,8,2,2,4,1024,4,0,64,32,256,0,16,8,8,0,3,2,2,3,2,1,1,0,1,0,1,0
11356,4,zeros-la-2-5,zeros-la-2,652,11356,4,1446,1024,16,8,4,2,4,1024,4,0,64,32,256,0,16,16,0,0,4,1,3,1,3,1,1,0,1,0,1,0
11364,4,zeros-la-2-5,zeros-la-2,653,11364,4,1448,1024,16,8,8,2,4,1024,256,0,64,32,0,0,16,16,2,0,4,2,1,2,3,1,1,0,1,0,1,0
11412,5,zeros-la-2-5,zeros-la-2,654,11412,5,1450,1024,16,16,2,0,4,1024,256,2,64,32,0,0,32,2,0,0,5,3,1,0,2,2,1,0,1,0,1,0
11412,4,zeros-la-2-5,zeros-la-2,655,11412,4,1452,1024,16,16,2,2,4,1024,256,0,64,32,0,2,32,2,0,0,4,4,1,0,2,2,1,0,1,0,1,0
11448,5,zeros-la-2-5,zeros-la-2,656,11448,5,1456,1024,4,0,32,4,0,4,1024,256,0,64,32,2,0,0,32,2,5,2,3,0,0,3,1,0,1,0,1,0
11516,6,zeros-la-2-5,zeros-la-2,657,11516,6,1458,1024,0,0,0,2,0,0,32,4,0,4,1024,256,4,64,64,4,6,1,4,0,0,1,2,0,1,0,1,0
11644,6,zeros-la-2-5,zeros-la-2,658,11644,6,1460,1024,0,0,0,2,0,0,32,4,0,4,1024,256,2,4,128,4,6,2,4,0,0,1,0,1,1,0,1,0
11652,6,zeros-la-2-5,zeros-la-2,659,11652,6,1462,1024,0,0,0,2,0,2,32,4,0,0,1024,256,2,8,128,4,6,3,2,1,0,1,0,1,1,0,1,0
11652,5,zeros-la-2-5,zeros-la-2,660,11652,5,1464,1024,2,0,2,0,2,32,4,0,1024,256,0,0,2,8,128,4,5,4,2,1,0,1,0,1,1,0,1,0
11656,5,zeros-la-2-5,zeros-la-2,661,11656,5,1466,1024,0,0,0,4,0,2,32,4,2,0,1024,256,2,8,128,4,5,3,3,1,0,1,0,1,1,0,1,0
11668,6,zeros-la-2-5,zeros-la-2,662,11668,6,1468,1024,0,0,0,0,0,2,32,8,0,2,1024,256,4,8,128,4,6,2,2,2,0,1,0,1,1,0,1,0
11672,6,zeros-la-2-5,zeros-la-2,663,11672,6,1470,1024,4,4,32,8,0,8,1024,256,0,2,128,4,0,0,0,0,6,1,3,2,0,1,0,1,1,0,1,0
11680,6,zeros-la-2-5,zeros-la-2,664,11680,6,1472,1024,8,32,8,2,8,1024,256,0,2,128,4,0,0,0,0,0,6,2,1,3,0,1,0,1,1,0,1,0
11696,6,zeros-la-2-5,zeros-la-2,665,11696,6,1476,1024,16,32,8,2,2,1024,256,0,0,128,4,4,0,0,0,0,6,2,2,1,1,1,0,1,1,0,1,0
11704,6,zeros-la-2-5,zeros-la-2,666,11704,6,1478,1024,16,32,8,2,0,2,1024,256,0,0,128,8,0,0,2,0,6,3,0,2,1,1,0,1,1,0,1,0
11704,5,zeros-la-2-5,zeros-la-2,667,11704,5,1480,1024,16,32,8,2,0,2,1024,256,0,0,128,8,2,0,2,0,5,4,0,2,1,1,0,1,1,0,1,0
11704,4,zeros-la-2-5,zeros-la-2,668,11704,4,1482,1024,16,32,8,2,2,2,1024,256,0,0,128,8,0,0,2,2,4,5,0,2,1,1,0,1,1,0,1,0
11712,5,zeros-la-2-5,zeros-la-2,669,11712,5,1484,1024,16,32,8,2,4,1024,256,0,128,8,2,0,4,0,0,0,5,2,2,2,1,1,0,1,1,0,1,0
11712,4,zeros-la-2-5,zeros-la-2,670,11712,4,1486,1024,16,2,0,0,4,32,8,0,128,1024,256,0,4,8,2,2,4,3,2,2,1,1,0,1,1,0,1,0
11716,4,zeros-la-2-5,zeros-la-2,671,11716,4,1488,1024,16,2,0,0,4,32,8,0,128,1024,256,0,4,8,4,2,4,2,3,2,1,1,0,1,1,0,1,0
11716,3,zeros-la-2-5,zeros-la-2,672,11716,3,1490,1024,16,2,0,0,4,32,8,0,128,1024,256,2,4,8,4,2,3,3,3,2,1,1,0,1,1,0,1,0
11720,3,zeros-la-2-5,zeros-la-2,673,11720,3,1492,1024,16,2,0,0,4,32,8,2,128,1024,256,0,4,8,4,4,3,2,4,2,1,1,0,1,1,0,1,0
11728,3,zeros-la-2-5,zeros-la-2,674,11728,3,1494,1024,0,0,16,2,4,32,8,2,0,128,1024,256,2,4,8,8,3,3,2,3,1,1,0,1,1,0,1,0
11744,3,zeros-la-2-5,zeros-la-2,675,11744,3,1496,1024,2,0,16,2,4,32,8,2,0,128,1024,256,0,2,4,16,3,4,2,1,2,1,0,1,1,0,1,0
11744,2,zeros-la-2-5,zeros-la-2,676,11744,2,1498,1024,0,2,16,2,4,32,8,2,2,128,1024,256,0,2,4,16,2,5,2,1,2,1,0,1,1,0,1,0
11748,2,zeros-la-2-5,zeros-la-2,677,11748,2,1502,1024,4,2,16,0,0,32,8,4,4,128,1024,256,2,2,4,16,2,3,4,1,2,1,0,1,1,0,1,0
11752,2,zeros-la-2-5,zeros-la-2,678,11752,2,1504,1024,4,2,16,0,32,8,4,0,4,128,1024,256,4,4,16,2,2,2,5,1,2,1,0,1,1,0,1,0
11760,2,zeros-la-2-5,zeros-la-2,679,11760,2,1506,1024,4,2,16,0,32,8,4,2,4,128,1024,256,8,16,2,0,2,3,3,2,2,1,0,1,1,0,1,0
11760,1,zeros-la-2-5,zeros-la-2,680,11760,1,1508,1024,0,4,2,16,32,8,4,2,4,128,1024,256,2,8,16,2,1,4,3,2,2,1,0,1,1,0,1,0
11760,0,zeros-la-2-5,zeros-la-2,681,11760,0,1510,1024,4,2,16,2,32,8,4,2,4,128,1024,256,2,8,16,2,0,5,3,2,2,1,0,1,1,0,1,0
11764,0,zeros-la-2-5,zeros-la-2,682,11764,0,1512,1024,4,2,16,4,32,8,4,256,4,128,1024,2,2,8,16,2,0,4,4,2,2,1,0,1,1,0,1,0
11768,0,zeros-la-2-5,zeros-la-2,683,11768,0,1514,1024,4,2,16,4,32,8,4,256,4,128,1024,4,2,8,16,2,0,3,5,2,2,1,0,1,1,0,1,0
4,14,zeros-la-2-6,zeros-la-2,0,4,14,6,4,0,0,0,0,0,0,2,0,0,0,0,0,4,0,0,0,14,1,1,0,0,0,0,0,0,0,0,0
4,13,zeros-la-2-6,zeros-la-2,1,4,13,8,4,0,0,0,0,2,0,0,2,0,0,0,0,0,0,0,4,13,2,1,0,0,0,0,0,0,0,0,0
8,13,zeros-la-2-6,zeros-la-2,2,8,13,12,4,0,0,4,0,0,0,0,4,0,0,0,0,0,0,0,4,13,0,3,0,0,0,0,0,0,0,0,0
16,13,zeros-la-2-6,zeros-la-2,3,16,13,14,8,0,0,0,0,0,0,0,0,0,0,0,0,2,0,4,8,13,1,1,1,0,0,0,0,0,0,0,0
16,12,zeros-la-2-6,zeros-la-2,4,16,12,16,8,0,0,0,0,0,0,0,0,0,0,0,0,2,4,8,2,12,2,1,1,0,0,0,0,0,0,0,0
16,11,zeros-la-2-6,zeros-la-2,5,16,11,18,8,0,0,0,0,0,0,0,0,0,0,0,2,2,4,8,2,11,3,1,1,0,0,0,0,0,0,0,0
20,11,zeros-la-2-6,zeros-la-2,6,20,11,20,8,0,0,0,0,0,0,0,0,0,2,0,0,2,4,8,4,11,2,2,1,0,0,0,0,0,0,0,0
20,10,zeros-la-2-6,zeros-la-2,7,20,10,22,8,2,2,8,4,0,4,0,0,0,0,0,2,0,0,0,0,10,3,2,1,0,0,0,0,0,0,0,0
24,10,zeros-la-2-6,zeros-la-2,8,24,10,24,8,0,4,8,4,2,0,0,4,0,0,0,2,0,0,0,0,10,2,3,1,0,0,0,0,0,0,0,0
32,10,zeros-la-2-6,zeros-la-2,9,32,10,26,8,2,4,8,8,0,0,0,2,2,0,0,0,0,0,0,0,10,3,1,2,0,0,0,0,0,0,0,0
36,10,zeros-la-2-6,zeros-la-2,10,36,10,28,8,4,4,8,8,0,0,0,2,0,0,2,0,0,0,0,0,10,2,2,2,0,0,0,0,0,0,0,0
60,11,zeros-la-2-6,zeros-la-2,11,60,11,30,16,0,0,8,16,0,0,2,2,0,0,0,2,0,0,0,0,11,3,0,1,1,0,0,0,0,0,0,0
64,11,zeros-la-2-6,zeros-la-2,12,64,11,32,16,8,16,0,0,4,0,2,0,2,0,0,0,0,0,0,0,11,2,1,1,1,0,0,0,0,0,0,0
64,10,zeros-la-2-6,zeros-la-2,13,64,10,34,16,0,0,8,16,0,2,4,2,0,0,0,2,0,0,0,0,10,3,1,1,1,0,0,0,0,0,0,0
68,10,zeros-la-2-6,zeros-la-2,14,68,10,36,16,0,2,8,16,0,0,4,4,0,0,2,0,0,0,0,0,10,2,2,1,1,0,0,0,0,0,0,0
76,10,zeros-la-2-6,zeros-la-2,15,76,10,38,16,2,8,16,0,8,0,0,0,2,0,0,0,0,0,2,0,10,3,0,2,1,0,0,0,0,0,0,0
76,9,zeros-la-2-6,zeros-la-2,16,76,9,40,16,2,8,16,0,8,2,0,0,2,0,0,0,2,0,0,0,9,4,0,2,1,0,0,0,0,0,0,0
80,9,zeros-la-2-6,zeros-la-2,17,80,9,42,16,0,0,0,0,2,0,0,0,8,8,2,0,4,2,16,0,9,3,1,2,1,0,0,0,0,0,0,0
96,9,zeros-la-2-6,zeros-la-2,18,96,9,44,16,2,0,0,0,2,0,0,0,16,2,0,0,4,2,16,0,9,4,1,0,2,0,0,0,0,0,0,0
104,10,zeros-la-2-6,zeros-la-2,19,104,10,46,16,4,4,16,0,16,0,0,0,4,2,0,0,0,0,0,0,10,1,3,0,2,0,0,0,0,0,0,0
112,10,zeros-la-2-6,zeros-la-2,20,112,10,50,16,0,0,8,16,0,0,4,16,0,0,4,2,0,0,0,0,10,1,2,1,2,0,0,0,0,0,0,0
152,11,zeros-la-2-6,zeros-la-2,21,152,11,52,32,0,0,8,32,0,0,8,2,2,0,0,0,0,0,0,0,11,2,0,2,0,1,0,0,0,0,0,0
168,11,zeros-la-2-6,zeros-la-2,22,168,11,54,32,2,0,16,32,0,0,2,2,0,0,0,0,0,0,0,0,11,3,0,0,1,1,0,0,0,0,0,0
172,11,zeros-la-2-6,zeros-la-2,23,172,11,56,32,0,2,16,32,0,0,0,4,0,2,0,0,0,0,0,0,11,2,1,0,1,1,0,0,0,0,0,0
176,11,zeros-la-2-6,zeros-la-2,24,176,11,58,32,0,0,0,0,0,0,0,0,0,0,0,32,2,4,16,4,11,1,2,0,1,1,0,0,0,0,0,0
176,10,zeros-la-2-6,zeros-la-2,25,176,10,60,32,0,0,0,0,0,0,0,0,0,0,2,32,2,4,16,4,10,2,2,0,1,1,0,0,0,0,0,0
176,9,zeros-la-2-6,zeros-la-2,26,176,9,62,32,0,0,0,0,0,0,0,0,2,0,2,32,2,4,16,4,9,3,2,0,1,1,0,0,0,0,0,0
180,9,zeros-la-2-6,zeros-la-2,27,180,9,64,32,0,0,0,0,0,2,0,0,0,0,2,32,4,4,16,4,9,2,3,0,1,1,0,0,0,0,0,0
188,9,zeros-la-2-6,zeros-la-2,28,188,9,66,32,0,0,2,0,0,0,0,2,0,0,2,32,0,8,16,4,9,3,1,1,1,1,0,0,0,0,0,0
192,9,zeros-la-2-6,zeros-la-2,29,192,9,70,32,0,0,0,0,0,0,0,2,0,0,4,32,4,8,16,4,9,1,3,1,1,1,0,0,0,0,0,0
192,8,zeros-la-2-6,zeros-la-2,30,192,8,72,32,0,2,0,0,2,0,0,0,4,32,0,0,4,8,16,4,8,2,3,1,1,1,0,0,0,0,0,0
200,8,zeros-la-2-6,zeros-la-2,31,200,8,74,32,0,0,0,2,0,2,0,0,2,32,0,0,8,8,16,4,8,3,1,2,1,1,0,0,0,0,0,0
216,8,zeros-la-2-6,zeros-la-2,32,216,8,76,32,0,0,0,2,0,0,0,2,2,0,2,32,0,16,16,4,8,4,1,0,2,1,0,0,0,0,0,0
252,9,zeros-la-2-6,zeros-la-2,33,252,9,78,32,0,0,0,2,0,2,0,2,0,0,4,32,0,0,32,4,9,3,2,0,0,2,0,0,0,0,0,0
256,9,zeros-la-2-6,zeros-la-2,34,256,9,80,32,0,2,4,4,0,0,32,32,0,0,0,4,0,0,2,0,9,2,3,0,0,2,0,0,0,0,0,0
328,10,zeros-la-2-6,zeros-la-2,35,328,10,82,64,2,0,2,8,0,0,0,64,0,0,0,4,0,0,0,2,10,3,1,1,0,0,1,0,0,0,0,0
328,9,zeros-la-2-6,zeros-la-2,36,328,9,84,64,0,0,0,8,0,0,0,64,0,2,0,4,2,0,2,2,9,4,1,1,0,0,1,0,0,0,0,0
332,9,zeros-la-2-6,zeros-la-2,37,332,9,88,64,0,4,0,8,0,0,0,64,0,0,2,4,0,0,2,4,9,2,3,1,0,0,1,0,0,0,0,0
344,10,zeros-la-2-6,zeros-la-2,38,344,10,90,64,0,0,0,0,0,0,0,8,0,0,2,64,0,4,4,8,10,1,2,2,0,0,1,0,0,0,0,0
352,10,zeros-la-2-6,zeros-la-2,39,352,10,92,64,0,0,0,0,0,0,0,8,0,0,2,64,2,0,8,8,10,2,0,3,0,0,1,0,0,0,0,0
368,10,zeros-la-2-6,zeros-la-2,40,368,10,94,64,0,0,0,0,0,2,0,8,0,0,2,64,0,0,2,16,10,3,0,1,1,0,1,0,0,0,0,0
372,10,zeros-la-2-6,zeros-la-2,41,372,10,96,64,0,0,0,0,0,0,2,8,0,0,0,64,0,2,4,16,10,2,1,1,1,0,1,0,0,0,0,0
372,9,zeros-la-2-6,zeros-la-2,42,372,9,98,64,0,0,0,0,0,2,2,8,0,0,0,64,0,2,4,16,9,3,1,1,1,0,1,0,0,0,0,0
376,9,zeros-la-2-6,zeros-la-2,43,376,9,100,64,0,0,0,0,2,0,4,8,0,0,0,64,0,2,4,16,9,2,2,1,1,0,1,0,0,0,0,0
384,9,zeros-la-2-6,zeros-la-2,44,384,9,102,64,2,2,8,8,0,0,0,64,0,0,0,16,0,0,0,2,9,3,0,2,1,0,1,0,0,0,0,0
404,10,zeros-la-2-6,zeros-la-2,45,404,10,104,64,4,16,0,0,64,0,2,0,16,0,0,0,2,0,0,0,10,2,1,0,2,0,1,0,0,0,0,0
404,9,zeros-la-2-6,zeros-la-2,46,404,9,106,64,4,16,2,0,64,0,0,2,16,0,0,0,2,0,0,0,9,3,1,0,2,0,1,0,0,0,0,0
404,8,zeros-la-2-6,zeros-la-2,47,404,8,108,64,4,16,2,2,64,0,0,2,16,0,0,0,2,0,0,0,8,4,1,0,2,0,1,0,0,0,0,0
408,8,zeros-la-2-6,zeros-la-2,48,408,8,110,64,4,16,2,4,64,0,0,0,16,0,0,0,2,0,0,2,8,3,2,0,2,0,1,0,0,0,0,0
412,8,zeros-la-2-6,zeros-la-2,49,412,8,112,64,4,16,2,4,0,0,0,64,0,0,2,16,0,0,0,4,8,2,3,0,2,0,1,0,0,0,0,0
416,8,zeros-la-2-6,zeros-la-2,50,416,8,114,64,4,16,4,4,0,0,0,64,0,0,0,16,0,2,0,4,8,1,4,0,2,0,1,0,0,0,0,0
424,8,zeros-la-2-6,zeros-la-2,51,424,8,116,64,0,4,16,8,0,0,0,64,0,2,0,16,0,0,2,4,8,2,2,1,2,0,1,0,0,0,0,0
424,7,zeros-la-2-6,zeros-la-2,52,424,7,118,64,0,0,0,8,0,0,2,64,0,4,16,16,0,2,2,4,7,3,2,1,2,0,1,0,0,0,0,0
460,8,zeros-la-2-6,zeros-la-2,53,460,8,120,64,0,0,0,8,0,0,2,64,0,2,4,32,0,0,4,4,8,2,3,1,0,1,1,0,0,0,0,0
468,8,zeros-la-2-6,zeros-la-2,54,468,8,122,64,0,0,0,8,0,0,2,64,0,2,4,32,0,2,0,8,8,3,1,2,0,1,1,0,0,0,0,0
472,8,zeros-la-2-6,zeros-la-2,55,472,8,124,64,2,0,0,8,0,0,0,64,0,0,2,32,0,4,4,8,8,2,2,2,0,1,1,0,0,0,0,0
480,8,zeros-la-2-6,zeros-la-2,56,480,8,126,64,0,0,2,8,0,0,0,64,0,0,2,32,2,0,8,8,8,3,0,3,0,1,1,0,0,0,0,0
496,8,zeros-la-2-6,zeros-la-2,57,496,8,128,64,0,0,2,8,0,2,0,64,0,0,2,32,0,0,2,16,8,4,0,1,1,1,1,0,0,0,0,0
500,8,zeros-la-2-6,zeros-la-2,58,500,8,130,64,0,0,0,8,0,0,2,64,0,0,2,32,0,2,4,16,8,3,1,1,1,1,1,0,0,0,0,0
504,8,zeros-la-2-6,zeros-la-2,59,504,8,132,64,0,2,4,8,0,0,4,64,0,0,0,32,2,0,0,16,8,2,2,1,1,1,1,0,0,0,0,0
512,8,zeros-la-2-6,zeros-la-2,60,512,8,134,64,2,2,8,8,0,0,0,64,0,0,0,32,2,0,0,16,8,3,0,2,1,1,1,0,0,0,0,0
532,9,zeros-la-2-6,zeros-la-2,61,532,9,136,64,4,16,0,0,64,0,0,0,32,2,0,0,2,16,0,0,9,2,1,0,2,1,1,0,0,0,0,0
532,8,zeros-la-2-6,zeros-la-2,62,532,8,140,64,0,4,4,16,0,0,0,64,0,0,32,2,0,0,2,16,8,2,2,0,2,1,1,0,0,0,0,0
540,8,zeros-la-2-6,zeros-la-2,63,540,8,142,64,0,0,8,16,0,0,0,64,0,0,32,2,2,0,2,16,8,3,0,1,2,1,1,0,0,0,0,0
544,8,zeros-la-2-6,zeros-la-2,64,544,8,146,64,8,16,4,0,64,0,0,0,32,2,0,0,4,16,0,0,8,1,2,1,2,1,1,0,0,0,0,0
544,7,zeros-la-2-6,zeros-la-2,65,544,7,148,64,8,16,4,2,64,0,0,0,32,2,0,0,4,16,0,0,7,2,2,1,2,1,1,0,0,0,0,0
544,6,zeros-la-2-6,zeros-la-2,66,544,6,150,64,8,16,4,2,64,0,0,0,32,2,2,0,4,16,0,0,6,3,2,1,2,1,1,0,0,0,0,0
548,6,zeros-la-2-6,zeros-la-2,67,548,6,152,64,8,16,4,2,64,2,0,0,32,4,0,0,4,16,0,0,6,2,3,1,2,1,1,0,0,0,0,0
548,5,zeros-la-2-6,zeros-la-2,68,548,5,154,64,8,16,4,2,64,2,0,0,32,4,0,2,4,16,0,0,5,3,3,1,2,1,1,0,0,0,0,0
552,5,zeros-la-2-6,zeros-la-2,69,552,5,156,64,8,16,2,0,64,2,0,0,32,4,0,0,4,16,4,4,5,2,4,1,2,1,1,0,0,0,0,0
560,5,zeros-la-2-6,zeros-la-2,70,560,5,158,64,0,8,16,2,0,0,64,2,2,0,32,4,0,4,16,8,5,3,2,2,2,1,1,0,0,0,0,0
564,5,zeros-la-2-6,zeros-la-2,71,564,5,160,64,2,8,16,4,0,4,64,4,0,0,32,8,2,0,16,0,5,2,3,2,2,1,1,0,0,0,0,0
576,6,zeros-la-2-6,zeros-la-2,72,576,6,162,64,0,0,16,0,0,0,64,2,0,8,32,8,4,4,16,8,6,1,2,3,2,1,1,0,0,0,0,0
584,6,zeros-la-2-6,zeros-la-2,73,584,6,164,64,16,0,0,0,64,2,0,2,8,32,8,0,8,16,8,0,6,2,0,4,2,1,1,0,0,0,0,0
616,7,zeros-la-2-6,zeros-la-2,74,616,7,166,64,0,0,0,0,16,2,2,0,64,32,0,0,16,16,16,2,7,3,0,0,4,1,1,0,0,0,0,0
652,8,zeros-la-2-6,zeros-la-2,75,652,8,168,64,2,0,0,0,16,4,0,0,64,32,0,0,32,16,2,0,8,2,1,0,2,2,1,0,0,0,0,0
652,7,zeros-la-2-6,zeros-la-2,76,652,7,170,64,2,0,0,0,16,4,0,2,64,32,0,0,32,16,2,0,7,3,1,0,2,2,1,0,0,0,0,0
652,6,zeros-la-2-6,zeros-la-2,77,652,6,172,64,2,0,0,0,16,4,0,2,64,32,0,0,32,16,2,2,6,4,1,0,2,2,1,0,0,0,0,0
656,6,zeros-la-2-6,zeros-la-2,78,656,6,174,64,0,0,0,2,2,16,4,2,0,0,64,32,0,32,16,4,6,3,2,0,2,2,1,0,0,0,0,0
660,6,zeros-la-2-6,zeros-la-2,79,660,6,178,64,2,16,4,4,0,32,64,32,0,0,16,4,4,0,0,0,6,1,4,0,2,2,1,0,0,0,0,0
668,6,zeros-la-2-6,zeros-la-2,80,668,6,180,64,0,2,16,8,0,32,64,32,0,2,16,4,0,0,0,4,6,2,2,1,2,2,1,0,0,0,0,0
676,6,zeros-la-2-6,zeros-la-2,81,676,6,182,64,0,0,0,2,0,2,16,8,0,32,64,32,0,2,16,8,6,3,0,2,2,2,1,0,0,0,0,0
676,5,zeros-la-2-6,zeros-la-2,82,676,5,184,64,0,0,0,2,2,2,16,8,0,32,64,32,0,2,16,8,5,4,0,2,2,2,1,0,0,0,0,0
680,5,zeros-la-2-6,zeros-la-2,83,680,5,186,64,0,0,0,2,0,4,16,8,0,32,64,32,2,2,16,8,5,3,1,2,2,2,1,0,0,0,0,0
684,5,zeros-la-2-6,zeros-la-2,84,684,5,188,64,0,0,2,2,0,4,16,8,0,32,64,32,0,4,16,8,5,2,2,2,2,2,1,0,0,0,0,0
688,5,zeros-la-2-6,zeros-la-2,85,688,5,190,64,4,0,0,0,4,16,8,2,32,64,32,0,4,16,8,0,5,1,3,2,2,2,1,0,0,0,0,0
696,5,zeros-la-2-6,zeros-la-2,86,696,5,192,64,0,0,2,0,8,16,8,0,32,64,32,0,4,16,8,2,5,2,1,3,2,2,1,0,0,0,0,0
696,4,zeros-la-2-6,zeros-la-2,87,696,4,194,64,8,16,2,2,32,64,8,2,4,16,32,0,0,0,8,0,4,3,1,3,2,2,1,0,0,0,0,0
700,4,zeros-la-2-6,zeros-la-2,88,700,4,196,64,8,16,4,0,32,64,8,2,4,16,32,2,8,0,0,0,4,2,2,3,2,2,1,0,0,0,0,0
704,4,zeros-la-2-6,zeros-la-2,89,704,4,198,64,8,16,4,4,32,64,8,0,4,16,32,2,8,0,0,0,4,1,3,3,2,2,1,0,0,0,0,0
712,4,zeros-la-2-6,zeros-la-2,90,712,4,200,64,8,16,8,0,32,64,8,2,4,16,32,2,8,0,0,0,4,2,1,4,2,2,1,0,0,0,0,0
732,5,zeros-la-2-6,zeros-la-2,91,732,5,202,64,8,16,16,4,32,64,32,0,4,16,0,2,8,0,0,0,5,1,2,2,3,2,1,0,0,0,0,0
764,5,zeros-la-2-6,zeros-la-2,92,764,5,204,64,8,32,4,0,32,64,32,2,4,16,2,0,8,0,0,0,5,2,2,2,1,3,1,0,0,0,0,0
764,4,zeros-la-2-6,zeros-la-2,93,764,4,206,64,0,8,32,4,32,64,32,2,0,4,16,2,0,0,2,8,4,3,2,2,1,3,1,0,0,0,0,0
832,5,zeros-la-2-6,zeros-la-2,94,832,5,208,64,0,0,0,0,2,8,64,4,0,64,16,4,32,4,2,8,5,2,3,2,1,1,2,0,0,0,0,0
840,5,zeros-la-2-6,zeros-la-2,95,840,5,210,64,0,2,0,0,0,8,64,0,2,64,16,8,32,4,2,8,5,3,1,3,1,1,2,0,0,0,0,0
856,5,zeros-la-2-6,zeros-la-2,96,856,5,212,64,0,2,0,0,0,8,64,2,2,64,16,0,32,4,2,16,5,4,1,1,2,1,2,0,0,0,0,0
856,4,zeros-la-2-6,zeros-la-2,97,856,4,214,64,2,0,0,2,0,8,64,2,0,2,64,16,32,4,2,16,4,5,1,1,2,1,2,0,0,0,0,0
1020,6,zeros-la-2-6,zeros-la-2,98,1020,6,218,128,4,0,0,0,0,8,0,0,2,2,128,4,32,4,2,32,6,3,3,1,0,2,0,1,0,0,0,0
1024,6,zeros-la-2-6,zeros-la-2,99,1024,6,220,128,2,0,0,4,0,0,0,8,0,4,128,4,32,4,2,32,6,2,4,1,0,2,0,1,0,0,0,0
1032,6,zeros-la-2-6,zeros-la-2,100,1032,6,222,128,0,0,0,4,0,0,0,8,2,2,128,4,32,8,2,32,6,3,2,2,0,2,0,1,0,0,0,0
1036,6,zeros-la-2-6,zeros-la-2,101,1036,6,224,128,4,0,0,0,8,0,0,2,4,128,4,0,32,8,2,32,6,2,3,2,0,2,0,1,0,0,0,0
1036,5,zeros-la-2-6,zeros-la-2,102,1036,5,226,128,4,128,4,2,8,8,2,32,4,2,0,0,32,0,0,0,5,3,3,2,0,2,0,1,0,0,0,0
1052,5,zeros-la-2-6,zeros-la-2,103,1052,5,228,128,4,128,4,2,16,2,32,0,4,2,2,0,32,0,0,0,5,4,3,0,1,2,0,1,0,0,0,0
1056,5,zeros-la-2-6,zeros-la-2,104,1056,5,232,128,4,128,4,2,16,2,32,0,4,4,0,0,32,0,4,0,5,2,5,0,1,2,0,1,0,0,0,0
1064,5,zeros-la-2-6,zeros-la-2,105,1064,5,234,128,4,128,4,2,16,2,32,0,8,2,0,0,32,4,0,0,5,3,3,1,1,2,0,1,0,0,0,0
1068,5,zeros-la-2-6,zeros-la-2,106,1068,5,236,128,4,0,2,0,16,128,0,0,8,4,4,0,32,4,32,2,5,2,4,1,1,2,0,1,0,0,0,0
1076,5,zeros-la-2-6,zeros-la-2,107,1076,5,238,128,4,128,2,2,16,8,4,0,8,2,32,0,32,0,0,0,5,3,2,2,1,2,0,1,0,0,0,0
1080,5,zeros-la-2-6,zeros-la-2,108,1080,5,240,128,0,4,128,4,0,16,8,4,2,8,2,32,0,0,0,32,5,2,3,2,1,2,0,1,0,0,0,0
1152,6,zeros-la-2-6,zeros-la-2,109,1152,6,242,128,0,0,0,0,2,4,128,0,0,16,8,8,2,8,2,64,6,3,1,3,1,0,1,1,0,0,0,0
1168,6,zeros-la-2-6,zeros-la-2,110,1168,6,244,128,0,0,0,0,0,2,4,128,0,2,16,16,2,8,2,64,6,4,1,1,2,0,1,1,0,0,0,0
1200,6,zeros-la-2-6,zeros-la-2,111,1200,6,246,128,0,2,0,0,0,2,4,128,0,0,2,32,2,8,2,64,6,5,1,1,0,1,1,1,0,0,0,0
1208,7,zeros-la-2-6,zeros-la-2,112,1208,7,248,128,0,0,0,0,0,0,0,128,2,4,4,32,2,8,4,64,7,2,3,1,0,1,1,1,0,0,0,0
1220,8,zeros-la-2-6,zeros-la-2,113,1220,8,250,128,4,4,8,128,0,8,2,32,0,0,0,64,0,0,0,0,8,1,2,2,0,1,1,1,0,0,0,0
1228,8,zeros-la-2-6,zeros-la-2,114,1228,8,252,128,0,8,8,128,0,8,2,32,0,0,2,64,0,0,0,0,8,2,0,3,0,1,1,1,0,0,0,0
1248,9,zeros-la-2-6,zeros-la-2,115,1248,9,256,128,0,16,8,128,0,0,4,32,0,0,0,64,0,4,0,0,9,0,2,1,1,1,1,1,0,0,0,0
1248,8,zeros-la-2-6,zeros-la-2,116,1248,8,258,128,0,16,8,128,0,4,4,32,0,0,0,64,0,2,0,0,8,1,2,1,1,1,1,1,0,0,0,0
1256,8,zeros-la-2-6,zeros-la-2,117,1256,8,260,128,0,16,8,128,0,0,8,32,0,0,2,64,0,0,0,2,8,2,0,2,1,1,1,1,0,0,0,0
1272,8,zeros-la-2-6,zeros-la-2,118,1272,8,262,128,0,0,0,128,0,0,2,32,0,0,16,64,0,16,2,2,8,3,0,0,2,1,1,1,0,0,0,0
1276,8,zeros-la-2-6,zeros-la-2,119,1276,8,264,128,0,0,0,128,0,2,2,32,0,0,16,64,0,0,16,4,8,2,1,0,2,1,1,1,0,0,0,0
1308,8,zeros-la-2-6,zeros-la-2,120,1308,8,268,128,0,2,2,128,0,0,32,32,0,0,0,64,0,0,4,4,8,2,2,0,0,2,1,1,0,0,0,0
1384,10,zeros-la-2-6,zeros-la-2,121,1384,10,272,128,4,0,4,128,0,0,0,64,0,0,0,64,0,0,0,8,10,0,2,1,0,0,2,1,0,0,0,0
1512,10,zeros-la-2-6,zeros-la-2,122,1512,10,274,128,2,0,0,0,0,0,0,128,0,0,0,128,4,0,4,8,10,1,2,1,0,0,0,2,0,0,0,0
1520,10,zeros-la-2-6,zeros-la-2,123,1520,10,276,128,2,0,0,0,128,0,0,0,128,0,0,2,8,8,0,0,10,2,0,2,0,0,0,2,0,0,0,0
1536,10,zeros-la-2-6,zeros-la-2,124,1536,10,278,128,2,0,0,0,128,0,0,0,128,2,0,0,16,0,2,0,10,3,0,0,1,0,0,2,0,0,0,0
1792,10,zeros-la-2-6,zeros-la-2,125,1792,10,280,256,0,0,0,0,2,2,0,0,256,0,0,0,16,2,2,0,10,4,0,0,1,0,0,0,1,0,0,0
1800,11,zeros-la-2-6,zeros-la-2,126,1800,11,282,256,0,0,0,0,4,2,0,0,256,0,0,0,16,4,0,0,11,1,2,0,1,0,0,0,1,0,0,0
1800,10,zeros-la-2-6,zeros-la-2,127,1800,10,284,256,0,0,0,0,4,0,0,0,256,2,2,0,16,4,0,0,10,2,2,0,1,0,0,0,1,0,0,0
1804,10,zeros-la-2-6,zeros-la-2,128,1804,10,286,256,0,0,0,0,4,0,0,2,256,4,0,0,16,4,0,0,10,1,3,0,1,0,0,0,1,0,0,0
1812,10,zeros-la-2-6,zeros-la-2,129,1812,10,288,256,4,8,2,2,256,0,0,0,16,0,0,0,0,0,0,0,10,2,1,1,1,0,0,0,1,0,0,0
1816,10,zeros-la-2-6,zeros-la-2,130,1816,10,290,256,0,4,8,4,0,0,0,256,0,2,0,16,0,0,0,0,10,1,2,1,1,0,0,0,1,0,0,0
1816,9,zeros-la-2-6,zeros-la-2,131,1816,9,292,256,0,0,0,0,2,0,0,4,0,4,0,256,0,2,8,16,9,2,2,1,1,0,0,0,1,0,0,0
1816,8,zeros-la-2-6,zeros-la-2,132,1816,8,296,256,0,0,0,0,0,4,0,4,0,4,0,256,2,2,8,16,8,2,3,1,1,0,0,0,1,0,0,0
1828,9,zeros-la-2-6,zeros-la-2,133,1828,9,298,256,2,0,0,0,8,0,0,0,4,256,0,0,4,8,16,0,9,1,2,2,1,0,0,0,1,0,0,0
1836,9,zeros-la-2-6,zeros-la-2,134,1836,9,300,256,2,0,0,0,2,0,0,0,8,256,0,0,8,8,16,0,9,2,0,3,1,0,0,0,1,0,0,0
1852,9,zeros-la-2-6,zeros-la-2,135,1852,9,302,256,0,0,0,2,2,0,0,2,0,0,8,256,0,0,16,16,9,3,0,1,2,0,0,0,1,0,0,0
1888,10,zeros-la-2-6,zeros-la-2,136,1888,10,304,256,2,0,0,0,4,0,2,0,8,256,0,0,32,0,0,0,10,2,1,1,0,1,0,0,1,0,0,0
1888,9,zeros-la-2-6,zeros-la-2,137,1888,9,306,256,2,0,0,0,4,0,0,0,8,0,2,0,32,256,2,0,9,3,1,1,0,1,0,0,1,0,0,0
1892,9,zeros-la-2-6,zeros-la-2,138,1892,9,308,256,2,0,2,0,4,0,0,0,8,0,0,0,32,256,4,0,9,2,2,1,0,1,0,0,1,0,0,0
1896,9,zeros-la-2-6,zeros-la-2,139,1896,9,310,256,0,0,0,4,0,0,2,4,0,0,0,8,0,32,256,4,9,1,3,1,0,1,0,0,1,0,0,0
1904,9,zeros-la-2-6,zeros-la-2,140,1904,9,312,256,2,0,0,0,0,0,0,8,0,0,2,8,0,32,256,4,9,2,1,2,0,1,0,0,1,0,0,0
1920,9,zeros-la-2-6,zeros-la-2,141,1920,9,314,256,0,0,0,0,0,0,0,0,2,0,2,16,2,32,256,4,9,3,1,0,1,1,0,0,1,0,0,0
1924,9,zeros-la-2-6,zeros-la-2,142,1924,9,318,256,0,0,4,0,0,0,0,0,0,0,2,16,4,32,256,4,9,1,3,0,1,1,0,0,1,0,0,0
1924,8,zeros-la-2-6,zeros-la-2,143,1924,8,322,256,0,0,0,4,0,4,0,0,0,0,2,16,4,32,256,4,8,1,4,0,1,1,0,0,1,0,0,0
1924,7,zeros-la-2-6,zeros-la-2,144,1924,7,324,256,0,0,0,4,0,0,0,4,2,0,2,16,4,32,256,4,7,2,4,0,1,1,0,0,1,0,0,0
1928,7,zeros-la-2-6,zeros-la-2,145,1928,7,326,256,4,0,2,0,4,0,0,0,4,16,0,0,4,32,256,4,7,1,5,0,1,1,0,0,1,0,0,0
1944,8,zeros-la-2-6,zeros-la-2,146,1944,8,328,256,0,0,0,0,0,2,0,0,8,16,2,0,8,32,256,4,8,2,1,2,1,1,0,0,1,0,0,0
1960,8,zeros-la-2-6,zeros-la-2,147,1960,8,330,256,16,2,2,4,0,16,256,0,0,32,0,2,0,0,0,0,8,3,1,0,2,1,0,0,1,0,0,0
1964,8,zeros-la-2-6,zeros-la-2,148,1964,8,332,256,16,4,4,0,16,256,2,0,32,2,0,0,0,0,0,0,8,2,2,0,2,1,0,0,1,0,0,0
1996,8,zeros-la-2-6,zeros-la-2,149,1996,8,334,256,0,0,0,0,2,4,0,0,32,256,4,0,32,2,2,0,8,3,2,0,0,2,0,0,1,0,0,0
2000,8,zeros-la-2-6,zeros-la-2,150,2000,8,336,256,0,0,2,0,2,4,0,0,32,256,4,0,32,4,0,0,8,2,3,0,0,2,0,0,1,0,0,0
2064,8,zeros-la-2-6,zeros-la-2,151,2064,8,338,256,0,0,0,0,0,4,0,0,2,256,2,0,64,4,4,2,8,3,3,0,0,0,1,0,1,0,0,0
2072,8,zeros-la-2-6,zeros-la-2,152,2072,8,340,256,0,0,0,0,0,2,0,4,0,2,256,2,0,64,8,2,8,4,1,1,0,0,1,0,1,0,0,0
2080,9,zeros-la-2-6,zeros-la-2,153,2080,9,342,256,0,2,0,0,0,0,0,0,0,4,256,4,0,64,8,4,9,1,3,1,0,0,1,0,1,0,0,0
2088,9,zeros-la-2-6,zeros-la-2,154,2088,9,344,256,0,0,0,0,0,2,0,0,0,4,256,2,0,64,8,8,9,2,1,2,0,0,1,0,1,0,0,0
2104,9,zeros-la-2-6,zeros-la-2,155,2104,9,348,256,4,0,0,0,0,0,0,2,0,4,256,2,0,0,64,16,9,2,2,0,1,0,1,0,1,0,0,0
2108,9,zeros-la-2-6,zeros-la-2,156,2108,9,350,256,4,4,256,4,0,0,64,16,2,0,0,0,0,0,0,0,9,1,3,0,1,0,1,0,1,0,0,0
2116,9,zeros-la-2-6,zeros-la-2,157,2116,9,352,256,0,8,256,4,0,0,64,16,0,0,0,2,0,0,2,0,9,2,1,1,1,0,1,0,1,0,0,0
2116,8,zeros-la-2-6,zeros-la-2,158,2116,8,354,256,0,8,256,4,2,0,64,16,0,0,0,2,0,0,0,2,8,3,1,1,1,0,1,0,1,0,0,0
2120,8,zeros-la-2-6,zeros-la-2,159,2120,8,356,256,0,0,0,0,0,0,2,4,0,0,256,16,2,8,64,4,8,2,2,1,1,0,1,0,1,0,0,0
2120,7,zeros-la-2-6,zeros-la-2,160,2120,7,358,256,2,0,0,0,0,0,2,4,0,0,256,16,2,8,64,4,7,3,2,1,1,0,1,0,1,0,0,0
2124,7,zeros-la-2-6,zeros-la-2,161,2124,7,360,256,4,8,2,4,0,2,256,16,0,0,64,4,0,0,0,0,7,2,3,1,1,0,1,0,1,0,0,0
2124,6,zeros-la-2-6,zeros-la-2,162,2124,6,362,256,0,0,0,0,0,0,2,4,2,8,256,16,4,2,64,4,6,3,3,1,1,0,1,0,1,0,0,0
2124,5,zeros-la-2-6,zeros-la-2,163,2124,5,364,256,2,0,0,0,0,0,2,4,2,8,256,16,4,2,64,4,5,4,3,1,1,0,1,0,1,0,0,0
2128,5,zeros-la-2-6,zeros-la-2,164,2128,5,366,256,0,0,0,0,0,2,2,4,4,8,256,16,4,2,64,4,5,3,4,1,1,0,1,0,1,0,0,0
2132,5,zeros-la-2-6,zeros-la-2,165,2132,5,368,256,2,0,0,0,0,0,4,4,4,8,256,16,4,2,64,4,5,2,5,1,1,0,1,0,1,0,0,0
2140,5,zeros-la-2-6,zeros-la-2,166,2140,5,372,256,2,0,0,4,8,0,0,0,4,8,256,16,4,2,64,4,5,2,4,2,1,0,1,0,1,0,0,0
2148,5,zeros-la-2-6,zeros-la-2,167,2148,5,374,256,0,0,0,2,2,0,0,4,8,8,256,16,8,2,64,4,5,3,2,3,1,0,1,0,1,0,0,0
2164,5,zeros-la-2-6,zeros-la-2,168,2164,5,376,256,2,0,0,0,2,4,0,0,16,256,16,2,8,2,64,4,5,4,2,1,2,0,1,0,1,0,0,0
2168,5,zeros-la-2-6,zeros-la-2,169,2168,5,378,256,4,4,16,2,16,256,64,4,8,2,0,2,0,0,0,0,5,3,3,1,2,0,1,0,1,0,0,0
2180,6,zeros-la-2-6,zeros-la-2,170,2180,6,380,256,0,8,16,2,16,256,64,4,0,0,8,4,0,0,0,2,6,2,2,2,2,0,1,0,1,0,0,0
2188,6,zeros-la-2-6,zeros-la-2,171,2188,6,382,256,16,8,16,2,2,256,64,8,0,0,8,2,0,0,0,0,6,3,0,3,2,0,1,0,1,0,0,0
2188,5,zeros-la-2-6,zeros-la-2,172,2188,5,384,256,16,8,16,2,2,256,64,8,2,0,8,2,0,0,0,0,5,4,0,3,2,0,1,0,1,0,0,0
2192,5,zeros-la-2-6,zeros-la-2,173,2192,5,386,256,2,0,0,0,0,0,16,2,16,8,64,8,4,256,8,2,5,3,1,3,2,0,1,0,1,0,0,0
2192,4,zeros-la-2-6,zeros-la-2,174,2192,4,388,256,2,2,0,0,16,2,0,0,16,8,64,8,4,256,8,2,4,4,1,3,2,0,1,0,1,0,0,0
2228,5,zeros-la-2-6,zeros-la-2,175,2228,5,390,256,2,4,64,8,32,8,8,2,4,256,0,0,0,0,0,2,5,3,2,3,0,1,1,0,1,0,0,0
2244,5,zeros-la-2-6,zeros-la-2,176,2244,5,392,256,2,4,64,8,0,32,16,2,0,0,4,256,2,0,0,2,5,4,2,1,1,1,1,0,1,0,0,0
2248,5,zeros-la-2-6,zeros-la-2,177,2248,5,394,256,2,4,64,8,32,16,2,0,4,256,0,0,4,0,2,0,5,3,3,1,1,1,1,0,1,0,0,0
2260,6,zeros-la-2-6,zeros-la-2,178,2260,6,396,256,2,4,64,8,32,16,4,0,8,256,0,0,0,0,2,0,6,2,2,2,1,1,1,0,1,0,0,0
2260,5,zeros-la-2-6,zeros-la-2,179,2260,5,398,256,2,0,0,0,2,4,64,0,32,16,4,0,8,256,2,8,5,3,2,2,1,1,1,0,1,0,0,0
2264,5,zeros-la-2-6,zeros-la-2,180,2264,5,400,256,4,4,64,8,32,16,4,0,8,256,2,2,0,0,0,0,5,2,3,2,1,1,1,0,1,0,0,0
2276,6,zeros-la-2-6,zeros-la-2,181,2276,6,402,256,8,64,8,2,32,16,4,0,8,256,4,0,0,0,0,0,6,1,2,3,1,1,1,0,1,0,0,0
2284,6,zeros-la-2-6,zeros-la-2,182,2284,6,404,256,0,0,0,0,8,64,2,0,32,16,8,0,8,256,8,2,6,2,0,4,1,1,1,0,1,0,0,0
2300,6,zeros-la-2-6,zeros-la-2,183,2300,6,406,256,8,64,2,2,32,16,16,0,8,256,0,0,0,2,0,0,6,3,0,2,2,1,1,0,1,0,0,0
2336,7,zeros-la-2-6,zeros-la-2,184,2336,7,408,256,0,8,64,4,0,2,32,32,0,0,8,256,0,0,0,2,7,2,1,2,0,2,1,0,1,0,0,0
2400,7,zeros-la-2-6,zeros-la-2,185,2400,7,410,256,8,64,4,0,2,64,2,0,8,256,0,0,2,0,0,0,7,3,1,2,0,0,2,0,1,0,0,0
2528,7,zeros-la-2-6,zeros-la-2,186,2528,7,414,256,8,4,0,0,2,0,0,0,8,128,4,0,2,256,2,0,7,3,2,2,0,0,0,1,1,0,0,0
2528,6,zeros-la-2-6,zeros-la-2,187,2528,6,416,256,8,4,4,2,2,128,2,0,8,256,0,0,2,0,0,0,6,4,2,2,0,0,0,1,1,0,0,0
2536,6,zeros-la-2-6,zeros-la-2,188,2536,6,418,256,0,8,8,2,0,2,128,2,2,0,8,256,0,0,0,2,6,5,0,3,0,0,0,1,1,0,0,0
2552,6,zeros-la-2-6,zeros-la-2,189,2552,6,420,256,0,0,16,2,0,2,128,2,0,2,8,256,0,2,0,2,6,6,0,1,1,0,0,1,1,0,0,0
2560,7,zeros-la-2-6,zeros-la-2,190,2560,7,422,256,0,4,16,4,0,2,128,256,0,2,8,2,0,0,0,0,7,3,2,1,1,0,0,1,1,0,0,0
2564,7,zeros-la-2-6,zeros-la-2,191,2564,7,426,256,0,4,16,4,0,4,128,256,0,0,8,2,0,0,0,4,7,1,4,1,1,0,0,1,1,0,0,0
2572,7,zeros-la-2-6,zeros-la-2,192,2572,7,428,256,0,2,0,4,0,0,16,256,0,0,128,2,0,8,8,4,7,2,2,2,1,0,0,1,1,0,0,0
2588,7,zeros-la-2-6,zeros-la-2,193,2588,7,430,256,0,0,2,4,2,0,16,256,0,0,128,2,0,0,16,4,7,3,2,0,2,0,0,1,1,0,0,0
2588,6,zeros-la-2-6,zeros-la-2,194,2588,6,432,256,2,4,0,0,2,16,256,0,128,2,0,0,16,4,2,0,6,4,2,0,2,0,0,1,1,0,0,0
2592,6,zeros-la-2-6,zeros-la-2,195,2592,6,434,256,4,4,256,2,128,16,2,0,16,2,0,0,0,4,0,0,6,3,3,0,2,0,0,1,1,0,0,0
2600,6,zeros-la-2-6,zeros-la-2,196,2600,6,436,256,8,256,2,2,128,16,2,0,16,2,0,0,4,0,0,0,6,4,1,1,2,0,0,1,1,0,0,0
2604,6,zeros-la-2-6,zeros-la-2,197,2604,6,438,256,0,8,256,4,0,128,16,2,0,0,16,2,0,2,0,4,6,3,2,1,2,0,0,1,1,0,0,0
2640,7,zeros-la-2-6,zeros-la-2,198,2640,7,440,256,0,0,0,0,0,8,0,4,2,128,256,4,0,2,32,4,7,2,3,1,0,1,0,1,1,0,0,0
2648,7,zeros-la-2-6,zeros-la-2,199,2648,7,442,256,2,0,0,0,0,8,0,0,0,128,256,4,2,2,32,8,7,3,1,2,0,1,0,1,1,0,0,0
2652,7,zeros-la-2-6,zeros-la-2,200,2652,7,444,256,0,0,0,2,0,2,0,8,0,128,256,4,0,4,32,8,7,2,2,2,0,1,0,1,1,0,0,0
2652,6,zeros-la-2-6,zeros-la-2,201,2652,6,448,256,0,2,256,2,0,128,32,8,0,4,0,4,4,0,0,8,6,2,3,2,0,1,0,1,1,0,0,0
2660,6,zeros-la-2-6,zeros-la-2,202,2660,6,450,256,0,2,256,2,0,128,32,8,0,0,0,8,0,2,4,8,6,3,1,3,0,1,0,1,1,0,0,0
2676,6,zeros-la-2-6,zeros-la-2,203,2676,6,452,256,0,2,256,2,0,128,32,16,0,2,4,8,0,0,2,0,6,4,1,1,1,1,0,1,1,0,0,0
2676,5,zeros-la-2-6,zeros-la-2,204,2676,5,454,256,0,2,256,2,0,128,32,16,2,2,4,8,0,0,0,2,5,5,1,1,1,1,0,1,1,0,0,0
2680,5,zeros-la-2-6,zeros-la-2,205,2680,5,456,256,2,256,2,0,128,32,16,0,4,4,8,2,2,0,0,0,5,4,2,1,1,1,0,1,1,0,0,0
2688,5,zeros-la-2-6,zeros-la-2,206,2688,5,458,256,0,2,256,2,0,128,32,16,2,8,8,2,0,0,0,2,5,5,0,2,1,1,0,1,1,0,0,0
2692,5,zeros-la-2-6,zeros-la-2,207,2692,5,462,256,0,0,0,0,4,2,256,2,0,128,32,16,2,8,8,4,5,3,2,2,1,1,0,1,1,0,0,0
2708,5,zeros-la-2-6,zeros-la-2,208,2708,5,464,256,0,0,0,2,4,2,256,2,0,128,32,16,0,2,16,4,5,4,2,0,2,1,0,1,1,0,0,0
2708,4,zeros-la-2-6,zeros-la-2,209,2708,4,466,256,2,0,0,2,4,2,256,2,0,128,32,16,0,2,16,4,4,5,2,0,2,1,0,1,1,0,0,0
2712,4,zeros-la-2-6,zeros-la-2,210,2712,4,468,256,4,0,0,2,4,2,256,2,128,32,16,0,2,16,4,0,4,4,3,0,2,1,0,1,1,0,0,0
2724,5,zeros-la-2-6,zeros-la-2,211,2724,5,470,256,0,0,0,2,8,2,256,0,128,32,16,0,2,16,4,4,5,3,2,1,2,1,0,1,1,0,0,0
2732,5,zeros-la-2-6,zeros-la-2,212,2732,5,474,256,0,0,0,2,0,8,2,256,4,128,32,16,0,2,16,8,5,3,1,2,2,1,0,1,1,0,0,0
2732,4,zeros-la-2-6,zeros-la-2,213,2732,4,476,256,4,8,2,2,0,128,32,256,0,2,16,16,0,0,2,8,4,4,1,2,2,1,0,1,1,0,0,0
2768,5,zeros-la-2-6,zeros-la-2,214,2768,5,478,256,0,4,8,4,0,128,32,256,0,0,2,32,0,2,2,8,5,3,2,2,0,2,0,1,1,0,0,0
2772,5,zeros-la-2-6,zeros-la-2,215,2772,5,480,256,0,2,0,4,0,4,8,256,0,128,32,32,0,2,4,8,5,2,3,2,0,2,0,1,1,0,0,0
2836,5,zeros-la-2-6,zeros-la-2,216,2836,5,482,256,0,0,2,4,0,4,8,256,0,0,128,64,2,2,4,8,5,3,3,2,0,0,1,1,1,0,0,0
2840,5,zeros-la-2-6,zeros-la-2,217,2840,5,484,256,0,0,2,4,2,4,8,256,0,0,128,64,0,4,4,8,5,2,4,2,0,0,1,1,1,0,0,0
2848,5,zeros-la-2-6,zeros-la-2,218,2848,5,486,256,2,0,2,4,2,4,8,256,0,0,128,64,0,0,8,8,5,3,2,3,0,0,1,1,1,0,0,0
2868,6,zeros-la-2-6,zeros-la-2,219,2868,6,488,256,0,0,4,4,2,4,8,256,2,0,128,64,0,0,0,16,6,2,3,1,1,0,1,1,1,0,0,0
2872,6,zeros-la-2-6,zeros-la-2,220,2872,6,490,256,4,4,4,4,0,0,8,256,0,0,128,64,0,0,2,16,6,1,4,1,1,0,1,1,1,0,0,0
2888,7,zeros-la-2-6,zeros-la-2,221,2888,7,492,256,0,0,8,8,2,0,8,256,0,0,128,64,0,0,2,16,7,2,0,3,1,0,1,1,1,0,0,0
2904,7,zeros-la-2-6,zeros-la-2,222,2904,7,494,256,2,0,16,8,0,2,128,256,0,0,2,64,0,0,0,16,7,3,0,1,2,0,1,1,1,0,0,0
2904,6,zeros-la-2-6,zeros-la-2,223,2904,6,496,256,2,2,16,8,0,2,128,256,0,0,2,64,0,0,0,16,6,4,0,1,2,0,1,1,1,0,0,0
2908,6,zeros-la-2-6,zeros-la-2,224,2908,6,500,256,4,16,8,0,2,128,256,0,2,64,0,4,16,0,0,0,6,2,2,1,2,0,1,1,1,0,0,0
2912,6,zeros-la-2-6,zeros-la-2,225,2912,6,502,256,0,0,2,0,4,16,0,0,4,128,8,0,16,64,256,4,6,1,3,1,2,0,1,1,1,0,0,0
2920,6,zeros-la-2-6,zeros-la-2,226,2920,6,504,256,2,0,0,0,0,16,2,0,8,128,8,0,16,64,256,4,6,2,1,2,2,0,1,1,1,0,0,0
2920,5,zeros-la-2-6,zeros-la-2,227,2920,5,506,256,0,0,0,2,2,0,16,2,0,8,128,8,16,64,256,4,5,3,1,2,2,0,1,1,1,0,0,0
2924,5,zeros-la-2-6,zeros-la-2,228,2924,5,510,256,2,8,16,4,16,64,128,8,4,0,256,4,0,0,0,0,5,1,3,2,2,0,1,1,1,0,0,0
2924,4,zeros-la-2-6,zeros-la-2,229,2924,4,512,256,2,0,0,0,2,0,16,4,16,8,128,8,4,64,256,4,4,2,3,2,2,0,1,1,1,0,0,0
2928,4,zeros-la-2-6,zeros-la-2,230,2928,4,514,256,0,0,2,0,4,0,16,4,16,8,128,8,4,64,256,4,4,1,4,2,2,0,1,1,1,0,0,0
2928,3,zeros-la-2-6,zeros-la-2,231,2928,3,516,256,2,0,2,0,4,16,4,0,16,8,128,8,4,64,256,4,3,2,4,2,2,0,1,1,1,0,0,0
2932,3,zeros-la-2-6,zeros-la-2,232,2932,3,520,256,0,4,0,4,0,4,16,4,16,8,128,8,4,64,256,4,3,0,6,2,2,0,1,1,1,0,0,0
2948,4,zeros-la-2-6,zeros-la-2,233,2948,4,522,256,16,8,16,8,4,8,128,8,0,64,256,4,0,0,2,0,4,1,2,4,2,0,1,1,1,0,0,0
2980,5,zeros-la-2-6,zeros-la-2,234,2980,5,524,256,16,16,16,16,4,64,128,4,0,2,256,0,0,0,2,0,5,2,2,0,4,0,1,1,1,0,0,0
3044,6,zeros-la-2-6,zeros-la-2,235,3044,6,526,256,32,32,2,0,4,64,128,4,2,256,0,0,2,0,0,0,6,3,2,0,0,2,1,1,1,0,0,0
3048,6,zeros-la-2-6,zeros-la-2,236,3048,6,528,256,0,0,0,0,32,32,2,0,4,64,2,0,4,256,128,4,6,2,3,0,0,2,1,1,1,0,0,0
3060,7,zeros-la-2-6,zeros-la-2,237,3060,7,530,256,32,32,4,4,8,64,128,0,0,256,0,2,0,0,0,0,7,1,2,1,0,2,1,1,1,0,0,0
3132,8,zeros-la-2-6,zeros-la-2,238,3132,8,532,256,0,2,64,8,0,8,64,128,0,0,256,2,0,0,0,0,8,2,0,2,0,0,2,1,1,0,0,0
3260,8,zeros-la-2-6,zeros-la-2,239,3260,8,534,256,0,2,128,8,0,8,256,128,0,0,2,2,0,0,0,0,8,3,0,2,0,0,0,2,1,0,0,0
3264,8,zeros-la-2-6,zeros-la-2,240,3264,8,536,256,0,2,128,8,0,8,256,128,2,0,0,4,0,0,0,0,8,2,1,2,0,0,0,2,1,0,0,0
3264,7,zeros-la-2-6,zeros-la-2,241,3264,7,540,256,4,0,0,0,0,0,0,8,0,2,128,128,2,8,256,4,7,2,2,2,0,0,0,2,1,0,0,0
3520,7,zeros-la-2-6,zeros-la-2,242,3520,7,544,256,4,0,4,0,8,0,0,0,2,256,0,0,2,8,256,4,7,2,3,2,0,0,0,0,2,0,0,0
3528,7,zeros-la-2-6,zeros-la-2,243,3528,7,546,256,8,0,0,2,8,0,0,0,2,256,0,0,2,8,256,4,7,3,1,3,0,0,0,0,2,0,0,0
3548,8,zeros-la-2-6,zeros-la-2,244,3548,8,548,256,0,0,0,0,0,0,2,0,16,256,0,2,4,8,256,4,8,2,2,1,1,0,0,0,2,0,0,0
3548,7,zeros-la-2-6,zeros-la-2,245,3548,7,550,256,0,0,0,2,0,0,0,2,0,16,256,2,4,8,256,4,7,3,2,1,1,0,0,0,2,0,0,0
4064,8,zeros-la-2-6,zeros-la-2,246,4064,8,552,512,0,0,0,0,0,0,2,2,0,16,0,4,4,8,512,4,8,2,3,1,1,0,0,0,0,1,0,0
4072,8,zeros-la-2-6,zeros-la-2,247,4072,8,554,512,0,0,0,0,0,2,0,0,0,16,2,2,4,8,512,8,8,3,1,2,1,0,0,0,0,1,0,0
4076,8,zeros-la-2-6,zeros-la-2,248,4076,8,556,512,0,0,0,0,0,0,2,2,0,0,16,4,4,8,512,8,8,2,2,2,1,0,0,0,0,1,0,0
4080,8,zeros-la-2-6,zeros-la-2,249,4080,8,558,512,0,0,0,0,2,0,0,4,0,0,16,4,4,8,512,8,8,1,3,2,1,0,0,0,0,1,0,0
4088,8,zeros-la-2-6,zeros-la-2,250,4088,8,560,512,2,8,16,8,4,0,512,8,2,0,0,0,0,0,0,0,8,2,1,3,1,0,0,0,0,1,0,0
4104,8,zeros-la-2-6,zeros-la-2,251,4104,8,562,512,2,8,16,16,4,0,512,0,2,0,0,0,0,0,0,2,8,3,1,1,2,0,0,0,0,1,0,0
4136,8,zeros-la-2-6,zeros-la-2,252,4136,8,564,512,0,2,8,32,0,0,4,512,2,0,0,2,0,0,0,2,8,4,1,1,0,1,0,0,0,1,0,0
4140,8,zeros-la-2-6,zeros-la-2,253,4140,8,566,512,0,0,0,0,0,0,0,32,0,2,8,512,2,2,4,4,8,3,2,1,0,1,0,0,0,1,0,0
4152,9,zeros-la-2-6,zeros-la-2,254,4152,9,568,512,0,0,0,0,32,0,0,2,2,8,512,0,4,8,0,0,9,2,1,2,0,1,0,0,0,1,0,0
4168,9,zeros-la-2-6,zeros-la-2,255,4168,9,570,512,32,16,512,2,2,0,2,0,4,0,0,0,0,0,0,0,9,3,1,0,1,1,0,0,0,1,0,0
4172,9,zeros-la-2-6,zeros-la-2,256,4172,9,572,512,32,16,512,2,4,0,0,0,4,0,0,0,2,0,0,0,9,2,2,0,1,1,0,0,0,1,0,0
4180,9,zeros-la-2-6,zeros-la-2,257,4180,9,576,512,32,16,512,2,8,0,0,4,2,0,0,0,0,0,0,0,9,2,1,1,1,1,0,0,0,1,0,0
4180,8,zeros-la-2-6,zeros-la-2,258,4180,8,578,512,32,16,512,2,0,0,8,4,2,0,0,2,0,0,0,0,8,3,1,1,1,1,0,0,0,1,0,0
4184,8,zeros-la-2-6,zeros-la-2,259,4184,8,580,512,32,16,512,2,0,0,8,4,0,0,0,4,0,0,2,0,8,2,2,1,1,1,0,0,0,1,0,0
4192,8,zeros-la-2-6,zeros-la-2,260,4192,8,582,512,32,16,512,2,0,0,8,8,0,0,2,0,0,0,2,0,8,3,0,2,1,1,0,0,0,1,0,0
4208,8,zeros-la-2-6,zeros-la-2,261,4208,8,584,512,32,16,512,2,0,0,0,16,0,0,0,2,2,0,0,2,8,4,0,0,2,1,0,0,0,1,0,0
4212,8,zeros-la-2-6,zeros-la-2,262,4212,8,586,512,0,0,0,0,0,0,0,2,32,0,2,16,2,16,512,4,8,3,1,0,2,1,0,0,0,1,0,0
4212,7,zeros-la-2-6,zeros-la-2,263,4212,7,588,512,32,16,2,2,2,0,512,16,0,0,0,4,0,0,2,0,7,4,1,0,2,1,0,0,0,1,0,0
4216,7,zeros-la-2-6,zeros-la-2,264,4216,7,590,512,0,32,16,4,2,2,512,16,0,0,0,4,0,0,0,2,7,3,2,0,2,1,0,0,0,1,0,0
4220,7,zeros-la-2-6,zeros-la-2,265,4220,7,592,512,2,32,16,4,0,4,512,16,0,0,0,4,0,0,0,2,7,2,3,0,2,1,0,0,0,1,0,0
4220,6,zeros-la-2-6,zeros-la-2,266,4220,6,596,512,2,32,16,4,4,512,16,0,4,0,0,0,2,0,4,0,6,2,4,0,2,1,0,0,0,1,0,0
4260,7,zeros-la-2-6,zeros-la-2,267,4260,7,598,512,0,0,2,0,2,0,0,0,8,32,32,0,2,512,4,4,7,3,2,1,0,2,0,0,0,1,0,0
4332,8,zeros-la-2-6,zeros-la-2,268,4332,8,600,512,0,0,0,2,0,2,0,2,0,0,8,64,0,2,512,8,8,4,0,2,0,0,1,0,0,1,0,0
4340,9,zeros-la-2-6,zeros-la-2,269,4340,9,604,512,0,4,8,4,0,0,512,64,0,4,0,8,0,0,0,0,9,0,3,2,0,0,1,0,0,1,0,0
4348,9,zeros-la-2-6,zeros-la-2,270,4348,9,606,512,0,8,8,4,0,0,512,64,0,0,0,8,0,0,2,0,9,1,1,3,0,0,1,0,0,1,0,0
4364,9,zeros-la-2-6,zeros-la-2,271,4364,9,608,512,0,2,16,4,0,0,512,64,0,0,0,8,0,0,0,2,9,2,1,1,1,0,1,0,0,1,0,0
4364,8,zeros-la-2-6,zeros-la-2,272,4364,8,610,512,0,2,16,4,2,0,512,64,0,0,0,8,0,0,0,2,8,3,1,1,1,0,1,0,0,1,0,0
4364,7,zeros-la-2-6,zeros-la-2,273,4364,7,612,512,0,0,0,4,0,0,2,64,0,0,16,8,2,2,512,2,7,4,1,1,1,0,1,0,0,1,0,0
4364,6,zeros-la-2-6,zeros-la-2,274,4364,6,614,512,0,0,0,4,0,0,2,64,2,0,16,8,2,2,512,2,6,5,1,1,1,0,1,0,0,1,0,0
4368,6,zeros-la-2-6,zeros-la-2,275,4368,6,616,512,4,2,2,4,0,0,16,64,0,0,512,8,0,2,0,2,6,4,2,1,1,0,1,0,0,1,0,0
4376,7,zeros-la-2-6,zeros-la-2,276,4376,7,620,512,0,4,4,4,0,0,16,64,0,4,512,8,0,0,0,4,7,0,5,1,1,0,1,0,0,1,0,0
4384,7,zeros-la-2-6,zeros-la-2,277,4384,7,622,512,0,8,4,4,0,0,16,64,0,0,512,8,2,0,0,4,7,1,3,2,1,0,1,0,0,1,0,0
4392,7,zeros-la-2-6,zeros-la-2,278,4392,7,624,512,0,0,8,8,0,0,16,64,0,0,512,8,0,2,2,4,7,2,1,3,1,0,1,0,0,1,0,0
4412,8,zeros-la-2-6,zeros-la-2,279,4412,8,626,512,16,2,0,0,16,64,0,0,512,8,0,0,4,4,0,0,8,1,2,1,2,0,1,0,0,1,0,0
4420,8,zeros-la-2-6,zeros-la-2,280,4420,8,628,512,16,2,0,2,16,64,0,0,512,8,0,0,8,0,0,0,8,2,0,2,2,0,1,0,0,1,0,0
4452,8,zeros-la-2-6,zeros-la-2,281,4452,8,630,512,32,2,0,2,512,64,0,0,8,8,0,0,0,2,0,0,8,3,0,2,0,1,1,0,0,1,0,0
4472,9,zeros-la-2-6,zeros-la-2,282,4472,9,632,512,32,4,0,0,512,64,0,0,16,0,0,0,2,0,2,0,9,2,1,0,1,1,1,0,0,1,0,0
4472,8,zeros-la-2-6,zeros-la-2,283,4472,8,634,512,32,4,2,0,512,64,0,0,16,0,2,0,2,0,0,0,8,3,1,0,1,1,1,0,0,1,0,0
4476,8,zeros-la-2-6,zeros-la-2,284,4476,8,638,512,32,4,4,0,512,64,4,0,16,0,0,0,2,0,0,0,8,1,3,0,1,1,1,0,0,1,0,0
4484,8,zeros-la-2-6,zeros-la-2,285,4484,8,640,512,32,4,8,0,512,64,0,0,16,0,0,0,2,0,0,2,8,2,1,1,1,1,1,0,0,1,0,0
4488,8,zeros-la-2-6,zeros-la-2,286,4488,8,642,512,32,4,8,2,512,64,0,0,16,0,0,0,4,0,0,0,8,1,2,1,1,1,1,0,0,1,0,0
4488,7,zeros-la-2-6,zeros-la-2,287,4488,7,644,512,32,0,0,0,512,0,0,2,16,4,0,0,4,64,8,2,7,2,2,1,1,1,1,0,0,1,0,0
4492,7,zeros-la-2-6,zeros-la-2,288,4492,7,646,512,32,0,0,0,512,0,0,0,16,4,2,0,4,64,8,4,7,1,3,1,1,1,1,0,0,1,0,0
4492,6,zeros-la-2-6,zeros-la-2,289,4492,6,648,512,32,0,0,0,512,2,0,0,16,4,2,0,4,64,8,4,6,2,3,1,1,1,1,0,0,1,0,0
4492,5,zeros-la-2-6,zeros-la-2,290,4492,5,650,512,0,0,0,32,2,0,512,2,0,16,4,2,4,64,8,4,5,3,3,1,1,1,1,0,0,1,0,0
4496,5,zeros-la-2-6,zeros-la-2,291,4496,5,652,512,2,16,512,32,4,64,4,4,0,0,8,4,0,0,2,0,5,2,4,1,1,1,1,0,0,1,0,0
4504,5,zeros-la-2-6,zeros-la-2,292,4504,5,654,512,2,16,512,32,0,4,64,8,0,2,8,4,0,0,0,2,5,3,2,2,1,1,1,0,0,1,0,0
4504,4,zeros-la-2-6,zeros-la-2,293,4504,4,656,512,2,16,512,32,0,4,64,8,2,2,8,4,0,0,0,2,4,4,2,2,1,1,1,0,0,1,0,0
4508,4,zeros-la-2-6,zeros-la-2,294,4508,4,658,512,2,16,512,32,0,4,64,8,0,4,8,4,0,0,2,2,4,3,3,2,1,1,1,0,0,1,0,0
4512,4,zeros-la-2-6,zeros-la-2,295,4512,4,660,512,2,16,512,32,0,4,64,8,0,4,8,4,0,2,0,4,4,2,4,2,1,1,1,0,0,1,0,0
4528,5,zeros-la-2-6,zeros-la-2,296,4528,5,662,512,0,0,0,0,2,16,512,32,0,8,64,8,2,2,8,8,5,3,0,4,1,1,1,0,0,1,0,0
4548,6,zeros-la-2-6,zeros-la-2,297,4548,6,664,512,4,16,512,32,0,8,64,16,0,2,8,0,0,2,0,0,6,2,1,2,2,1,1,0,0,1,0,0
4552,6,zeros-la-2-6,zeros-la-2,298,4552,6,666,512,0,0,0,0,2,16,512,0,0,8,64,32,4,4,8,16,6,1,2,2,2,1,1,0,0,1,0,0
4560,6,zeros-la-2-6,zeros-la-2,299,4560,6,668,512,0,2,0,0,2,16,512,0,8,64,32,0,8,8,16,0,6,2,0,3,2,1,1,0,0,1,0,0
4576,6,zeros-la-2-6,zeros-la-2,300,4576,6,670,512,2,0,0,2,2,16,512,0,8,64,32,0,16,16,0,0,6,3,0,1,3,1,1,0,0,1,0,0
4612,7,zeros-la-2-6,zeros-la-2,301,4612,7,672,512,0,0,0,4,2,2,16,512,0,8,64,32,0,0,0,32,7,2,1,1,1,2,1,0,0,1,0,0
4676,7,zeros-la-2-6,zeros-la-2,302,4676,7,674,512,0,0,0,2,0,0,0,4,0,2,16,512,2,8,64,64,7,3,1,1,1,0,2,0,0,1,0,0
4804,7,zeros-la-2-6,zeros-la-2,303,4804,7,676,512,2,0,0,0,4,0,0,0,2,16,512,0,2,8,128,2,7,4,1,1,1,0,0,1,0,1,0,0
4808,7,zeros-la-2-6,zeros-la-2,304,4808,7,678,512,0,0,0,0,2,0,0,0,4,16,512,2,4,8,128,2,7,3,2,1,1,0,0,1,0,1,0,0
4820,8,zeros-la-2-6,zeros-la-2,305,4820,8,680,512,2,16,512,4,8,8,128,0,0,0,0,0,2,0,0,0,8,2,1,2,1,0,0,1,0,1,0,0
4836,8,zeros-la-2-6,zeros-la-2,306,4836,8,682,512,2,16,512,4,16,128,0,0,0,0,0,2,2,0,0,0,8,3,1,0,2,0,0,1,0,1,0,0
4836,7,zeros-la-2-6,zeros-la-2,307,4836,7,684,512,2,16,512,4,0,0,16,128,2,0,0,2,0,0,0,2,7,4,1,0,2,0,0,1,0,1,0,0
4844,8,zeros-la-2-6,zeros-la-2,308,4844,8,686,512,0,0,0,0,0,2,0,4,0,0,512,128,4,16,16,4,8,1,3,0,2,0,0,1,0,1,0,0
4876,8,zeros-la-2-6,zeros-la-2,309,4876,8,688,512,0,0,2,0,0,0,2,4,0,0,512,128,0,4,32,4,8,2,3,0,0,1,0,1,0,1,0,0
4880,8,zeros-la-2-6,zeros-la-2,310,4880,8,692,512,0,0,0,0,0,4,4,4,0,0,512,128,0,4,32,4,8,0,5,0,0,1,0,1,0,1,0,0
4888,8,zeros-la-2-6,zeros-la-2,311,4888,8,694,512,0,0,0,0,0,0,4,4,0,2,512,128,0,8,32,4,8,1,3,1,0,1,0,1,0,1,0,0
4896,8,zeros-la-2-6,zeros-la-2,312,4896,8,696,512,0,0,0,0,2,0,0,8,0,2,512,128,0,8,32,4,8,2,1,2,0,1,0,1,0,1,0,0
4896,7,zeros-la-2-6,zeros-la-2,313,4896,7,700,512,0,0,0,0,0,0,2,8,0,2,512,128,4,8,32,4,7,2,2,2,0,1,0,1,0,1,0,0
4896,6,zeros-la-2-6,zeros-la-2,314,4896,6,702,512,4,2,2,8,2,8,512,128,0,0,32,4,0,0,0,0,6,3,2,2,0,1,0,1,0,1,0,0
4900,6,zeros-la-2-6,zeros-la-2,315,4900,6,704,512,2,4,4,8,2,8,512,128,0,0,32,4,0,0,0,0,6,2,3,2,0,1,0,1,0,1,0,0
4908,6,zeros-la-2-6,zeros-la-2,316,4908,6,708,512,2,8,8,4,2,8,512,128,32,4,0,0,0,0,0,0,6,2,2,3,0,1,0,1,0,1,0,0
4928,7,zeros-la-2-6,zeros-la-2,317,4928,7,712,512,0,0,0,4,0,0,0,0,4,16,8,4,32,4,512,128,7,0,4,1,1,1,0,1,0,1,0,0
4936,7,zeros-la-2-6,zeros-la-2,318,4936,7,716,512,4,16,8,8,32,4,512,128,0,0,0,0,0,0,0,4,7,0,3,2,1,1,0,1,0,1,0,0
4952,7,zeros-la-2-6,zeros-la-2,319,4952,7,718,512,0,4,16,16,32,4,512,128,2,0,0,0,0,0,0,4,7,1,3,0,2,1,0,1,0,1,0,0
4960,7,zeros-la-2-6,zeros-la-2,320,4960,7,722,512,32,8,16,16,2,0,512,128,0,0,4,4,0,0,0,0,7,1,2,1,2,1,0,1,0,1,0,0
5000,8,zeros-la-2-6,zeros-la-2,321,5000,8,724,512,0,32,8,32,0,2,512,128,0,0,0,8,0,2,0,0,8,2,0,2,0,2,0,1,0,1,0,0
5004,8,zeros-la-2-6,zeros-la-2,322,5004,8,726,512,0,0,0,0,0,2,0,32,0,32,8,128,0,4,512,8,8,1,1,2,0,2,0,1,0,1,0,0
5004,7,zeros-la-2-6,zeros-la-2,323,5004,7,728,512,0,0,2,0,0,2,0,32,0,32,8,128,0,4,512,8,7,2,1,2,0,2,0,1,0,1,0,0
5004,6,zeros-la-2-6,zeros-la-2,324,5004,6,730,512,2,0,0,0,2,32,0,0,32,8,128,2,4,512,8,0,6,3,1,2,0,2,0,1,0,1,0,0
5008,6,zeros-la-2-6,zeros-la-2,325,5008,6,732,512,4,32,128,2,32,8,8,0,4,512,0,2,0,0,0,0,6,2,2,2,0,2,0,1,0,1,0,0
5024,6,zeros-la-2-6,zeros-la-2,326,5024,6,734,512,4,32,128,2,32,16,0,0,4,512,2,0,2,0,0,0,6,3,2,0,1,2,0,1,0,1,0,0
5024,5,zeros-la-2-6,zeros-la-2,327,5024,5,736,512,4,2,0,0,32,32,0,0,4,16,128,0,2,512,2,2,5,4,2,0,1,2,0,1,0,1,0,0
5092,6,zeros-la-2-6,zeros-la-2,328,5092,6,738,512,0,0,4,2,0,2,0,64,0,4,16,128,0,2,512,4,6,3,3,0,1,0,1,1,0,1,0,0
5092,5,zeros-la-2-6,zeros-la-2,329,5092,5,740,512,0,2,4,2,0,4,16,64,0,2,512,128,0,2,0,4,5,4,3,0,1,0,1,1,0,1,0,0
5096,5,zeros-la-2-6,zeros-la-2,330,5096,5,742,512,0,0,2,2,0,2,4,64,0,4,16,128,0,4,512,4,5,3,4,0,1,0,1,1,0,1,0,0
5100,5,zeros-la-2-6,zeros-la-2,331,5100,5,744,512,0,0,0,4,2,2,4,64,0,4,16,128,0,4,512,4,5,2,5,0,1,0,1,1,0,1,0,0
5104,5,zeros-la-2-6,zeros-la-2,332,5104,5,746,512,4,2,0,0,4,4,64,0,4,16,128,0,4,512,4,0,5,1,6,0,1,0,1,1,0,1,0,0
5120,6,zeros-la-2-6,zeros-la-2,333,5120,6,748,512,2,2,0,0,0,4,64,0,8,16,128,0,8,512,4,0,6,2,2,2,1,0,1,1,0,1,0,0
5136,6,zeros-la-2-6,zeros-la-2,334,5136,6,750,512,2,2,64,0,16,4,128,0,0,16,4,2,0,512,0,0,6,3,2,0,2,0,1,1,0,1,0,0
5140,6,zeros-la-2-6,zeros-la-2,335,5140,6,752,512,2,0,4,64,0,16,4,128,0,16,4,2,0,0,0,512,6,2,3,0,2,0,1,1,0,1,0,0
5180,7,zeros-la-2-6,zeros-la-2,336,5180,7,754,512,2,32,8,64,0,2,4,128,0,0,0,2,0,0,0,512,7,3,1,1,0,1,1,1,0,1,0,0
5180,6,zeros-la-2-6,zeros-la-2,337,5180,6,756,512,2,32,8,64,0,2,4,128,0,0,0,2,2,0,0,512,6,4,1,1,0,1,1,1,0,1,0,0
5184,6,zeros-la-2-6,zeros-la-2,338,5184,6,758,512,4,32,8,64,0,2,4,128,2,0,0,2,0,0,0,512,6,3,2,1,0,1,1,1,0,1,0,0
5188,6,zeros-la-2-6,zeros-la-2,339,5188,6,760,512,4,32,8,64,0,2,4,128,0,2,0,4,0,0,0,512,6,2,3,1,0,1,1,1,0,1,0,0
5192,6,zeros-la-2-6,zeros-la-2,340,5192,6,762,512,0,0,0,64,2,0,0,128,0,32,8,4,4,4,4,512,6,1,4,1,0,1,1,1,0,1,0,0
5200,6,zeros-la-2-6,zeros-la-2,341,5200,6,764,512,0,0,2,64,0,0,2,128,0,32,8,4,0,4,8,512,6,2,2,2,0,1,1,1,0,1,0,0
5220,7,zeros-la-2-6,zeros-la-2,342,5220,7,766,512,0,0,0,64,2,0,0,128,0,32,4,4,0,4,16,512,7,1,3,0,1,1,1,1,0,1,0,0
5228,7,zeros-la-2-6,zeros-la-2,343,5228,7,768,512,0,0,0,64,0,0,2,128,0,2,32,8,0,4,16,512,7,2,1,1,1,1,1,1,0,1,0,0
5228,6,zeros-la-2-6,zeros-la-2,344,5228,6,770,512,64,2,0,0,2,128,0,0,2,32,8,0,4,16,512,0,6,3,1,1,1,1,1,1,0,1,0,0
5232,6,zeros-la-2-6,zeros-la-2,345,5232,6,772,512,0,2,0,0,64,128,0,2,4,32,8,0,4,16,512,0,6,2,2,1,1,1,1,1,0,1,0,0
5232,5,zeros-la-2-6,zeros-la-2,346,5232,5,774,512,0,0,2,2,0,64,128,2,0,4,32,8,0,4,16,512,5,3,2,1,1,1,1,1,0,1,0,0
5244,6,zeros-la-2-6,zeros-la-2,347,5244,6,776,512,0,0,2,2,0,0,128,4,0,64,32,8,0,8,16,512,6,2,1,2,1,1,1,1,0,1,0,0
5248,6,zeros-la-2-6,zeros-la-2,348,5248,6,778,512,0,0,2,4,0,0,128,4,0,64,32,8,0,8,16,512,6,1,2,2,1,1,1,1,0,1,0,0
5256,6,zeros-la-2-6,zeros-la-2,349,5256,6,780,512,0,2,2,0,0,0,128,8,0,64,32,8,0,8,16,512,6,2,0,3,1,1,1,1,0,1,0,0
5272,6,zeros-la-2-6,zeros-la-2,350,5272,6,782,512,0,2,2,16,0,64,128,512,2,8,32,0,0,0,16,0,6,3,0,1,2,1,1,1,0,1,0,0
5276,6,zeros-la-2-6,zeros-la-2,351,5276,6,784,512,0,0,4,16,0,64,128,512,0,2,8,32,2,0,0,16,6,2,1,1,2,1,1,1,0,1,0,0
5276,5,zeros-la-2-6,zeros-la-2,352,5276,5,786,512,4,16,0,0,64,128,512,0,2,8,32,0,2,16,2,0,5,3,1,1,2,1,1,1,0,1,0,0
5280,5,zeros-la-2-6,zeros-la-2,353,5280,5,788,512,0,16,0,0,4,128,512,0,64,8,32,0,4,16,2,2,5,2,2,1,2,1,1,1,0,1,0,0
5284,5,zeros-la-2-6,zeros-la-2,354,5284,5,790,512,16,0,0,0,4,128,512,2,64,8,32,0,4,16,4,0,5,1,3,1,2,1,1,1,0,1,0,0
5284,4,zeros-la-2-6,zeros-la-2,355,5284,4,792,512,16,0,0,0,4,128,512,2,64,8,32,0,4,16,4,2,4,2,3,1,2,1,1,1,0,1,0,0
5288,4,zeros-la-2-6,zeros-la-2,356,5288,4,794,512,16,0,0,0,4,128,512,2,64,8,32,0,4,16,4,4,4,1,4,1,2,1,1,1,0,1,0,0
5296,4,zeros-la-2-6,zeros-la-2,357,5296,4,796,512,16,2,0,0,4,128,512,2,64,8,32,0,4,16,8,0,4,2,2,2,2,1,1,1,0,1,0,0
5296,3,zeros-la-2-6,zeros-la-2,358,5296,3,798,512,16,2,512,2,4,128,32,0,64,8,8,0,4,16,0,2,3,3,2,2,2,1,1,1,0,1,0,0
5312,3,zeros-la-2-6,zeros-la-2,359,5312,3,800,512,16,2,512,2,4,128,32,2,64,16,0,0,4,16,2,0,3,4,2,0,3,1,1,1,0,1,0,0
5348,4,zeros-la-2-6,zeros-la-2,360,5348,4,802,512,16,2,512,4,4,128,32,0,64,32,2,2,4,0,0,0,4,3,3,0,1,2,1,1,0,1,0,0
5352,4,zeros-la-2-6,zeros-la-2,361,5352,4,806,512,16,2,512,4,4,4,128,32,0,64,32,4,0,0,0,4,4,1,5,0,1,2,1,1,0,1,0,0
5360,4,zeros-la-2-6,zeros-la-2,362,5360,4,808,512,16,2,512,4,0,8,128,32,2,64,32,4,0,0,0,4,4,2,3,1,1,2,1,1,0,1,0,0
5368,4,zeros-la-2-6,zeros-la-2,363,5368,4,810,512,2,0,0,0,0,2,512,4,16,8,128,32,2,64,32,8,4,3,1,2,1,2,1,1,0,1,0,0
5368,3,zeros-la-2-6,zeros-la-2,364,5368,3,812,512,2,0,2,0,2,512,4,0,16,8,128,32,2,64,32,8,3,4,1,2,1,2,1,1,0,1,0,0
5372,3,zeros-la-2-6,zeros-la-2,365,5372,3,816,512,0,0,4,4,0,2,512,4,16,8,128,32,2,64,32,8,3,2,3,2,1,2,1,1,0,1,0,0
5380,3,zeros-la-2-6,zeros-la-2,366,5380,3,818,512,0,0,4,2,0,2,512,8,16,8,128,32,2,64,32,8,3,3,1,3,1,2,1,1,0,1,0,0
5380,2,zeros-la-2-6,zeros-la-2,367,5380,2,820,512,4,2,0,0,2,512,8,2,16,8,128,32,2,64,32,8,2,4,1,3,1,2,1,1,0,1,0,0
5380,1,zeros-la-2-6,zeros-la-2,368,5380,1,822,512,2,0,4,2,2,512,8,2,16,8,128,32,2,64,32,8,1,5,1,3,1,2,1,1,0,1,0,0
5388,2,zeros-la-2-6,zeros-la-2,369,5388,2,824,512,4,512,4,4,16,8,8,32,2,64,128,8,0,2,32,0,2,2,3,3,1,2,1,1,0,1,0,0
5412,3,zeros-la-2-6,zeros-la-2,370,5412,3,828,512,4,4,512,8,0,16,16,32,2,64,128,8,0,0,2,32,3,2,2,2,2,2,1,1,0,1,0,0
5452,4,zeros-la-2-6,zeros-la-2,371,5452,4,830,512,0,8,512,8,0,0,32,32,2,64,128,8,0,2,2,32,4,3,0,3,0,3,1,1,0,1,0,0
5520,5,zeros-la-2-6,zeros-la-2,372,5520,5,832,512,2,8,512,8,0,0,0,64,2,64,128,8,0,0,4,32,5,2,1,3,0,1,2,1,0,1,0,0
5524,5,zeros-la-2-6,zeros-la-2,373,5524,5,836,512,4,8,512,8,0,64,128,64,0,0,4,8,0,0,4,32,5,0,3,3,0,1,2,1,0,1,0,0
5532,5,zeros-la-2-6,zeros-la-2,374,5532,5,838,512,4,8,512,8,0,64,128,64,2,0,8,8,0,0,0,32,5,1,1,4,0,1,2,1,0,1,0,0
5548,5,zeros-la-2-6,zeros-la-2,375,5548,5,840,512,4,8,512,8,0,64,128,64,0,0,2,16,2,0,0,32,5,2,1,2,1,1,2,1,0,1,0,0
5548,4,zeros-la-2-6,zeros-la-2,376,5548,4,842,512,4,8,512,8,0,64,128,64,0,2,2,16,0,0,2,32,4,3,1,2,1,1,2,1,0,1,0,0
5552,4,zeros-la-2-6,zeros-la-2,377,5552,4,844,512,4,8,512,8,0,64,128,64,2,2,4,16,0,0,0,32,4,2,2,2,1,1,2,1,0,1,0,0
5556,4,zeros-la-2-6,zeros-la-2,378,5556,4,846,512,4,8,512,8,0,64,128,64,0,4,4,16,0,2,0,32,4,1,3,2,1,1,2,1,0,1,0,0
5556,3,zeros-la-2-6,zeros-la-2,379,5556,3,850,512,0,8,0,8,0,64,512,64,4,4,128,16,4,2,4,32,3,1,4,2,1,1,2,1,0,1,0,0
5564,3,zeros-la-2-6,zeros-la-2,380,5564,3,852,512,8,8,512,8,0,64,128,64,0,4,4,16,0,2,2,32,3,2,2,3,1,1,2,1,0,1,0,0
5592,5,zeros-la-2-6,zeros-la-2,381,5592,5,854,512,0,16,512,8,0,64,128,64,0,0,8,16,2,0,4,32,5,1,1,2,2,1,2,1,0,1,0,0
5592,4,zeros-la-2-6,zeros-la-2,382,5592,4,856,512,2,0,512,8,0,0,128,64,0,16,8,16,2,64,4,32,4,2,1,2,2,1,2,1,0,1,0,0
5596,4,zeros-la-2-6,zeros-la-2,383,5596,4,860,512,0,0,512,8,4,0,128,64,0,16,8,16,4,64,4,32,4,0,3,2,2,1,2,1,0,1,0,0
5604,4,zeros-la-2-6,zeros-la-2,384,5604,4,862,512,8,16,512,8,2,64,128,64,0,0,8,16,0,0,4,32,4,1,1,3,2,1,2,1,0,1,0,0
5604,3,zeros-la-2-6,zeros-la-2,385,5604,3,864,512,8,16,512,8,2,64,128,64,2,0,8,16,0,0,4,32,3,2,1,3,2,1,2,1,0,1,0,0
5608,3,zeros-la-2-6,zeros-la-2,386,5608,3,866,512,8,16,512,8,4,64,128,64,0,0,8,16,2,0,4,32,3,1,2,3,2,1,2,1,0,1,0,0
5608,2,zeros-la-2-6,zeros-la-2,387,5608,2,868,512,8,16,512,8,4,64,128,64,0,2,8,16,0,2,4,32,2,2,2,3,2,1,2,1,0,1,0,0
5612,2,zeros-la-2-6,zeros-la-2,388,5612,2,870,512,2,0,512,8,0,16,128,64,8,64,8,16,4,4,4,32,2,1,3,3,2,1,2,1,0,1,0,0
5620,2,zeros-la-2-6,zeros-la-2,389,5620,2,872,512,2,2,512,8,0,16,128,64,8,64,8,16,0,4,8,32,2,2,1,4,2,1,2,1,0,1,0,0
5636,2,zeros-la-2-6,zeros-la-2,390,5636,2,874,512,2,2,512,8,8,16,128,64,0,64,16,16,2,4,0,32,2,3,1,2,3,1,2,1,0,1,0,0
5672,3,zeros-la-2-6,zeros-la-2,391,5672,3,878,512,0,4,512,8,8,16,128,64,0,4,64,32,0,2,4,32,3,1,3,2,1,2,2,1,0,1,0,0
5736,3,zeros-la-2-6,zeros-la-2,392,5736,3,880,512,8,4,512,8,0,16,128,64,2,4,64,64,0,2,4,0,3,2,3,2,1,0,3,1,0,1,0,0
5864,3,zeros-la-2-6,zeros-la-2,393,5864,3,882,512,8,4,512,8,16,128,64,2,2,4,128,0,2,4,0,0,3,3,3,2,1,0,1,2,0,1,0,0
5876,4,zeros-la-2-6,zeros-la-2,394,5876,4,884,512,0,0,0,2,8,4,512,0,16,128,64,8,4,8,128,2,4,2,2,3,1,0,1,2,0,1,0,0
5876,3,zeros-la-2-6,zeros-la-2,395,5876,3,886,512,2,0,0,2,8,4,512,0,16,128,64,8,4,8,128,2,3,3,2,3,1,0,1,2,0,1,0,0
5880,3,zeros-la-2-6,zeros-la-2,396,5880,3,888,512,4,2,0,0,8,4,512,0,16,128,64,8,4,8,128,2,3,2,3,3,1,0,1,2,0,1,0,0
5880,2,zeros-la-2-6,zeros-la-2,397,5880,2,892,512,4,2,512,8,8,4,64,2,16,128,128,4,4,8,0,0,2,2,4,3,1,0,1,2,0,1,0,0
6136,2,zeros-la-2-6,zeros-la-2,398,6136,2,894,512,4,2,512,8,8,4,64,2,16,256,4,0,4,8,2,0,2,3,4,3,1,0,1,0,1,1,0,0
6136,1,zeros-la-2-6,zeros-la-2,399,6136,1,896,512,4,2,512,2,8,4,64,0,16,256,4,8,4,8,2,2,1,4,4,3,1,0,1,0,1,1,0,0
6140,1,zeros-la-2-6,zeros-la-2,400,6140,1,900,512,4,2,512,2,4,8,4,64,16,256,4,8,0,4,8,4,1,2,6,3,1,0,1,0,1,1,0,0
6156,2,zeros-la-2-6,zeros-la-2,401,6156,2,902,512,0,2,2,2,0,8,512,64,8,256,8,8,16,4,8,4,2,3,2,5,1,0,1,0,1,1,0,0
6176,3,zeros-la-2-6,zeros-la-2,402,6176,3,904,512,4,2,2,0,8,512,64,0,8,256,16,0,16,4,8,4,3,2,3,3,2,0,1,0,1,1,0,0
6192,3,zeros-la-2-6,zeros-la-2,403,6192,3,906,512,4,2,2,4,16,512,64,0,16,256,16,0,2,4,8,0,3,3,3,1,3,0,1,0,1,1,0,0
6196,3,zeros-la-2-6,zeros-la-2,404,6196,3,908,512,0,4,4,4,0,16,512,64,0,16,256,16,2,2,4,8,3,2,4,1,3,0,1,0,1,1,0,0
6208,4,zeros-la-2-6,zeros-la-2,405,6208,4,910,512,0,0,4,8,2,16,512,64,0,16,256,16,0,4,4,8,4,1,3,2,3,0,1,0,1,1,0,0
6216,4,zeros-la-2-6,zeros-la-2,406,6216,4,912,512,0,2,4,8,2,16,512,64,0,16,256,16,0,0,8,8,4,2,1,3,3,0,1,0,1,1,0,0
6248,4,zeros-la-2-6,zeros-la-2,407,6248,4,914,512,2,2,4,8,2,32,512,64,0,0,256,16,0,0,8,8,4,3,1,3,1,1,1,0,1,1,0,0
6268,5,zeros-la-2-6,zeros-la-2,408,6268,5,916,512,2,4,4,8,2,32,512,64,0,0,256,16,0,0,0,16,5,2,2,1,2,1,1,0,1,1,0,0
6304,6,zeros-la-2-6,zeros-la-2,409,6304,6,918,512,4,4,4,8,0,32,512,64,0,2,256,32,0,0,0,0,6,1,3,1,0,2,1,0,1,1,0,0
6312,6,zeros-la-2-6,zeros-la-2,410,6312,6,920,512,0,4,8,8,0,32,512,64,0,2,256,32,0,2,0,0,6,2,1,2,0,2,1,0,1,1,0,0
6316,6,zeros-la-2-6,zeros-la-2,411,6316,6,922,512,0,4,8,8,0,32,512,64,0,4,256,32,2,0,0,0,6,1,2,2,0,2,1,0,1,1,0,0
6332,6,zeros-la-2-6,zeros-la-2,412,6332,6,924,512,4,16,0,0,32,512,64,0,4,256,32,2,2,0,0,0,6,2,2,0,1,2,1,0,1,1,0,0
6332,5,zeros-la-2-6,zeros-la-2,413,6332,5,926,512,0,0,4,16,0,32,512,64,4,256,32,2,0,2,0,2,5,3,2,0,1,2,1,0,1,1,0,0
6336,5,zeros-la-2-6,zeros-la-2,414,6336,5,928,512,4,16,0,0,32,512,64,2,4,256,32,2,4,0,0,0,5,2,3,0,1,2,1,0,1,1,0,0
6348,6,zeros-la-2-6,zeros-la-2,415,6348,6,930,512,4,16,64,4,32,512,32,0,8,256,2,0,0,0,0,0,6,1,2,1,1,2,1,0,1,1,0,0
6348,5,zeros-la-2-6,zeros-la-2,416,6348,5,932,512,4,16,64,4,32,512,32,0,8,256,2,0,0,0,0,2,5,2,2,1,1,2,1,0,1,1,0,0
6348,4,zeros-la-2-6,zeros-la-2,417,6348,4,934,512,4,16,64,4,2,32,512,32,0,8,256,2,0,0,0,2,4,3,2,1,1,2,1,0,1,1,0,0
6352,4,zeros-la-2-6,zeros-la-2,418,6352,4,936,512,4,16,64,4,2,32,512,32,0,8,256,4,0,0,2,0,4,2,3,1,1,2,1,0,1,1,0,0
6352,3,zeros-la-2-6,zeros-la-2,419,6352,3,938,512,4,16,64,4,2,32,512,32,0,8,256,4,0,0,2,2,3,3,3,1,1,2,1,0,1,1,0,0
6356,3,zeros-la-2-6,zeros-la-2,420,6356,3,940,512,4,16,64,4,2,32,512,32,0,8,256,4,0,2,0,4,3,2,4,1,1,2,1,0,1,1,0,0
6364,3,zeros-la-2-6,zeros-la-2,421,6364,3,942,512,0,16,2,0,0,32,64,4,4,8,512,32,2,2,256,8,3,3,2,2,1,2,1,0,1,1,0,0
6368,3,zeros-la-2-6,zeros-la-2,422,6368,3,944,512,16,2,0,2,32,64,4,0,4,8,512,32,4,256,8,0,3,2,3,2,1,2,1,0,1,1,0,0
6376,3,zeros-la-2-6,zeros-la-2,423,6376,3,946,512,0,2,2,0,16,64,4,0,32,8,512,2,8,256,8,32,3,3,1,3,1,2,1,0,1,1,0,0
6380,3,zeros-la-2-6,zeros-la-2,424,6380,3,948,512,4,0,0,0,16,64,4,2,32,8,512,2,8,256,8,32,3,2,2,3,1,2,1,0,1,1,0,0
6384,3,zeros-la-2-6,zeros-la-2,425,6384,3,950,512,4,64,4,4,16,8,512,32,32,256,8,0,8,2,0,0,3,1,3,3,1,2,1,0,1,1,0,0
6392,3,zeros-la-2-6,zeros-la-2,426,6392,3,952,512,4,64,8,0,16,8,512,32,32,256,8,0,8,2,2,0,3,2,1,4,1,2,1,0,1,1,0,0
6396,3,zeros-la-2-6,zeros-la-2,427,6396,3,954,512,4,64,8,0,16,8,512,32,32,256,8,0,8,4,2,0,3,1,2,4,1,2,1,0,1,1,0,0
6396,2,zeros-la-2-6,zeros-la-2,428,6396,2,956,512,4,64,8,32,16,8,512,0,32,256,8,2,8,4,2,0,2,2,2,4,1,2,1,0,1,1,0,0
6396,1,zeros-la-2-6,zeros-la-2,429,6396,1,960,512,4,64,8,32,4,16,8,512,32,256,8,2,0,8,4,2,1,2,3,4,1,2,1,0,1,1,0,0
6424,3,zeros-la-2-6,zeros-la-2,430,6424,3,962,512,8,64,16,32,32,16,8,512,0,256,4,4,0,8,0,2,3,1,2,3,2,2,1,0,1,1,0,0
6432,3,zeros-la-2-6,zeros-la-2,431,6432,3,966,512,8,64,16,32,32,16,8,512,256,8,0,0,8,2,4,0,3,1,1,4,2,2,1,0,1,1,0,0
6432,2,zeros-la-2-6,zeros-la-2,432,6432,2,968,512,8,64,0,2,32,16,16,0,256,8,8,32,8,2,4,512,2,2,1,4,2,2,1,0,1,1,0,0
6480,3,zeros-la-2-6,zeros-la-2,433,6480,3,970,512,8,64,2,2,32,32,0,0,256,16,32,0,8,2,4,512,3,3,1,2,1,3,1,0,1,1,0,0
6548,4,zeros-la-2-6,zeros-la-2,434,6548,4,972,512,2,8,64,4,0,0,0,64,0,256,16,32,8,2,4,512,4,2,2,2,1,1,2,0,1,1,0,0
6548,3,zeros-la-2-6,zeros-la-2,435,6548,3,974,512,2,0,0,4,0,8,64,64,2,256,16,32,8,2,4,512,3,3,2,2,1,1,2,0,1,1,0,0
6676,3,zeros-la-2-6,zeros-la-2,436,6676,3,976,512,2,0,2,4,0,0,8,128,2,256,16,32,8,2,4,512,3,4,2,2,1,1,0,1,1,1,0,0
6680,3,zeros-la-2-6,zeros-la-2,437,6680,3,978,512,4,4,0,0,8,128,2,0,2,256,16,32,8,2,4,512,3,3,3,2,1,1,0,1,1,1,0,0
6688,3,zeros-la-2-6,zeros-la-2,438,6688,3,980,512,8,0,2,0,8,128,2,0,2,256,16,32,8,2,4,512,3,4,1,3,1,1,0,1,1,1,0,0
6708,4,zeros-la-2-6,zeros-la-2,439,6708,4,982,512,16,128,4,32,2,256,16,512,8,2,4,0,0,0,0,2,4,3,2,1,2,1,0,1,1,1,0,0
6708,3,zeros-la-2-6,zeros-la-2,440,6708,3,984,512,16,128,4,32,2,256,16,512,0,8,2,4,2,0,0,2,3,4,2,1,2,1,0,1,1,1,0,0
6712,3,zeros-la-2-6,zeros-la-2,441,6712,3,986,512,16,128,4,32,2,256,16,512,0,8,2,4,0,2,0,4,3,3,3,1,2,1,0,1,1,1,0,0
6720,3,zeros-la-2-6,zeros-la-2,442,6720,3,988,512,16,128,4,32,2,256,16,512,0,8,2,8,0,2,0,2,3,4,1,2,2,1,0,1,1,1,0,0
6724,3,zeros-la-2-6,zeros-la-2,443,6724,3,990,512,16,128,4,32,2,256,16,512,8,2,8,0,4,0,0,2,3,3,2,2,2,1,0,1,1,1,0,0
6724,2,zeros-la-2-6,zeros-la-2,444,6724,2,992,512,16,128,4,32,2,256,16,512,8,2,8,2,4,2,0,0,2,4,2,2,2,1,0,1,1,1,0,0
6728,2,zeros-la-2-6,zeros-la-2,445,6728,2,994,512,16,2,0,0,2,128,4,32,8,256,16,512,4,4,8,2,2,3,3,2,2,1,0,1,1,1,0,0
6736,2,zeros-la-2-6,zeros-la-2,446,6736,2,996,512,16,2,0,2,2,128,4,32,8,256,16,512,8,8,2,0,2,4,1,3,2,1,0,1,1,1,0,0
6756,3,zeros-la-2-6,zeros-la-2,447,6756,3,998,512,0,0,16,4,2,128,4,32,8,256,16,512,0,2,16,2,3,3,2,1,3,1,0,1,1,1,0,0
6788,3,zeros-la-2-6,zeros-la-2,448,6788,3,1000,512,2,128,16,4,8,256,4,32,0,2,32,512,0,0,2,2,3,4,2,1,1,2,0,1,1,1,0,0
6792,3,zeros-la-2-6,zeros-la-2,449,6792,3,1004,512,2,128,16,4,8,256,4,32,4,2,32,512,0,0,0,4,3,2,4,1,1,2,0,1,1,1,0,0
6792,2,zeros-la-2-6,zeros-la-2,450,6792,2,1006,512,2,128,16,4,8,256,4,32,4,2,32,512,4,2,0,0,2,3,4,1,1,2,0,1,1,1,0,0
6804,3,zeros-la-2-6,zeros-la-2,451,6804,3,1008,512,0,0,0,2,2,128,16,4,8,256,4,32,8,4,32,512,3,2,3,2,1,2,0,1,1,1,0,0
6820,3,zeros-la-2-6,zeros-la-2,452,6820,3,1010,512,2,128,16,2,16,256,4,4,0,4,32,32,2,0,0,512,3,3,3,0,2,2,0,1,1,1,0,0
6892,4,zeros-la-2-6,zeros-la-2,453,6892,4,1014,512,2,128,16,2,16,256,8,0,4,64,4,0,2,512,0,0,4,3,2,1,2,0,1,1,1,1,0,0
6892,3,zeros-la-2-6,zeros-la-2,454,6892,3,1016,512,2,128,16,2,0,16,256,8,2,4,64,4,0,0,2,512,3,4,2,1,2,0,1,1,1,1,0,0
6896,3,zeros-la-2-6,zeros-la-2,455,6896,3,1020,512,4,128,16,2,0,16,256,8,0,4,64,4,4,0,2,512,3,2,4,1,2,0,1,1,1,1,0,0
6904,3,zeros-la-2-6,zeros-la-2,456,6904,3,1022,512,8,128,16,2,0,16,256,8,0,4,64,4,2,0,2,512,3,3,2,2,2,0,1,1,1,1,0,0
6908,3,zeros-la-2-6,zeros-la-2,457,6908,3,1024,512,8,128,16,2,16,256,8,0,4,64,4,0,4,512,2,0,3,2,3,2,2,0,1,1,1,1,0,0
6916,3,zeros-la-2-6,zeros-la-2,458,6916,3,1026,512,0,128,16,2,8,256,8,0,16,64,4,0,8,512,2,2,3,3,1,3,2,0,1,1,1,1,0,0
6920,3,zeros-la-2-6,zeros-la-2,459,6920,3,1028,512,128,16,2,0,8,256,8,0,16,64,4,0,8,512,4,2,3,2,2,3,2,0,1,1,1,1,0,0
6928,3,zeros-la-2-6,zeros-la-2,460,6928,3,1030,512,128,16,2,2,8,256,8,0,16,64,8,2,8,512,0,0,3,3,0,4,2,0,1,1,1,1,0,0
6948,4,zeros-la-2-6,zeros-la-2,461,6948,4,1032,512,128,16,2,0,8,256,0,0,16,64,2,0,8,512,16,4,4,2,1,2,3,0,1,1,1,1,0,0
6952,4,zeros-la-2-6,zeros-la-2,462,6952,4,1034,512,128,16,0,0,8,256,0,2,16,64,4,0,8,512,16,4,4,1,2,2,3,0,1,1,1,1,0,0
6952,3,zeros-la-2-6,zeros-la-2,463,6952,3,1036,512,128,16,2,0,8,256,0,0,16,64,4,2,8,512,16,4,3,2,2,2,3,0,1,1,1,1,0,0
6952,2,zeros-la-2-6,zeros-la-2,464,6952,2,1038,512,128,16,2,2,8,256,4,4,16,64,16,0,8,512,0,2,2,3,2,2,3,0,1,1,1,1,0,0
6964,3,zeros-la-2-6,zeros-la-2,465,6964,3,1040,512,128,16,4,2,8,256,8,0,16,64,16,0,8,512,2,0,3,2,1,3,3,0,1,1,1,1,0,0
6964,2,zeros-la-2-6,zeros-la-2,466,6964,2,1042,512,128,16,4,2,8,256,8,0,16,64,16,0,8,512,2,2,2,3,1,3,3,0,1,1,1,1,0,0
6968,2,zeros-la-2-6,zeros-la-2,467,6968,2,1044,512,128,16,4,4,8,256,8,2,16,64,16,0,8,512,2,0,2,2,2,3,3,0,1,1,1,1,0,0
6976,2,zeros-la-2-6,zeros-la-2,468,6976,2,1046,512,128,16,8,0,8,256,8,2,16,64,16,0,8,512,2,2,2,3,0,4,3,0,1,1,1,1,0,0
6996,3,zeros-la-2-6,zeros-la-2,469,6996,3,1048,512,128,16,16,4,8,256,16,0,16,64,2,0,8,512,0,2,3,2,1,2,4,0,1,1,1,1,0,0
7028,3,zeros-la-2-6,zeros-la-2,470,7028,3,1050,512,128,16,32,4,8,256,2,2,16,64,0,0,8,512,0,2,3,3,1,2,2,1,1,1,1,1,0,0
7032,3,zeros-la-2-6,zeros-la-2,471,7032,3,1052,512,128,16,32,4,0,8,256,4,0,2,16,64,0,8,512,2,3,2,2,2,2,1,1,1,1,1,0,0
7040,3,zeros-la-2-6,zeros-la-2,472,7040,3,1054,512,2,16,32,0,0,8,256,8,0,2,16,64,128,8,512,2,3,3,0,3,2,1,1,1,1,1,0,0
7040,2,zeros-la-2-6,zeros-la-2,473,7040,2,1056,512,0,2,16,32,0,8,256,8,2,2,16,64,128,8,512,2,2,4,0,3,2,1,1,1,1,1,0,0
7044,2,zeros-la-2-6,zeros-la-2,474,7044,2,1058,512,2,2,16,32,0,8,256,8,0,4,16,64,128,8,512,2,2,3,1,3,2,1,1,1,1,1,0,0
7048,2,zeros-la-2-6,zeros-la-2,475,7048,2,1060,512,4,16,32,0,8,256,8,0,4,16,64,2,128,8,512,2,2,2,2,3,2,1,1,1,1,1,0,0
7052,2,zeros-la-2-6,zeros-la-2,476,7052,2,1062,512,4,16,32,4,8,256,8,0,4,16,64,2,128,8,512,0,2,1,3,3,2,1,1,1,1,1,0,0
7052,1,zeros-la-2-6,zeros-la-2,477,7052,1,1064,512,4,16,32,4,8,256,8,2,4,16,64,2,128,8,512,0,1,2,3,3,2,1,1,1,1,1,0,0
7056,1,zeros-la-2-6,zeros-la-2,478,7056,1,1066,512,4,16,32,2,8,256,8,0,4,16,64,4,128,8,512,4,1,1,4,3,2,1,1,1,1,1,0,0
7056,0,zeros-la-2-6,zeros-la-2,479,7056,0,1068,512,4,16,32,2,8,256,8,2,4,16,64,4,128,8,512,4,0,2,4,3,2,1,1,1,1,1,0,0
7068,1,zeros-la-2-6,zeros-la-2,480,7068,1,1070,512,4,16,32,4,8,256,8,8,4,16,64,2,128,8,512,0,1,1,3,4,2,1,1,1,1,1,0,0
7084,1,zeros-la-2-6,zeros-la-2,481,7084,1,1072,512,4,16,32,4,8,256,16,2,4,16,64,2,128,8,512,0,1,2,3,2,3,1,1,1,1,1,0,0
7088,1,zeros-la-2-6,zeros-la-2,482,7088,1,1074,512,4,16,32,2,8,256,16,0,4,16,64,4,128,8,512,4,1,1,4,2,3,1,1,1,1,1,0,0
7096,1,zeros-la-2-6,zeros-la-2,483,7096,1,1076,512,4,16,32,2,8,256,16,0,4,16,64,2,128,8,512,8,1,2,2,3,3,1,1,1,1,1,0,0
7100,1,zeros-la-2-6,zeros-la-2,484,7100,1,1078,512,4,16,32,2,8,256,16,0,4,16,64,4,128,8,512,8,1,1,3,3,3,1,1,1,1,1,0,0
7100,0,zeros-la-2-6,zeros-la-2,485,7100,0,1080,512,4,16,32,2,8,256,16,4,4,16,64,8,128,8,512,2,0,2,3,3,3,1,1,1,1,1,0,0
0,13,zeros-la-2-7,zeros-la-2,0,0,13,6,2,2,0,2,2,0,0,0,0,0,0,0,0,0,0,0,0,13,3,0,0,0,0,0,0,0,0,0,0
4,13,zeros-la-2-7,zeros-la-2,1,4,13,8,4,4,2,2,0,0,0,0,0,0,0,0,0,0,0,0,0,13,2,1,0,0,0,0,0,0,0,0,0
8,13,zeros-la-2-7,zeros-la-2,2,8,13,10,4,4,4,0,0,2,0,0,0,0,0,0,0,0,0,0,0,13,1,2,0,0,0,0,0,0,0,0,0
16,13,zeros-la-2-7,zeros-la-2,3,16,13,12,8,0,0,0,8,0,0,0,2,2,0,0,0,0,0,0,0,13,2,0,1,0,0,0,0,0,0,0,0
16,12,zeros-la-2-7,zeros-la-2,4,16,12,14,8,8,0,0,0,2,0,0,0,2,0,0,0,0,2,0,0,12,3,0,1,0,0,0,0,0,0,0,0
20,12,zeros-la-2-7,zeros-la-2,5,20,12,16,8,8,2,0,0,4,0,0,0,0,0,0,0,0,0,0,2,12,2,1,1,0,0,0,0,0,0,0,0
20,11,zeros-la-2-7,zeros-la-2,6,20,11,18,8,0,0,0,2,0,0,0,0,8,0,0,0,4,2,0,2,11,3,1,1,0,0,0,0,0,0,0,0
24,11,zeros-la-2-7,zeros-la-2,7,24,11,20,8,2,0,0,0,0,0,0,0,8,0,0,2,4,4,0,0,11,2,2,1,0,0,0,0,0,0,0,0
32,11,zeros-la-2-7,zeros-la-2,8,32,11,22,8,2,0,2,0,0,0,0,0,8,2,0,0,8,0,0,0,11,3,0,2,0,0,0,0,0,0,0,0
36,11,zeros-la-2-7,zeros-la-2,9,36,11,24,8,4,0,0,0,2,0,0,0,8,2,0,0,8,0,0,0,11,2,1,2,0,0,0,0,0,0,0,0
52,11,zeros-la-2-7,zeros-la-2,10,52,11,28,16,0,0,0,0,4,4,0,0,2,0,0,0,16,2,0,0,11,2,2,0,1,0,0,0,0,0,0,0
60,11,zeros-la-2-7,zeros-la-2,11,60,11,30,16,0,0,0,0,0,0,0,8,0,2,0,2,0,0,16,2,11,3,0,1,1,0,0,0,0,0,0,0
64,11,zeros-la-2-7,zeros-la-2,12,64,11,32,16,0,0,0,2,8,0,0,0,4,0,0,0,16,2,0,0,11,2,1,1,1,0,0,0,0,0,0,0
64,10,zeros-la-2-7,zeros-la-2,13,64,10,34,16,8,2,0,2,4,0,0,0,16,0,0,0,2,0,0,0,10,3,1,1,1,0,0,0,0,0,0,0
68,10,zeros-la-2-7,zeros-la-2,14,68,10,36,16,0,0,8,4,0,0,0,4,0,0,0,16,2,0,0,2,10,2,2,1,1,0,0,0,0,0,0,0
76,10,zeros-la-2-7,zeros-la-2,15,76,10,38,16,2,0,8,8,0,0,2,16,0,0,0,2,0,0,0,0,10,3,0,2,1,0,0,0,0,0,0,0
92,10,zeros-la-2-7,zeros-la-2,16,92,10,40,16,0,0,2,16,2,0,2,16,0,0,0,2,0,0,0,0,10,4,0,0,2,0,0,0,0,0,0,0
128,11,zeros-la-2-7,zeros-la-2,17,128,11,42,32,0,0,0,0,0,0,2,0,0,0,0,32,2,0,4,2,11,3,1,0,0,1,0,0,0,0,0,0
128,10,zeros-la-2-7,zeros-la-2,18,128,10,44,32,2,0,2,32,0,0,4,2,0,0,0,0,0,2,0,0,10,4,1,0,0,1,0,0,0,0,0,0
132,10,zeros-la-2-7,zeros-la-2,19,132,10,46,32,4,32,0,0,4,2,0,2,0,0,0,0,2,0,0,0,10,3,2,0,0,1,0,0,0,0,0,0
140,10,zeros-la-2-7,zeros-la-2,20,140,10,48,32,0,0,0,0,0,2,0,0,8,32,0,0,2,2,0,2,10,4,0,1,0,1,0,0,0,0,0,0
144,10,zeros-la-2-7,zeros-la-2,21,144,10,50,32,0,0,0,0,0,0,0,2,0,0,8,32,2,0,2,4,10,3,1,1,0,1,0,0,0,0,0,0
148,10,zeros-la-2-7,zeros-la-2,22,148,10,52,32,0,0,0,0,0,0,0,2,0,0,8,32,0,2,4,4,10,2,2,1,0,1,0,0,0,0,0,0
156,10,zeros-la-2-7,zeros-la-2,23,156,10,54,32,0,0,0,0,0,0,0,2,0,0,8,32,0,2,2,8,10,3,0,2,0,1,0,0,0,0,0,0
160,10,zeros-la-2-7,zeros-la-2,24,160,10,58,32,0,0,0,4,2,0,0,0,8,32,0,0,4,8,0,0,10,1,2,2,0,1,0,0,0,0,0,0
160,9,zeros-la-2-7,zeros-la-2,25,160,9,60,32,2,32,0,4,8,8,2,0,4,0,0,0,0,0,0,0,9,2,2,2,0,1,0,0,0,0,0,0
176,9,zeros-la-2-7,zeros-la-2,26,176,9,62,32,0,2,32,4,0,0,16,2,0,2,0,4,0,0,0,0,9,3,2,0,1,1,0,0,0,0,0,0
180,9,zeros-la-2-7,zeros-la-2,27,180,9,64,32,0,0,0,0,0,2,0,4,0,0,32,2,0,4,16,4,9,2,3,0,1,1,0,0,0,0,0,0
180,8,zeros-la-2-7,zeros-la-2,28,180,8,66,32,0,2,0,0,2,4,0,0,32,2,0,0,4,16,4,0,8,3,3,0,1,1,0,0,0,0,0,0
180,7,zeros-la-2-7,zeros-la-2,29,180,7,68,32,2,2,4,0,32,4,0,0,4,2,0,0,0,16,0,2,7,4,3,0,1,1,0,0,0,0,0,0
184,7,zeros-la-2-7,zeros-la-2,30,184,7,70,32,4,4,0,2,32,4,0,0,4,2,0,0,16,2,0,0,7,3,4,0,1,1,0,0,0,0,0,0
196,8,zeros-la-2-7,zeros-la-2,31,196,8,74,32,4,0,4,0,32,0,0,0,4,8,0,0,16,4,0,2,8,1,4,1,1,1,0,0,0,0,0,0
204,8,zeros-la-2-7,zeros-la-2,32,204,8,76,32,0,0,0,8,0,2,0,32,0,0,4,8,0,16,4,2,8,2,2,2,1,1,0,0,0,0,0,0
212,8,zeros-la-2-7,zeros-la-2,33,212,8,78,32,0,2,8,8,0,16,0,32,0,0,0,8,2,0,0,2,8,3,0,3,1,1,0,0,0,0,0,0
232,9,zeros-la-2-7,zeros-la-2,34,232,9,82,32,0,0,2,16,4,0,16,32,0,0,0,8,0,0,0,4,9,1,2,1,2,1,0,0,0,0,0,0
232,8,zeros-la-2-7,zeros-la-2,35,232,8,84,32,2,16,0,0,4,16,32,0,8,0,2,0,4,0,0,0,8,2,2,1,2,1,0,0,0,0,0,0
264,8,zeros-la-2-7,zeros-la-2,36,264,8,86,32,2,32,32,2,4,0,2,0,8,0,0,0,4,0,0,0,8,3,2,1,0,2,0,0,0,0,0,0
328,8,zeros-la-2-7,zeros-la-2,37,328,8,88,64,2,2,64,2,0,0,4,2,0,0,0,8,0,0,0,4,8,4,2,1,0,0,1,0,0,0,0,0
332,8,zeros-la-2-7,zeros-la-2,38,332,8,90,64,0,0,0,2,0,0,0,4,0,0,64,8,2,2,4,4,8,3,3,1,0,0,1,0,0,0,0,0
344,9,zeros-la-2-7,zeros-la-2,39,344,9,92,64,0,0,0,2,0,0,0,4,2,0,64,8,0,0,4,8,9,2,2,2,0,0,1,0,0,0,0,0
360,9,zeros-la-2-7,zeros-la-2,40,360,9,94,64,0,0,0,0,0,2,0,2,0,0,64,4,2,0,4,16,9,3,2,0,1,0,1,0,0,0,0,0
360,8,zeros-la-2-7,zeros-la-2,41,360,8,98,64,0,0,0,0,0,0,0,2,4,0,64,4,2,2,4,16,8,3,3,0,1,0,1,0,0,0,0,0
364,8,zeros-la-2-7,zeros-la-2,42,364,8,100,64,0,0,0,0,0,0,2,2,0,4,64,4,0,4,4,16,8,2,4,0,1,0,1,0,0,0,0,0
376,9,zeros-la-2-7,zeros-la-2,43,376,9,102,64,0,2,0,0,0,0,0,4,0,4,64,4,0,0,8,16,9,1,3,1,1,0,1,0,0,0,0,0
384,9,zeros-la-2-7,zeros-la-2,44,384,9,104,64,0,0,0,0,0,2,0,0,0,2,64,8,0,4,8,16,9,2,1,2,1,0,1,0,0,0,0,0
388,9,zeros-la-2-7,zeros-la-2,45,388,9,106,64,0,0,0,0,0,0,0,0,0,4,64,8,2,4,8,16,9,1,2,2,1,0,1,0,0,0,0,0
396,9,zeros-la-2-7,zeros-la-2,46,396,9,108,64,0,0,0,0,0,2,0,0,0,0,64,8,2,8,8,16,9,2,0,3,1,0,1,0,0,0,0,0
412,9,zeros-la-2-7,zeros-la-2,47,412,9,110,64,0,0,0,0,0,0,0,2,2,0,64,8,0,2,16,16,9,3,0,1,2,0,1,0,0,0,0,0
444,9,zeros-la-2-7,zeros-la-2,48,444,9,112,64,0,2,0,0,0,0,0,2,0,2,64,8,0,0,2,32,9,4,0,1,0,1,1,0,0,0,0,0
444,8,zeros-la-2-7,zeros-la-2,49,444,8,114,64,2,2,0,0,2,0,0,0,2,64,8,0,2,32,0,0,8,5,0,1,0,1,1,0,0,0,0,0
452,9,zeros-la-2-7,zeros-la-2,50,452,9,116,64,0,0,0,0,0,2,0,0,4,64,0,0,4,32,8,2,9,2,2,1,0,1,1,0,0,0,0,0
460,9,zeros-la-2-7,zeros-la-2,51,460,9,120,64,8,2,8,2,0,64,0,0,4,32,0,0,0,0,0,0,9,2,1,2,0,1,1,0,0,0,0,0
460,8,zeros-la-2-7,zeros-la-2,52,460,8,122,64,8,2,8,2,64,0,0,0,4,32,0,0,0,2,0,0,8,3,1,2,0,1,1,0,0,0,0,0
460,7,zeros-la-2-7,zeros-la-2,53,460,7,126,64,8,2,8,2,64,32,0,0,4,2,4,0,0,0,0,0,7,3,2,2,0,1,1,0,0,0,0,0
460,6,zeros-la-2-7,zeros-la-2,54,460,6,128,64,2,0,0,0,8,2,0,0,64,32,8,0,4,2,4,2,6,4,2,2,0,1,1,0,0,0,0,0
460,5,zeros-la-2-7,zeros-la-2,55,460,5,132,64,2,0,0,0,8,2,0,4,64,32,8,0,4,2,4,2,5,4,3,2,0,1,1,0,0,0,0,0
460,4,zeros-la-2-7,zeros-la-2,56,460,4,134,64,2,2,8,4,8,32,4,2,64,2,0,0,4,2,0,0,4,5,3,2,0,1,1,0,0,0,0,0
464,4,zeros-la-2-7,zeros-la-2,57,464,4,136,64,4,8,4,0,8,32,4,2,64,2,2,0,4,2,0,0,4,4,4,2,0,1,1,0,0,0,0,0
476,5,zeros-la-2-7,zeros-la-2,58,476,5,138,64,4,0,0,0,8,8,0,0,64,32,8,2,4,4,2,2,5,3,3,3,0,1,1,0,0,0,0,0
504,7,zeros-la-2-7,zeros-la-2,59,504,7,140,64,0,2,0,4,0,0,0,16,64,32,8,2,0,0,8,4,7,2,2,2,1,1,1,0,0,0,0,0
520,7,zeros-la-2-7,zeros-la-2,60,520,7,144,64,0,0,0,4,0,0,0,16,4,2,0,2,64,32,16,4,7,2,3,0,2,1,1,0,0,0,0,0
524,7,zeros-la-2-7,zeros-la-2,61,524,7,146,64,2,0,0,4,0,0,0,16,0,0,4,4,64,32,16,4,7,1,4,0,2,1,1,0,0,0,0,0
532,7,zeros-la-2-7,zeros-la-2,62,532,7,148,64,2,32,4,4,64,0,16,16,0,0,0,8,2,0,0,0,7,2,2,1,2,1,1,0,0,0,0,0
572,8,zeros-la-2-7,zeros-la-2,63,572,8,150,64,0,2,32,8,0,0,64,32,0,2,0,8,0,0,0,2,8,3,0,2,0,2,1,0,0,0,0,0
572,7,zeros-la-2-7,zeros-la-2,64,572,7,154,64,2,32,8,0,64,32,0,4,2,8,0,0,2,0,0,0,7,3,1,2,0,2,1,0,0,0,0,0
640,8,zeros-la-2-7,zeros-la-2,65,640,8,156,64,0,0,0,0,2,0,0,0,64,64,2,0,4,8,8,4,8,2,2,2,0,0,2,0,0,0,0,0
784,9,zeros-la-2-7,zeros-la-2,66,784,9,160,128,0,0,0,0,0,0,0,2,0,0,128,2,4,4,16,4,9,2,3,0,1,0,0,1,0,0,0,0
788,9,zeros-la-2-7,zeros-la-2,67,788,9,162,128,4,4,128,4,0,0,16,4,0,0,0,0,0,2,0,0,9,1,4,0,1,0,0,1,0,0,0,0
796,9,zeros-la-2-7,zeros-la-2,68,796,9,164,128,4,4,128,8,0,2,16,2,0,0,0,0,0,0,0,0,9,2,2,1,1,0,0,1,0,0,0,0
804,9,zeros-la-2-7,zeros-la-2,69,804,9,166,128,0,8,128,8,0,2,16,2,0,0,0,0,0,2,0,0,9,3,0,2,1,0,0,1,0,0,0,0
808,9,zeros-la-2-7,zeros-la-2,70,808,9,168,128,0,8,128,8,0,4,16,2,0,0,0,0,2,0,0,0,9,2,1,2,1,0,0,1,0,0,0,0
808,8,zeros-la-2-7,zeros-la-2,71,808,8,170,128,0,8,128,8,2,4,16,2,0,0,0,0,0,0,0,2,8,3,1,2,1,0,0,1,0,0,0,0
808,7,zeros-la-2-7,zeros-la-2,72,808,7,172,128,8,128,8,0,2,4,16,2,0,0,0,0,2,0,0,2,7,4,1,2,1,0,0,1,0,0,0,0
816,8,zeros-la-2-7,zeros-la-2,73,816,8,174,128,0,0,0,0,2,0,0,0,8,128,8,0,4,4,16,4,8,1,3,2,1,0,0,1,0,0,0,0
824,8,zeros-la-2-7,zeros-la-2,74,824,8,176,128,0,0,0,0,2,0,0,2,8,128,8,0,8,16,4,0,8,2,1,3,1,0,0,1,0,0,0,0
840,8,zeros-la-2-7,zeros-la-2,75,840,8,178,128,0,0,0,0,0,0,2,0,2,128,8,0,16,16,4,2,8,3,1,1,2,0,0,1,0,0,0,0
872,8,zeros-la-2-7,zeros-la-2,76,872,8,180,128,0,0,0,0,2,2,0,0,2,128,8,0,32,4,2,0,8,4,1,1,0,1,0,1,0,0,0,0
876,8,zeros-la-2-7,zeros-la-2,77,876,8,182,128,0,0,0,0,0,2,0,0,4,128,8,2,32,4,2,0,8,3,2,1,0,1,0,1,0,0,0,0
876,7,zeros-la-2-7,zeros-la-2,78,876,7,184,128,0,0,0,0,0,2,0,0,4,128,8,2,32,4,2,2,7,4,2,1,0,1,0,1,0,0,0,0
880,7,zeros-la-2-7,zeros-la-2,79,880,7,186,128,0,0,2,0,0,0,0,2,4,128,8,2,0,32,4,4,7,3,3,1,0,1,0,1,0,0,0,0
884,7,zeros-la-2-7,zeros-la-2,80,884,7,188,128,0,2,0,0,0,0,2,0,0,128,8,4,4,32,4,4,7,2,4,1,0,1,0,1,0,0,0,0
892,7,zeros-la-2-7,zeros-la-2,81,892,7,190,128,0,0,0,2,0,0,2,2,0,128,8,4,0,4,32,8,7,3,2,2,0,1,0,1,0,0,0,0
896,7,zeros-la-2-7,zeros-la-2,82,896,7,192,128,0,0,2,2,0,0,0,4,0,128,8,4,0,4,32,8,7,2,3,2,0,1,0,1,0,0,0,0
904,7,zeros-la-2-7,zeros-la-2,83,904,7,194,128,0,0,0,0,0,2,2,2,0,128,8,8,0,4,32,8,7,3,1,3,0,1,0,1,0,0,0,0
924,8,zeros-la-2-7,zeros-la-2,84,924,8,196,128,0,2,0,0,4,2,0,0,128,16,0,0,4,32,8,0,8,2,2,1,1,1,0,1,0,0,0,0
928,8,zeros-la-2-7,zeros-la-2,85,928,8,198,128,4,4,8,2,128,16,0,0,4,32,0,0,0,0,0,0,8,1,3,1,1,1,0,1,0,0,0,0
936,8,zeros-la-2-7,zeros-la-2,86,936,8,200,128,8,8,2,0,128,16,0,0,4,32,0,2,0,0,0,0,8,2,1,2,1,1,0,1,0,0,0,0
936,7,zeros-la-2-7,zeros-la-2,87,936,7,202,128,8,8,2,2,128,16,0,0,4,32,0,0,0,2,0,0,7,3,1,2,1,1,0,1,0,0,0,0
956,8,zeros-la-2-7,zeros-la-2,88,956,8,206,128,0,0,16,4,0,4,128,16,0,0,4,32,0,0,0,2,8,1,3,0,2,1,0,1,0,0,0,0
956,7,zeros-la-2-7,zeros-la-2,89,956,7,208,128,2,0,0,4,0,0,16,16,0,0,128,32,0,4,4,2,7,2,3,0,2,1,0,1,0,0,0,0
996,8,zeros-la-2-7,zeros-la-2,90,996,8,210,128,0,0,2,4,0,0,0,32,0,0,128,32,0,2,8,2,8,3,1,1,0,2,0,1,0,0,0,0
1060,8,zeros-la-2-7,zeros-la-2,91,1060,8,212,128,0,2,2,4,2,0,128,64,0,0,8,2,0,0,0,0,8,4,1,1,0,0,1,1,0,0,0,0
1064,8,zeros-la-2-7,zeros-la-2,92,1064,8,214,128,0,0,4,4,2,2,128,64,0,0,8,2,0,0,0,0,8,3,2,1,0,0,1,1,0,0,0,0
1076,9,zeros-la-2-7,zeros-la-2,93,1076,9,216,128,8,0,0,0,4,128,64,0,8,2,0,0,2,0,0,0,9,2,1,2,0,0,1,1,0,0,0,0
1076,8,zeros-la-2-7,zeros-la-2,94,1076,8,218,128,8,0,0,0,4,128,64,0,8,2,0,0,2,2,0,0,8,3,1,2,0,0,1,1,0,0,0,0
1080,8,zeros-la-2-7,zeros-la-2,95,1080,8,220,128,8,128,64,0,4,4,2,0,8,0,0,0,2,0,0,0,8,2,2,2,0,0,1,1,0,0,0,0
1088,8,zeros-la-2-7,zeros-la-2,96,1088,8,222,128,8,128,64,2,8,2,0,0,8,0,0,0,2,0,0,0,8,3,0,3,0,0,1,1,0,0,0,0
1104,8,zeros-la-2-7,zeros-la-2,97,1104,8,224,128,0,0,2,0,8,0,0,0,16,128,0,0,2,2,64,2,8,4,0,1,1,0,1,1,0,0,0,0
1108,8,zeros-la-2-7,zeros-la-2,98,1108,8,226,128,2,0,0,2,8,0,0,0,16,128,0,0,4,64,2,0,8,3,1,1,1,0,1,1,0,0,0,0
1112,8,zeros-la-2-7,zeros-la-2,99,1112,8,228,128,4,2,0,0,8,0,0,0,16,128,0,0,4,64,2,0,8,2,2,1,1,0,1,1,0,0,0,0
1112,7,zeros-la-2-7,zeros-la-2,100,1112,7,230,128,4,2,2,0,8,128,0,0,16,64,2,0,4,0,0,0,7,3,2,1,1,0,1,1,0,0,0,0
1116,7,zeros-la-2-7,zeros-la-2,101,1116,7,234,128,4,2,4,4,8,128,0,0,16,64,0,0,4,0,0,0,7,1,4,1,1,0,1,1,0,0,0,0
1124,7,zeros-la-2-7,zeros-la-2,102,1124,7,236,128,4,2,8,0,8,128,0,0,16,64,0,2,4,0,0,0,7,2,2,2,1,0,1,1,0,0,0,0
1124,6,zeros-la-2-7,zeros-la-2,103,1124,6,238,128,4,0,2,0,8,2,0,0,16,128,0,0,4,64,8,2,6,3,2,2,1,0,1,1,0,0,0,0
1124,5,zeros-la-2-7,zeros-la-2,104,1124,5,240,128,4,2,0,2,8,2,0,0,16,128,0,0,4,64,8,2,5,4,2,2,1,0,1,1,0,0,0,0
1132,6,zeros-la-2-7,zeros-la-2,105,1132,6,244,128,4,4,8,4,8,128,0,0,16,64,4,0,4,0,0,0,6,0,5,2,1,0,1,1,0,0,0,0
1140,6,zeros-la-2-7,zeros-la-2,106,1140,6,246,128,8,8,4,0,8,128,0,0,16,64,4,0,4,0,2,0,6,1,3,3,1,0,1,1,0,0,0,0
1164,7,zeros-la-2-7,zeros-la-2,107,1164,7,248,128,16,8,8,0,16,128,2,0,4,64,0,0,0,0,0,2,7,2,1,2,2,0,1,1,0,0,0,0
1180,7,zeros-la-2-7,zeros-la-2,108,1180,7,252,128,16,16,4,0,16,128,2,0,4,64,0,0,2,0,0,0,7,2,2,0,3,0,1,1,0,0,0,0
1212,7,zeros-la-2-7,zeros-la-2,109,1212,7,254,128,32,4,0,0,16,128,2,0,4,64,2,0,2,0,0,0,7,3,2,0,1,1,1,1,0,0,0,0
1216,7,zeros-la-2-7,zeros-la-2,110,1216,7,258,128,32,4,4,0,16,128,0,0,4,64,0,0,2,4,0,0,7,1,4,0,1,1,1,1,0,0,0,0
1224,7,zeros-la-2-7,zeros-la-2,111,1224,7,262,128,0,0,32,8,0,0,16,128,0,0,4,64,4,0,2,4,7,1,3,1,1,1,1,1,0,0,0,0
1224,6,zeros-la-2-7,zeros-la-2,112,1224,6,266,128,0,0,32,8,4,0,16,128,0,0,4,64,0,4,2,4,6,1,4,1,1,1,1,1,0,0,0,0
1224,5,zeros-la-2-7,zeros-la-2,113,1224,5,268,128,4,4,32,8,0,0,16,128,2,0,4,64,0,0,2,4,5,2,4,1,1,1,1,1,0,0,0,0
1232,5,zeros-la-2-7,zeros-la-2,114,1232,5,272,128,8,32,8,0,16,128,0,4,2,4,64,0,2,4,0,0,5,2,3,2,1,1,1,1,0,0,0,0
1244,6,zeros-la-2-7,zeros-la-2,115,1244,6,274,128,0,0,0,0,8,32,2,0,16,128,8,0,4,8,64,4,6,1,2,3,1,1,1,1,0,0,0,0
1244,5,zeros-la-2-7,zeros-la-2,116,1244,5,278,128,0,4,0,0,8,32,2,0,16,128,8,0,4,8,64,4,5,1,3,3,1,1,1,1,0,0,0,0
1244,4,zeros-la-2-7,zeros-la-2,117,1244,4,280,128,4,0,2,0,8,32,2,0,16,128,8,0,4,8,64,4,4,2,3,3,1,1,1,1,0,0,0,0
1248,4,zeros-la-2-7,zeros-la-2,118,1248,4,282,128,4,32,4,4,8,128,8,0,16,8,64,0,4,0,2,0,4,1,4,3,1,1,1,1,0,0,0,0
1256,4,zeros-la-2-7,zeros-la-2,119,1256,4,286,128,0,4,32,8,4,8,128,8,0,16,8,64,0,0,4,2,4,1,3,4,1,1,1,1,0,0,0,0
1272,4,zeros-la-2-7,zeros-la-2,120,1272,4,288,128,4,4,32,16,0,8,128,64,0,16,8,2,2,0,4,0,4,2,3,2,2,1,1,1,0,0,0,0
1280,4,zeros-la-2-7,zeros-la-2,121,1280,4,290,128,0,8,32,16,0,8,128,64,0,16,8,2,0,2,2,4,4,3,1,3,2,1,1,1,0,0,0,0
1296,4,zeros-la-2-7,zeros-la-2,122,1296,4,292,128,0,0,32,16,2,16,128,64,0,16,8,2,0,2,2,4,4,4,1,1,3,1,1,1,0,0,0,0
1300,4,zeros-la-2-7,zeros-la-2,123,1300,4,296,128,32,16,0,4,2,16,128,64,16,8,2,0,4,4,0,0,4,2,3,1,3,1,1,1,0,0,0,0
1332,4,zeros-la-2-7,zeros-la-2,124,1332,4,298,128,32,32,128,4,2,8,2,64,16,4,0,0,4,0,0,2,4,3,3,1,1,2,1,1,0,0,0,0
1396,4,zeros-la-2-7,zeros-la-2,125,1396,4,300,128,64,128,4,0,2,8,2,64,16,4,2,0,4,2,0,0,4,4,3,1,1,0,2,1,0,0,0,0
1400,4,zeros-la-2-7,zeros-la-2,126,1400,4,304,128,64,128,0,0,2,8,0,4,16,4,4,0,4,2,4,64,4,2,5,1,1,0,2,1,0,0,0,0
1408,4,zeros-la-2-7,zeros-la-2,127,1408,4,306,128,64,128,0,2,2,8,4,0,16,8,0,0,4,2,4,64,4,3,3,2,1,0,2,1,0,0,0,0
1432,5,zeros-la-2-7,zeros-la-2,128,1432,5,308,128,64,2,0,0,2,128,0,0,16,16,0,2,4,2,8,64,5,4,1,1,2,0,2,1,0,0,0,0
1464,5,zeros-la-2-7,zeros-la-2,129,1464,5,310,128,64,2,0,0,2,128,0,2,32,2,0,0,4,2,8,64,5,5,1,1,0,1,2,1,0,0,0,0
1468,5,zeros-la-2-7,zeros-la-2,130,1468,5,312,128,64,0,0,2,2,2,0,0,32,128,0,2,4,4,8,64,5,4,2,1,0,1,2,1,0,0,0,0
1480,6,zeros-la-2-7,zeros-la-2,131,1480,6,314,128,0,0,64,2,0,0,0,4,0,32,128,2,2,8,8,64,6,3,1,2,0,1,2,1,0,0,0,0
1496,6,zeros-la-2-7,zeros-la-2,132,1496,6,316,128,64,2,0,0,4,0,0,0,32,128,2,2,2,16,64,0,6,4,1,0,1,1,2,1,0,0,0,0
1500,6,zeros-la-2-7,zeros-la-2,133,1500,6,318,128,0,0,64,2,0,0,0,4,0,32,128,4,2,2,16,64,6,3,2,0,1,1,2,1,0,0,0,0
1508,6,zeros-la-2-7,zeros-la-2,134,1508,6,320,128,0,0,0,0,0,0,64,2,2,32,128,8,2,2,16,64,6,4,0,1,1,1,2,1,0,0,0,0
1512,6,zeros-la-2-7,zeros-la-2,135,1512,6,322,128,0,0,2,0,0,0,64,2,2,32,128,8,0,4,16,64,6,3,1,1,1,1,2,1,0,0,0,0
1512,5,zeros-la-2-7,zeros-la-2,136,1512,5,324,128,0,0,2,2,0,0,64,2,0,32,128,8,2,4,16,64,5,4,1,1,1,1,2,1,0,0,0,0
1516,5,zeros-la-2-7,zeros-la-2,137,1516,5,326,128,0,0,2,0,0,0,64,4,2,32,128,8,2,4,16,64,5,3,2,1,1,1,2,1,0,0,0,0
1520,5,zeros-la-2-7,zeros-la-2,138,1520,5,328,128,0,0,2,2,0,0,64,4,0,32,128,8,4,4,16,64,5,2,3,1,1,1,2,1,0,0,0,0
1532,6,zeros-la-2-7,zeros-la-2,139,1532,6,330,128,0,0,0,4,0,2,64,4,0,32,128,8,0,8,16,64,6,1,2,2,1,1,2,1,0,0,0,0
1540,6,zeros-la-2-7,zeros-la-2,140,1540,6,332,128,0,0,2,0,0,2,64,8,0,32,128,8,0,8,16,64,6,2,0,3,1,1,2,1,0,0,0,0
1556,6,zeros-la-2-7,zeros-la-2,141,1556,6,334,128,0,2,2,16,0,32,64,64,0,8,128,0,2,0,16,0,6,3,0,1,2,1,2,1,0,0,0,0
1688,7,zeros-la-2-7,zeros-la-2,142,1688,7,336,128,0,0,4,16,2,0,32,128,0,0,8,128,0,0,2,16,7,2,1,1,2,1,0,2,0,0,0,0
1944,7,zeros-la-2-7,zeros-la-2,143,1944,7,338,256,0,0,4,0,2,0,32,16,0,0,8,256,2,0,2,16,7,3,1,1,2,1,0,0,1,0,0,0
1948,7,zeros-la-2-7,zeros-la-2,144,1948,7,340,256,4,0,4,16,0,0,32,256,0,0,8,16,0,0,2,2,7,2,2,1,2,1,0,0,1,0,0,0
1960,8,zeros-la-2-7,zeros-la-2,145,1960,8,342,256,0,0,8,16,0,0,32,256,0,2,8,16,0,0,0,4,8,1,1,2,2,1,0,0,1,0,0,0
1960,7,zeros-la-2-7,zeros-la-2,146,1960,7,344,256,0,0,8,16,0,0,32,256,0,2,8,16,2,0,0,4,7,2,1,2,2,1,0,0,1,0,0,0
1960,6,zeros-la-2-7,zeros-la-2,147,1960,6,346,256,0,2,0,16,0,0,8,256,0,0,32,16,2,2,8,4,6,3,1,2,2,1,0,0,1,0,0,0
1964,6,zeros-la-2-7,zeros-la-2,148,1964,6,348,256,2,4,8,16,0,0,32,256,0,0,8,16,2,0,0,4,6,2,2,2,2,1,0,0,1,0,0,0
1968,6,zeros-la-2-7,zeros-la-2,149,1968,6,350,256,2,0,0,16,0,0,8,256,0,0,32,16,4,4,8,4,6,1,3,2,2,1,0,0,1,0,0,0
1976,6,zeros-la-2-7,zeros-la-2,150,1976,6,352,256,2,16,0,0,8,256,0,2,32,16,0,0,8,8,4,0,6,2,1,3,2,1,0,0,1,0,0,0
1992,6,zeros-la-2-7,zeros-la-2,151,1992,6,354,256,2,16,0,0,8,256,2,0,32,16,0,2,16,4,0,0,6,3,1,1,3,1,0,0,1,0,0,0
1992,5,zeros-la-2-7,zeros-la-2,152,1992,5,356,256,0,2,2,16,0,8,256,2,0,32,16,2,0,0,16,4,5,4,1,1,3,1,0,0,1,0,0,0
2028,6,zeros-la-2-7,zeros-la-2,153,2028,6,358,256,0,2,0,0,0,2,2,16,0,8,256,4,0,32,32,4,6,3,2,1,1,2,0,0,1,0,0,0
2096,7,zeros-la-2-7,zeros-la-2,154,2096,7,360,256,0,0,0,2,0,2,4,16,0,8,256,4,0,0,64,4,7,2,3,1,1,0,1,0,1,0,0,0
2104,7,zeros-la-2-7,zeros-la-2,155,2104,7,362,256,0,2,4,2,0,8,256,16,0,0,64,8,0,0,0,2,7,3,1,2,1,0,1,0,1,0,0,0
2104,6,zeros-la-2-7,zeros-la-2,156,2104,6,364,256,0,0,0,2,2,0,4,16,0,2,256,8,0,8,64,2,6,4,1,2,1,0,1,0,1,0,0,0
2104,5,zeros-la-2-7,zeros-la-2,157,2104,5,366,256,0,2,0,2,0,2,4,16,0,2,256,8,0,8,64,2,5,5,1,2,1,0,1,0,1,0,0,0
2108,5,zeros-la-2-7,zeros-la-2,158,2108,5,368,256,0,4,4,2,0,2,256,16,0,8,64,8,0,0,2,2,5,4,2,2,1,0,1,0,1,0,0,0
2120,6,zeros-la-2-7,zeros-la-2,159,2120,6,370,256,0,0,8,2,0,2,256,16,0,8,64,8,0,2,0,4,6,3,1,3,1,0,1,0,1,0,0,0
2120,5,zeros-la-2-7,zeros-la-2,160,2120,5,372,256,0,0,0,2,2,2,8,16,0,8,256,8,0,2,64,4,5,4,1,3,1,0,1,0,1,0,0,0
2124,5,zeros-la-2-7,zeros-la-2,161,2124,5,374,256,0,0,0,2,0,4,8,16,2,8,256,8,0,2,64,4,5,3,2,3,1,0,1,0,1,0,0,0
2124,4,zeros-la-2-7,zeros-la-2,162,2124,4,376,256,2,0,0,0,4,8,16,2,2,8,256,8,2,64,4,0,4,4,2,3,1,0,1,0,1,0,0,0
2144,5,zeros-la-2-7,zeros-la-2,163,2144,5,380,256,2,16,16,2,4,64,256,8,4,0,4,0,0,0,0,4,5,2,4,1,2,0,1,0,1,0,0,0
2184,6,zeros-la-2-7,zeros-la-2,164,2184,6,382,256,0,2,32,2,4,64,256,8,0,2,0,8,0,0,0,4,6,3,2,2,0,1,1,0,1,0,0,0
2200,6,zeros-la-2-7,zeros-la-2,165,2200,6,384,256,0,0,0,0,0,2,0,2,2,64,32,16,4,2,256,4,6,4,2,0,1,1,1,0,1,0,0,0
2204,6,zeros-la-2-7,zeros-la-2,166,2204,6,386,256,0,0,0,0,0,2,0,4,2,64,32,16,4,2,256,4,6,3,3,0,1,1,1,0,1,0,0,0
2204,5,zeros-la-2-7,zeros-la-2,167,2204,5,388,256,2,2,32,4,4,64,256,16,0,2,2,4,0,0,0,0,5,4,3,0,1,1,1,0,1,0,0,0
2212,6,zeros-la-2-7,zeros-la-2,168,2212,6,392,256,4,32,4,0,4,64,256,16,4,4,0,0,4,0,0,0,6,0,6,0,1,1,1,0,1,0,0,0
2228,7,zeros-la-2-7,zeros-la-2,169,2228,7,394,256,8,32,4,16,8,64,256,2,0,4,0,0,0,0,0,0,7,1,2,2,1,1,1,0,1,0,0,0
2244,7,zeros-la-2-7,zeros-la-2,170,2244,7,396,256,16,32,4,16,0,64,256,2,0,4,0,0,0,0,0,2,7,2,2,0,2,1,1,0,1,0,0,0
2248,7,zeros-la-2-7,zeros-la-2,171,2248,7,400,256,16,32,4,16,0,64,256,4,0,4,0,0,4,0,0,0,7,0,4,0,2,1,1,0,1,0,0,0
2248,6,zeros-la-2-7,zeros-la-2,172,2248,6,402,256,16,32,4,16,64,256,4,0,4,2,0,0,4,0,0,0,6,1,4,0,2,1,1,0,1,0,0,0
2264,7,zeros-la-2-7,zeros-la-2,173,2264,7,404,256,16,32,8,16,64,256,0,0,8,2,0,0,0,0,2,0,7,2,0,2,2,1,1,0,1,0,0,0
2264,6,zeros-la-2-7,zeros-la-2,174,2264,6,406,256,16,32,8,16,0,0,64,256,0,0,8,2,2,0,0,2,6,3,0,2,2,1,1,0,1,0,0,0
2268,6,zeros-la-2-7,zeros-la-2,175,2268,6,408,256,16,32,8,16,0,0,64,256,2,0,8,2,0,0,0,4,6,2,1,2,2,1,1,0,1,0,0,0
2268,5,zeros-la-2-7,zeros-la-2,176,2268,5,410,256,16,32,8,16,64,256,2,0,2,8,2,0,4,0,0,0,5,3,1,2,2,1,1,0,1,0,0,0
2272,5,zeros-la-2-7,zeros-la-2,177,2272,5,412,256,16,0,0,0,64,32,0,2,2,256,8,0,4,8,4,16,5,2,2,2,2,1,1,0,1,0,0,0
2272,4,zeros-la-2-7,zeros-la-2,178,2272,4,414,256,16,32,8,2,64,256,4,16,2,8,0,0,4,0,2,0,4,3,2,2,2,1,1,0,1,0,0,0
2272,3,zeros-la-2-7,zeros-la-2,179,2272,3,416,256,16,32,8,2,64,256,4,16,2,8,2,2,4,0,0,0,3,4,2,2,2,1,1,0,1,0,0,0
2276,3,zeros-la-2-7,zeros-la-2,180,2276,3,418,256,16,32,8,2,64,256,4,16,0,2,8,4,2,0,0,4,3,3,3,2,2,1,1,0,1,0,0,0
2284,3,zeros-la-2-7,zeros-la-2,181,2284,3,420,256,0,0,2,0,16,32,8,2,64,256,4,16,2,2,8,8,3,4,1,3,2,1,1,0,1,0,0,0
2304,4,zeros-la-2-7,zeros-la-2,182,2304,4,422,256,0,0,0,2,16,32,8,2,64,256,4,16,2,0,4,16,4,3,2,1,3,1,1,0,1,0,0,0
2348,6,zeros-la-2-7,zeros-la-2,183,2348,6,424,256,16,32,8,4,64,256,8,32,2,0,0,0,0,2,0,0,6,2,1,2,1,2,1,0,1,0,0,0
2364,6,zeros-la-2-7,zeros-la-2,184,2364,6,426,256,0,0,2,0,16,32,0,0,64,256,0,4,2,2,16,32,6,3,1,0,2,2,1,0,1,0,0,0
2368,6,zeros-la-2-7,zeros-la-2,185,2368,6,428,256,2,0,0,0,16,32,0,2,64,256,4,0,4,16,32,0,6,2,2,0,2,2,1,0,1,0,0,0
2368,5,zeros-la-2-7,zeros-la-2,186,2368,5,430,256,0,2,0,2,0,16,32,2,0,64,256,4,0,4,16,32,5,3,2,0,2,2,1,0,1,0,0,0
2372,5,zeros-la-2-7,zeros-la-2,187,2372,5,432,256,4,0,0,0,16,32,2,0,64,256,4,0,4,16,32,2,5,2,3,0,2,2,1,0,1,0,0,0
2372,4,zeros-la-2-7,zeros-la-2,188,2372,4,434,256,4,32,2,2,16,256,4,0,64,16,32,0,4,0,0,2,4,3,3,0,2,2,1,0,1,0,0,0
2376,4,zeros-la-2-7,zeros-la-2,189,2376,4,438,256,0,4,32,4,0,16,256,4,4,64,16,32,0,0,4,2,4,1,5,0,2,2,1,0,1,0,0,0
2384,4,zeros-la-2-7,zeros-la-2,190,2384,4,440,256,2,0,32,0,0,4,256,8,0,16,16,32,4,64,4,2,4,2,3,1,2,2,1,0,1,0,0,0
2416,4,zeros-la-2-7,zeros-la-2,191,2416,4,442,256,0,0,2,32,0,4,256,8,0,2,32,32,4,64,4,2,4,3,3,1,0,3,1,0,1,0,0,0
2480,4,zeros-la-2-7,zeros-la-2,192,2480,4,446,256,2,32,0,4,4,256,8,0,2,64,0,0,4,64,4,2,4,3,4,1,0,1,2,0,1,0,0,0
2608,4,zeros-la-2-7,zeros-la-2,193,2608,4,448,256,2,0,2,0,4,32,0,0,2,256,8,4,4,128,4,2,4,4,4,1,0,1,0,1,1,0,0,0
2612,4,zeros-la-2-7,zeros-la-2,194,2612,4,450,256,4,0,2,0,4,32,0,0,2,256,8,4,4,128,4,2,4,3,5,1,0,1,0,1,1,0,0,0
2620,4,zeros-la-2-7,zeros-la-2,195,2620,4,452,256,0,0,0,2,8,32,2,0,2,256,8,4,4,128,4,2,4,4,3,2,0,1,0,1,1,0,0,0
2620,3,zeros-la-2-7,zeros-la-2,196,2620,3,454,256,0,0,0,2,2,8,32,2,2,256,8,4,4,128,4,2,3,5,3,2,0,1,0,1,1,0,0,0
2628,4,zeros-la-2-7,zeros-la-2,197,2628,4,456,256,4,8,32,4,4,256,8,4,0,128,4,2,0,0,2,0,4,2,5,2,0,1,0,1,1,0,0,0
2644,5,zeros-la-2-7,zeros-la-2,198,2644,5,458,256,8,8,32,8,2,256,8,2,0,128,4,0,0,0,2,0,5,3,1,4,0,1,0,1,1,0,0,0
2660,5,zeros-la-2-7,zeros-la-2,199,2660,5,460,256,0,16,32,8,2,256,8,2,0,2,128,4,0,0,0,2,5,4,1,2,1,1,0,1,1,0,0,0
2660,4,zeros-la-2-7,zeros-la-2,200,2660,4,462,256,16,32,8,2,2,256,8,2,2,128,4,0,2,0,0,0,4,5,1,2,1,1,0,1,1,0,0,0
2684,6,zeros-la-2-7,zeros-la-2,201,2684,6,464,256,0,2,0,0,16,32,0,0,2,256,16,0,4,128,4,4,6,2,3,0,2,1,0,1,1,0,0,0
2692,6,zeros-la-2-7,zeros-la-2,202,2692,6,466,256,0,0,2,2,0,0,16,32,0,2,256,16,0,4,128,8,6,3,1,1,2,1,0,1,1,0,0,0
2696,6,zeros-la-2-7,zeros-la-2,203,2696,6,468,256,0,0,0,4,2,0,16,32,0,2,256,16,0,4,128,8,6,2,2,1,2,1,0,1,1,0,0,0
2696,5,zeros-la-2-7,zeros-la-2,204,2696,5,470,256,0,0,0,4,2,2,16,32,0,2,256,16,0,4,128,8,5,3,2,1,2,1,0,1,1,0,0,0
2700,5,zeros-la-2-7,zeros-la-2,205,2700,5,474,256,2,4,16,4,0,4,256,32,0,0,128,16,4,0,0,8,5,1,4,1,2,1,0,1,1,0,0,0
2708,5,zeros-la-2-7,zeros-la-2,206,2708,5,476,256,0,2,0,4,0,0,16,32,2,0,256,16,4,8,128,8,5,2,2,2,2,1,0,1,1,0,0,0
2708,4,zeros-la-2-7,zeros-la-2,207,2708,4,478,256,0,0,2,4,0,0,16,32,2,2,256,16,4,8,128,8,4,3,2,2,2,1,0,1,1,0,0,0
2712,4,zeros-la-2-7,zeros-la-2,208,2712,4,480,256,2,4,2,0,16,32,0,0,4,256,16,0,4,8,128,8,4,2,3,2,2,1,0,1,1,0,0,0
2720,4,zeros-la-2-7,zeros-la-2,209,2720,4,482,256,0,4,0,0,2,32,2,2,16,256,16,0,8,8,128,8,4,3,1,3,2,1,0,1,1,0,0,0
2740,5,zeros-la-2-7,zeros-la-2,210,2740,5,486,256,0,0,0,4,0,2,32,4,4,16,256,16,0,16,128,8,5,1,3,1,3,1,0,1,1,0,0,0
2780,6,zeros-la-2-7,zeros-la-2,211,2780,6,488,256,0,0,0,0,2,0,32,8,0,2,256,16,4,32,128,8,6,2,1,2,1,2,0,1,1,0,0,0
2780,5,zeros-la-2-7,zeros-la-2,212,2780,5,490,256,0,0,0,0,2,32,8,0,2,256,16,2,4,32,128,8,5,3,1,2,1,2,0,1,1,0,0,0
2784,5,zeros-la-2-7,zeros-la-2,213,2784,5,492,256,0,0,2,0,0,32,8,0,4,256,16,2,4,32,128,8,5,2,2,2,1,2,0,1,1,0,0,0
2792,5,zeros-la-2-7,zeros-la-2,214,2792,5,494,256,8,32,2,2,0,256,8,8,0,32,16,0,2,0,128,0,5,3,0,3,1,2,0,1,1,0,0,0
2812,6,zeros-la-2-7,zeros-la-2,215,2812,6,496,256,0,8,32,4,0,0,256,16,0,0,32,16,2,0,2,128,6,2,1,1,2,2,0,1,1,0,0,0
2844,6,zeros-la-2-7,zeros-la-2,216,2844,6,498,256,2,8,32,4,0,0,256,32,0,0,32,128,0,0,2,2,6,3,1,1,0,3,0,1,1,0,0,0
2848,6,zeros-la-2-7,zeros-la-2,217,2848,6,500,256,2,8,32,4,256,32,0,0,32,128,0,2,4,0,0,0,6,2,2,1,0,3,0,1,1,0,0,0
2848,5,zeros-la-2-7,zeros-la-2,218,2848,5,502,256,2,8,32,4,256,32,0,0,32,128,2,2,4,0,0,0,5,3,2,1,0,3,0,1,1,0,0,0
2852,5,zeros-la-2-7,zeros-la-2,219,2852,5,504,256,2,8,32,4,0,0,256,32,0,32,128,4,2,0,0,4,5,2,3,1,0,3,0,1,1,0,0,0
2864,6,zeros-la-2-7,zeros-la-2,220,2864,6,506,256,4,8,32,4,0,32,256,32,0,0,128,8,0,2,0,0,6,1,2,2,0,3,0,1,1,0,0,0
2864,5,zeros-la-2-7,zeros-la-2,221,2864,5,508,256,4,8,32,4,32,256,32,0,128,8,0,0,2,0,2,0,5,2,2,2,0,3,0,1,1,0,0,0
2928,5,zeros-la-2-7,zeros-la-2,222,2928,5,510,256,4,8,64,4,32,256,2,2,128,8,0,0,2,0,0,0,5,3,2,2,0,1,1,1,1,0,0,0
2932,5,zeros-la-2-7,zeros-la-2,223,2932,5,514,256,4,8,64,4,0,32,256,4,0,0,128,8,0,4,0,2,5,1,4,2,0,1,1,1,1,0,0,0
2940,5,zeros-la-2-7,zeros-la-2,224,2940,5,516,256,0,2,0,0,0,8,64,8,0,32,256,8,4,4,128,2,5,2,2,3,0,1,1,1,1,0,0,0
2948,5,zeros-la-2-7,zeros-la-2,225,2948,5,518,256,2,0,0,0,8,64,8,0,32,256,8,0,8,128,2,2,5,3,0,4,0,1,1,1,1,0,0,0
2964,5,zeros-la-2-7,zeros-la-2,226,2964,5,520,256,2,0,0,2,8,64,0,0,32,256,16,0,8,128,2,2,5,4,0,2,1,1,1,1,1,0,0,0
2972,6,zeros-la-2-7,zeros-la-2,227,2972,6,524,256,4,0,0,4,0,0,8,64,0,32,256,16,0,8,128,4,6,0,3,2,1,1,1,1,1,0,0,0
2980,6,zeros-la-2-7,zeros-la-2,228,2980,6,526,256,8,0,0,0,8,64,0,2,32,256,16,0,8,128,4,0,6,1,1,3,1,1,1,1,1,0,0,0
2996,6,zeros-la-2-7,zeros-la-2,229,2996,6,528,256,16,64,16,2,32,256,4,0,8,128,0,0,0,0,0,2,6,2,1,1,2,1,1,1,1,0,0,0
3000,6,zeros-la-2-7,zeros-la-2,230,3000,6,530,256,0,0,0,0,16,64,0,2,32,256,16,0,8,128,4,4,6,1,2,1,2,1,1,1,1,0,0,0
3008,6,zeros-la-2-7,zeros-la-2,231,3008,6,532,256,0,0,2,0,0,16,64,2,0,32,256,16,0,8,128,8,6,2,0,2,2,1,1,1,1,0,0,0
3008,5,zeros-la-2-7,zeros-la-2,232,3008,5,534,256,2,0,0,2,0,16,64,2,0,32,256,16,0,8,128,8,5,3,0,2,2,1,1,1,1,0,0,0
3012,5,zeros-la-2-7,zeros-la-2,233,3012,5,538,256,2,16,64,4,4,32,256,16,0,8,128,8,0,0,0,0,5,1,2,2,2,1,1,1,1,0,0,0
3012,4,zeros-la-2-7,zeros-la-2,234,3012,4,540,256,0,2,0,0,0,16,64,4,2,32,256,16,4,8,128,8,4,2,2,2,2,1,1,1,1,0,0,0
3012,3,zeros-la-2-7,zeros-la-2,235,3012,3,542,256,2,2,0,0,0,16,64,4,2,32,256,16,4,8,128,8,3,3,2,2,2,1,1,1,1,0,0,0
3016,3,zeros-la-2-7,zeros-la-2,236,3016,3,544,256,2,2,0,0,0,16,64,4,4,32,256,16,4,8,128,8,3,2,3,2,2,1,1,1,1,0,0,0
3024,3,zeros-la-2-7,zeros-la-2,237,3024,3,546,256,2,2,0,0,0,16,64,4,2,32,256,16,8,8,128,8,3,3,1,3,2,1,1,1,1,0,0,0
3044,4,zeros-la-2-7,zeros-la-2,238,3044,4,548,256,0,2,0,4,0,16,64,4,2,32,256,16,0,16,128,8,4,2,2,1,3,1,1,1,1,0,0,0
3052,4,zeros-la-2-7,zeros-la-2,239,3052,4,550,256,2,2,64,8,0,16,256,16,0,32,128,8,0,16,2,0,4,3,0,2,3,1,1,1,1,0,0,0
3056,4,zeros-la-2-7,zeros-la-2,240,3056,4,552,256,0,4,64,8,0,16,256,16,0,32,128,8,2,0,16,2,4,2,1,2,3,1,1,1,1,0,0,0
3056,3,zeros-la-2-7,zeros-la-2,241,3056,3,554,256,2,4,64,8,0,16,256,16,0,32,128,8,0,2,16,2,3,3,1,2,3,1,1,1,1,0,0,0
3056,2,zeros-la-2-7,zeros-la-2,242,3056,2,556,256,0,4,64,8,2,16,256,16,0,32,128,8,2,2,16,2,2,4,1,2,3,1,1,1,1,0,0,0
3060,2,zeros-la-2-7,zeros-la-2,243,3060,2,558,256,4,4,64,8,0,16,256,16,0,32,128,8,2,2,16,2,2,3,2,2,3,1,1,1,1,0,0,0
3072,3,zeros-la-2-7,zeros-la-2,244,3072,3,560,256,8,64,8,0,16,256,16,0,32,128,8,2,4,16,2,0,3,2,1,3,3,1,1,1,1,0,0,0
3072,2,zeros-la-2-7,zeros-la-2,245,3072,2,564,256,8,64,8,4,16,256,16,0,32,128,8,2,4,16,2,0,2,2,2,3,3,1,1,1,1,0,0,0
3072,1,zeros-la-2-7,zeros-la-2,246,3072,1,566,256,8,64,8,4,16,256,16,2,32,128,8,2,4,16,2,0,1,3,2,3,3,1,1,1,1,0,0,0
3076,1,zeros-la-2-7,zeros-la-2,247,3076,1,568,256,8,64,8,4,16,256,16,4,32,128,8,2,4,16,2,0,1,2,3,3,3,1,1,1,1,0,0,0
3084,1,zeros-la-2-7,zeros-la-2,248,3084,1,570,256,8,64,8,2,16,256,16,0,32,128,8,8,4,16,2,2,1,3,1,4,3,1,1,1,1,0,0,0
3104,2,zeros-la-2-7,zeros-la-2,249,3104,2,572,256,8,64,8,2,16,256,16,0,32,128,16,0,4,16,4,2,2,2,2,2,4,1,1,1,1,0,0,0
3140,3,zeros-la-2-7,zeros-la-2,250,3140,3,574,256,8,64,8,4,16,256,32,2,32,128,4,0,4,16,0,0,3,1,3,2,2,2,1,1,1,0,0,0
3140,2,zeros-la-2-7,zeros-la-2,251,3140,2,576,256,8,64,8,4,16,256,32,2,32,128,4,0,4,16,0,2,2,2,3,2,2,2,1,1,1,0,0,0
3144,2,zeros-la-2-7,zeros-la-2,252,3144,2,578,256,8,64,8,4,16,256,32,4,32,128,4,0,4,16,0,2,2,1,4,2,2,2,1,1,1,0,0,0
3152,2,zeros-la-2-7,zeros-la-2,253,3152,2,580,256,8,64,8,8,16,256,32,2,32,128,4,0,4,16,2,0,2,2,2,3,2,2,1,1,1,0,0,0
3152,1,zeros-la-2-7,zeros-la-2,254,3152,1,582,256,8,64,8,8,16,256,32,2,32,128,4,2,4,16,2,0,1,3,2,3,2,2,1,1,1,0,0,0
3156,1,zeros-la-2-7,zeros-la-2,255,3156,1,584,256,8,64,8,8,16,256,32,4,32,128,4,2,4,16,2,0,1,2,3,3,2,2,1,1,1,0,0,0
3172,1,zeros-la-2-7,zeros-la-2,256,3172,1,586,256,0,8,64,16,16,256,32,4,32,128,4,2,2,4,16,2,1,3,3,1,3,2,1,1,1,0,0,0
3176,1,zeros-la-2-7,zeros-la-2,257,3176,1,588,256,16,8,64,16,32,256,32,4,2,128,4,4,2,4,16,0,1,2,4,1,3,2,1,1,1,0,0,0
3188,2,zeros-la-2-7,zeros-la-2,258,3188,2,590,256,2,8,64,0,16,256,32,0,32,128,4,16,4,4,16,8,2,1,3,2,3,2,1,1,1,0,0,0
3196,2,zeros-la-2-7,zeros-la-2,259,3196,2,592,256,0,2,8,64,2,16,256,32,32,128,4,16,0,8,16,8,2,2,1,3,3,2,1,1,1,0,0,0
3196,1,zeros-la-2-7,zeros-la-2,260,3196,1,594,256,2,8,64,2,2,16,256,32,32,128,4,16,8,16,8,0,1,3,1,3,3,2,1,1,1,0,0,0
3200,1,zeros-la-2-7,zeros-la-2,261,3200,1,598,256,4,8,64,0,4,16,256,2,32,128,4,32,8,16,8,16,1,1,3,3,3,2,1,1,1,0,0,0
3208,1,zeros-la-2-7,zeros-la-2,262,3208,1,600,256,8,8,64,2,32,16,256,32,8,128,4,16,0,16,8,2,1,2,1,4,3,2,1,1,1,0,0,0
3224,1,zeros-la-2-7,zeros-la-2,263,3224,1,604,256,16,64,2,0,32,16,256,32,8,128,4,16,16,8,2,4,1,2,2,2,4,2,1,1,1,0,0,0
3224,0,zeros-la-2-7,zeros-la-2,264,3224,0,606,256,16,64,2,32,32,16,256,16,8,128,4,4,16,8,2,2,0,3,2,2,4,2,1,1,1,0,0,0
3236,1,zeros-la-2-7,zeros-la-2,265,3236,1,608,256,16,64,2,32,32,16,256,16,2,8,128,8,0,16,8,4,1,2,1,3,4,2,1,1,1,0,0,0
3236,0,zeros-la-2-7,zeros-la-2,266,3236,0,610,256,16,64,2,32,32,16,256,16,2,8,128,8,16,8,4,2,0,3,1,3,4,2,1,1,1,0,0,0
3252,0,zeros-la-2-7,zeros-la-2,267,3252,0,612,256,16,2,2,32,32,64,256,16,2,16,128,8,16,16,4,2,0,4,1,1,5,2,1,1,1,0,0,0
3288,1,zeros-la-2-7,zeros-la-2,268,3288,1,614,256,16,4,32,0,32,64,256,16,2,16,128,8,32,4,2,2,1,3,2,1,3,3,1,1,1,0,0,0
3292,1,zeros-la-2-7,zeros-la-2,269,3292,1,616,256,2,16,4,32,32,64,256,16,2,16,128,8,0,32,4,4,1,2,3,1,3,3,1,1,1,0,0,0
3300,1,zeros-la-2-7,zeros-la-2,270,3300,1,618,256,2,16,4,32,32,64,256,16,2,16,128,8,0,2,32,8,1,3,1,2,3,3,1,1,1,0,0,0
3316,1,zeros-la-2-7,zeros-la-2,271,3316,1,620,256,2,16,4,0,2,64,256,32,32,16,128,16,2,2,32,16,1,4,1,0,4,3,1,1,1,0,0,0
3352,2,zeros-la-2-7,zeros-la-2,272,3352,2,622,256,0,16,4,0,4,64,256,2,32,16,128,32,2,2,32,32,2,3,2,0,2,4,1,1,1,0,0,0
3420,3,zeros-la-2-7,zeros-la-2,273,3420,3,624,256,16,4,0,0,4,64,256,2,32,16,128,32,4,64,2,0,3,2,3,0,2,2,2,1,1,0,0,0
3420,2,zeros-la-2-7,zeros-la-2,274,3420,2,626,256,16,4,0,0,4,64,256,2,32,16,128,2,4,64,2,32,2,3,3,0,2,2,2,1,1,0,0,0
3424,2,zeros-la-2-7,zeros-la-2,275,3424,2,628,256,16,4,256,4,4,64,128,32,32,16,2,0,4,64,2,0,2,2,4,0,2,2,2,1,1,0,0,0
3428,2,zeros-la-2-7,zeros-la-2,276,3428,2,630,256,16,4,256,4,4,64,128,32,32,16,4,0,4,64,2,0,2,1,5,0,2,2,2,1,1,0,0,0
3428,1,zeros-la-2-7,zeros-la-2,277,3428,1,632,256,16,4,256,2,4,64,128,0,32,16,4,4,4,64,2,32,1,2,5,0,2,2,2,1,1,0,0,0
3436,1,zeros-la-2-7,zeros-la-2,278,3436,1,634,256,16,4,256,2,0,4,64,128,2,32,16,8,4,64,2,32,1,3,3,1,2,2,2,1,1,0,0,0
3436,0,zeros-la-2-7,zeros-la-2,279,3436,0,636,256,16,4,256,2,2,4,64,128,2,32,16,8,4,64,2,32,0,4,3,1,2,2,2,1,1,0,0,0
3448,1,zeros-la-2-7,zeros-la-2,280,3448,1,638,256,16,8,256,2,4,32,64,128,4,64,16,8,2,0,2,32,1,3,2,2,2,2,2,1,1,0,0,0
3456,1,zeros-la-2-7,zeros-la-2,281,3456,1,640,256,16,8,256,2,8,32,64,128,2,64,16,8,2,0,2,32,1,4,0,3,2,2,2,1,1,0,0,0
3460,1,zeros-la-2-7,zeros-la-2,282,3460,1,642,256,16,8,256,2,8,32,64,128,4,64,16,8,2,0,2,32,1,3,1,3,2,2,2,1,1,0,0,0
3464,1,zeros-la-2-7,zeros-la-2,283,3464,1,644,256,16,8,256,2,8,32,64,128,4,64,16,8,4,32,0,2,1,2,2,3,2,2,2,1,1,0,0,0
3472,1,zeros-la-2-7,zeros-la-2,284,3472,1,646,256,16,8,256,2,8,32,64,128,8,64,16,8,2,32,0,2,1,3,0,4,2,2,2,1,1,0,0,0
3488,1,zeros-la-2-7,zeros-la-2,285,3488,1,648,256,2,8,0,2,16,32,256,128,16,64,64,8,2,32,16,2,1,4,0,2,3,2,2,1,1,0,0,0
3520,1,zeros-la-2-7,zeros-la-2,286,3520,1,650,256,2,8,256,2,32,32,64,128,2,64,16,8,0,32,2,2,1,5,0,2,1,3,2,1,1,0,0,0
3588,2,zeros-la-2-7,zeros-la-2,287,3588,2,652,256,2,8,256,2,0,64,64,128,2,64,16,8,0,2,32,4,2,4,1,2,1,1,3,1,1,0,0,0
3716,2,zeros-la-2-7,zeros-la-2,288,3716,2,654,256,2,8,256,2,128,128,0,2,2,64,16,8,2,32,4,0,2,5,1,2,1,1,1,2,1,0,0,0
3972,2,zeros-la-2-7,zeros-la-2,289,3972,2,658,256,2,8,256,2,4,0,256,2,2,64,16,8,0,2,32,4,2,5,2,2,1,1,1,0,2,0,0,0
4488,3,zeros-la-2-7,zeros-la-2,290,4488,3,660,512,2,8,512,4,4,64,16,8,2,2,32,4,0,0,2,0,3,4,3,2,1,1,1,0,0,1,0,0
4492,3,zeros-la-2-7,zeros-la-2,291,4492,3,662,512,2,8,512,4,4,64,16,8,4,32,4,0,2,2,0,0,3,3,4,2,1,1,1,0,0,1,0,0
4496,3,zeros-la-2-7,zeros-la-2,292,4496,3,664,512,2,8,512,4,4,64,16,8,0,4,32,4,0,0,2,4,3,2,5,2,1,1,1,0,0,1,0,0
4504,3,zeros-la-2-7,zeros-la-2,293,4504,3,666,512,0,0,512,2,0,8,16,4,2,64,32,8,4,4,2,8,3,3,3,3,1,1,1,0,0,1,0,0
4520,3,zeros-la-2-7,zeros-la-2,294,4520,3,670,512,4,0,512,0,0,8,16,2,2,64,32,4,4,4,2,16,3,3,4,1,2,1,1,0,0,1,0,0
4528,3,zeros-la-2-7,zeros-la-2,295,4528,3,672,512,4,512,2,0,8,16,2,0,2,64,32,4,8,2,16,0,3,4,2,2,2,1,1,0,0,1,0,0
4532,3,zeros-la-2-7,zeros-la-2,296,4532,3,676,512,4,512,4,4,8,16,32,0,2,64,16,4,8,2,0,0,3,2,4,2,2,1,1,0,0,1,0,0
4540,3,zeros-la-2-7,zeros-la-2,297,4540,3,678,512,0,4,512,8,2,8,16,32,2,64,16,4,0,0,8,2,3,3,2,3,2,1,1,0,0,1,0,0
4576,4,zeros-la-2-7,zeros-la-2,298,4576,4,680,512,4,4,512,8,0,8,32,32,2,64,8,4,0,0,0,2,4,2,3,3,0,2,1,0,0,1,0,0
4648,5,zeros-la-2-7,zeros-la-2,299,4648,5,682,512,8,512,8,0,8,64,2,0,2,64,8,4,2,0,0,0,5,3,1,4,0,0,2,0,0,1,0,0
4796,7,zeros-la-2-7,zeros-la-2,300,4796,7,686,512,4,0,0,0,0,0,8,0,16,512,2,0,4,128,8,4,7,1,3,2,1,0,0,1,0,1,0,0
4796,6,zeros-la-2-7,zeros-la-2,301,4796,6,688,512,0,0,0,4,0,0,0,8,2,16,512,2,4,128,8,4,6,2,3,2,1,0,0,1,0,1,0,0
4796,5,zeros-la-2-7,zeros-la-2,302,4796,5,690,512,2,16,512,4,4,128,8,8,0,0,0,2,0,2,0,4,5,3,3,2,1,0,0,1,0,1,0,0
4812,5,zeros-la-2-7,zeros-la-2,303,4812,5,692,512,2,16,512,4,0,4,128,16,0,0,2,2,0,0,2,4,5,4,3,0,2,0,0,1,0,1,0,0
4816,5,zeros-la-2-7,zeros-la-2,304,4816,5,694,512,2,16,512,4,0,4,128,16,0,0,0,4,2,0,2,4,5,3,4,0,2,0,0,1,0,1,0,0
4828,6,zeros-la-2-7,zeros-la-2,305,4828,6,696,512,0,0,0,0,0,0,512,4,2,16,128,16,4,4,2,8,6,2,3,1,2,0,0,1,0,1,0,0
4836,6,zeros-la-2-7,zeros-la-2,306,4836,6,698,512,0,0,0,0,2,0,512,4,2,16,128,16,0,8,2,8,6,3,1,2,2,0,0,1,0,1,0,0
4840,6,zeros-la-2-7,zeros-la-2,307,4840,6,700,512,4,16,512,4,0,8,128,16,0,2,2,8,0,0,0,0,6,2,2,2,2,0,0,1,0,1,0,0
4844,6,zeros-la-2-7,zeros-la-2,308,4844,6,702,512,4,16,512,4,2,8,128,16,0,0,4,8,0,0,0,0,6,1,3,2,2,0,0,1,0,1,0,0
4844,5,zeros-la-2-7,zeros-la-2,309,4844,5,704,512,4,16,512,4,2,8,128,16,4,8,0,2,0,0,0,0,5,2,3,2,2,0,0,1,0,1,0,0
4860,5,zeros-la-2-7,zeros-la-2,310,4860,5,706,512,4,16,512,4,2,16,128,16,4,0,0,2,2,0,0,0,5,3,3,0,3,0,0,1,0,1,0,0
4860,4,zeros-la-2-7,zeros-la-2,311,4860,4,708,512,4,16,512,4,2,16,128,16,0,2,4,2,0,0,0,2,4,4,3,0,3,0,0,1,0,1,0,0
4896,5,zeros-la-2-7,zeros-la-2,312,4896,5,712,512,4,32,512,4,2,2,128,16,0,4,4,4,0,0,0,0,5,2,5,0,1,1,0,1,0,1,0,0
4908,6,zeros-la-2-7,zeros-la-2,313,4908,6,716,512,4,32,512,4,4,128,16,0,8,4,0,0,0,0,4,0,6,0,5,1,1,1,0,1,0,1,0,0
4916,6,zeros-la-2-7,zeros-la-2,314,4916,6,718,512,0,0,2,0,0,32,512,0,8,128,16,0,8,4,4,4,6,1,3,2,1,1,0,1,0,1,0,0
4932,6,zeros-la-2-7,zeros-la-2,315,4932,6,720,512,0,0,2,0,0,32,512,0,2,128,16,0,16,4,4,4,6,2,3,0,2,1,0,1,0,1,0,0
4940,6,zeros-la-2-7,zeros-la-2,316,4940,6,722,512,0,0,0,2,2,0,32,512,0,2,128,16,0,16,4,8,6,3,1,1,2,1,0,1,0,1,0,0
4940,5,zeros-la-2-7,zeros-la-2,317,4940,5,724,512,0,0,0,2,2,2,32,512,0,2,128,16,0,16,4,8,5,4,1,1,2,1,0,1,0,1,0,0
4944,5,zeros-la-2-7,zeros-la-2,318,4944,5,728,512,4,0,0,2,0,0,32,512,0,4,128,16,2,16,4,8,5,2,3,1,2,1,0,1,0,1,0,0
4944,4,zeros-la-2-7,zeros-la-2,319,4944,4,730,512,0,0,0,2,2,0,32,512,4,4,128,16,2,16,4,8,4,3,3,1,2,1,0,1,0,1,0,0
4952,4,zeros-la-2-7,zeros-la-2,320,4952,4,732,512,2,0,0,0,2,32,512,2,8,128,16,0,2,16,4,8,4,4,1,2,2,1,0,1,0,1,0,0
4956,4,zeros-la-2-7,zeros-la-2,321,4956,4,734,512,2,0,0,0,4,32,512,0,8,128,16,2,2,16,4,8,4,3,2,2,2,1,0,1,0,1,0,0
4956,3,zeros-la-2-7,zeros-la-2,322,4956,3,736,512,2,0,0,2,4,32,512,0,8,128,16,2,2,16,4,8,3,4,2,2,2,1,0,1,0,1,0,0
4960,3,zeros-la-2-7,zeros-la-2,323,4960,3,738,512,2,32,512,4,4,128,16,8,8,16,4,0,2,0,0,2,3,3,3,2,2,1,0,1,0,1,0,0
4964,3,zeros-la-2-7,zeros-la-2,324,4964,3,740,512,2,32,512,4,4,128,16,8,0,8,16,4,2,0,0,4,3,2,4,2,2,1,0,1,0,1,0,0
5004,4,zeros-la-2-7,zeros-la-2,325,5004,4,742,512,0,0,0,0,2,32,2,4,4,128,512,8,2,8,32,8,4,3,2,3,0,2,0,1,0,1,0,0
5004,3,zeros-la-2-7,zeros-la-2,326,5004,3,744,512,0,0,0,2,2,32,2,4,4,128,512,8,2,8,32,8,3,4,2,3,0,2,0,1,0,1,0,0
5020,3,zeros-la-2-7,zeros-la-2,327,5020,3,746,512,2,0,0,0,2,32,2,2,4,128,512,4,2,8,32,16,3,5,2,1,1,2,0,1,0,1,0,0
5024,3,zeros-la-2-7,zeros-la-2,328,5024,3,748,512,0,2,0,2,0,2,32,4,4,128,512,4,2,8,32,16,3,4,3,1,1,2,0,1,0,1,0,0
5036,4,zeros-la-2-7,zeros-la-2,329,5036,4,752,512,4,4,32,2,2,128,512,8,0,8,32,16,0,0,4,0,4,2,3,2,1,2,0,1,0,1,0,0
5044,4,zeros-la-2-7,zeros-la-2,330,5044,4,754,512,0,8,32,2,2,128,512,8,2,8,32,16,0,0,0,4,4,3,1,3,1,2,0,1,0,1,0,0
5044,3,zeros-la-2-7,zeros-la-2,331,5044,3,758,512,8,32,2,0,2,128,512,8,2,8,32,16,4,0,0,4,3,3,2,3,1,2,0,1,0,1,0,0
5048,3,zeros-la-2-7,zeros-la-2,332,5048,3,760,512,2,0,0,0,8,32,2,8,4,128,512,16,4,8,32,4,3,2,3,3,1,2,0,1,0,1,0,0
5056,3,zeros-la-2-7,zeros-la-2,333,5056,3,762,512,0,0,2,0,2,32,2,8,8,128,512,16,8,8,32,4,3,3,1,4,1,2,0,1,0,1,0,0
5076,4,zeros-la-2-7,zeros-la-2,334,5076,4,764,512,0,0,0,0,2,32,4,8,2,128,512,16,16,8,32,4,4,2,2,2,2,2,0,1,0,1,0,0
5080,4,zeros-la-2-7,zeros-la-2,335,5080,4,768,512,0,0,4,0,0,32,4,8,4,128,512,16,16,8,32,4,4,0,4,2,2,2,0,1,0,1,0,0
5088,4,zeros-la-2-7,zeros-la-2,336,5088,4,770,512,0,0,0,0,2,32,8,8,4,128,512,16,16,8,32,4,4,1,2,3,2,2,0,1,0,1,0,0
5104,4,zeros-la-2-7,zeros-la-2,337,5104,4,772,512,0,0,0,0,2,2,32,16,4,128,512,16,16,8,32,4,4,2,2,1,3,2,0,1,0,1,0,0
5136,4,zeros-la-2-7,zeros-la-2,338,5136,4,776,512,2,2,32,32,4,128,512,4,16,8,32,0,0,0,0,4,4,2,3,1,1,3,0,1,0,1,0,0
5204,5,zeros-la-2-7,zeros-la-2,339,5204,5,780,512,4,64,0,0,4,128,512,4,16,8,32,0,4,4,0,0,5,0,5,1,1,1,1,1,0,1,0,0
5212,5,zeros-la-2-7,zeros-la-2,340,5212,5,782,512,4,64,0,0,4,128,512,4,16,8,32,0,8,0,0,2,5,1,3,2,1,1,1,1,0,1,0,0
5220,5,zeros-la-2-7,zeros-la-2,341,5220,5,784,512,0,0,0,0,8,64,2,0,16,128,512,4,8,8,32,2,5,2,1,3,1,1,1,1,0,1,0,0
5236,5,zeros-la-2-7,zeros-la-2,342,5236,5,786,512,0,0,2,0,8,64,2,0,16,128,512,4,16,32,2,0,5,3,1,1,2,1,1,1,0,1,0,0
5272,6,zeros-la-2-7,zeros-la-2,343,5272,6,788,512,8,64,4,4,32,128,512,0,0,32,2,0,0,2,0,0,6,2,2,1,0,2,1,1,0,1,0,0
5280,6,zeros-la-2-7,zeros-la-2,344,5280,6,790,512,8,64,8,0,32,128,512,0,32,2,2,0,2,0,0,0,6,3,0,2,0,2,1,1,0,1,0,0
5344,6,zeros-la-2-7,zeros-la-2,345,5344,6,792,512,8,64,8,0,64,128,512,0,2,2,2,0,2,0,0,0,6,4,0,2,0,0,2,1,0,1,0,0
5348,6,zeros-la-2-7,zeros-la-2,346,5348,6,794,512,8,64,8,0,64,128,512,0,4,2,2,0,0,2,0,0,6,3,1,2,0,0,2,1,0,1,0,0
5352,6,zeros-la-2-7,zeros-la-2,347,5352,6,796,512,0,8,64,8,0,64,128,512,0,2,4,4,0,0,0,2,6,2,2,2,0,0,2,1,0,1,0,0
5360,6,zeros-la-2-7,zeros-la-2,348,5360,6,798,512,8,64,8,0,64,128,512,0,2,8,0,0,2,0,2,0,6,3,0,3,0,0,2,1,0,1,0,0
5364,6,zeros-la-2-7,zeros-la-2,349,5364,6,800,512,8,64,8,0,64,128,512,0,4,8,2,0,0,2,0,0,6,2,1,3,0,0,2,1,0,1,0,0
5364,5,zeros-la-2-7,zeros-la-2,350,5364,5,802,512,2,64,0,0,8,128,8,0,64,8,512,0,4,2,2,0,5,3,1,3,0,0,2,1,0,1,0,0
5368,5,zeros-la-2-7,zeros-la-2,351,5368,5,804,512,0,0,2,64,0,8,128,8,0,64,8,512,0,2,4,4,5,2,2,3,0,0,2,1,0,1,0,0
5376,5,zeros-la-2-7,zeros-la-2,352,5376,5,806,512,2,64,0,0,8,128,8,0,64,8,512,0,2,8,2,0,5,3,0,4,0,0,2,1,0,1,0,0
5392,5,zeros-la-2-7,zeros-la-2,353,5392,5,808,512,2,64,8,0,8,128,512,0,64,16,2,0,2,0,2,0,5,4,0,2,1,0,2,1,0,1,0,0
5396,5,zeros-la-2-7,zeros-la-2,354,5396,5,810,512,0,2,64,8,0,8,128,512,0,64,16,2,0,2,0,4,5,3,1,2,1,0,2,1,0,1,0,0
5396,4,zeros-la-2-7,zeros-la-2,355,5396,4,812,512,0,2,64,8,2,8,128,512,0,64,16,2,0,0,2,4,4,4,1,2,1,0,2,1,0,1,0,0
5396,3,zeros-la-2-7,zeros-la-2,356,5396,3,814,512,2,64,8,0,2,8,128,512,64,16,2,0,2,4,2,0,3,5,1,2,1,0,2,1,0,1,0,0
5404,4,zeros-la-2-7,zeros-la-2,357,5404,4,816,512,0,64,0,0,4,8,8,0,64,16,128,2,2,4,4,512,4,2,3,2,1,0,2,1,0,1,0,0
5428,5,zeros-la-2-7,zeros-la-2,358,5428,5,818,512,64,0,2,0,4,16,0,0,64,16,128,2,2,8,512,0,5,3,1,1,2,0,2,1,0,1,0,0
5460,5,zeros-la-2-7,zeros-la-2,359,5460,5,822,512,64,32,2,2,4,8,128,0,64,0,512,0,2,0,0,4,5,3,2,1,0,1,2,1,0,1,0,0
5464,5,zeros-la-2-7,zeros-la-2,360,5464,5,824,512,0,64,32,4,0,4,8,128,0,0,64,512,2,0,2,4,5,2,3,1,0,1,2,1,0,1,0,0
5468,5,zeros-la-2-7,zeros-la-2,361,5468,5,826,512,2,64,32,4,0,4,8,128,0,0,64,512,0,0,4,4,5,1,4,1,0,1,2,1,0,1,0,0
5468,4,zeros-la-2-7,zeros-la-2,362,5468,4,828,512,0,0,32,4,0,2,8,128,0,64,64,512,2,4,4,4,4,2,4,1,0,1,2,1,0,1,0,0
5604,5,zeros-la-2-7,zeros-la-2,363,5604,5,830,512,0,0,32,4,0,2,8,128,2,0,128,512,0,2,4,8,5,3,2,2,0,1,0,2,0,1,0,0
5608,5,zeros-la-2-7,zeros-la-2,364,5608,5,832,512,0,0,32,4,0,0,8,128,2,0,128,512,2,4,4,8,5,2,3,2,0,1,0,2,0,1,0,0
5616,5,zeros-la-2-7,zeros-la-2,365,5616,5,834,512,32,4,2,0,8,128,0,0,2,128,512,0,2,8,8,0,5,3,1,3,0,1,0,2,0,1,0,0
5876,6,zeros-la-2-7,zeros-la-2,366,5876,6,836,512,0,0,0,0,32,4,2,2,8,256,512,0,4,8,8,0,6,2,2,3,0,1,0,0,1,1,0,0
5896,7,zeros-la-2-7,zeros-la-2,367,5896,7,838,512,0,0,0,0,32,4,4,0,8,256,512,0,4,16,2,0,7,1,3,1,1,1,0,0,1,1,0,0
5904,7,zeros-la-2-7,zeros-la-2,368,5904,7,840,512,0,0,0,0,32,8,0,0,8,256,512,2,4,16,2,0,7,2,1,2,1,1,0,0,1,1,0,0
5904,6,zeros-la-2-7,zeros-la-2,369,5904,6,842,512,0,0,0,0,32,8,0,2,8,256,512,0,4,16,2,2,6,3,1,2,1,1,0,0,1,1,0,0
5908,6,zeros-la-2-7,zeros-la-2,370,5908,6,844,512,32,8,512,4,8,256,2,0,4,16,0,0,2,0,0,0,6,2,2,2,1,1,0,0,1,1,0,0
5908,5,zeros-la-2-7,zeros-la-2,371,5908,5,846,512,32,8,512,4,8,256,2,2,4,16,0,0,2,0,0,0,5,3,2,2,1,1,0,0,1,1,0,0
5912,5,zeros-la-2-7,zeros-la-2,372,5912,5,848,512,32,8,512,4,0,8,256,4,0,0,4,16,0,0,2,2,5,2,3,2,1,1,0,0,1,1,0,0
5936,6,zeros-la-2-7,zeros-la-2,373,5936,6,850,512,0,0,512,0,0,0,256,8,2,0,4,16,32,16,2,2,6,3,1,1,2,1,0,0,1,1,0,0
5936,5,zeros-la-2-7,zeros-la-2,374,5936,5,852,512,0,0,512,0,2,0,256,8,2,0,4,16,32,16,2,2,5,4,1,1,2,1,0,0,1,1,0,0
5940,5,zeros-la-2-7,zeros-la-2,375,5940,5,854,512,0,2,512,0,0,0,256,8,4,0,4,16,32,16,2,2,5,3,2,1,2,1,0,0,1,1,0,0
5952,6,zeros-la-2-7,zeros-la-2,376,5952,6,856,512,2,512,0,0,256,8,0,0,8,16,2,0,32,16,4,0,6,2,1,2,2,1,0,0,1,1,0,0
5984,6,zeros-la-2-7,zeros-la-2,377,5984,6,858,512,2,0,0,2,256,512,0,0,8,8,2,0,32,32,4,0,6,3,1,2,0,2,0,0,1,1,0,0
6068,8,zeros-la-2-7,zeros-la-2,378,6068,8,860,512,0,0,2,4,0,0,256,512,0,0,16,2,0,0,64,4,8,2,2,0,1,0,1,0,1,1,0,0
6068,7,zeros-la-2-7,zeros-la-2,379,6068,7,862,512,0,0,2,4,0,0,256,512,0,2,16,2,0,0,64,4,7,3,2,0,1,0,1,0,1,1,0,0
6068,6,zeros-la-2-7,zeros-la-2,380,6068,6,864,512,0,2,2,4,0,2,256,512,0,0,16,2,0,0,64,4,6,4,2,0,1,0,1,0,1,1,0,0
6072,6,zeros-la-2-7,zeros-la-2,381,6072,6,866,512,4,4,0,0,2,256,512,0,16,2,0,0,64,4,2,0,6,3,3,0,1,0,1,0,1,1,0,0
6080,6,zeros-la-2-7,zeros-la-2,382,6080,6,868,512,0,2,0,8,0,2,256,512,0,0,16,2,0,64,4,2,6,4,1,1,1,0,1,0,1,1,0,0
6088,7,zeros-la-2-7,zeros-la-2,383,6088,7,870,512,0,4,256,8,0,64,16,512,0,0,4,4,2,0,0,0,7,1,3,1,1,0,1,0,1,1,0,0
6096,7,zeros-la-2-7,zeros-la-2,384,6096,7,874,512,4,256,8,0,64,16,512,0,8,0,0,0,2,4,0,0,7,1,2,2,1,0,1,0,1,1,0,0
6096,6,zeros-la-2-7,zeros-la-2,385,6096,6,878,512,4,256,8,0,64,16,512,4,8,4,0,0,2,0,0,0,6,1,3,2,1,0,1,0,1,1,0,0
6096,5,zeros-la-2-7,zeros-la-2,386,6096,5,880,512,0,4,256,8,64,16,512,4,2,0,8,4,0,0,0,2,5,2,3,2,1,0,1,0,1,1,0,0
6104,5,zeros-la-2-7,zeros-la-2,387,6104,5,882,512,64,4,256,8,2,16,512,8,0,0,8,2,0,2,0,0,5,3,1,3,1,0,1,0,1,1,0,0
6104,4,zeros-la-2-7,zeros-la-2,388,6104,4,884,512,64,4,256,8,2,16,512,8,0,0,8,2,0,2,0,2,4,4,1,3,1,0,1,0,1,1,0,0
6124,5,zeros-la-2-7,zeros-la-2,389,6124,5,888,512,64,4,256,16,2,16,512,4,0,2,8,0,0,4,0,0,5,2,3,1,2,0,1,0,1,1,0,0
6124,4,zeros-la-2-7,zeros-la-2,390,6124,4,890,512,64,4,256,16,2,16,512,4,2,0,2,8,0,0,0,4,4,3,3,1,2,0,1,0,1,1,0,0
6128,4,zeros-la-2-7,zeros-la-2,391,6128,4,892,512,64,4,256,16,4,16,512,4,0,0,2,8,0,2,0,4,4,2,4,1,2,0,1,0,1,1,0,0
6128,3,zeros-la-2-7,zeros-la-2,392,6128,3,894,512,64,4,256,16,4,16,512,4,0,2,2,8,0,0,2,4,3,3,4,1,2,0,1,0,1,1,0,0
6132,3,zeros-la-2-7,zeros-la-2,393,6132,3,896,512,0,2,0,16,0,4,256,4,64,16,512,8,4,2,4,4,3,2,5,1,2,0,1,0,1,1,0,0
6140,3,zeros-la-2-7,zeros-la-2,394,6140,3,898,512,0,0,2,16,0,4,256,4,64,16,512,8,2,4,2,8,3,3,3,2,2,0,1,0,1,1,0,0
6156,3,zeros-la-2-7,zeros-la-2,395,6156,3,900,512,64,4,2,16,2,16,256,4,0,4,512,16,0,0,2,2,3,4,3,0,3,0,1,0,1,1,0,0
6160,3,zeros-la-2-7,zeros-la-2,396,6160,3,902,512,64,4,2,16,2,16,256,4,2,4,512,16,0,0,0,4,3,3,4,0,3,0,1,0,1,1,0,0
6164,3,zeros-la-2-7,zeros-la-2,397,6164,3,906,512,0,4,0,16,0,4,2,4,64,16,256,16,4,4,512,4,3,1,6,0,3,0,1,0,1,1,0,0
6172,3,zeros-la-2-7,zeros-la-2,398,6172,3,910,512,0,0,4,16,0,8,2,4,64,16,256,16,4,4,512,4,3,1,5,1,3,0,1,0,1,1,0,0
6180,3,zeros-la-2-7,zeros-la-2,399,6180,3,912,512,4,16,2,0,8,2,4,0,64,16,256,16,8,512,4,0,3,2,3,2,3,0,1,0,1,1,0,0
6180,2,zeros-la-2-7,zeros-la-2,400,6180,2,914,512,4,16,2,0,8,2,4,0,64,16,256,16,8,512,4,2,2,3,3,2,3,0,1,0,1,1,0,0
6180,1,zeros-la-2-7,zeros-la-2,401,6180,1,916,512,4,16,2,16,8,2,4,2,64,16,256,2,8,512,4,0,1,4,3,2,3,0,1,0,1,1,0,0
6184,1,zeros-la-2-7,zeros-la-2,402,6184,1,918,512,4,16,2,0,8,2,4,2,64,16,256,16,8,512,4,4,1,3,4,2,3,0,1,0,1,1,0,0
6192,1,zeros-la-2-7,zeros-la-2,403,6192,1,922,512,4,4,16,2,8,2,4,2,64,16,256,16,0,8,512,8,1,3,3,3,3,0,1,0,1,1,0,0
6200,1,zeros-la-2-7,zeros-la-2,404,6200,1,924,512,8,16,2,2,8,2,4,2,64,16,256,16,8,512,8,0,1,4,1,4,3,0,1,0,1,1,0,0
6220,2,zeros-la-2-7,zeros-la-2,405,6220,2,926,512,2,16,2,0,16,2,4,0,64,16,256,4,8,512,8,16,2,3,2,2,4,0,1,0,1,1,0,0
6220,1,zeros-la-2-7,zeros-la-2,406,6220,1,928,512,0,2,16,2,2,16,2,4,64,16,256,4,8,512,8,16,1,4,2,2,4,0,1,0,1,1,0,0
6260,2,zeros-la-2-7,zeros-la-2,407,6260,2,930,512,0,0,16,2,2,2,2,2,64,32,256,8,8,512,8,16,2,5,0,3,2,1,1,0,1,1,0,0
6268,3,zeros-la-2-7,zeros-la-2,408,6268,3,932,512,16,2,0,0,4,4,0,2,64,32,256,8,8,512,8,16,3,2,2,3,2,1,1,0,1,1,0,0
6276,3,zeros-la-2-7,zeros-la-2,409,6276,3,934,512,16,2,0,0,8,2,2,0,64,32,256,8,8,512,8,16,3,3,0,4,2,1,1,0,1,1,0,0
6280,3,zeros-la-2-7,zeros-la-2,410,6280,3,936,512,16,2,0,0,8,4,0,2,64,32,256,8,8,512,8,16,3,2,1,4,2,1,1,0,1,1,0,0
6280,2,zeros-la-2-7,zeros-la-2,411,6280,2,938,512,16,2,2,0,8,4,0,2,64,32,256,8,8,512,8,16,2,3,1,4,2,1,1,0,1,1,0,0
6284,2,zeros-la-2-7,zeros-la-2,412,6284,2,940,512,16,4,0,2,8,4,2,0,64,32,256,8,8,512,8,16,2,2,2,4,2,1,1,0,1,1,0,0
6292,2,zeros-la-2-7,zeros-la-2,413,6292,2,942,512,16,0,2,0,8,8,2,2,64,32,256,8,8,512,8,16,2,3,0,5,2,1,1,0,1,1,0,0
6312,3,zeros-la-2-7,zeros-la-2,414,6312,3,944,512,16,2,0,0,16,4,2,0,64,32,256,8,8,512,8,16,3,2,1,3,3,1,1,0,1,1,0,0
6344,3,zeros-la-2-7,zeros-la-2,415,6344,3,946,512,32,2,2,8,64,4,256,16,8,32,8,2,0,512,0,0,3,3,1,3,1,2,1,0,1,1,0,0
6348,3,zeros-la-2-7,zeros-la-2,416,6348,3,950,512,32,4,8,0,64,4,256,16,8,32,8,2,512,0,0,4,3,1,3,3,1,2,1,0,1,1,0,0
6356,3,zeros-la-2-7,zeros-la-2,417,6356,3,952,512,32,8,8,16,64,32,256,2,8,2,8,4,512,0,0,0,3,2,1,4,1,2,1,0,1,1,0,0
6372,3,zeros-la-2-7,zeros-la-2,418,6372,3,954,512,0,32,16,16,64,32,256,2,8,2,8,4,0,0,2,512,3,3,1,2,2,2,1,0,1,1,0,0
6436,3,zeros-la-2-7,zeros-la-2,419,6436,3,956,512,2,0,16,16,0,0,256,2,64,64,8,4,8,2,2,512,3,4,1,2,2,0,2,0,1,1,0,0
6600,5,zeros-la-2-7,zeros-la-2,420,6600,5,958,512,2,32,2,0,256,2,0,0,128,8,4,0,8,4,512,0,5,3,2,2,0,1,0,1,1,1,0,0
6600,4,zeros-la-2-7,zeros-la-2,421,6600,4,960,512,0,2,32,2,0,0,256,2,0,128,8,4,2,8,4,512,4,4,2,2,0,1,0,1,1,1,0,0
6604,4,zeros-la-2-7,zeros-la-2,422,6604,4,962,512,2,2,32,4,2,128,256,4,0,8,8,512,0,0,4,0,4,3,3,2,0,1,0,1,1,1,0,0
6624,5,zeros-la-2-7,zeros-la-2,423,6624,5,964,512,0,4,32,4,2,128,256,4,0,2,16,512,0,0,0,4,5,2,4,0,1,1,0,1,1,1,0,0
6632,5,zeros-la-2-7,zeros-la-2,424,6632,5,966,512,0,0,0,0,0,4,32,8,2,128,256,512,2,2,16,4,5,3,2,1,1,1,0,1,1,1,0,0
6636,5,zeros-la-2-7,zeros-la-2,425,6636,5,968,512,4,4,32,8,0,128,256,512,2,2,16,4,0,0,0,0,5,2,3,1,1,1,0,1,1,1,0,0
6648,6,zeros-la-2-7,zeros-la-2,426,6648,6,970,512,0,8,32,8,0,128,256,512,2,4,16,4,0,0,0,0,6,1,2,2,1,1,0,1,1,1,0,0
6648,5,zeros-la-2-7,zeros-la-2,427,6648,5,974,512,0,0,4,0,0,8,32,8,0,128,256,512,2,4,16,4,5,1,3,2,1,1,0,1,1,1,0,0
6648,4,zeros-la-2-7,zeros-la-2,428,6648,4,976,512,2,0,0,4,0,8,32,8,0,128,256,512,2,4,16,4,4,2,3,2,1,1,0,1,1,1,0,0
6652,4,zeros-la-2-7,zeros-la-2,429,6652,4,978,512,0,0,2,4,0,8,32,8,0,128,256,512,4,4,16,4,4,1,4,2,1,1,0,1,1,1,0,0
6660,4,zeros-la-2-7,zeros-la-2,430,6660,4,980,512,0,2,2,4,0,8,32,8,0,128,256,512,0,8,16,4,4,2,2,3,1,1,0,1,1,1,0,0
6664,4,zeros-la-2-7,zeros-la-2,431,6664,4,982,512,4,4,0,0,8,32,8,2,128,256,512,0,8,16,4,0,4,1,3,3,1,1,0,1,1,1,0,0
6672,4,zeros-la-2-7,zeros-la-2,432,6672,4,986,512,8,0,0,0,8,32,8,2,128,256,512,0,8,16,4,4,4,1,2,4,1,1,0,1,1,1,0,0
6680,4,zeros-la-2-7,zeros-la-2,433,6680,4,988,512,8,2,0,0,8,32,8,2,128,256,512,0,8,16,8,0,4,2,0,5,1,1,0,1,1,1,0,0
6696,4,zeros-la-2-7,zeros-la-2,434,6696,4,990,512,0,2,0,0,16,32,8,0,128,256,512,2,8,16,8,2,4,3,0,3,2,1,0,1,1,1,0,0
6700,4,zeros-la-2-7,zeros-la-2,435,6700,4,992,512,0,2,0,0,16,32,8,2,128,256,512,0,8,16,8,4,4,2,1,3,2,1,0,1,1,1,0,0
6700,3,zeros-la-2-7,zeros-la-2,436,6700,3,994,512,0,0,0,2,16,32,8,2,2,128,256,512,8,16,8,4,3,3,1,3,2,1,0,1,1,1,0,0
6704,3,zeros-la-2-7,zeros-la-2,437,6704,3,996,512,0,0,2,0,16,32,8,4,2,128,256,512,8,16,8,4,3,2,2,3,2,1,0,1,1,1,0,0
6704,2,zeros-la-2-7,zeros-la-2,438,6704,2,998,512,0,0,2,2,16,32,8,4,2,128,256,512,8,16,8,4,2,3,2,3,2,1,0,1,1,1,0,0
6708,2,zeros-la-2-7,zeros-la-2,439,6708,2,1000,512,2,0,0,4,16,32,8,4,2,128,256,512,8,16,8,4,2,2,3,3,2,1,0,1,1,1,0,0
6716,2,zeros-la-2-7,zeros-la-2,440,6716,2,1002,512,2,0,2,0,16,32,8,8,2,128,256,512,8,16,8,4,2,3,1,4,2,1,0,1,1,1,0,0
6736,3,zeros-la-2-7,zeros-la-2,441,6736,3,1006,512,0,4,0,4,0,16,32,16,2,128,256,512,8,16,8,4,3,1,3,2,3,1,0,1,1,1,0,0
6744,3,zeros-la-2-7,zeros-la-2,442,6744,3,1008,512,2,0,0,8,0,16,32,16,2,128,256,512,8,16,8,4,3,2,1,3,3,1,0,1,1,1,0,0
6748,3,zeros-la-2-7,zeros-la-2,443,6748,3,1010,512,4,16,32,8,8,128,256,16,0,16,8,512,2,0,0,4,3,1,2,3,3,1,0,1,1,1,0,0
6748,2,zeros-la-2-7,zeros-la-2,444,6748,2,1012,512,4,16,32,8,8,128,256,16,0,16,8,512,2,0,2,4,2,2,2,3,3,1,0,1,1,1,0,0
6752,2,zeros-la-2-7,zeros-la-2,445,6752,2,1014,512,4,16,32,8,8,128,256,16,16,8,512,2,4,4,0,0,2,1,3,3,3,1,0,1,1,1,0,0
6760,2,zeros-la-2-7,zeros-la-2,446,6760,2,1016,512,4,16,32,8,8,128,256,16,16,8,512,2,8,0,2,0,2,2,1,4,3,1,0,1,1,1,0,0
6760,1,zeros-la-2-7,zeros-la-2,447,6760,1,1018,512,4,0,32,2,8,16,256,8,16,128,512,16,8,8,2,2,1,3,1,4,3,1,0,1,1,1,0,0
6780,2,zeros-la-2-7,zeros-la-2,448,6780,2,1020,512,4,32,2,2,8,16,256,8,16,128,512,16,16,4,0,0,2,2,2,2,4,1,0,1,1,1,0,0
6812,2,zeros-la-2-7,zeros-la-2,449,6812,2,1022,512,0,32,0,2,4,16,2,2,8,128,256,8,32,4,512,16,2,3,2,2,2,2,0,1,1,1,0,0
6816,2,zeros-la-2-7,zeros-la-2,450,6816,2,1024,512,4,32,2,4,8,16,256,8,32,128,512,16,0,4,2,0,2,2,3,2,2,2,0,1,1,1,0,0
6816,1,zeros-la-2-7,zeros-la-2,451,6816,1,1028,512,0,32,2,4,4,16,256,4,8,128,512,8,32,4,2,16,1,2,4,2,2,2,0,1,1,1,0,0
6824,1,zeros-la-2-7,zeros-la-2,452,6824,1,1030,512,4,32,2,8,8,16,256,8,32,128,512,16,0,4,2,2,1,3,2,3,2,2,0,1,1,1,0,0
6840,1,zeros-la-2-7,zeros-la-2,453,6840,1,1032,512,2,32,2,0,4,16,256,16,8,128,512,16,32,4,2,2,1,4,2,1,3,2,0,1,1,1,0,0
6844,1,zeros-la-2-7,zeros-la-2,454,6844,1,1034,512,2,32,2,0,4,16,256,16,8,128,512,16,32,4,4,2,1,3,3,1,3,2,0,1,1,1,0,0
6852,1,zeros-la-2-7,zeros-la-2,455,6852,1,1036,512,2,32,2,2,4,16,256,16,8,128,512,16,32,8,2,0,1,4,1,2,3,2,0,1,1,1,0,0
6856,1,zeros-la-2-7,zeros-la-2,456,6856,1,1040,512,4,2,32,4,4,16,256,16,8,128,512,16,0,32,8,2,1,2,3,2,3,2,0,1,1,1,0,0
6896,2,zeros-la-2-7,zeros-la-2,457,6896,2,1042,512,0,2,32,2,0,16,256,4,8,128,512,32,8,32,8,2,2,3,1,3,1,3,0,1,1,1,0,0
6896,1,zeros-la-2-7,zeros-la-2,458,6896,1,1044,512,2,32,2,0,16,256,4,2,8,128,512,32,8,32,8,2,1,4,1,3,1,3,0,1,1,1,0,0
6912,1,zeros-la-2-7,zeros-la-2,459,6912,1,1046,512,2,32,2,0,2,256,4,2,16,128,512,32,16,32,8,2,1,5,1,1,2,3,0,1,1,1,0,0
6948,2,zeros-la-2-7,zeros-la-2,460,6948,2,1048,512,2,32,2,0,0,256,4,2,4,128,512,32,32,32,8,2,2,4,2,1,0,4,0,1,1,1,0,0
7012,2,zeros-la-2-7,zeros-la-2,461,7012,2,1050,512,2,32,2,0,256,4,2,2,4,128,512,32,64,8,2,0,2,5,2,1,0,2,1,1,1,1,0,0
7016,2,zeros-la-2-7,zeros-la-2,462,7016,2,1052,512,2,32,2,0,256,4,4,2,4,128,512,32,64,8,2,0,2,4,3,1,0,2,1,1,1,1,0,0
7024,2,zeros-la-2-7,zeros-la-2,463,7024,2,1054,512,2,2,32,2,0,256,8,2,4,128,512,32,0,64,8,2,2,5,1,2,0,2,1,1,1,1,0,0
7028,2,zeros-la-2-7,zeros-la-2,464,7028,2,1056,512,4,32,2,0,256,8,2,2,4,128,512,32,64,8,2,0,2,4,2,2,0,2,1,1,1,1,0,0
7032,2,zeros-la-2-7,zeros-la-2,465,7032,2,1058,512,4,32,2,2,256,8,4,0,4,128,512,32,64,8,2,0,2,3,3,2,0,2,1,1,1,1,0,0
7036,2,zeros-la-2-7,zeros-la-2,466,7036,2,1060,512,4,32,4,2,256,8,4,0,4,128,512,32,64,8,2,0,2,2,4,2,0,2,1,1,1,1,0,0
7044,2,zeros-la-2-7,zeros-la-2,467,7044,2,1064,512,4,32,0,0,256,8,8,4,4,128,512,2,64,8,2,32,2,2,3,3,0,2,1,1,1,1,0,0
7060,2,zeros-la-2-7,zeros-la-2,468,7060,2,1066,512,4,32,0,2,256,16,4,0,4,128,512,2,64,8,2,32,2,3,3,1,1,2,1,1,1,1,0,0
7064,2,zeros-la-2-7,zeros-la-2,469,7064,2,1068,512,4,32,4,4,256,16,512,32,4,128,2,2,64,8,0,0,2,2,4,1,1,2,1,1,1,1,0,0
7076,3,zeros-la-2-7,zeros-la-2,470,7076,3,1070,512,0,4,32,8,256,16,512,32,0,4,128,4,0,2,64,8,3,1,3,2,1,2,1,1,1,1,0,0
7076,2,zeros-la-2-7,zeros-la-2,471,7076,2,1072,512,256,4,32,8,0,16,512,32,0,4,128,4,2,2,64,8,2,2,3,2,1,2,1,1,1,1,0,0
7080,2,zeros-la-2-7,zeros-la-2,472,7080,2,1074,512,256,4,32,8,16,512,32,2,4,128,4,0,4,64,8,0,2,1,4,2,1,2,1,1,1,1,0,0
7152,3,zeros-la-2-7,zeros-la-2,473,7152,3,1076,512,256,4,64,8,16,512,4,2,8,128,8,0,2,64,0,0,3,2,2,3,1,0,2,1,1,1,0,0
7152,2,zeros-la-2-7,zeros-la-2,474,7152,2,1078,512,256,4,64,8,16,512,4,2,8,128,8,0,2,64,0,2,2,3,2,3,1,0,2,1,1,1,0,0
7156,2,zeros-la-2-7,zeros-la-2,475,7156,2,1080,512,256,4,64,8,16,512,4,4,8,128,8,0,2,64,0,2,2,2,3,3,1,0,2,1,1,1,0,0
7164,2,zeros-la-2-7,zeros-la-2,476,7164,2,1082,512,256,4,64,8,2,16,512,8,0,8,128,8,0,2,64,2,2,3,1,4,1,0,2,1,1,1,0,0
7180,2,zeros-la-2-7,zeros-la-2,477,7180,2,1084,512,256,4,64,16,2,16,512,8,0,8,128,2,0,2,64,2,2,4,1,2,2,0,2,1,1,1,0,0
7184,2,zeros-la-2-7,zeros-la-2,478,7184,2,1086,512,256,4,64,16,2,16,512,8,0,8,128,4,0,2,64,2,2,3,2,2,2,0,2,1,1,1,0,0
7184,1,zeros-la-2-7,zeros-la-2,479,7184,1,1088,512,256,4,64,16,2,16,512,8,8,128,4,2,2,64,2,0,1,4,2,2,2,0,2,1,1,1,0,0
7184,0,zeros-la-2-7,zeros-la-2,480,7184,0,1090,512,256,4,64,16,2,16,512,8,8,128,4,2,2,64,2,2,0,5,2,2,2,0,2,1,1,1,0,0
7188,0,zeros-la-2-7,zeros-la-2,481,7188,0,1092,512,256,4,64,16,2,16,512,8,8,128,4,4,2,64,2,2,0,4,3,2,2,0,2,1,1,1,0,0
7200,1,zeros-la-2-7,zeros-la-2,482,7200,1,1094,512,256,4,64,16,2,16,512,8,0,8,128,8,2,2,64,4,1,3,2,3,2,0,2,1,1,1,0,0
7220,2,zeros-la-2-7,zeros-la-2,483,7220,2,1096,512,256,4,64,16,4,16,512,16,0,8,128,4,0,2,64,2,2,2,3,1,3,0,2,1,1,1,0,0
7252,2,zeros-la-2-7,zeros-la-2,484,7252,2,1098,512,256,4,64,32,4,16,512,4,0,8,128,2,2,2,64,0,2,3,3,1,1,1,2,1,1,1,0,0
7256,2,zeros-la-2-7,zeros-la-2,485,7256,2,1100,512,256,4,64,32,4,16,512,4,8,128,2,2,4,64,0,0,2,2,4,1,1,1,2,1,1,1,0,0
7260,2,zeros-la-2-7,zeros-la-2,486,7260,2,1102,512,256,4,64,32,4,16,512,4,2,8,128,4,0,0,4,64,2,1,5,1,1,1,2,1,1,1,0,0
7268,2,zeros-la-2-7,zeros-la-2,487,7268,2,1104,512,256,4,64,32,4,16,512,8,2,8,128,64,0,0,4,2,2,2,3,2,1,1,2,1,1,1,0,0
7268,1,zeros-la-2-7,zeros-la-2,488,7268,1,1106,512,256,4,64,32,4,16,512,8,2,8,128,64,2,0,4,2,1,3,3,2,1,1,2,1,1,1,0,0
7272,1,zeros-la-2-7,zeros-la-2,489,7272,1,1108,512,0,2,64,32,256,4,512,8,4,16,128,64,4,8,4,2,1,2,4,2,1,1,2,1,1,1,0,0
7280,1,zeros-la-2-7,zeros-la-2,490,7280,1,1110,512,0,2,64,32,2,4,512,8,256,16,128,64,8,8,4,2,1,3,2,3,1,1,2,1,1,1,0,0
7296,1,zeros-la-2-7,zeros-la-2,491,7296,1,1112,512,0,2,64,32,2,4,512,8,256,16,128,64,2,16,4,2,1,4,2,1,2,1,2,1,1,1,0,0
7328,1,zeros-la-2-7,zeros-la-2,492,7328,1,1114,512,0,2,64,32,2,2,512,8,256,4,128,64,2,32,4,2,1,5,2,1,0,2,2,1,1,1,0,0
7332,1,zeros-la-2-7,zeros-la-2,493,7332,1,1116,512,2,4,64,32,256,4,512,8,2,32,128,64,2,0,4,2,1,4,3,1,0,2,2,1,1,1,0,0
7344,2,zeros-la-2-7,zeros-la-2,494,7344,2,1118,512,0,2,64,32,2,0,512,8,256,8,128,64,4,32,4,2,2,3,2,2,0,2,2,1,1,1,0,0
7344,1,zeros-la-2-7,zeros-la-2,495,7344,1,1122,512,0,2,64,32,4,2,512,8,256,8,128,64,4,32,4,2,1,3,3,2,0,2,2,1,1,1,0,0
7348,1,zeros-la-2-7,zeros-la-2,496,7348,1,1124,512,4,4,64,32,256,8,512,8,4,32,128,64,2,0,4,2,1,2,4,2,0,2,2,1,1,1,0,0
7356,1,zeros-la-2-7,zeros-la-2,497,7356,1,1126,512,0,8,64,32,256,8,512,8,4,32,128,64,2,2,4,2,1,3,2,3,0,2,2,1,1,1,0,0
7360,1,zeros-la-2-7,zeros-la-2,498,7360,1,1128,512,2,8,64,32,256,8,512,8,4,32,128,64,0,4,4,2,1,2,3,3,0,2,2,1,1,1,0,0
7376,1,zeros-la-2-7,zeros-la-2,499,7376,1,1130,512,0,2,64,32,2,16,512,8,256,32,128,64,4,4,4,2,1,3,3,1,1,2,2,1,1,1,0,0
7384,1,zeros-la-2-7,zeros-la-2,500,7384,1,1132,512,2,64,32,0,2,16,512,8,256,32,128,64,8,4,2,2,1,4,1,2,1,2,2,1,1,1,0,0
7388,1,zeros-la-2-7,zeros-la-2,501,7388,1,1134,512,2,2,64,32,2,16,512,8,256,32,128,64,0,8,4,4,1,3,2,2,1,2,2,1,1,1,0,0
7400,2,zeros-la-2-7,zeros-la-2,502,7400,2,1136,512,2,4,64,32,2,16,512,8,256,32,128,64,0,0,8,8,2,2,1,3,1,2,2,1,1,1,0,0
7404,2,zeros-la-2-7,zeros-la-2,503,7404,2,1138,512,4,4,64,32,256,16,512,8,2,32,128,64,0,0,8,8,2,1,2,3,1,2,2,1,1,1,0,0
7428,3,zeros-la-2-7,zeros-la-2,504,7428,3,1140,512,2,8,64,32,256,16,512,8,2,32,128,64,0,0,0,16,3,2,0,2,2,2,2,1,1,1,0,0
7428,2,zeros-la-2-7,zeros-la-2,505,7428,2,1142,512,2,8,64,32,256,16,512,8,2,32,128,64,2,0,0,16,2,3,0,2,2,2,2,1,1,1,0,0
7432,2,zeros-la-2-7,zeros-la-2,506,7432,2,1144,512,2,0,0,32,2,8,64,8,256,16,512,64,4,32,128,16,2,2,1,2,2,2,2,1,1,1,0,0
7436,2,zeros-la-2-7,zeros-la-2,507,7436,2,1146,512,4,8,64,32,256,16,512,8,4,32,128,64,0,2,0,16,2,1,2,2,2,2,2,1,1,1,0,0
7436,1,zeros-la-2-7,zeros-la-2,508,7436,1,1148,512,4,8,64,32,256,16,512,8,4,32,128,64,2,0,2,16,1,2,2,2,2,2,2,1,1,1,0,0
7440,1,zeros-la-2-7,zeros-la-2,509,7440,1,1150,512,4,8,64,32,256,16,512,8,4,32,128,64,4,16,0,2,1,1,3,2,2,2,2,1,1,1,0,0
7448,1,zeros-la-2-7,zeros-la-2,510,7448,1,1152,512,2,8,0,32,4,16,64,8,256,32,512,64,8,16,128,2,1,2,1,3,2,2,2,1,1,1,0,0
7448,0,zeros-la-2-7,zeros-la-2,511,7448,0,1154,512,2,8,2,32,4,16,64,8,256,32,512,64,8,16,128,2,0,3,1,3,2,2,2,1,1,1,0,0
4,14,zeros-la-2-8,zeros-la-2,0,4,14,6,4,0,0,0,0,0,0,0,0,0,0,0,4,0,0,0,2,14,1,1,0,0,0,0,0,0,0,0,0
4,13,zeros-la-2-8,zeros-la-2,1,4,13,8,4,0,0,0,4,0,0,0,2,0,0,0,2,0,0,0,0,13,2,1,0,0,0,0,0,0,0,0,0
8,13,zeros-la-2-8,zeros-la-2,2,8,13,10,4,0,2,0,4,0,0,0,4,0,0,0,0,0,0,0,0,13,1,2,0,0,0,0,0,0,0,0,0
16,13,zeros-la-2-8,zeros-la-2,3,16,13,12,8,0,0,2,0,0,0,0,0,0,0,0,0,0,2,0,8,13,2,0,1,0,0,0,0,0,0,0,0
16,12,zeros-la-2-8,zeros-la-2,4,16,12,16,8,0,0,0,4,0,0,0,0,0,0,0,0,0,2,2,8,12,2,1,1,0,0,0,0,0,0,0,0
20,12,zeros-la-2-8,zeros-la-2,5,20,12,18,8,4,2,0,0,0,0,0,0,0,0,0,0,4,8,0,0,12,1,2,1,0,0,0,0,0,0,0,0
28,12,zeros-la-2-8,zeros-la-2,6,28,12,20,8,0,0,0,0,0,0,0,0,0,2,0,2,8,8,0,0,12,2,0,2,0,0,0,0,0,0,0,0
48,13,zeros-la-2-8,zeros-la-2,7,48,13,22,16,0,0,0,0,0,0,0,0,0,0,0,4,0,0,2,16,13,1,1,0,1,0,0,0,0,0,0,0
48,12,zeros-la-2-8,zeros-la-2,8,48,12,24,16,0,0,0,0,0,0,0,0,0,2,0,4,0,0,2,16,12,2,1,0,1,0,0,0,0,0,0,0
48,11,zeros-la-2-8,zeros-la-2,9,48,11,26,16,0,2,2,4,2,0,0,16,0,0,0,0,0,0,0,0,11,3,1,0,1,0,0,0,0,0,0,0
52,11,zeros-la-2-8,zeros-la-2,10,52,11,28,16,0,0,4,4,0,0,2,16,0,2,0,0,0,0,0,0,11,2,2,0,1,0,0,0,0,0,0,0
60,11,zeros-la-2-8,zeros-la-2,11,60,11,30,16,8,2,0,0,2,16,0,0,2,0,0,0,0,0,0,0,11,3,0,1,1,0,0,0,0,0,0,0
64,11,zeros-la-2-8,zeros-la-2,12,64,11,32,16,8,2,0,2,4,16,0,0,0,0,0,0,0,0,0,0,11,2,1,1,1,0,0,0,0,0,0,0
68,11,zeros-la-2-8,zeros-la-2,13,68,11,34,16,0,0,8,4,0,2,4,16,0,0,0,0,0,0,0,0,11,1,2,1,1,0,0,0,0,0,0,0
68,10,zeros-la-2-8,zeros-la-2,14,68,10,36,16,8,4,2,0,2,4,16,0,0,0,0,0,0,0,0,0,10,2,2,1,1,0,0,0,0,0,0,0
76,10,zeros-la-2-8,zeros-la-2,15,76,10,38,16,0,0,0,0,0,0,0,0,8,0,2,2,2,8,16,0,10,3,0,2,1,0,0,0,0,0,0,0
80,10,zeros-la-2-8,zeros-la-2,16,80,10,40,16,0,0,0,0,0,0,0,0,0,0,8,4,2,2,8,16,10,2,1,2,1,0,0,0,0,0,0,0
96,10,zeros-la-2-8,zeros-la-2,17,96,10,42,16,0,0,0,0,0,0,2,0,0,0,0,4,2,2,16,16,10,3,1,0,2,0,0,0,0,0,0,0
132,11,zeros-la-2-8,zeros-la-2,18,132,11,44,32,2,0,0,0,2,0,0,0,4,0,0,0,4,32,0,0,11,2,2,0,0,1,0,0,0,0,0,0
144,12,zeros-la-2-8,zeros-la-2,19,144,12,46,32,4,32,0,0,8,0,0,0,0,0,0,0,0,0,0,2,12,1,1,1,0,1,0,0,0,0,0,0
144,11,zeros-la-2-8,zeros-la-2,20,144,11,48,32,4,32,0,2,8,0,0,0,0,2,0,0,0,0,0,0,11,2,1,1,0,1,0,0,0,0,0,0
144,10,zeros-la-2-8,zeros-la-2,21,144,10,50,32,2,0,0,0,0,0,0,0,4,32,0,0,8,2,0,2,10,3,1,1,0,1,0,0,0,0,0,0
148,10,zeros-la-2-8,zeros-la-2,22,148,10,52,32,2,0,0,0,0,0,0,0,4,32,2,0,8,4,0,0,10,2,2,1,0,1,0,0,0,0,0,0
148,9,zeros-la-2-8,zeros-la-2,23,148,9,54,32,0,0,0,2,0,0,0,0,0,4,32,2,2,0,8,4,9,3,2,1,0,1,0,0,0,0,0,0
152,9,zeros-la-2-8,zeros-la-2,24,152,9,56,32,0,0,0,0,0,0,0,0,2,0,32,4,2,4,8,4,9,2,3,1,0,1,0,0,0,0,0,0
164,10,zeros-la-2-8,zeros-la-2,25,164,10,58,32,0,0,0,0,0,0,0,0,0,0,32,2,4,4,8,8,10,1,2,2,0,1,0,0,0,0,0,0
188,11,zeros-la-2-8,zeros-la-2,26,188,11,60,32,0,0,0,2,0,0,0,0,32,2,0,0,8,16,0,0,11,2,0,1,1,1,0,0,0,0,0,0
188,10,zeros-la-2-8,zeros-la-2,27,188,10,64,32,32,2,0,2,8,16,0,0,0,0,0,0,0,0,0,4,10,2,1,1,1,1,0,0,0,0,0,0
192,10,zeros-la-2-8,zeros-la-2,28,192,10,66,32,32,4,0,0,8,16,0,0,0,0,2,0,4,0,0,0,10,1,2,1,1,1,0,0,0,0,0,0
192,9,zeros-la-2-8,zeros-la-2,29,192,9,68,32,32,4,2,0,8,16,0,0,4,0,2,0,0,0,0,0,9,2,2,1,1,1,0,0,0,0,0,0
196,9,zeros-la-2-8,zeros-la-2,30,196,9,70,32,32,4,4,0,8,16,0,0,4,0,2,0,0,0,0,0,9,1,3,1,1,1,0,0,0,0,0,0
204,9,zeros-la-2-8,zeros-la-2,31,204,9,72,32,32,8,0,0,8,16,0,0,4,2,0,0,0,0,2,0,9,2,1,2,1,1,0,0,0,0,0,0
204,8,zeros-la-2-8,zeros-la-2,32,204,8,74,32,32,8,0,0,8,16,0,0,4,2,0,2,2,0,0,0,8,3,1,2,1,1,0,0,0,0,0,0
208,8,zeros-la-2-8,zeros-la-2,33,208,8,78,32,0,0,32,8,4,0,8,16,0,0,4,4,0,0,0,2,8,1,3,2,1,1,0,0,0,0,0,0
216,8,zeros-la-2-8,zeros-la-2,34,216,8,80,32,32,8,0,0,4,8,16,0,8,2,0,0,2,0,0,0,8,2,1,3,1,1,0,0,0,0,0,0
232,8,zeros-la-2-8,zeros-la-2,35,232,8,82,32,32,16,16,0,4,2,0,0,8,0,0,0,2,2,0,0,8,3,1,1,2,1,0,0,0,0,0,0
236,8,zeros-la-2-8,zeros-la-2,36,236,8,84,32,32,16,16,0,4,4,0,0,8,0,0,0,2,0,2,0,8,2,2,1,2,1,0,0,0,0,0,0
280,10,zeros-la-2-8,zeros-la-2,37,280,10,86,32,32,32,2,0,8,0,0,0,8,0,0,0,4,0,0,0,10,1,1,2,0,2,0,0,0,0,0,0
296,10,zeros-la-2-8,zeros-la-2,38,296,10,88,32,32,32,2,0,16,0,0,0,4,2,0,0,0,0,0,0,10,2,1,0,1,2,0,0,0,0,0,0
360,10,zeros-la-2-8,zeros-la-2,39,360,10,92,64,64,2,4,0,16,0,0,0,4,2,0,0,0,0,0,0,10,2,2,0,1,0,1,0,0,0,0,0
364,10,zeros-la-2-8,zeros-la-2,40,364,10,94,64,64,4,4,0,16,0,0,0,4,0,2,0,0,0,0,0,10,1,3,0,1,0,1,0,0,0,0,0
372,10,zeros-la-2-8,zeros-la-2,41,372,10,96,64,64,8,0,2,16,0,0,0,4,2,0,0,0,0,0,0,10,2,1,1,1,0,1,0,0,0,0,0
372,9,zeros-la-2-8,zeros-la-2,42,372,9,98,64,0,0,0,2,64,0,0,0,16,8,0,0,4,2,0,2,9,3,1,1,1,0,1,0,0,0,0,0
376,9,zeros-la-2-8,zeros-la-2,43,376,9,100,64,0,0,0,2,0,2,0,64,0,0,16,8,0,0,4,4,9,2,2,1,1,0,1,0,0,0,0,0
384,9,zeros-la-2-8,zeros-la-2,44,384,9,102,64,0,0,0,2,0,0,2,64,0,0,16,8,0,2,0,8,9,3,0,2,1,0,1,0,0,0,0,0
400,9,zeros-la-2-8,zeros-la-2,45,400,9,104,64,0,0,2,0,0,0,0,2,0,0,2,64,0,2,16,16,9,4,0,0,2,0,1,0,0,0,0,0
432,9,zeros-la-2-8,zeros-la-2,46,432,9,108,64,2,0,0,4,2,0,0,0,2,64,0,0,2,32,0,0,9,4,1,0,0,1,1,0,0,0,0,0
440,10,zeros-la-2-8,zeros-la-2,47,440,10,112,64,4,64,0,4,4,32,0,0,0,4,0,0,0,0,0,0,10,0,4,0,0,1,1,0,0,0,0,0
448,10,zeros-la-2-8,zeros-la-2,48,448,10,114,64,0,0,0,0,0,64,0,0,0,32,0,0,8,4,2,4,10,1,2,1,0,1,1,0,0,0,0,0
448,9,zeros-la-2-8,zeros-la-2,49,448,9,118,64,0,4,0,0,64,0,0,0,32,0,0,0,8,4,2,4,9,1,3,1,0,1,1,0,0,0,0,0
456,9,zeros-la-2-8,zeros-la-2,50,456,9,120,64,0,0,0,2,64,0,0,0,32,0,0,0,8,8,2,4,9,2,1,2,0,1,1,0,0,0,0,0
472,9,zeros-la-2-8,zeros-la-2,51,472,9,122,64,0,0,2,2,0,0,0,64,0,0,0,32,0,16,2,4,9,3,1,0,1,1,1,0,0,0,0,0
476,9,zeros-la-2-8,zeros-la-2,52,476,9,124,64,0,0,0,2,0,0,0,64,0,0,2,32,0,16,4,4,9,2,2,0,1,1,1,0,0,0,0,0
484,9,zeros-la-2-8,zeros-la-2,53,484,9,126,64,0,0,0,2,2,0,0,64,0,0,2,32,0,0,16,8,9,3,0,1,1,1,1,0,0,0,0,0
484,8,zeros-la-2-8,zeros-la-2,54,484,8,128,64,0,0,2,2,0,0,2,64,0,0,2,32,0,0,16,8,8,4,0,1,1,1,1,0,0,0,0,0
488,8,zeros-la-2-8,zeros-la-2,55,488,8,130,64,0,0,0,4,0,2,2,64,0,0,2,32,0,0,16,8,8,3,1,1,1,1,1,0,0,0,0,0
492,8,zeros-la-2-8,zeros-la-2,56,492,8,132,64,0,2,4,4,0,0,16,64,0,0,0,32,2,0,0,8,8,2,2,1,1,1,1,0,0,0,0,0
500,8,zeros-la-2-8,zeros-la-2,57,500,8,134,64,0,0,2,8,0,0,16,64,0,0,0,32,2,0,2,8,8,3,0,2,1,1,1,0,0,0,0,0
500,7,zeros-la-2-8,zeros-la-2,58,500,7,136,64,2,0,2,8,0,0,16,64,2,0,2,32,0,0,0,8,7,4,0,2,1,1,1,0,0,0,0,0
508,8,zeros-la-2-8,zeros-la-2,59,508,8,138,64,4,8,2,0,16,64,0,0,4,32,0,0,8,0,0,0,8,1,2,2,1,1,1,0,0,0,0,0
508,7,zeros-la-2-8,zeros-la-2,60,508,7,140,64,4,2,0,0,16,8,0,0,4,64,0,0,8,32,2,0,7,2,2,2,1,1,1,0,0,0,0,0
508,6,zeros-la-2-8,zeros-la-2,61,508,6,142,64,4,2,2,0,16,8,0,0,4,64,2,0,8,32,0,0,6,3,2,2,1,1,1,0,0,0,0,0
512,6,zeros-la-2-8,zeros-la-2,62,512,6,144,64,4,4,0,2,16,8,0,0,4,64,2,0,8,32,0,0,6,2,3,2,1,1,1,0,0,0,0,0
520,6,zeros-la-2-8,zeros-la-2,63,520,6,146,64,8,2,0,2,16,8,0,0,4,64,2,0,8,32,0,0,6,3,1,3,1,1,1,0,0,0,0,0
524,6,zeros-la-2-8,zeros-la-2,64,524,6,148,64,8,4,0,0,16,8,2,0,4,64,2,0,8,32,0,0,6,2,2,3,1,1,1,0,0,0,0,0
528,6,zeros-la-2-8,zeros-la-2,65,528,6,150,64,8,4,4,0,16,8,2,0,4,64,0,0,8,32,0,0,6,1,3,3,1,1,1,0,0,0,0,0
536,6,zeros-la-2-8,zeros-la-2,66,536,6,152,64,8,8,0,0,16,8,2,0,4,64,2,0,8,32,0,0,6,2,1,4,1,1,1,0,0,0,0,0
556,7,zeros-la-2-8,zeros-la-2,67,556,7,156,64,8,0,4,0,16,16,0,0,4,64,0,0,8,32,4,0,7,0,3,2,2,1,1,0,0,0,0,0
588,7,zeros-la-2-8,zeros-la-2,68,588,7,158,64,0,0,8,4,0,0,2,32,0,0,4,64,0,8,32,4,7,1,3,2,0,2,1,0,0,0,0,0
588,6,zeros-la-2-8,zeros-la-2,69,588,6,160,64,0,8,8,4,0,2,2,32,0,0,4,64,0,0,32,4,6,2,3,2,0,2,1,0,0,0,0,0
608,7,zeros-la-2-8,zeros-la-2,70,608,7,164,64,16,4,0,0,4,32,0,0,4,64,0,0,32,4,0,4,7,0,5,0,1,2,1,0,0,0,0,0
616,7,zeros-la-2-8,zeros-la-2,71,616,7,168,64,0,4,16,4,0,0,4,32,0,0,4,64,0,0,32,8,7,0,4,1,1,2,1,0,0,0,0,0
624,7,zeros-la-2-8,zeros-la-2,72,624,7,170,64,0,0,0,4,2,0,16,32,0,0,8,64,0,4,32,8,7,1,2,2,1,2,1,0,0,0,0,0
624,6,zeros-la-2-8,zeros-la-2,73,624,6,172,64,0,0,0,4,0,2,16,32,0,0,8,64,2,4,32,8,6,2,2,2,1,2,1,0,0,0,0,0
624,5,zeros-la-2-8,zeros-la-2,74,624,5,174,64,2,2,16,4,0,4,8,32,0,0,32,64,0,2,0,8,5,3,2,2,1,2,1,0,0,0,0,0
628,5,zeros-la-2-8,zeros-la-2,75,628,5,176,64,0,4,16,4,0,4,8,32,2,0,32,64,0,0,2,8,5,2,3,2,1,2,1,0,0,0,0,0
636,5,zeros-la-2-8,zeros-la-2,76,636,5,178,64,2,8,16,4,0,0,8,32,2,0,32,64,0,0,2,8,5,3,1,3,1,2,1,0,0,0,0,0
640,5,zeros-la-2-8,zeros-la-2,77,640,5,180,64,4,8,16,4,0,0,8,32,0,2,32,64,0,0,2,8,5,2,2,3,1,2,1,0,0,0,0,0
640,4,zeros-la-2-8,zeros-la-2,78,640,4,182,64,4,8,16,4,8,32,0,0,2,32,64,2,2,8,0,0,4,3,2,3,1,2,1,0,0,0,0,0
708,5,zeros-la-2-8,zeros-la-2,79,708,5,184,64,4,8,16,4,8,64,64,2,4,8,2,0,0,0,0,0,5,2,3,3,1,0,2,0,0,0,0,0
836,5,zeros-la-2-8,zeros-la-2,80,836,5,186,128,4,8,16,4,0,8,128,2,2,4,8,2,0,0,0,0,5,3,3,3,1,0,0,1,0,0,0,0
856,6,zeros-la-2-8,zeros-la-2,81,856,6,188,128,4,16,16,4,2,4,128,4,0,0,8,0,2,0,0,0,6,2,4,1,2,0,0,1,0,0,0,0
868,7,zeros-la-2-8,zeros-la-2,82,868,7,190,128,0,0,0,0,0,0,16,0,4,16,128,2,4,4,8,8,7,1,3,2,2,0,0,1,0,0,0,0
892,8,zeros-la-2-8,zeros-la-2,83,892,8,192,128,0,0,0,0,16,2,0,0,4,16,128,2,8,16,0,0,8,2,1,1,3,0,0,1,0,0,0,0
924,8,zeros-la-2-8,zeros-la-2,84,924,8,194,128,0,0,0,0,16,0,2,0,4,2,0,0,8,32,128,2,8,3,1,1,1,1,0,1,0,0,0,0
924,7,zeros-la-2-8,zeros-la-2,85,924,7,196,128,2,0,0,0,16,2,0,0,4,2,0,0,8,32,128,2,7,4,1,1,1,1,0,1,0,0,0,0
928,7,zeros-la-2-8,zeros-la-2,86,928,7,198,128,2,2,0,0,16,0,0,0,4,4,0,0,8,32,128,2,7,3,2,1,1,1,0,1,0,0,0,0
940,8,zeros-la-2-8,zeros-la-2,87,940,8,200,128,4,0,0,0,16,0,0,0,8,2,0,0,8,32,128,2,8,2,1,2,1,1,0,1,0,0,0,0
956,8,zeros-la-2-8,zeros-la-2,88,956,8,202,128,0,0,0,2,4,0,0,0,16,2,0,0,16,32,128,2,8,3,1,0,2,1,0,1,0,0,0,0
992,9,zeros-la-2-8,zeros-la-2,89,992,9,204,128,0,0,0,0,0,0,0,2,4,2,0,0,32,32,128,4,9,2,2,0,0,2,0,1,0,0,0,0
1056,9,zeros-la-2-8,zeros-la-2,90,1056,9,206,128,0,0,0,0,0,2,0,2,0,0,4,2,0,64,128,4,9,3,2,0,0,0,1,1,0,0,0,0
1060,9,zeros-la-2-8,zeros-la-2,91,1060,9,208,128,0,0,0,0,0,0,0,0,2,2,4,4,0,64,128,4,9,2,3,0,0,0,1,1,0,0,0,0
1072,10,zeros-la-2-8,zeros-la-2,92,1072,10,210,128,0,0,0,0,0,2,0,0,0,0,4,8,0,64,128,4,10,1,2,1,0,0,1,1,0,0,0,0
1072,9,zeros-la-2-8,zeros-la-2,93,1072,9,212,128,0,0,0,0,0,0,0,2,0,0,4,8,2,64,128,4,9,2,2,1,0,0,1,1,0,0,0,0
1072,8,zeros-la-2-8,zeros-la-2,94,1072,8,214,128,0,0,0,2,0,0,0,2,0,0,4,8,2,64,128,4,8,3,2,1,0,0,1,1,0,0,0,0
1076,8,zeros-la-2-8,zeros-la-2,95,1076,8,216,128,2,64,4,4,0,0,128,8,0,0,0,4,0,0,0,2,8,2,3,1,0,0,1,1,0,0,0,0
1084,8,zeros-la-2-8,zeros-la-2,96,1084,8,218,128,0,2,64,8,2,0,128,8,0,0,0,4,0,0,0,2,8,3,1,2,0,0,1,1,0,0,0,0
1100,8,zeros-la-2-8,zeros-la-2,97,1100,8,220,128,2,2,64,16,0,0,128,4,0,0,2,2,0,0,0,0,8,4,1,0,1,0,1,1,0,0,0,0
1108,9,zeros-la-2-8,zeros-la-2,98,1108,9,222,128,0,4,64,16,2,0,128,4,0,0,0,4,0,0,0,0,9,1,3,0,1,0,1,1,0,0,0,0
1116,9,zeros-la-2-8,zeros-la-2,99,1116,9,224,128,0,0,0,0,0,0,2,0,0,0,64,16,2,4,128,8,9,2,1,1,1,0,1,1,0,0,0,0
1116,8,zeros-la-2-8,zeros-la-2,100,1116,8,226,128,2,4,2,16,0,2,64,8,0,0,128,0,0,0,0,0,8,3,1,1,1,0,1,1,0,0,0,0
1116,7,zeros-la-2-8,zeros-la-2,101,1116,7,230,128,0,0,0,0,4,0,2,0,0,4,64,16,2,2,128,8,7,3,2,1,1,0,1,1,0,0,0,0
1120,7,zeros-la-2-8,zeros-la-2,102,1120,7,232,128,0,0,0,0,2,0,4,2,0,4,64,16,0,4,128,8,7,2,3,1,1,0,1,1,0,0,0,0
1128,7,zeros-la-2-8,zeros-la-2,103,1128,7,234,128,0,0,0,0,0,2,4,2,0,0,64,16,2,8,128,8,7,3,1,2,1,0,1,1,0,0,0,0
1128,6,zeros-la-2-8,zeros-la-2,104,1128,6,236,128,2,2,4,2,0,8,64,16,2,0,128,8,0,0,0,0,6,4,1,2,1,0,1,1,0,0,0,0
1132,6,zeros-la-2-8,zeros-la-2,105,1132,6,238,128,0,4,4,2,0,8,64,16,2,2,128,8,0,0,0,0,6,3,2,2,1,0,1,1,0,0,0,0
1144,7,zeros-la-2-8,zeros-la-2,106,1144,7,240,128,8,2,2,0,8,64,16,0,4,128,8,0,0,0,0,0,7,2,1,3,1,0,1,1,0,0,0,0
1160,7,zeros-la-2-8,zeros-la-2,107,1160,7,242,128,0,0,2,0,0,2,2,0,16,64,16,0,4,128,8,0,7,3,1,1,2,0,1,1,0,0,0,0
1164,7,zeros-la-2-8,zeros-la-2,108,1164,7,244,128,2,0,0,2,4,0,0,0,16,64,16,0,4,128,8,0,7,2,2,1,2,0,1,1,0,0,0,0
1168,7,zeros-la-2-8,zeros-la-2,109,1168,7,246,128,0,0,0,4,0,0,0,4,0,16,64,16,2,4,128,8,7,1,3,1,2,0,1,1,0,0,0,0
1176,7,zeros-la-2-8,zeros-la-2,110,1176,7,248,128,0,0,2,0,0,0,0,8,0,16,64,16,2,4,128,8,7,2,1,2,2,0,1,1,0,0,0,0
1176,6,zeros-la-2-8,zeros-la-2,111,1176,6,250,128,0,0,0,0,0,2,2,8,0,16,64,16,2,4,128,8,6,3,1,2,2,0,1,1,0,0,0,0
1180,6,zeros-la-2-8,zeros-la-2,112,1180,6,252,128,0,0,0,0,0,0,4,8,2,16,64,16,2,4,128,8,6,2,2,2,2,0,1,1,0,0,0,0
1184,6,zeros-la-2-8,zeros-la-2,113,1184,6,254,128,0,0,0,0,2,0,4,8,0,16,64,16,4,4,128,8,6,1,3,2,2,0,1,1,0,0,0,0
1192,6,zeros-la-2-8,zeros-la-2,114,1192,6,256,128,0,0,0,0,2,4,8,0,16,64,16,2,8,128,8,0,6,2,1,3,2,0,1,1,0,0,0,0
1192,5,zeros-la-2-8,zeros-la-2,115,1192,5,258,128,0,0,0,2,0,2,4,8,16,64,16,2,0,8,128,8,5,3,1,3,2,0,1,1,0,0,0,0
1192,4,zeros-la-2-8,zeros-la-2,116,1192,4,260,128,2,0,0,0,2,4,8,2,16,64,16,2,8,128,8,0,4,4,1,3,2,0,1,1,0,0,0,0
1200,5,zeros-la-2-8,zeros-la-2,117,1200,5,262,128,0,0,2,0,4,4,8,0,16,64,16,0,8,128,8,4,5,1,3,3,2,0,1,1,0,0,0,0
1208,5,zeros-la-2-8,zeros-la-2,118,1208,5,264,128,0,2,0,2,0,0,8,8,0,16,64,16,8,128,8,4,5,2,1,4,2,0,1,1,0,0,0,0
1228,6,zeros-la-2-8,zeros-la-2,119,1228,6,266,128,0,0,0,4,0,2,0,16,0,16,64,16,8,128,8,4,6,1,2,2,3,0,1,1,0,0,0,0
1260,6,zeros-la-2-8,zeros-la-2,120,1260,6,268,128,0,0,0,0,0,2,2,4,0,16,64,32,8,128,8,4,6,2,2,2,1,1,1,1,0,0,0,0
1264,6,zeros-la-2-8,zeros-la-2,121,1264,6,270,128,0,0,0,2,4,4,0,0,16,64,32,0,8,128,8,4,6,1,3,2,1,1,1,1,0,0,0,0
1272,6,zeros-la-2-8,zeros-la-2,122,1272,6,272,128,2,0,0,2,8,0,0,0,16,64,32,0,8,128,8,4,6,2,1,3,1,1,1,1,0,0,0,0
1276,6,zeros-la-2-8,zeros-la-2,123,1276,6,274,128,0,0,0,4,0,0,2,8,0,16,64,32,8,128,8,4,6,1,2,3,1,1,1,1,0,0,0,0
1276,5,zeros-la-2-8,zeros-la-2,124,1276,5,276,128,2,0,0,4,0,0,2,8,0,16,64,32,8,128,8,4,5,2,2,3,1,1,1,1,0,0,0,0
1276,4,zeros-la-2-8,zeros-la-2,125,1276,4,278,128,2,4,2,0,2,8,0,0,16,64,32,0,8,128,8,4,4,3,2,3,1,1,1,1,0,0,0,0
1280,4,zeros-la-2-8,zeros-la-2,126,1280,4,280,128,0,4,0,0,4,8,2,2,16,64,32,0,8,128,8,4,4,2,3,3,1,1,1,1,0,0,0,0
1284,4,zeros-la-2-8,zeros-la-2,127,1284,4,282,128,2,0,0,4,0,4,8,4,0,16,64,32,8,128,8,4,4,1,4,3,1,1,1,1,0,0,0,0
1292,4,zeros-la-2-8,zeros-la-2,128,1292,4,284,128,0,2,0,0,0,4,8,8,2,16,64,32,8,128,8,4,4,2,2,4,1,1,1,1,0,0,0,0
1308,4,zeros-la-2-8,zeros-la-2,129,1308,4,286,128,2,0,2,0,4,16,0,0,2,16,64,32,8,128,8,4,4,3,2,2,2,1,1,1,0,0,0,0
1312,4,zeros-la-2-8,zeros-la-2,130,1312,4,288,128,4,0,0,2,4,16,0,0,2,16,64,32,8,128,8,4,4,2,3,2,2,1,1,1,0,0,0,0
1352,5,zeros-la-2-8,zeros-la-2,131,1352,5,292,128,0,0,4,0,8,0,0,2,2,32,64,32,8,128,8,4,5,2,2,3,0,2,1,1,0,0,0,0
1352,4,zeros-la-2-8,zeros-la-2,132,1352,4,294,128,8,32,4,2,2,128,64,32,8,0,8,4,0,0,0,2,4,3,2,3,0,2,1,1,0,0,0,0
1368,4,zeros-la-2-8,zeros-la-2,133,1368,4,296,128,8,32,4,2,2,128,64,32,0,2,16,4,0,0,0,2,4,4,2,1,1,2,1,1,0,0,0,0
1368,3,zeros-la-2-8,zeros-la-2,134,1368,3,298,128,8,32,4,2,2,128,64,32,0,2,16,4,2,0,0,2,3,5,2,1,1,2,1,1,0,0,0,0
1372,3,zeros-la-2-8,zeros-la-2,135,1372,3,300,128,8,32,4,2,2,128,64,32,2,16,4,0,4,0,2,0,3,4,3,1,1,2,1,1,0,0,0,0
1376,3,zeros-la-2-8,zeros-la-2,136,1376,3,302,128,8,32,4,2,4,128,64,32,4,16,4,0,0,0,2,2,3,3,4,1,1,2,1,1,0,0,0,0
1384,3,zeros-la-2-8,zeros-la-2,137,1384,3,304,128,8,32,4,2,8,128,64,32,0,16,4,2,2,0,2,0,3,4,2,2,1,2,1,1,0,0,0,0
1388,3,zeros-la-2-8,zeros-la-2,138,1388,3,306,128,8,32,4,2,8,128,64,32,16,4,2,0,4,0,0,2,3,3,3,2,1,2,1,1,0,0,0,0
1404,3,zeros-la-2-8,zeros-la-2,139,1404,3,308,128,2,0,0,0,16,32,4,2,16,128,64,32,4,4,2,2,3,4,3,0,2,2,1,1,0,0,0,0
1416,4,zeros-la-2-8,zeros-la-2,140,1416,4,312,128,0,0,0,2,16,32,4,2,16,128,64,32,4,0,8,4,4,2,3,1,2,2,1,1,0,0,0,0
1452,5,zeros-la-2-8,zeros-la-2,141,1452,5,316,128,0,0,0,0,0,4,4,4,32,32,64,32,4,128,8,4,5,0,5,1,0,3,1,1,0,0,0,0
1524,6,zeros-la-2-8,zeros-la-2,142,1524,6,318,128,2,0,0,0,0,0,4,8,0,64,64,32,4,128,8,4,6,1,3,2,0,1,2,1,0,0,0,0
1652,6,zeros-la-2-8,zeros-la-2,143,1652,6,320,128,2,0,0,2,0,0,4,8,0,0,128,32,4,128,8,4,6,2,3,2,0,1,0,2,0,0,0,0
1656,6,zeros-la-2-8,zeros-la-2,144,1656,6,322,128,4,0,0,0,4,8,2,0,128,32,0,0,4,128,8,4,6,1,4,2,0,1,0,2,0,0,0,0
1664,6,zeros-la-2-8,zeros-la-2,145,1664,6,324,128,2,0,0,0,8,8,0,0,128,32,2,0,4,128,8,4,6,2,2,3,0,1,0,2,0,0,0,0
1680,6,zeros-la-2-8,zeros-la-2,146,1680,6,326,128,0,0,0,2,0,0,2,16,0,128,32,2,4,128,8,4,6,3,2,1,1,1,0,2,0,0,0,0
1936,6,zeros-la-2-8,zeros-la-2,147,1936,6,328,256,4,256,2,2,0,2,32,16,0,0,8,2,0,0,0,4,6,4,2,1,1,1,0,0,1,0,0,0
1940,6,zeros-la-2-8,zeros-la-2,148,1940,6,330,256,0,4,256,4,2,2,32,16,0,0,8,2,0,0,0,4,6,3,3,1,1,1,0,0,1,0,0,0
1944,6,zeros-la-2-8,zeros-la-2,149,1944,6,332,256,4,256,4,0,4,32,16,0,8,2,0,0,4,2,0,0,6,2,4,1,1,1,0,0,1,0,0,0
1956,7,zeros-la-2-8,zeros-la-2,150,1956,7,334,256,0,0,0,0,8,256,0,0,8,32,4,0,4,4,16,2,7,1,3,2,1,1,0,0,1,0,0,0
1964,7,zeros-la-2-8,zeros-la-2,151,1964,7,336,256,0,0,0,0,8,256,0,0,8,32,4,2,8,16,2,0,7,2,1,3,1,1,0,0,1,0,0,0
1980,7,zeros-la-2-8,zeros-la-2,152,1980,7,338,256,0,0,0,0,0,256,0,0,8,32,4,2,16,16,2,2,7,3,1,1,2,1,0,0,1,0,0,0
2016,8,zeros-la-2-8,zeros-la-2,153,2016,8,340,256,2,0,0,0,256,0,0,0,8,32,4,2,32,4,0,0,8,2,2,1,0,2,0,0,1,0,0,0
2016,7,zeros-la-2-8,zeros-la-2,154,2016,7,342,256,2,0,0,2,256,0,0,0,8,32,0,0,32,4,4,2,7,3,2,1,0,2,0,0,1,0,0,0
2028,8,zeros-la-2-8,zeros-la-2,155,2028,8,344,256,0,0,0,4,0,0,2,256,0,0,8,32,0,32,8,2,8,2,1,2,0,2,0,0,1,0,0,0
2044,8,zeros-la-2-8,zeros-la-2,156,2044,8,346,256,0,0,0,4,0,0,0,256,0,0,2,32,2,32,16,2,8,3,1,0,1,2,0,0,1,0,0,0
2044,7,zeros-la-2-8,zeros-la-2,157,2044,7,348,256,4,2,0,0,256,0,0,0,2,32,0,0,2,32,16,2,7,4,1,0,1,2,0,0,1,0,0,0
2112,8,zeros-la-2-8,zeros-la-2,158,2112,8,350,256,4,2,16,2,256,64,0,0,4,0,0,0,0,0,2,0,8,3,2,0,1,0,1,0,1,0,0,0
2112,7,zeros-la-2-8,zeros-la-2,159,2112,7,352,256,4,2,16,2,0,0,256,64,0,2,0,4,0,0,0,2,7,4,2,0,1,0,1,0,1,0,0,0
2116,7,zeros-la-2-8,zeros-la-2,160,2116,7,354,256,4,4,16,2,0,2,256,64,0,0,0,4,0,0,0,2,7,3,3,0,1,0,1,0,1,0,0,0
2124,7,zeros-la-2-8,zeros-la-2,161,2124,7,356,256,8,16,2,0,2,256,64,0,4,0,0,0,2,0,0,2,7,4,1,1,1,0,1,0,1,0,0,0
2128,7,zeros-la-2-8,zeros-la-2,162,2128,7,358,256,8,16,2,0,2,256,64,0,4,0,0,0,4,0,0,2,7,3,2,1,1,0,1,0,1,0,0,0
2136,7,zeros-la-2-8,zeros-la-2,163,2136,7,360,256,0,0,0,2,8,0,0,0,2,16,2,0,8,256,64,2,7,4,0,2,1,0,1,0,1,0,0,0
2140,7,zeros-la-2-8,zeros-la-2,164,2140,7,362,256,8,16,2,4,2,256,64,0,8,0,0,0,2,0,0,0,7,3,1,2,1,0,1,0,1,0,0,0
2140,6,zeros-la-2-8,zeros-la-2,165,2140,6,364,256,8,0,0,0,2,0,0,2,8,16,2,0,2,256,64,4,6,4,1,2,1,0,1,0,1,0,0,0
2144,6,zeros-la-2-8,zeros-la-2,166,2144,6,366,256,0,2,0,8,0,0,0,4,0,8,16,2,2,256,64,4,6,3,2,2,1,0,1,0,1,0,0,0
2144,5,zeros-la-2-8,zeros-la-2,167,2144,5,368,256,2,2,16,8,0,8,64,4,0,256,0,2,0,2,0,4,5,4,2,2,1,0,1,0,1,0,0,0
2148,5,zeros-la-2-8,zeros-la-2,168,2148,5,370,256,0,4,16,8,0,8,64,4,0,0,256,2,2,0,2,4,5,3,3,2,1,0,1,0,1,0,0,0
2152,5,zeros-la-2-8,zeros-la-2,169,2152,5,372,256,4,16,8,0,8,64,4,2,256,2,0,0,4,4,0,0,5,2,4,2,1,0,1,0,1,0,0,0
2160,5,zeros-la-2-8,zeros-la-2,170,2160,5,374,256,4,16,8,0,8,64,4,2,256,2,0,0,8,0,2,0,5,3,2,3,1,0,1,0,1,0,0,0
2160,4,zeros-la-2-8,zeros-la-2,171,2160,4,376,256,4,0,0,0,8,16,8,0,256,64,4,2,8,2,2,2,4,4,2,3,1,0,1,0,1,0,0,0
2164,4,zeros-la-2-8,zeros-la-2,172,2164,4,378,256,4,0,2,0,8,16,8,0,256,64,4,0,8,2,2,4,4,3,3,3,1,0,1,0,1,0,0,0
2168,4,zeros-la-2-8,zeros-la-2,173,2168,4,380,256,4,2,0,0,8,16,8,2,256,64,4,0,8,4,4,0,4,2,4,3,1,0,1,0,1,0,0,0
2176,4,zeros-la-2-8,zeros-la-2,174,2176,4,382,256,4,2,2,0,8,16,8,2,256,64,4,0,8,8,0,0,4,3,2,4,1,0,1,0,1,0,0,0
2196,5,zeros-la-2-8,zeros-la-2,175,2196,5,384,256,4,4,2,0,8,16,8,2,256,64,4,0,16,0,0,0,5,2,3,2,2,0,1,0,1,0,0,0
2204,5,zeros-la-2-8,zeros-la-2,176,2204,5,386,256,8,2,0,0,8,16,8,2,256,64,4,2,16,0,0,0,5,3,1,3,2,0,1,0,1,0,0,0
2224,6,zeros-la-2-8,zeros-la-2,177,2224,6,390,256,0,0,4,0,16,2,0,0,256,16,8,0,16,64,4,4,6,1,3,1,3,0,1,0,1,0,0,0
2232,6,zeros-la-2-8,zeros-la-2,178,2232,6,392,256,0,0,2,4,0,0,16,2,0,256,16,8,0,16,64,8,6,2,1,2,3,0,1,0,1,0,0,0
2280,7,zeros-la-2-8,zeros-la-2,179,2280,7,394,256,0,0,0,0,0,0,2,4,2,256,32,2,0,16,64,16,7,3,1,0,2,1,1,0,1,0,0,0
2280,6,zeros-la-2-8,zeros-la-2,180,2280,6,396,256,0,0,2,0,2,4,0,0,2,256,32,2,16,64,16,0,6,4,1,0,2,1,1,0,1,0,0,0
2284,6,zeros-la-2-8,zeros-la-2,181,2284,6,398,256,4,4,2,2,16,256,32,0,0,64,16,0,2,0,0,0,6,3,2,0,2,1,1,0,1,0,0,0
2296,7,zeros-la-2-8,zeros-la-2,182,2296,7,400,256,8,4,0,0,16,256,32,2,64,16,0,0,2,0,0,0,7,2,1,1,2,1,1,0,1,0,0,0
2296,6,zeros-la-2-8,zeros-la-2,183,2296,6,402,256,8,4,0,2,16,256,32,2,64,16,0,0,2,0,0,0,6,3,1,1,2,1,1,0,1,0,0,0
2300,6,zeros-la-2-8,zeros-la-2,184,2300,6,404,256,8,4,32,4,16,256,0,0,64,16,0,2,2,0,0,0,6,2,2,1,2,1,1,0,1,0,0,0
2300,5,zeros-la-2-8,zeros-la-2,185,2300,5,406,256,8,4,32,4,0,0,16,256,2,64,16,2,0,0,0,2,5,3,2,1,2,1,1,0,1,0,0,0
2336,6,zeros-la-2-8,zeros-la-2,186,2336,6,408,256,8,4,32,4,2,64,32,256,0,0,0,4,0,0,2,0,6,2,3,1,0,2,1,0,1,0,0,0
2400,6,zeros-la-2-8,zeros-la-2,187,2400,6,412,256,8,4,64,4,2,64,2,256,0,0,4,4,0,0,0,0,6,2,4,1,0,0,2,0,1,0,0,0
2408,6,zeros-la-2-8,zeros-la-2,188,2408,6,414,256,8,4,64,4,2,64,2,256,2,0,0,8,0,0,0,0,6,3,2,2,0,0,2,0,1,0,0,0
2412,6,zeros-la-2-8,zeros-la-2,189,2412,6,416,256,8,4,64,4,4,64,2,256,0,0,0,8,0,0,0,2,6,2,3,2,0,0,2,0,1,0,0,0
2412,5,zeros-la-2-8,zeros-la-2,190,2412,5,418,256,0,0,0,4,0,0,2,256,8,4,64,8,4,64,2,2,5,3,3,2,0,0,2,0,1,0,0,0
2416,5,zeros-la-2-8,zeros-la-2,191,2416,5,420,256,0,0,2,4,0,0,2,256,8,4,64,8,0,4,64,4,5,2,4,2,0,0,2,0,1,0,0,0
2556,7,zeros-la-2-8,zeros-la-2,192,2556,7,424,256,8,8,4,4,0,0,128,256,4,0,0,8,0,0,0,4,7,0,4,3,0,0,0,1,1,0,0,0
2580,8,zeros-la-2-8,zeros-la-2,193,2580,8,426,256,16,8,0,2,128,256,0,0,4,8,0,0,4,0,0,0,8,1,2,2,1,0,0,1,1,0,0,0
2588,8,zeros-la-2-8,zeros-la-2,194,2588,8,430,256,16,8,0,2,128,256,0,0,8,8,0,0,0,4,0,0,8,1,1,3,1,0,0,1,1,0,0,0
2604,8,zeros-la-2-8,zeros-la-2,195,2604,8,432,256,0,16,8,2,0,0,128,256,0,0,0,16,2,0,0,4,8,2,1,1,2,0,0,1,1,0,0,0
2604,7,zeros-la-2-8,zeros-la-2,196,2604,7,434,256,0,0,0,2,0,0,0,256,0,2,8,16,2,16,128,4,7,3,1,1,2,0,0,1,1,0,0,0
2604,6,zeros-la-2-8,zeros-la-2,197,2604,6,438,256,2,0,4,0,256,0,0,0,2,8,16,0,2,16,128,4,6,3,2,1,2,0,0,1,1,0,0,0
2608,6,zeros-la-2-8,zeros-la-2,198,2608,6,440,256,2,8,4,4,256,16,16,0,4,0,128,0,2,0,0,0,6,2,3,1,2,0,0,1,1,0,0,0
2648,7,zeros-la-2-8,zeros-la-2,199,2648,7,442,256,0,2,8,8,0,0,256,32,0,2,4,128,0,0,0,2,7,3,1,2,0,1,0,1,1,0,0,0
2652,7,zeros-la-2-8,zeros-la-2,200,2652,7,444,256,0,4,8,8,0,0,256,32,0,0,4,128,2,0,0,2,7,2,2,2,0,1,0,1,1,0,0,0
2672,8,zeros-la-2-8,zeros-la-2,201,2672,8,446,256,2,0,4,16,0,0,256,32,0,0,4,128,0,0,0,4,8,1,3,0,1,1,0,1,1,0,0,0
2672,7,zeros-la-2-8,zeros-la-2,202,2672,7,448,256,2,0,0,16,0,0,4,32,0,0,256,128,2,0,4,4,7,2,3,0,1,1,0,1,1,0,0,0
2676,7,zeros-la-2-8,zeros-la-2,203,2676,7,450,256,2,0,0,16,0,0,4,32,0,0,256,128,4,0,4,4,7,1,4,0,1,1,0,1,1,0,0,0
2684,7,zeros-la-2-8,zeros-la-2,204,2684,7,452,256,2,16,2,0,4,32,0,0,256,128,0,0,8,4,0,0,7,2,2,1,1,1,0,1,1,0,0,0
2684,6,zeros-la-2-8,zeros-la-2,205,2684,6,454,256,0,2,16,2,0,0,4,32,2,0,256,128,0,0,8,4,6,3,2,1,1,1,0,1,1,0,0,0
2684,5,zeros-la-2-8,zeros-la-2,206,2684,5,456,256,2,2,16,2,0,0,4,32,0,2,256,128,0,0,8,4,5,4,2,1,1,1,0,1,1,0,0,0
2688,5,zeros-la-2-8,zeros-la-2,207,2688,5,458,256,0,4,16,2,0,0,4,32,0,2,256,128,2,0,8,4,5,3,3,1,1,1,0,1,1,0,0,0
2688,4,zeros-la-2-8,zeros-la-2,208,2688,4,460,256,4,16,2,0,4,32,0,0,2,256,128,2,2,8,4,0,4,4,3,1,1,1,0,1,1,0,0,0
2700,5,zeros-la-2-8,zeros-la-2,209,2700,5,462,256,8,16,2,2,4,32,128,0,0,256,4,0,0,8,2,0,5,3,2,2,1,1,0,1,1,0,0,0
2700,4,zeros-la-2-8,zeros-la-2,210,2700,4,464,256,8,16,2,2,4,32,128,0,0,256,4,2,0,8,2,0,4,4,2,2,1,1,0,1,1,0,0,0
2704,4,zeros-la-2-8,zeros-la-2,211,2704,4,466,256,0,8,16,4,0,4,32,128,0,256,4,2,2,0,8,2,4,3,3,2,1,1,0,1,1,0,0,0
2708,4,zeros-la-2-8,zeros-la-2,212,2708,4,468,256,0,0,16,2,0,8,32,4,0,4,4,128,2,256,8,4,4,2,4,2,1,1,0,1,1,0,0,0
2716,4,zeros-la-2-8,zeros-la-2,213,2716,4,470,256,0,2,16,2,0,8,32,4,0,0,8,128,2,256,8,4,4,3,2,3,1,1,0,1,1,0,0,0
2732,4,zeros-la-2-8,zeros-la-2,214,2732,4,472,256,0,2,0,2,0,2,16,4,0,8,32,128,2,256,16,4,4,4,2,1,2,1,0,1,1,0,0,0
2736,4,zeros-la-2-8,zeros-la-2,215,2736,4,474,256,0,0,2,4,0,2,16,4,0,8,32,128,2,256,16,4,4,3,3,1,2,1,0,1,1,0,0,0
2744,4,zeros-la-2-8,zeros-la-2,216,2744,4,476,256,2,0,2,0,0,2,16,8,0,8,32,128,2,256,16,4,4,4,1,2,2,1,0,1,1,0,0,0
2748,4,zeros-la-2-8,zeros-la-2,217,2748,4,478,256,4,2,2,8,0,8,16,128,2,256,32,4,0,0,16,0,4,3,2,2,2,1,0,1,1,0,0,0
2752,4,zeros-la-2-8,zeros-la-2,218,2752,4,480,256,2,4,4,8,0,8,16,128,2,256,32,4,0,0,0,16,4,2,3,2,2,1,0,1,1,0,0,0
2760,4,zeros-la-2-8,zeros-la-2,219,2760,4,482,256,0,2,8,8,0,8,16,128,2,256,32,4,0,2,0,16,4,3,1,3,2,1,0,1,1,0,0,0
2776,4,zeros-la-2-8,zeros-la-2,220,2776,4,484,256,2,16,0,0,8,16,128,0,2,256,32,4,2,16,0,2,4,4,1,1,3,1,0,1,1,0,0,0
2812,5,zeros-la-2-8,zeros-la-2,221,2812,5,486,256,0,0,0,2,2,32,0,0,8,256,128,4,4,16,32,2,5,3,2,1,1,2,0,1,1,0,0,0
2812,4,zeros-la-2-8,zeros-la-2,222,2812,4,488,256,2,0,0,2,2,32,0,0,8,256,128,4,4,16,32,2,4,4,2,1,1,2,0,1,1,0,0,0
2816,4,zeros-la-2-8,zeros-la-2,223,2816,4,490,256,0,0,0,4,0,2,2,32,8,256,128,4,4,16,32,2,4,3,3,1,1,2,0,1,1,0,0,0
2820,4,zeros-la-2-8,zeros-la-2,224,2820,4,492,256,4,0,2,0,4,32,0,0,8,256,128,4,4,16,32,2,4,2,4,1,1,2,0,1,1,0,0,0
2828,4,zeros-la-2-8,zeros-la-2,225,2828,4,494,256,8,32,2,4,8,256,128,2,4,16,32,2,0,0,0,0,4,3,2,2,1,2,0,1,1,0,0,0
2848,5,zeros-la-2-8,zeros-la-2,226,2848,5,496,256,16,32,2,4,4,256,128,4,0,16,32,2,0,0,0,0,5,2,3,0,2,2,0,1,1,0,0,0
2856,5,zeros-la-2-8,zeros-la-2,227,2856,5,498,256,16,32,2,8,4,256,128,2,0,16,32,0,0,2,0,0,5,3,1,1,2,2,0,1,1,0,0,0
2856,4,zeros-la-2-8,zeros-la-2,228,2856,4,502,256,16,32,2,8,4,256,128,2,0,16,32,0,4,2,0,0,4,3,2,1,2,2,0,1,1,0,0,0
2864,4,zeros-la-2-8,zeros-la-2,229,2864,4,504,256,0,32,2,0,0,256,2,0,16,16,128,8,8,2,32,2,4,4,0,2,2,2,0,1,1,0,0,0
2896,4,zeros-la-2-8,zeros-la-2,230,2896,4,506,256,32,2,0,2,256,2,0,0,32,128,8,0,8,2,32,2,4,5,0,2,0,3,0,1,1,0,0,0
2904,5,zeros-la-2-8,zeros-la-2,231,2904,5,510,256,32,4,8,4,256,128,32,4,32,2,0,0,8,0,0,0,5,1,3,2,0,3,0,1,1,0,0,0
2912,5,zeros-la-2-8,zeros-la-2,232,2912,5,512,256,32,4,8,8,256,128,32,0,32,2,0,2,8,0,0,0,5,2,1,3,0,3,0,1,1,0,0,0
2932,6,zeros-la-2-8,zeros-la-2,233,2932,6,514,256,32,4,16,2,256,128,32,0,32,4,0,0,8,0,0,0,6,1,2,1,1,3,0,1,1,0,0,0
2932,5,zeros-la-2-8,zeros-la-2,234,2932,5,516,256,32,4,16,2,256,128,32,2,32,4,0,0,8,0,0,0,5,2,2,1,1,3,0,1,1,0,0,0
2932,4,zeros-la-2-8,zeros-la-2,235,2932,4,520,256,32,4,16,2,256,128,32,2,0,0,32,4,0,0,4,8,4,2,3,1,1,3,0,1,1,0,0,0
3000,5,zeros-la-2-8,zeros-la-2,236,3000,5,522,256,32,4,16,4,256,128,64,4,0,0,4,8,0,2,0,0,5,1,4,1,1,1,1,1,1,0,0,0
3008,5,zeros-la-2-8,zeros-la-2,237,3008,5,524,256,32,4,16,8,256,128,64,8,0,2,4,0,2,0,0,0,5,2,2,2,1,1,1,1,1,0,0,0
3024,5,zeros-la-2-8,zeros-la-2,238,3024,5,526,256,32,4,16,16,256,128,64,0,2,2,4,0,0,0,0,2,5,3,2,0,2,1,1,1,1,0,0,0
3060,6,zeros-la-2-8,zeros-la-2,239,3060,6,528,256,0,32,4,32,0,256,128,64,0,0,4,4,0,2,0,2,6,2,3,0,0,2,1,1,1,0,0,0
3072,7,zeros-la-2-8,zeros-la-2,240,3072,7,530,256,32,4,32,0,256,128,64,2,8,0,0,0,4,0,0,0,7,1,2,1,0,2,1,1,1,0,0,0
3072,6,zeros-la-2-8,zeros-la-2,241,3072,6,532,256,0,32,4,32,256,128,64,2,0,0,0,8,0,2,0,4,6,2,2,1,0,2,1,1,1,0,0,0
3072,5,zeros-la-2-8,zeros-la-2,242,3072,5,534,256,256,32,4,32,0,128,64,2,2,2,0,8,0,0,0,4,5,3,2,1,0,2,1,1,1,0,0,0
3076,5,zeros-la-2-8,zeros-la-2,243,3076,5,536,256,256,32,4,32,128,64,2,2,4,8,0,0,4,0,0,0,5,2,3,1,0,2,1,1,1,0,0,0
3084,5,zeros-la-2-8,zeros-la-2,244,3084,5,538,256,256,32,4,32,128,64,2,2,8,8,0,0,0,2,0,0,5,3,1,2,0,2,1,1,1,0,0,0
3104,6,zeros-la-2-8,zeros-la-2,245,3104,6,540,256,256,32,4,32,128,64,4,0,16,0,0,0,2,2,0,0,6,2,2,0,1,2,1,1,1,0,0,0
3112,6,zeros-la-2-8,zeros-la-2,246,3112,6,542,256,256,0,0,0,128,32,2,0,16,64,0,0,2,2,8,32,6,3,0,1,1,2,1,1,1,0,0,0
3116,6,zeros-la-2-8,zeros-la-2,247,3116,6,544,256,256,0,0,2,128,32,2,0,16,64,0,0,4,8,32,0,6,2,1,1,1,2,1,1,1,0,0,0
3116,5,zeros-la-2-8,zeros-la-2,248,3116,5,546,256,0,0,256,2,0,128,32,2,0,0,16,64,2,4,8,32,5,3,1,1,1,2,1,1,1,0,0,0
3120,5,zeros-la-2-8,zeros-la-2,249,3120,5,550,256,0,0,256,4,0,0,32,4,0,128,16,64,2,4,8,32,5,1,3,1,1,2,1,1,1,0,0,0
3128,5,zeros-la-2-8,zeros-la-2,250,3128,5,552,256,2,128,256,8,0,4,32,64,0,0,16,32,0,0,8,2,5,2,1,2,1,2,1,1,1,0,0,0
3128,4,zeros-la-2-8,zeros-la-2,251,3128,4,554,256,2,128,256,8,4,32,64,2,16,32,0,0,8,2,0,0,4,3,1,2,1,2,1,1,1,0,0,0
3192,4,zeros-la-2-8,zeros-la-2,252,3192,4,556,256,2,128,256,8,4,64,64,2,16,2,0,0,8,2,0,0,4,4,1,2,1,0,2,1,1,0,0,0
3320,4,zeros-la-2-8,zeros-la-2,253,3320,4,558,256,2,128,256,8,4,128,2,0,16,2,0,0,8,2,0,2,4,5,1,2,1,0,0,2,1,0,0,0
3580,5,zeros-la-2-8,zeros-la-2,254,3580,5,560,256,2,256,256,8,4,4,2,2,16,0,2,0,8,0,0,0,5,4,2,2,1,0,0,0,2,0,0,0
4104,7,zeros-la-2-8,zeros-la-2,255,4104,7,562,512,0,2,512,8,0,0,8,4,2,0,16,2,0,0,0,8,7,3,1,3,1,0,0,0,0,1,0,0
4104,6,zeros-la-2-8,zeros-la-2,256,4104,6,564,512,0,2,512,8,0,2,8,4,0,2,16,2,0,0,0,8,6,4,1,3,1,0,0,0,0,1,0,0
4108,6,zeros-la-2-8,zeros-la-2,257,4108,6,566,512,0,0,0,8,2,0,512,4,0,2,8,2,0,4,16,8,6,3,2,3,1,0,0,0,0,1,0,0
4108,5,zeros-la-2-8,zeros-la-2,258,4108,5,570,512,2,2,512,8,0,4,8,4,4,0,16,2,0,0,0,8,5,3,3,3,1,0,0,0,0,1,0,0
4112,5,zeros-la-2-8,zeros-la-2,259,4112,5,572,512,4,512,8,0,4,8,4,0,4,16,2,0,8,2,0,0,5,2,4,3,1,0,0,0,0,1,0,0
4120,5,zeros-la-2-8,zeros-la-2,260,4120,5,574,512,0,512,0,0,4,8,8,2,8,16,4,0,8,2,2,0,5,3,2,4,1,0,0,0,0,1,0,0
4140,6,zeros-la-2-8,zeros-la-2,261,4140,6,576,512,512,0,0,0,4,16,2,0,8,16,4,0,8,4,2,0,6,2,3,2,2,0,0,0,0,1,0,0
4188,7,zeros-la-2-8,zeros-la-2,262,4188,7,578,512,512,32,2,0,4,4,4,0,16,0,2,2,0,0,0,0,7,3,3,0,1,1,0,0,0,1,0,0
4200,8,zeros-la-2-8,zeros-la-2,263,4200,8,580,512,512,32,2,0,8,4,0,2,16,4,0,0,0,0,0,0,8,2,2,1,1,1,0,0,0,1,0,0
4208,8,zeros-la-2-8,zeros-la-2,264,4208,8,582,512,512,32,2,2,8,8,0,0,16,2,0,0,0,0,0,0,8,3,0,2,1,1,0,0,0,1,0,0
4228,9,zeros-la-2-8,zeros-la-2,265,4228,9,584,512,512,32,4,0,16,0,0,0,16,2,0,2,0,0,0,0,9,2,1,0,2,1,0,0,0,1,0,0
4232,9,zeros-la-2-8,zeros-la-2,266,4232,9,586,512,512,32,4,2,16,0,0,0,16,4,0,0,0,0,0,0,9,1,2,0,2,1,0,0,0,1,0,0
4264,9,zeros-la-2-8,zeros-la-2,267,4264,9,588,512,0,0,2,0,0,0,0,0,512,32,0,0,32,4,4,2,9,2,2,0,0,2,0,0,0,1,0,0
4272,9,zeros-la-2-8,zeros-la-2,268,4272,9,590,512,2,0,0,0,0,0,0,2,512,32,0,0,32,8,2,0,9,3,0,1,0,2,0,0,0,1,0,0
4272,8,zeros-la-2-8,zeros-la-2,269,4272,8,592,512,0,0,0,0,2,0,0,0,512,32,2,0,32,8,2,2,8,4,0,1,0,2,0,0,0,1,0,0
4276,8,zeros-la-2-8,zeros-la-2,270,4276,8,594,512,0,0,0,2,0,0,0,2,0,512,32,2,0,32,8,4,8,3,1,1,0,2,0,0,0,1,0,0
4280,8,zeros-la-2-8,zeros-la-2,271,4280,8,596,512,0,0,2,0,0,0,0,2,0,512,32,4,0,32,8,4,8,2,2,1,0,2,0,0,0,1,0,0
4288,8,zeros-la-2-8,zeros-la-2,272,4288,8,598,512,0,512,2,2,2,32,32,8,0,0,8,0,0,0,0,0,8,3,0,2,0,2,0,0,0,1,0,0
4356,9,zeros-la-2-8,zeros-la-2,273,4356,9,600,512,0,0,512,4,2,2,64,8,0,0,0,8,0,0,0,0,9,2,1,2,0,0,1,0,0,1,0,0
4372,9,zeros-la-2-8,zeros-la-2,274,4372,9,602,512,0,0,0,0,0,2,0,0,0,0,512,4,2,2,64,16,9,3,1,0,1,0,1,0,0,1,0,0
4376,9,zeros-la-2-8,zeros-la-2,275,4376,9,604,512,0,0,2,0,0,0,0,0,0,0,512,4,2,4,64,16,9,2,2,0,1,0,1,0,0,1,0,0
4376,8,zeros-la-2-8,zeros-la-2,276,4376,8,606,512,2,0,2,0,0,0,0,0,512,4,0,0,2,4,64,16,8,3,2,0,1,0,1,0,0,1,0,0
4380,8,zeros-la-2-8,zeros-la-2,277,4380,8,608,512,0,0,0,4,0,0,2,0,0,0,512,4,2,4,64,16,8,2,3,0,1,0,1,0,0,1,0,0
4388,8,zeros-la-2-8,zeros-la-2,278,4388,8,610,512,2,4,2,8,0,2,512,16,0,0,64,0,0,0,0,0,8,3,1,1,1,0,1,0,0,1,0,0
4388,7,zeros-la-2-8,zeros-la-2,279,4388,7,612,512,0,0,2,0,0,0,2,0,0,4,512,8,2,2,64,16,7,4,1,1,1,0,1,0,0,1,0,0
4392,7,zeros-la-2-8,zeros-la-2,280,4392,7,614,512,0,0,0,2,0,0,0,2,0,4,512,8,2,4,64,16,7,3,2,1,1,0,1,0,0,1,0,0
4404,8,zeros-la-2-8,zeros-la-2,281,4404,8,616,512,0,0,0,0,0,0,0,4,0,2,512,8,2,8,64,16,8,2,1,2,1,0,1,0,0,1,0,0
4404,7,zeros-la-2-8,zeros-la-2,282,4404,7,618,512,0,0,2,0,4,0,0,0,2,512,8,0,2,8,64,16,7,3,1,2,1,0,1,0,0,1,0,0
4408,7,zeros-la-2-8,zeros-la-2,283,4408,7,620,512,0,0,0,0,0,0,2,0,4,512,8,2,4,8,64,16,7,2,2,2,1,0,1,0,0,1,0,0
4416,7,zeros-la-2-8,zeros-la-2,284,4416,7,624,512,0,4,0,0,0,0,2,0,0,512,8,2,8,8,64,16,7,2,1,3,1,0,1,0,0,1,0,0
4432,7,zeros-la-2-8,zeros-la-2,285,4432,7,626,512,0,2,0,4,0,0,0,2,0,512,8,2,0,16,64,16,7,3,1,1,2,0,1,0,0,1,0,0
4436,7,zeros-la-2-8,zeros-la-2,286,4436,7,628,512,2,2,8,4,0,512,64,4,0,16,0,16,0,0,0,0,7,2,2,1,2,0,1,0,0,1,0,0
4472,8,zeros-la-2-8,zeros-la-2,287,4472,8,630,512,0,4,8,4,0,512,64,4,0,2,0,32,0,0,0,0,8,1,3,1,0,1,1,0,0,1,0,0
4480,8,zeros-la-2-8,zeros-la-2,288,4480,8,632,512,0,4,8,8,0,512,64,32,0,2,2,0,0,0,0,0,8,2,1,2,0,1,1,0,0,1,0,0
4500,9,zeros-la-2-8,zeros-la-2,289,4500,9,634,512,0,0,4,16,0,512,64,32,2,0,0,4,0,0,0,0,9,1,2,0,1,1,1,0,0,1,0,0
4500,8,zeros-la-2-8,zeros-la-2,290,4500,8,636,512,0,0,4,16,0,512,64,32,2,0,2,4,0,0,0,0,8,2,2,0,1,1,1,0,0,1,0,0
4504,8,zeros-la-2-8,zeros-la-2,291,4504,8,638,512,4,16,0,0,512,64,32,0,4,4,0,0,0,2,0,0,8,1,3,0,1,1,1,0,0,1,0,0
4512,8,zeros-la-2-8,zeros-la-2,292,4512,8,642,512,0,0,4,16,0,512,64,32,4,0,0,8,0,0,0,2,8,1,2,1,1,1,1,0,0,1,0,0
4512,7,zeros-la-2-8,zeros-la-2,293,4512,7,644,512,4,16,0,0,512,64,32,0,4,8,0,0,2,0,0,2,7,2,2,1,1,1,1,0,0,1,0,0
4516,7,zeros-la-2-8,zeros-la-2,294,4516,7,646,512,4,16,0,0,512,64,32,2,4,8,0,0,4,0,0,0,7,1,3,1,1,1,1,0,0,1,0,0
4524,7,zeros-la-2-8,zeros-la-2,295,4524,7,648,512,0,2,0,0,4,16,0,0,512,64,0,0,8,8,32,2,7,2,1,2,1,1,1,0,0,1,0,0
4540,7,zeros-la-2-8,zeros-la-2,296,4540,7,650,512,2,0,0,2,0,0,4,16,0,0,512,64,0,16,32,2,7,3,1,0,2,1,1,0,0,1,0,0
4544,7,zeros-la-2-8,zeros-la-2,297,4544,7,652,512,4,0,2,0,4,16,0,0,512,64,0,0,16,32,2,0,7,2,2,0,2,1,1,0,0,1,0,0
4556,8,zeros-la-2-8,zeros-la-2,298,4556,8,654,512,0,0,0,0,8,16,0,0,512,64,2,0,16,32,4,0,8,1,1,1,2,1,1,0,0,1,0,0
4556,7,zeros-la-2-8,zeros-la-2,299,4556,7,656,512,0,0,0,2,8,16,0,0,512,64,2,0,16,32,4,0,7,2,1,1,2,1,1,0,0,1,0,0
4556,6,zeros-la-2-8,zeros-la-2,300,4556,6,658,512,8,16,2,2,512,64,4,0,16,32,0,0,2,0,0,0,6,3,1,1,2,1,1,0,0,1,0,0
4560,6,zeros-la-2-8,zeros-la-2,301,4560,6,660,512,8,16,4,0,512,64,4,0,16,32,0,0,2,0,0,2,6,2,2,1,2,1,1,0,0,1,0,0
4568,6,zeros-la-2-8,zeros-la-2,302,4568,6,662,512,8,16,8,2,512,64,0,0,16,32,0,2,2,0,0,0,6,3,0,2,2,1,1,0,0,1,0,0
4572,6,zeros-la-2-8,zeros-la-2,303,4572,6,664,512,8,0,0,0,512,16,0,0,16,64,2,0,2,32,8,4,6,2,1,2,2,1,1,0,0,1,0,0
4572,5,zeros-la-2-8,zeros-la-2,304,4572,5,666,512,8,0,0,0,512,16,2,0,16,64,2,0,2,32,8,4,5,3,1,2,2,1,1,0,0,1,0,0
4576,5,zeros-la-2-8,zeros-la-2,305,4576,5,668,512,8,16,4,4,512,64,8,0,16,32,0,0,2,0,2,0,5,2,2,2,2,1,1,0,0,1,0,0
4588,6,zeros-la-2-8,zeros-la-2,306,4588,6,670,512,8,16,8,0,512,64,8,2,16,32,0,0,4,0,0,0,6,1,1,3,2,1,1,0,0,1,0,0
4604,6,zeros-la-2-8,zeros-la-2,307,4604,6,672,512,8,16,16,2,512,64,0,2,16,32,0,0,4,0,0,0,6,2,1,1,3,1,1,0,0,1,0,0
4636,6,zeros-la-2-8,zeros-la-2,308,4636,6,674,512,0,8,32,2,0,512,64,2,2,0,16,32,0,0,0,4,6,3,1,1,1,2,1,0,0,1,0,0
4636,5,zeros-la-2-8,zeros-la-2,309,4636,5,678,512,0,8,32,2,0,512,64,2,0,2,16,32,0,4,0,4,5,3,2,1,1,2,1,0,0,1,0,0
4644,5,zeros-la-2-8,zeros-la-2,310,4644,5,680,512,0,8,32,2,0,512,64,2,2,2,16,32,0,0,0,8,5,4,0,2,1,2,1,0,0,1,0,0
4648,5,zeros-la-2-8,zeros-la-2,311,4648,5,682,512,2,8,32,4,0,512,64,32,0,2,16,8,2,0,0,0,5,3,1,2,1,2,1,0,0,1,0,0
4648,4,zeros-la-2-8,zeros-la-2,312,4648,4,684,512,2,8,32,4,512,64,32,0,2,16,8,0,2,2,0,0,4,4,1,2,1,2,1,0,0,1,0,0
4716,5,zeros-la-2-8,zeros-la-2,313,4716,5,686,512,2,8,64,4,512,64,8,0,4,16,0,0,2,2,0,0,5,3,2,2,1,0,2,0,0,1,0,0
4720,5,zeros-la-2-8,zeros-la-2,314,4720,5,688,512,2,8,64,4,2,512,64,8,0,0,4,16,0,0,0,4,5,2,3,2,1,0,2,0,0,1,0,0
4852,6,zeros-la-2-8,zeros-la-2,315,4852,6,690,512,0,0,0,4,0,0,0,8,2,8,128,16,4,512,4,4,6,1,4,2,1,0,0,1,0,1,0,0
4860,6,zeros-la-2-8,zeros-la-2,316,4860,6,692,512,2,0,0,4,0,0,0,8,2,8,128,16,0,4,512,8,6,2,2,3,1,0,0,1,0,1,0,0
4864,6,zeros-la-2-8,zeros-la-2,317,4864,6,694,512,0,0,0,4,2,0,0,8,0,8,128,16,4,4,512,8,6,1,3,3,1,0,0,1,0,1,0,0
4872,6,zeros-la-2-8,zeros-la-2,318,4872,6,696,512,2,0,0,4,0,0,2,8,0,8,128,16,0,8,512,8,6,2,1,4,1,0,0,1,0,1,0,0
4872,5,zeros-la-2-8,zeros-la-2,319,4872,5,698,512,0,2,2,4,0,0,2,8,0,8,128,16,0,8,512,8,5,3,1,4,1,0,0,1,0,1,0,0
4892,6,zeros-la-2-8,zeros-la-2,320,4892,6,700,512,2,2,4,4,0,16,128,8,0,0,512,16,0,0,0,8,6,2,2,2,2,0,0,1,0,1,0,0
4904,7,zeros-la-2-8,zeros-la-2,321,4904,7,702,512,0,0,4,8,0,16,128,8,0,2,512,16,0,0,0,8,7,1,1,3,2,0,0,1,0,1,0,0
4920,7,zeros-la-2-8,zeros-la-2,322,4920,7,704,512,0,16,4,16,0,2,128,16,0,0,512,8,0,2,0,0,7,2,1,1,3,0,0,1,0,1,0,0
4956,8,zeros-la-2-8,zeros-la-2,323,4956,8,708,512,0,0,0,0,4,0,4,0,0,16,128,32,0,4,512,8,8,0,3,1,1,1,0,1,0,1,0,0
4964,8,zeros-la-2-8,zeros-la-2,324,4964,8,710,512,0,2,0,0,8,0,0,0,16,128,32,0,4,512,8,0,8,1,1,2,1,1,0,1,0,1,0,0
4964,7,zeros-la-2-8,zeros-la-2,325,4964,7,712,512,0,0,0,2,0,2,0,8,0,16,128,32,0,4,512,8,7,2,1,2,1,1,0,1,0,1,0,0
4964,6,zeros-la-2-8,zeros-la-2,326,4964,6,714,512,2,0,0,2,0,2,0,8,0,16,128,32,0,4,512,8,6,3,1,2,1,1,0,1,0,1,0,0
4968,6,zeros-la-2-8,zeros-la-2,327,4968,6,716,512,0,0,2,4,0,0,2,8,0,16,128,32,0,4,512,8,6,2,2,2,1,1,0,1,0,1,0,0
4972,6,zeros-la-2-8,zeros-la-2,328,4972,6,718,512,0,16,4,4,0,4,128,8,0,0,512,32,0,0,2,8,6,1,3,2,1,1,0,1,0,1,0,0
4980,6,zeros-la-2-8,zeros-la-2,329,4980,6,722,512,0,4,16,8,0,4,128,8,0,0,512,32,0,0,2,8,6,1,2,3,1,1,0,1,0,1,0,0
5004,7,zeros-la-2-8,zeros-la-2,330,5004,7,724,512,0,8,16,16,0,0,128,32,0,0,512,8,2,0,2,0,7,2,0,2,2,1,0,1,0,1,0,0
5040,8,zeros-la-2-8,zeros-la-2,331,5040,8,726,512,8,32,0,0,128,32,0,0,512,8,2,0,4,0,0,0,8,1,1,2,0,2,0,1,0,1,0,0
5104,8,zeros-la-2-8,zeros-la-2,332,5104,8,728,512,8,64,2,0,128,8,0,2,512,0,0,0,4,0,0,0,8,2,1,2,0,0,1,1,0,1,0,0
5104,7,zeros-la-2-8,zeros-la-2,333,5104,7,730,512,8,64,2,0,128,8,2,0,512,0,0,0,4,2,0,0,7,3,1,2,0,0,1,1,0,1,0,0
5108,7,zeros-la-2-8,zeros-la-2,334,5108,7,732,512,8,64,4,0,128,8,0,0,512,2,0,2,4,0,0,0,7,2,2,2,0,0,1,1,0,1,0,0
5112,7,zeros-la-2-8,zeros-la-2,335,5112,7,734,512,2,8,64,4,0,0,128,8,0,0,512,4,0,0,0,4,7,1,3,2,0,0,1,1,0,1,0,0
5120,7,zeros-la-2-8,zeros-la-2,336,5120,7,736,512,2,8,64,4,0,0,128,8,0,2,512,8,0,0,0,0,7,2,1,3,0,0,1,1,0,1,0,0
5136,7,zeros-la-2-8,zeros-la-2,337,5136,7,738,512,0,0,0,0,0,0,64,0,2,8,128,4,2,2,512,16,7,3,1,1,1,0,1,1,0,1,0,0
5140,7,zeros-la-2-8,zeros-la-2,338,5140,7,740,512,4,8,64,4,0,2,128,16,0,2,512,0,0,0,0,0,7,2,2,1,1,0,1,1,0,1,0,0
5144,7,zeros-la-2-8,zeros-la-2,339,5144,7,742,512,0,0,0,0,0,0,64,0,2,8,128,4,4,4,512,16,7,1,3,1,1,0,1,1,0,1,0,0
5152,7,zeros-la-2-8,zeros-la-2,340,5152,7,744,512,0,0,2,0,0,0,0,64,2,8,128,4,0,8,512,16,7,2,1,2,1,0,1,1,0,1,0,0
5168,7,zeros-la-2-8,zeros-la-2,341,5168,7,746,512,2,0,0,0,0,0,2,64,0,0,128,4,2,16,512,16,7,3,1,0,2,0,1,1,0,1,0,0
5172,7,zeros-la-2-8,zeros-la-2,342,5172,7,748,512,0,0,0,2,0,0,2,64,0,0,128,4,4,16,512,16,7,2,2,0,2,0,1,1,0,1,0,0
5172,6,zeros-la-2-8,zeros-la-2,343,5172,6,750,512,4,16,2,2,2,0,128,64,0,0,512,4,0,0,0,16,6,3,2,0,2,0,1,1,0,1,0,0
5172,5,zeros-la-2-8,zeros-la-2,344,5172,5,752,512,4,16,2,2,2,0,128,64,0,0,512,4,0,2,0,16,5,4,2,0,2,0,1,1,0,1,0,0
5176,5,zeros-la-2-8,zeros-la-2,345,5176,5,754,512,0,4,16,4,0,2,128,64,0,2,512,4,0,0,2,16,5,3,3,0,2,0,1,1,0,1,0,0
5180,5,zeros-la-2-8,zeros-la-2,346,5180,5,756,512,0,4,16,4,0,4,128,64,0,0,512,4,0,2,2,16,5,2,4,0,2,0,1,1,0,1,0,0
5188,5,zeros-la-2-8,zeros-la-2,347,5188,5,758,512,0,8,16,4,0,2,128,64,0,0,512,4,0,2,2,16,5,3,2,1,2,0,1,1,0,1,0,0
5192,5,zeros-la-2-8,zeros-la-2,348,5192,5,760,512,0,8,16,4,0,2,128,64,2,0,512,4,0,0,4,16,5,2,3,1,2,0,1,1,0,1,0,0
5192,4,zeros-la-2-8,zeros-la-2,349,5192,4,762,512,0,0,16,4,0,2,128,64,0,8,512,4,2,2,4,16,4,3,3,1,2,0,1,1,0,1,0,0
5196,4,zeros-la-2-8,zeros-la-2,350,5196,4,764,512,0,0,16,4,2,2,128,64,0,8,512,4,0,4,4,16,4,2,4,1,2,0,1,1,0,1,0,0
5208,5,zeros-la-2-8,zeros-la-2,351,5208,5,766,512,16,4,0,0,4,128,64,0,8,512,4,0,8,16,2,0,5,1,3,2,2,0,1,1,0,1,0,0
5224,5,zeros-la-2-8,zeros-la-2,352,5224,5,768,512,0,4,2,0,16,128,64,0,4,512,4,0,16,16,2,0,5,2,3,0,3,0,1,1,0,1,0,0
5256,5,zeros-la-2-8,zeros-la-2,353,5256,5,770,512,4,2,0,2,16,128,64,0,4,512,4,0,32,2,0,0,5,3,3,0,1,1,1,1,0,1,0,0
5260,5,zeros-la-2-8,zeros-la-2,354,5260,5,772,512,4,4,0,2,16,128,64,0,4,512,4,0,32,2,0,0,5,2,4,0,1,1,1,1,0,1,0,0
5260,4,zeros-la-2-8,zeros-la-2,355,5260,4,774,512,4,4,64,2,16,128,4,2,4,512,0,0,32,2,0,0,4,3,4,0,1,1,1,1,0,1,0,0
5268,4,zeros-la-2-8,zeros-la-2,356,5268,4,776,512,0,8,64,2,16,128,4,2,2,0,4,512,0,0,32,2,4,4,2,1,1,1,1,1,0,1,0,0
5280,5,zeros-la-2-8,zeros-la-2,357,5280,5,778,512,0,2,0,0,0,0,64,4,16,8,8,512,2,128,32,2,5,3,1,2,1,1,1,1,0,1,0,0
5296,5,zeros-la-2-8,zeros-la-2,358,5296,5,780,512,2,0,0,0,64,4,0,0,16,16,512,2,2,128,32,2,5,4,1,0,2,1,1,1,0,1,0,0
5328,5,zeros-la-2-8,zeros-la-2,359,5328,5,782,512,0,2,0,2,0,0,64,4,0,32,512,2,2,128,32,2,5,5,1,0,0,2,1,1,0,1,0,0
5332,5,zeros-la-2-8,zeros-la-2,360,5332,5,784,512,2,0,0,4,0,0,64,4,0,32,512,2,2,128,32,2,5,4,2,0,0,2,1,1,0,1,0,0
5348,7,zeros-la-2-8,zeros-la-2,361,5348,7,786,512,0,0,0,0,0,2,64,0,0,32,512,8,4,128,32,4,7,1,2,1,0,2,1,1,0,1,0,0
5348,6,zeros-la-2-8,zeros-la-2,362,5348,6,790,512,0,0,0,4,0,2,64,0,0,32,512,8,4,128,32,4,6,1,3,1,0,2,1,1,0,1,0,0
5348,5,zeros-la-2-8,zeros-la-2,363,5348,5,792,512,2,0,0,0,0,2,64,4,0,32,512,8,4,128,32,4,5,2,3,1,0,2,1,1,0,1,0,0
5348,4,zeros-la-2-8,zeros-la-2,364,5348,4,794,512,2,0,0,0,2,64,4,2,32,512,8,0,4,128,32,4,4,3,3,1,0,2,1,1,0,1,0,0
5352,4,zeros-la-2-8,zeros-la-2,365,5352,4,796,512,0,2,0,0,4,64,4,0,32,512,8,2,4,128,32,4,4,2,4,1,0,2,1,1,0,1,0,0
5352,3,zeros-la-2-8,zeros-la-2,366,5352,3,798,512,2,0,2,0,4,64,4,0,32,512,8,2,4,128,32,4,3,3,4,1,0,2,1,1,0,1,0,0
5356,3,zeros-la-2-8,zeros-la-2,367,5356,3,800,512,4,0,2,0,4,64,4,0,32,512,8,2,4,128,32,4,3,2,5,1,0,2,1,1,0,1,0,0
5364,3,zeros-la-2-8,zeros-la-2,368,5364,3,802,512,8,64,2,2,32,512,4,4,4,128,8,0,0,2,32,0,3,3,3,2,0,2,1,1,0,1,0,0
5376,4,zeros-la-2-8,zeros-la-2,369,5376,4,804,512,0,8,64,4,0,32,512,8,0,4,128,8,0,2,2,32,4,2,2,3,0,2,1,1,0,1,0,0
5380,4,zeros-la-2-8,zeros-la-2,370,5380,4,806,512,8,64,4,0,32,512,8,0,4,128,8,0,4,32,2,0,4,1,3,3,0,2,1,1,0,1,0,0
5404,5,zeros-la-2-8,zeros-la-2,371,5404,5,808,512,8,64,4,2,32,512,16,0,8,128,2,0,0,32,0,0,5,2,1,2,1,2,1,1,0,1,0,0
5404,4,zeros-la-2-8,zeros-la-2,372,5404,4,810,512,8,64,4,2,32,512,16,0,8,128,2,2,0,32,0,0,4,3,1,2,1,2,1,1,0,1,0,0
5408,4,zeros-la-2-8,zeros-la-2,373,5408,4,812,512,8,64,4,4,32,512,16,0,8,128,2,2,0,32,0,0,4,2,2,2,1,2,1,1,0,1,0,0
5420,5,zeros-la-2-8,zeros-la-2,374,5420,5,814,512,8,64,8,0,32,512,16,0,8,128,4,0,32,2,0,0,5,1,1,3,1,2,1,1,0,1,0,0
5420,4,zeros-la-2-8,zeros-la-2,375,5420,4,816,512,8,64,8,0,32,512,16,0,8,128,4,2,32,2,0,0,4,2,1,3,1,2,1,1,0,1,0,0
5420,3,zeros-la-2-8,zeros-la-2,376,5420,3,818,512,8,64,8,0,32,512,16,0,8,128,4,2,32,2,0,2,3,3,1,3,1,2,1,1,0,1,0,0
5424,3,zeros-la-2-8,zeros-la-2,377,5424,3,820,512,8,64,2,0,32,512,8,0,8,128,16,0,32,2,4,4,3,2,2,3,1,2,1,1,0,1,0,0
5432,3,zeros-la-2-8,zeros-la-2,378,5432,3,822,512,8,64,2,2,32,512,8,0,8,128,16,0,32,2,8,0,3,3,0,4,1,2,1,1,0,1,0,0
5436,3,zeros-la-2-8,zeros-la-2,379,5436,3,824,512,0,8,64,4,0,32,512,8,0,8,128,16,2,32,2,8,3,2,1,4,1,2,1,1,0,1,0,0
5436,2,zeros-la-2-8,zeros-la-2,380,5436,2,826,512,2,8,64,4,0,32,512,8,0,8,128,16,2,32,2,8,2,3,1,4,1,2,1,1,0,1,0,0
5440,2,zeros-la-2-8,zeros-la-2,381,5440,2,828,512,2,8,64,4,0,32,512,8,0,8,128,16,4,32,2,8,2,2,2,4,1,2,1,1,0,1,0,0
5440,1,zeros-la-2-8,zeros-la-2,382,5440,1,830,512,2,8,64,4,2,32,512,8,0,8,128,16,4,32,2,8,1,3,2,4,1,2,1,1,0,1,0,0
5444,1,zeros-la-2-8,zeros-la-2,383,5444,1,832,512,4,8,64,4,4,32,512,8,0,8,128,16,2,32,2,8,1,2,3,4,1,2,1,1,0,1,0,0
5452,1,zeros-la-2-8,zeros-la-2,384,5452,1,834,512,8,8,64,4,2,32,512,8,0,8,128,16,2,32,2,8,1,3,1,5,1,2,1,1,0,1,0,0
5468,1,zeros-la-2-8,zeros-la-2,385,5468,1,836,512,2,16,64,4,2,32,512,8,0,8,128,16,2,32,2,8,1,4,1,3,2,2,1,1,0,1,0,0
5472,1,zeros-la-2-8,zeros-la-2,386,5472,1,838,512,4,16,64,4,2,32,512,8,0,8,128,16,2,32,2,8,1,3,2,3,2,2,1,1,0,1,0,0
5476,1,zeros-la-2-8,zeros-la-2,387,5476,1,840,512,2,16,64,4,0,32,512,8,4,8,128,16,4,32,2,8,1,2,3,3,2,2,1,1,0,1,0,0
5476,0,zeros-la-2-8,zeros-la-2,388,5476,0,842,512,2,16,64,4,32,512,8,2,4,8,128,16,4,32,2,8,0,3,3,3,2,2,1,1,0,1,0,0
5484,0,zeros-la-2-8,zeros-la-2,389,5484,0,844,512,2,16,64,4,2,512,8,2,32,8,128,16,8,32,2,8,0,4,1,4,2,2,1,1,0,1,0,0
5488,0,zeros-la-2-8,zeros-la-2,390,5488,0,846,512,2,16,64,4,4,512,8,2,32,8,128,16,8,32,2,8,0,3,2,4,2,2,1,1,0,1,0,0
4,14,zeros-la-2-9,zeros-la-2,0,4,14,6,4,4,0,0,0,0,0,0,0,0,0,0,0,2,0,0,0,14,1,1,0,0,0,0,0,0,0,0,0
4,13,zeros-la-2-9,zeros-la-2,1,4,13,8,4,0,0,0,4,0,0,0,0,0,0,0,0,0,2,0,2,13,2,1,0,0,0,0,0,0,0,0,0
8,13,zeros-la-2-9,zeros-la-2,2,8,13,10,4,4,0,0,0,0,0,0,0,0,0,0,2,4,0,0,0,13,1,2,0,0,0,0,0,0,0,0,0
16,13,zeros-la-2-9,zeros-la-2,3,16,13,12,8,0,0,0,2,0,0,0,0,0,0,0,0,8,0,0,2,13,2,0,1,0,0,0,0,0,0,0,0
20,13,zeros-la-2-9,zeros-la-2,4,20,13,14,8,8,0,0,4,0,0,0,0,0,0,2,0,0,0,0,0,13,1,1,1,0,0,0,0,0,0,0,0
20,12,zeros-la-2-9,zeros-la-2,5,20,12,16,8,8,4,0,0,0,0,0,0,2,0,2,0,0,0,0,0,12,2,1,1,0,0,0,0,0,0,0,0
24,12,zeros-la-2-9,zeros-la-2,6,24,12,18,8,0,0,8,4,0,0,0,0,0,2,0,4,0,0,0,0,12,1,2,1,0,0,0,0,0,0,0,0
32,12,zeros-la-2-9,zeros-la-2,7,32,12,20,8,0,2,8,8,0,0,0,2,0,0,0,0,0,0,0,0,12,2,0,2,0,0,0,0,0,0,0,0
48,12,zeros-la-2-9,zeros-la-2,8,48,12,22,16,2,16,0,0,2,0,0,0,0,0,0,0,2,0,0,0,12,3,0,0,1,0,0,0,0,0,0,0
52,12,zeros-la-2-9,zeros-la-2,9,52,12,24,16,0,0,0,0,2,0,0,0,2,0,0,0,4,16,0,0,12,2,1,0,1,0,0,0,0,0,0,0
56,12,zeros-la-2-9,zeros-la-2,10,56,12,26,16,0,0,0,0,0,0,0,2,4,0,0,0,4,16,0,0,12,1,2,0,1,0,0,0,0,0,0,0
64,12,zeros-la-2-9,zeros-la-2,11,64,12,28,16,0,0,0,0,0,0,0,0,2,0,0,0,8,16,0,2,12,2,0,1,1,0,0,0,0,0,0,0
64,11,zeros-la-2-9,zeros-la-2,12,64,11,30,16,0,0,0,0,2,0,0,0,0,0,0,2,0,8,16,2,11,3,0,1,1,0,0,0,0,0,0,0
68,11,zeros-la-2-9,zeros-la-2,13,68,11,32,16,2,8,16,4,0,0,0,2,0,0,0,0,0,0,0,0,11,2,1,1,1,0,0,0,0,0,0,0
68,10,zeros-la-2-9,zeros-la-2,14,68,10,36,16,2,8,16,4,0,0,4,2,0,0,0,0,0,0,0,0,10,2,2,1,1,0,0,0,0,0,0,0
68,9,zeros-la-2-9,zeros-la-2,15,68,9,40,16,2,8,16,4,0,0,4,2,0,0,0,0,0,4,0,0,9,2,3,1,1,0,0,0,0,0,0,0
68,8,zeros-la-2-9,zeros-la-2,16,68,8,42,16,2,8,16,4,0,4,4,2,0,0,0,0,0,2,0,0,8,3,3,1,1,0,0,0,0,0,0,0
76,8,zeros-la-2-9,zeros-la-2,17,76,8,44,16,2,8,16,4,0,0,8,2,0,0,0,2,0,0,0,2,8,4,1,2,1,0,0,0,0,0,0,0
80,8,zeros-la-2-9,zeros-la-2,18,80,8,46,16,2,8,16,4,0,0,8,4,2,0,0,2,0,0,0,0,8,3,2,2,1,0,0,0,0,0,0,0
92,9,zeros-la-2-9,zeros-la-2,19,92,9,48,16,0,0,0,0,2,0,0,0,0,0,16,8,4,8,8,2,9,2,1,3,1,0,0,0,0,0,0,0
108,9,zeros-la-2-9,zeros-la-2,20,108,9,50,16,0,0,0,0,0,2,0,2,0,0,16,8,0,4,16,2,9,3,1,1,2,0,0,0,0,0,0,0
112,9,zeros-la-2-9,zeros-la-2,21,112,9,52,16,2,0,0,0,0,0,0,4,0,0,16,8,0,4,16,2,9,2,2,1,2,0,0,0,0,0,0,0
144,9,zeros-la-2-9,zeros-la-2,22,144,9,54,32,2,4,32,4,0,0,0,8,0,0,0,2,0,0,0,2,9,3,2,1,0,1,0,0,0,0,0,0
148,9,zeros-la-2-9,zeros-la-2,23,148,9,56,32,2,4,32,4,0,0,0,8,2,0,0,4,0,0,0,0,9,2,3,1,0,1,0,0,0,0,0,0
152,9,zeros-la-2-9,zeros-la-2,24,152,9,58,32,0,0,0,0,2,0,0,4,0,0,0,8,4,4,32,4,9,1,4,1,0,1,0,0,0,0,0,0
160,9,zeros-la-2-9,zeros-la-2,25,160,9,60,32,0,0,0,2,0,0,2,4,0,0,0,8,0,8,32,4,9,2,2,2,0,1,0,0,0,0,0,0
160,8,zeros-la-2-9,zeros-la-2,26,160,8,62,32,2,0,0,0,2,4,0,2,8,0,0,0,8,32,4,0,8,3,2,2,0,1,0,0,0,0,0,0
180,9,zeros-la-2-9,zeros-la-2,27,180,9,64,32,0,0,0,2,0,0,0,0,4,4,0,0,16,32,4,2,9,2,3,0,1,1,0,0,0,0,0,0
184,9,zeros-la-2-9,zeros-la-2,28,184,9,66,32,4,4,4,4,16,32,0,0,0,0,0,0,0,0,0,2,9,1,4,0,1,1,0,0,0,0,0,0
200,10,zeros-la-2-9,zeros-la-2,29,200,10,68,32,8,8,0,0,16,32,0,0,0,0,0,0,2,0,2,0,10,2,0,2,1,1,0,0,0,0,0,0
220,11,zeros-la-2-9,zeros-la-2,30,220,11,70,32,16,0,0,0,16,32,0,0,0,0,2,0,4,0,0,0,11,1,1,0,2,1,0,0,0,0,0,0
252,11,zeros-la-2-9,zeros-la-2,31,252,11,72,32,32,32,2,0,4,0,2,0,0,0,0,0,0,0,0,0,11,2,1,0,0,2,0,0,0,0,0,0
316,11,zeros-la-2-9,zeros-la-2,32,316,11,74,64,0,0,64,2,0,0,4,2,0,0,0,0,0,0,0,2,11,3,1,0,0,0,1,0,0,0,0,0
320,11,zeros-la-2-9,zeros-la-2,33,320,11,76,64,0,0,0,0,0,0,0,2,0,0,64,2,0,0,4,4,11,2,2,0,0,0,1,0,0,0,0,0
324,11,zeros-la-2-9,zeros-la-2,34,324,11,78,64,0,0,0,0,0,2,0,0,0,0,64,4,0,0,4,4,11,1,3,0,0,0,1,0,0,0,0,0
332,11,zeros-la-2-9,zeros-la-2,35,332,11,80,64,0,2,64,8,0,0,4,0,0,2,0,0,0,0,0,0,11,2,1,1,0,0,1,0,0,0,0,0
336,11,zeros-la-2-9,zeros-la-2,36,336,11,82,64,0,0,0,0,0,0,0,0,2,0,64,0,0,4,4,8,11,1,2,1,0,0,1,0,0,0,0,0
344,11,zeros-la-2-9,zeros-la-2,37,344,11,84,64,0,0,0,0,0,2,0,0,2,64,0,0,8,8,0,0,11,2,0,2,0,0,1,0,0,0,0,0
360,11,zeros-la-2-9,zeros-la-2,38,360,11,86,64,0,0,0,0,2,2,0,0,2,64,0,0,16,0,0,0,11,3,0,0,1,0,1,0,0,0,0,0
364,11,zeros-la-2-9,zeros-la-2,39,364,11,88,64,0,0,0,0,2,0,0,0,4,2,0,0,16,64,0,0,11,2,1,0,1,0,1,0,0,0,0,0
364,10,zeros-la-2-9,zeros-la-2,40,364,10,90,64,0,0,0,2,2,0,0,0,4,2,0,0,16,64,0,0,10,3,1,0,1,0,1,0,0,0,0,0
364,9,zeros-la-2-9,zeros-la-2,41,364,9,92,64,2,0,2,0,2,0,0,0,4,2,0,0,16,64,0,0,9,4,1,0,1,0,1,0,0,0,0,0
368,9,zeros-la-2-9,zeros-la-2,42,368,9,94,64,4,2,2,2,4,64,0,0,16,0,0,0,0,0,0,0,9,3,2,0,1,0,1,0,0,0,0,0
372,9,zeros-la-2-9,zeros-la-2,43,372,9,96,64,4,4,2,0,4,64,0,0,16,0,0,0,2,0,0,0,9,2,3,0,1,0,1,0,0,0,0,0
380,9,zeros-la-2-9,zeros-la-2,44,380,9,98,64,8,4,2,0,16,64,0,0,2,0,0,0,0,0,0,2,9,3,1,1,1,0,1,0,0,0,0,0
380,8,zeros-la-2-9,zeros-la-2,45,380,8,100,64,8,4,2,2,16,64,0,0,2,0,0,0,2,0,0,0,8,4,1,1,1,0,1,0,0,0,0,0
384,8,zeros-la-2-9,zeros-la-2,46,384,8,104,64,8,4,4,4,16,64,0,0,2,0,0,0,2,0,0,0,8,2,3,1,1,0,1,0,0,0,0,0
392,8,zeros-la-2-9,zeros-la-2,47,392,8,106,64,8,8,4,0,16,64,0,0,2,0,0,2,2,0,0,0,8,3,1,2,1,0,1,0,0,0,0,0
412,9,zeros-la-2-9,zeros-la-2,48,412,9,108,64,16,4,0,0,16,64,0,0,4,0,0,0,2,0,2,0,9,2,2,0,2,0,1,0,0,0,0,0
416,9,zeros-la-2-9,zeros-la-2,49,416,9,110,64,16,4,0,2,16,64,0,0,4,0,0,0,4,0,0,0,9,1,3,0,2,0,1,0,0,0,0,0
456,10,zeros-la-2-9,zeros-la-2,50,456,10,112,64,32,4,0,2,8,64,0,0,0,0,0,2,0,0,0,0,10,2,1,1,0,1,1,0,0,0,0,0
460,10,zeros-la-2-9,zeros-la-2,51,460,10,114,64,32,4,0,4,8,64,0,0,0,0,0,0,0,2,0,0,10,1,2,1,0,1,1,0,0,0,0,0
468,10,zeros-la-2-9,zeros-la-2,52,468,10,116,64,32,8,0,0,8,64,0,0,0,0,0,0,2,0,2,0,10,2,0,2,0,1,1,0,0,0,0,0
472,10,zeros-la-2-9,zeros-la-2,53,472,10,118,64,32,8,0,0,8,64,2,0,0,0,0,0,4,0,0,0,10,1,1,2,0,1,1,0,0,0,0,0
472,9,zeros-la-2-9,zeros-la-2,54,472,9,120,64,0,0,0,0,32,0,0,0,8,8,2,0,4,64,2,0,9,2,1,2,0,1,1,0,0,0,0,0
488,9,zeros-la-2-9,zeros-la-2,55,488,9,122,64,0,0,0,0,0,0,0,32,0,0,16,2,2,4,64,2,9,3,1,0,1,1,1,0,0,0,0,0
492,9,zeros-la-2-9,zeros-la-2,56,492,9,124,64,0,0,0,0,0,0,0,2,0,0,16,32,2,4,64,4,9,2,2,0,1,1,1,0,0,0,0,0
492,8,zeros-la-2-9,zeros-la-2,57,492,8,128,64,0,4,0,0,0,0,0,2,0,0,16,32,2,4,64,4,8,2,3,0,1,1,1,0,0,0,0,0
500,8,zeros-la-2-9,zeros-la-2,58,500,8,130,64,0,2,0,0,0,0,0,2,0,0,16,32,2,8,64,4,8,3,1,1,1,1,1,0,0,0,0,0
500,7,zeros-la-2-9,zeros-la-2,59,500,7,132,64,0,0,0,0,0,2,0,2,0,2,16,32,2,8,64,4,7,4,1,1,1,1,1,0,0,0,0,0
504,7,zeros-la-2-9,zeros-la-2,60,504,7,134,64,0,0,0,0,4,2,0,0,2,16,32,0,2,8,64,4,7,3,2,1,1,1,1,0,0,0,0,0
508,7,zeros-la-2-9,zeros-la-2,61,508,7,136,64,0,0,0,0,0,2,0,0,4,16,32,2,4,8,64,4,7,2,3,1,1,1,1,0,0,0,0,0
516,7,zeros-la-2-9,zeros-la-2,62,516,7,138,64,0,0,0,0,0,2,2,0,0,16,32,2,8,8,64,4,7,3,1,2,1,1,1,0,0,0,0,0
536,8,zeros-la-2-9,zeros-la-2,63,536,8,142,64,0,0,0,0,4,4,0,0,16,32,2,0,16,64,4,0,8,1,3,0,2,1,1,0,0,0,0,0
568,8,zeros-la-2-9,zeros-la-2,64,568,8,144,64,4,4,2,0,32,32,4,0,0,64,2,0,0,0,0,0,8,2,3,0,0,2,1,0,0,0,0,0
640,9,zeros-la-2-9,zeros-la-2,65,640,9,146,64,8,2,0,0,64,4,2,0,64,2,0,0,0,0,0,0,9,3,1,1,0,0,2,0,0,0,0,0
768,9,zeros-la-2-9,zeros-la-2,66,768,9,148,128,0,2,0,0,0,2,0,0,8,4,0,0,128,2,2,0,9,4,1,1,0,0,0,1,0,0,0,0
772,9,zeros-la-2-9,zeros-la-2,67,772,9,150,128,0,0,0,2,2,0,0,2,0,0,8,4,0,0,128,4,9,3,2,1,0,0,0,1,0,0,0,0
784,10,zeros-la-2-9,zeros-la-2,68,784,10,152,128,2,0,8,4,0,0,128,8,2,0,0,0,0,0,0,0,10,2,1,2,0,0,0,1,0,0,0,0
788,10,zeros-la-2-9,zeros-la-2,69,788,10,154,128,0,0,0,0,0,0,0,0,2,0,8,4,4,0,128,8,10,1,2,2,0,0,0,1,0,0,0,0
788,9,zeros-la-2-9,zeros-la-2,70,788,9,158,128,0,0,0,0,0,0,0,4,2,0,8,4,4,0,128,8,9,1,3,2,0,0,0,1,0,0,0,0
796,9,zeros-la-2-9,zeros-la-2,71,796,9,160,128,0,0,0,0,0,0,0,0,2,2,8,8,4,0,128,8,9,2,1,3,0,0,0,1,0,0,0,0
816,10,zeros-la-2-9,zeros-la-2,72,816,10,162,128,0,0,0,0,0,2,0,0,4,16,0,0,4,128,8,0,10,1,2,1,1,0,0,1,0,0,0,0
824,10,zeros-la-2-9,zeros-la-2,73,824,10,164,128,0,0,0,0,0,2,0,0,2,16,0,0,8,128,8,0,10,2,0,2,1,0,0,1,0,0,0,0
824,9,zeros-la-2-9,zeros-la-2,74,824,9,166,128,0,0,0,0,0,2,0,2,0,0,2,16,0,8,128,8,9,3,0,2,1,0,0,1,0,0,0,0
828,9,zeros-la-2-9,zeros-la-2,75,828,9,168,128,2,0,0,0,0,0,0,4,0,0,2,16,0,8,128,8,9,2,1,2,1,0,0,1,0,0,0,0
828,8,zeros-la-2-9,zeros-la-2,76,828,8,172,128,0,0,0,2,0,0,4,4,0,0,2,16,0,8,128,8,8,2,2,2,1,0,0,1,0,0,0,0
836,8,zeros-la-2-9,zeros-la-2,77,836,8,176,128,0,0,0,2,4,0,0,8,0,0,2,16,0,8,128,8,8,2,1,3,1,0,0,1,0,0,0,0
836,7,zeros-la-2-9,zeros-la-2,78,836,7,178,128,0,0,0,2,0,2,0,8,0,0,2,16,4,8,128,8,7,3,1,3,1,0,0,1,0,0,0,0
836,6,zeros-la-2-9,zeros-la-2,79,836,6,180,128,0,2,0,2,0,0,2,8,0,0,2,16,4,8,128,8,6,4,1,3,1,0,0,1,0,0,0,0
840,6,zeros-la-2-9,zeros-la-2,80,840,6,182,128,0,2,0,4,0,0,2,8,0,0,2,16,4,8,128,8,6,3,2,3,1,0,0,1,0,0,0,0
844,6,zeros-la-2-9,zeros-la-2,81,844,6,184,128,4,2,4,4,0,8,128,8,0,0,0,16,0,2,0,8,6,2,3,3,1,0,0,1,0,0,0,0
852,6,zeros-la-2-9,zeros-la-2,82,852,6,186,128,2,4,2,8,0,8,128,8,0,0,0,16,0,0,2,8,6,3,1,4,1,0,0,1,0,0,0,0
868,6,zeros-la-2-9,zeros-la-2,83,868,6,188,128,2,0,0,0,0,0,2,16,0,4,128,16,2,8,2,8,6,4,1,2,2,0,0,1,0,0,0,0
904,7,zeros-la-2-9,zeros-la-2,84,904,7,190,128,4,4,2,32,0,8,128,8,0,0,2,0,0,2,0,0,7,3,2,2,0,1,0,1,0,0,0,0
912,7,zeros-la-2-9,zeros-la-2,85,912,7,192,128,8,2,32,0,8,128,8,0,2,0,0,2,2,0,0,0,7,4,0,3,0,1,0,1,0,0,0,0
932,8,zeros-la-2-9,zeros-la-2,86,932,8,194,128,0,2,0,0,0,0,0,0,16,2,32,0,4,128,8,2,8,3,1,1,1,1,0,1,0,0,0,0
936,8,zeros-la-2-9,zeros-la-2,87,936,8,198,128,0,0,0,0,0,0,0,4,16,4,32,0,4,128,8,2,8,1,3,1,1,1,0,1,0,0,0,0
936,7,zeros-la-2-9,zeros-la-2,88,936,7,200,128,0,0,2,0,0,0,0,4,0,16,4,32,4,128,8,2,7,2,3,1,1,1,0,1,0,0,0,0
936,6,zeros-la-2-9,zeros-la-2,89,936,6,202,128,0,0,0,2,0,0,2,4,0,16,4,32,4,128,8,2,6,3,3,1,1,1,0,1,0,0,0,0
936,5,zeros-la-2-9,zeros-la-2,90,936,5,204,128,4,16,2,2,0,128,4,4,0,2,8,32,0,0,0,2,5,4,3,1,1,1,0,1,0,0,0,0
948,6,zeros-la-2-9,zeros-la-2,91,948,6,206,128,4,16,4,0,128,8,0,2,2,8,32,0,2,0,0,0,6,3,2,2,1,1,0,1,0,0,0,0
968,7,zeros-la-2-9,zeros-la-2,92,968,7,208,128,0,0,0,0,4,0,0,0,128,16,4,2,4,16,32,2,7,2,3,0,2,1,0,1,0,0,0,0
1004,8,zeros-la-2-9,zeros-la-2,93,1004,8,210,128,4,32,4,4,128,0,32,0,4,0,0,2,0,0,0,0,8,1,4,0,0,2,0,1,0,0,0,0
1012,8,zeros-la-2-9,zeros-la-2,94,1012,8,212,128,4,32,8,0,128,32,0,0,4,2,0,0,0,2,0,0,8,2,2,1,0,2,0,1,0,0,0,0
1080,9,zeros-la-2-9,zeros-la-2,95,1080,9,214,128,0,0,0,0,4,0,0,0,128,64,0,0,4,4,8,2,9,1,3,1,0,0,1,1,0,0,0,0
1088,9,zeros-la-2-9,zeros-la-2,96,1088,9,218,128,0,0,4,0,4,0,0,0,128,64,0,0,8,8,2,0,9,1,2,2,0,0,1,1,0,0,0,0
1104,9,zeros-la-2-9,zeros-la-2,97,1104,9,220,128,2,0,0,4,0,0,0,4,0,0,128,64,0,0,16,2,9,2,2,0,1,0,1,1,0,0,0,0
1112,9,zeros-la-2-9,zeros-la-2,98,1112,9,222,128,2,0,128,8,0,2,16,64,0,0,0,2,0,0,0,0,9,3,0,1,1,0,1,1,0,0,0,0
1112,8,zeros-la-2-9,zeros-la-2,99,1112,8,226,128,2,128,8,0,2,16,64,0,2,4,0,0,0,0,0,0,8,3,1,1,1,0,1,1,0,0,0,0
1116,8,zeros-la-2-9,zeros-la-2,100,1116,8,228,128,2,0,0,0,0,128,0,0,2,16,8,0,4,4,64,0,8,2,2,1,1,0,1,1,0,0,0,0
1120,8,zeros-la-2-9,zeros-la-2,101,1120,8,230,128,0,0,2,0,0,128,0,0,4,16,8,0,4,4,64,0,8,1,3,1,1,0,1,1,0,0,0,0
1128,8,zeros-la-2-9,zeros-la-2,102,1128,8,232,128,0,0,0,2,0,0,0,128,2,4,16,8,0,0,8,64,8,2,1,2,1,0,1,1,0,0,0,0
1128,7,zeros-la-2-9,zeros-la-2,103,1128,7,234,128,0,0,0,2,0,0,0,128,2,0,16,8,2,4,8,64,7,3,1,2,1,0,1,1,0,0,0,0
1132,7,zeros-la-2-9,zeros-la-2,104,1132,7,236,128,0,0,0,2,0,2,0,128,0,0,16,8,4,4,8,64,7,2,2,2,1,0,1,1,0,0,0,0
1140,7,zeros-la-2-9,zeros-la-2,105,1140,7,240,128,2,4,0,0,2,128,0,0,16,8,0,0,8,8,64,0,7,2,1,3,1,0,1,1,0,0,0,0
1160,8,zeros-la-2-9,zeros-la-2,106,1160,8,242,128,4,4,64,0,16,128,0,0,8,16,0,0,2,0,0,0,8,1,2,1,2,0,1,1,0,0,0,0
1168,8,zeros-la-2-9,zeros-la-2,107,1168,8,244,128,0,0,8,64,0,0,16,128,2,0,8,16,0,0,0,2,8,2,0,2,2,0,1,1,0,0,0,0
1168,7,zeros-la-2-9,zeros-la-2,108,1168,7,246,128,0,0,0,64,0,0,8,128,0,2,16,16,2,0,8,2,7,3,0,2,2,0,1,1,0,0,0,0
1200,7,zeros-la-2-9,zeros-la-2,109,1200,7,248,128,64,0,0,0,8,128,2,0,2,32,0,0,2,8,2,0,7,4,0,2,0,1,1,1,0,0,0,0
1208,8,zeros-la-2-9,zeros-la-2,110,1208,8,250,128,64,128,4,0,8,32,0,0,4,8,0,0,2,0,0,0,8,1,2,2,0,1,1,1,0,0,0,0
1208,7,zeros-la-2-9,zeros-la-2,111,1208,7,252,128,0,64,128,4,0,0,8,32,0,2,4,8,0,0,0,2,7,2,2,2,0,1,1,1,0,0,0,0
1208,6,zeros-la-2-9,zeros-la-2,112,1208,6,254,128,64,128,4,0,8,32,0,0,2,4,8,2,2,0,0,0,6,3,2,2,0,1,1,1,0,0,0,0
1212,6,zeros-la-2-9,zeros-la-2,113,1212,6,256,128,64,128,4,2,8,32,8,0,4,4,2,0,0,0,0,0,6,2,3,2,0,1,1,1,0,0,0,0
1220,6,zeros-la-2-9,zeros-la-2,114,1220,6,260,128,64,128,4,2,8,32,8,0,8,2,0,4,0,0,0,0,6,2,2,3,0,1,1,1,0,0,0,0
1236,6,zeros-la-2-9,zeros-la-2,115,1236,6,262,128,0,0,0,0,2,128,0,0,64,32,4,2,16,2,8,4,6,3,2,1,1,1,1,1,0,0,0,0
1236,5,zeros-la-2-9,zeros-la-2,116,1236,5,264,128,2,0,0,0,2,128,0,0,64,32,4,2,16,2,8,4,5,4,2,1,1,1,1,1,0,0,0,0
1240,5,zeros-la-2-9,zeros-la-2,117,1240,5,266,128,4,128,4,2,64,32,8,4,16,2,0,2,0,0,0,0,5,3,3,1,1,1,1,1,0,0,0,0
1244,5,zeros-la-2-9,zeros-la-2,118,1244,5,270,128,4,128,4,2,64,32,8,4,0,0,16,4,0,0,0,4,5,1,5,1,1,1,1,1,0,0,0,0
1252,5,zeros-la-2-9,zeros-la-2,119,1252,5,272,128,4,128,4,2,64,32,8,8,2,0,16,4,0,0,0,0,5,2,3,2,1,1,1,1,0,0,0,0
1268,5,zeros-la-2-9,zeros-la-2,120,1268,5,274,128,4,128,4,2,2,64,32,16,0,2,16,4,0,0,0,0,5,3,3,0,2,1,1,1,0,0,0,0
1268,4,zeros-la-2-9,zeros-la-2,121,1268,4,276,128,4,128,4,2,2,64,32,16,2,16,4,0,0,0,2,0,4,4,3,0,2,1,1,1,0,0,0,0
1272,4,zeros-la-2-9,zeros-la-2,122,1272,4,278,128,4,128,4,2,4,64,32,16,0,16,4,0,0,2,2,0,4,3,4,0,2,1,1,1,0,0,0,0
1280,4,zeros-la-2-9,zeros-la-2,123,1280,4,280,128,0,128,4,0,0,64,32,0,2,16,4,2,8,2,2,16,4,4,2,1,2,1,1,1,0,0,0,0
1284,4,zeros-la-2-9,zeros-la-2,124,1284,4,282,128,2,0,128,4,0,0,64,32,2,16,4,2,0,8,4,16,4,3,3,1,2,1,1,1,0,0,0,0
1296,5,zeros-la-2-9,zeros-la-2,125,1296,5,284,128,0,2,0,4,0,0,128,32,0,16,64,2,4,8,8,16,5,2,2,2,2,1,1,1,0,0,0,0
1312,5,zeros-la-2-9,zeros-la-2,126,1312,5,286,128,0,0,2,4,0,0,128,32,2,16,64,2,0,4,16,16,5,3,2,0,3,1,1,1,0,0,0,0
1344,5,zeros-la-2-9,zeros-la-2,127,1344,5,288,128,2,4,0,2,128,32,0,0,2,16,64,2,4,32,0,0,5,4,2,0,1,2,1,1,0,0,0,0
1348,5,zeros-la-2-9,zeros-la-2,128,1348,5,290,128,2,4,64,4,128,32,0,0,2,16,0,0,4,32,0,2,5,3,3,0,1,2,1,1,0,0,0,0
1348,4,zeros-la-2-9,zeros-la-2,129,1348,4,292,128,2,4,64,4,2,0,128,32,0,0,2,16,0,4,32,2,4,4,3,0,1,2,1,1,0,0,0,0
1360,5,zeros-la-2-9,zeros-la-2,130,1360,5,294,128,2,0,64,4,0,0,128,32,0,0,2,16,4,8,32,2,5,3,2,1,1,2,1,1,0,0,0,0
1360,4,zeros-la-2-9,zeros-la-2,131,1360,4,296,128,0,2,64,4,0,2,128,32,0,0,2,16,4,8,32,2,4,4,2,1,1,2,1,1,0,0,0,0
1364,4,zeros-la-2-9,zeros-la-2,132,1364,4,298,128,4,4,64,4,0,8,128,32,0,0,2,16,2,0,32,2,4,3,3,1,1,2,1,1,0,0,0,0
1372,4,zeros-la-2-9,zeros-la-2,133,1372,4,300,128,8,64,4,0,8,128,32,0,2,16,2,0,2,32,2,0,4,4,1,2,1,2,1,1,0,0,0,0
1396,6,zeros-la-2-9,zeros-la-2,134,1396,6,304,128,0,64,4,0,0,128,4,0,16,16,32,0,4,32,4,0,6,0,4,0,2,2,1,1,0,0,0,0
1428,6,zeros-la-2-9,zeros-la-2,135,1428,6,306,128,0,0,64,4,2,0,128,4,0,0,32,32,0,4,32,4,6,1,4,0,0,3,1,1,0,0,0,0
1500,7,zeros-la-2-9,zeros-la-2,136,1500,7,308,128,2,4,64,8,2,0,128,32,0,0,64,4,0,0,0,0,7,2,2,1,0,1,2,1,0,0,0,0
1504,7,zeros-la-2-9,zeros-la-2,137,1504,7,312,128,4,4,64,8,0,0,128,32,0,0,64,4,0,0,4,0,7,0,4,1,0,1,2,1,0,0,0,0
1512,7,zeros-la-2-9,zeros-la-2,138,1512,7,314,128,0,8,64,8,0,0,128,32,0,0,64,4,2,0,0,4,7,1,2,2,0,1,2,1,0,0,0,0
1520,7,zeros-la-2-9,zeros-la-2,139,1520,7,316,128,0,0,0,0,0,0,64,8,2,0,128,32,2,8,64,8,7,2,0,3,0,1,2,1,0,0,0,0
1524,7,zeros-la-2-9,zeros-la-2,140,1524,7,318,128,0,2,0,0,0,0,64,8,0,0,128,32,4,8,64,8,7,1,1,3,0,1,2,1,0,0,0,0
1524,6,zeros-la-2-9,zeros-la-2,141,1524,6,320,128,2,0,0,0,64,8,0,0,128,32,2,0,4,8,64,8,6,2,1,3,0,1,2,1,0,0,0,0
1524,5,zeros-la-2-9,zeros-la-2,142,1524,5,322,128,2,0,0,0,64,8,0,0,128,32,2,2,4,8,64,8,5,3,1,3,0,1,2,1,0,0,0,0
1528,5,zeros-la-2-9,zeros-la-2,143,1528,5,324,128,0,0,0,2,0,0,64,8,2,128,32,4,4,8,64,8,5,2,2,3,0,1,2,1,0,0,0,0
1528,4,zeros-la-2-9,zeros-la-2,144,1528,4,326,128,0,0,0,2,2,0,64,8,2,128,32,4,4,8,64,8,4,3,2,3,0,1,2,1,0,0,0,0
1532,4,zeros-la-2-9,zeros-la-2,145,1532,4,328,128,4,128,64,2,4,8,32,8,0,0,64,4,2,0,0,8,4,2,3,3,0,1,2,1,0,0,0,0
1540,4,zeros-la-2-9,zeros-la-2,146,1540,4,330,128,0,0,0,2,2,0,64,8,8,128,32,4,2,8,64,8,4,3,1,4,0,1,2,1,0,0,0,0
1540,3,zeros-la-2-9,zeros-la-2,147,1540,3,332,128,2,128,64,2,8,8,32,8,2,0,64,4,0,2,0,8,3,4,1,4,0,1,2,1,0,0,0,0
1556,3,zeros-la-2-9,zeros-la-2,148,1556,3,334,128,2,128,64,2,2,16,32,8,0,2,64,4,0,0,2,8,3,5,1,2,1,1,2,1,0,0,0,0
1560,3,zeros-la-2-9,zeros-la-2,149,1560,3,336,128,2,0,64,2,0,128,32,8,0,16,64,4,4,2,2,8,3,4,2,2,1,1,2,1,0,0,0,0
1564,3,zeros-la-2-9,zeros-la-2,150,1564,3,338,128,2,2,64,2,0,128,32,8,0,16,64,4,0,4,4,8,3,3,3,2,1,1,2,1,0,0,0,0
1576,4,zeros-la-2-9,zeros-la-2,151,1576,4,340,128,4,64,2,0,128,32,8,0,16,64,4,0,8,8,2,0,4,2,2,3,1,1,2,1,0,0,0,0
1592,4,zeros-la-2-9,zeros-la-2,152,1592,4,342,128,4,64,2,0,128,32,8,0,16,64,4,0,16,2,2,0,4,3,2,1,2,1,2,1,0,0,0,0
1624,4,zeros-la-2-9,zeros-la-2,153,1624,4,344,128,0,64,2,0,4,32,8,2,128,64,4,0,32,2,2,0,4,4,2,1,0,2,2,1,0,0,0,0
1628,4,zeros-la-2-9,zeros-la-2,154,1628,4,346,128,0,0,64,2,4,32,8,2,0,128,64,4,0,2,32,4,4,3,3,1,0,2,2,1,0,0,0,0
1640,5,zeros-la-2-9,zeros-la-2,155,1640,5,350,128,4,32,64,4,0,128,8,8,0,2,64,4,0,0,32,0,5,1,3,2,0,2,2,1,0,0,0,0
1656,5,zeros-la-2-9,zeros-la-2,156,1656,5,354,128,4,32,64,4,0,0,128,16,0,2,64,4,4,0,0,32,5,1,4,0,1,2,2,1,0,0,0,0
1664,5,zeros-la-2-9,zeros-la-2,157,1664,5,356,128,8,32,64,4,2,2,128,16,0,0,64,4,0,0,0,32,5,2,2,1,1,2,2,1,0,0,0,0
1668,5,zeros-la-2-9,zeros-la-2,158,1668,5,358,128,8,32,64,4,4,128,16,0,64,4,2,0,32,0,0,0,5,1,3,1,1,2,2,1,0,0,0,0
1668,4,zeros-la-2-9,zeros-la-2,159,1668,4,360,128,8,32,64,4,4,128,16,0,64,4,2,2,32,0,0,0,4,2,3,1,1,2,2,1,0,0,0,0
1672,4,zeros-la-2-9,zeros-la-2,160,1672,4,362,128,8,32,64,4,4,128,16,0,64,4,4,0,32,0,0,2,4,1,4,1,1,2,2,1,0,0,0,0
1680,4,zeros-la-2-9,zeros-la-2,161,1680,4,364,128,8,32,64,4,4,128,16,0,64,8,2,0,32,2,0,0,4,2,2,2,1,2,2,1,0,0,0,0
1680,3,zeros-la-2-9,zeros-la-2,162,1680,3,366,128,8,32,64,4,4,128,16,0,64,8,2,0,32,2,0,2,3,3,2,2,1,2,2,1,0,0,0,0
1684,3,zeros-la-2-9,zeros-la-2,163,1684,3,368,128,8,32,64,4,4,128,16,0,64,8,2,2,32,4,0,0,3,2,3,2,1,2,2,1,0,0,0,0
1688,3,zeros-la-2-9,zeros-la-2,164,1688,3,370,128,8,32,64,4,0,4,128,16,2,64,8,4,0,0,32,4,3,1,4,2,1,2,2,1,0,0,0,0
1696,3,zeros-la-2-9,zeros-la-2,165,1696,3,372,128,8,32,64,4,2,4,128,16,2,64,8,8,0,0,32,0,3,2,2,3,1,2,2,1,0,0,0,0
1712,3,zeros-la-2-9,zeros-la-2,166,1712,3,374,128,8,32,64,4,2,4,128,16,0,2,64,16,0,2,0,32,3,3,2,1,2,2,2,1,0,0,0,0
1748,4,zeros-la-2-9,zeros-la-2,167,1748,4,376,128,0,2,0,0,0,32,64,4,8,4,128,32,2,4,64,32,4,2,3,1,0,3,2,1,0,0,0,0
1820,5,zeros-la-2-9,zeros-la-2,168,1820,5,378,128,0,0,0,2,0,2,64,0,8,32,128,4,2,8,64,64,5,3,1,2,0,1,3,1,0,0,0,0
1948,5,zeros-la-2-9,zeros-la-2,169,1948,5,380,128,2,0,2,0,2,64,0,0,8,32,128,4,2,8,128,0,5,4,1,2,0,1,1,2,0,0,0,0
2208,6,zeros-la-2-9,zeros-la-2,170,2208,6,382,256,0,0,2,0,4,64,0,0,8,32,2,0,2,8,256,4,6,3,2,2,0,1,1,0,1,0,0,0
2212,6,zeros-la-2-9,zeros-la-2,171,2212,6,384,256,4,64,4,4,8,32,256,0,2,8,0,0,0,0,2,0,6,2,3,2,0,1,1,0,1,0,0,0
2220,6,zeros-la-2-9,zeros-la-2,172,2220,6,386,256,0,4,64,8,0,8,32,256,2,0,2,8,0,0,0,2,6,3,1,3,0,1,1,0,1,0,0,0
2224,6,zeros-la-2-9,zeros-la-2,173,2224,6,388,256,0,4,64,8,0,8,32,256,0,0,4,8,0,2,0,2,6,2,2,3,0,1,1,0,1,0,0,0
2228,6,zeros-la-2-9,zeros-la-2,174,2228,6,390,256,4,64,8,0,8,32,256,0,4,8,0,2,4,0,0,0,6,1,3,3,0,1,1,0,1,0,0,0
2236,6,zeros-la-2-9,zeros-la-2,175,2236,6,392,256,4,64,8,2,8,32,256,0,8,8,0,0,2,0,0,0,6,2,1,4,0,1,1,0,1,0,0,0
2252,6,zeros-la-2-9,zeros-la-2,176,2252,6,394,256,4,64,8,2,8,32,256,0,16,0,2,0,2,0,0,0,6,3,1,2,1,1,1,0,1,0,0,0
2252,5,zeros-la-2-9,zeros-la-2,177,2252,5,396,256,4,0,0,0,8,0,8,2,16,64,256,0,2,32,2,2,5,4,1,2,1,1,1,0,1,0,0,0
2272,6,zeros-la-2-9,zeros-la-2,178,2272,6,398,256,4,0,0,0,16,2,0,2,16,64,256,0,2,32,4,0,6,3,2,0,2,1,1,0,1,0,0,0
2276,6,zeros-la-2-9,zeros-la-2,179,2276,6,400,256,0,0,2,4,0,0,16,4,0,16,64,256,0,2,32,4,6,2,3,0,2,1,1,0,1,0,0,0
2284,6,zeros-la-2-9,zeros-la-2,180,2284,6,402,256,0,0,2,0,0,0,16,8,0,16,64,256,2,2,32,4,6,3,1,1,2,1,1,0,1,0,0,0
2288,6,zeros-la-2-9,zeros-la-2,181,2288,6,404,256,0,0,2,2,0,0,16,8,0,16,64,256,0,4,32,4,6,2,2,1,2,1,1,0,1,0,0,0
2292,6,zeros-la-2-9,zeros-la-2,182,2292,6,408,256,4,0,0,0,16,8,0,0,16,64,256,4,4,32,4,0,6,0,4,1,2,1,1,0,1,0,0,0
2324,6,zeros-la-2-9,zeros-la-2,183,2324,6,410,256,0,0,0,0,4,8,2,0,32,64,256,0,4,32,4,4,6,1,4,1,0,2,1,0,1,0,0,0
2332,6,zeros-la-2-9,zeros-la-2,184,2332,6,414,256,0,0,0,0,4,8,2,4,32,64,256,0,4,32,8,0,6,1,3,2,0,2,1,0,1,0,0,0
2332,5,zeros-la-2-9,zeros-la-2,185,2332,5,416,256,0,0,0,2,4,8,2,0,32,64,256,0,4,32,8,4,5,2,3,2,0,2,1,0,1,0,0,0
2332,4,zeros-la-2-9,zeros-la-2,186,2332,4,418,256,0,2,0,2,0,4,8,2,0,32,64,256,4,32,8,4,4,3,3,2,0,2,1,0,1,0,0,0
2400,5,zeros-la-2-9,zeros-la-2,187,2400,5,420,256,0,0,0,0,2,2,8,4,0,4,64,256,4,64,8,4,5,2,4,2,0,0,2,0,1,0,0,0
2404,5,zeros-la-2-9,zeros-la-2,188,2404,5,422,256,2,0,0,0,4,8,4,0,4,64,256,0,4,64,8,4,5,1,5,2,0,0,2,0,1,0,0,0
2540,6,zeros-la-2-9,zeros-la-2,189,2540,6,424,256,0,2,0,0,2,0,4,0,4,8,256,0,8,128,8,4,6,2,3,3,0,0,0,1,1,0,0,0
2540,5,zeros-la-2-9,zeros-la-2,190,2540,5,426,256,2,0,0,2,2,4,0,0,4,8,256,0,8,128,8,4,5,3,3,3,0,0,0,1,1,0,0,0
2544,5,zeros-la-2-9,zeros-la-2,191,2544,5,428,256,4,4,256,2,4,8,8,4,8,128,0,0,0,0,2,0,5,2,4,3,0,0,0,1,1,0,0,0
2568,6,zeros-la-2-9,zeros-la-2,192,2568,6,430,256,8,256,2,0,4,16,4,2,8,128,0,0,2,0,0,0,6,3,2,2,1,0,0,1,1,0,0,0
2568,5,zeros-la-2-9,zeros-la-2,193,2568,5,432,256,8,256,2,2,4,16,4,2,8,128,0,0,2,0,0,0,5,4,2,2,1,0,0,1,1,0,0,0
2572,5,zeros-la-2-9,zeros-la-2,194,2572,5,434,256,8,0,0,0,4,256,0,0,8,16,2,2,2,128,4,4,5,3,3,2,1,0,0,1,1,0,0,0
2584,6,zeros-la-2-9,zeros-la-2,195,2584,6,436,256,8,0,0,0,4,256,2,0,8,16,4,0,2,128,8,0,6,2,2,3,1,0,0,1,1,0,0,0
2584,5,zeros-la-2-9,zeros-la-2,196,2584,5,440,256,8,0,4,0,4,256,2,0,8,16,4,0,2,128,8,0,5,2,3,3,1,0,0,1,1,0,0,0
2584,4,zeros-la-2-9,zeros-la-2,197,2584,4,442,256,8,4,0,0,4,256,2,0,8,16,4,2,2,128,8,0,4,3,3,3,1,0,0,1,1,0,0,0
2584,3,zeros-la-2-9,zeros-la-2,198,2584,3,446,256,8,4,0,4,4,256,2,0,8,16,4,0,2,128,8,2,3,3,4,3,1,0,0,1,1,0,0,0
2592,3,zeros-la-2-9,zeros-la-2,199,2592,3,448,256,8,8,2,0,4,256,2,0,8,16,4,0,2,128,8,2,3,4,2,4,1,0,0,1,1,0,0,0
2596,3,zeros-la-2-9,zeros-la-2,200,2596,3,450,256,8,8,2,0,4,256,4,0,8,16,4,0,2,128,8,2,3,3,3,4,1,0,0,1,1,0,0,0
2604,3,zeros-la-2-9,zeros-la-2,201,2604,3,452,256,8,8,2,2,4,256,8,0,8,16,8,2,2,128,0,0,3,4,1,5,1,0,0,1,1,0,0,0
2624,4,zeros-la-2-9,zeros-la-2,202,2624,4,454,256,16,4,0,0,4,256,8,0,8,16,8,2,2,128,2,0,4,3,2,3,2,0,0,1,1,0,0,0
2640,4,zeros-la-2-9,zeros-la-2,203,2640,4,456,256,16,4,0,0,4,256,0,2,8,16,16,0,2,128,2,2,4,4,2,1,3,0,0,1,1,0,0,0
2676,5,zeros-la-2-9,zeros-la-2,204,2676,5,458,256,16,4,0,2,4,256,2,0,8,32,0,0,2,128,4,0,5,3,3,1,1,1,0,1,1,0,0,0
2676,4,zeros-la-2-9,zeros-la-2,205,2676,4,460,256,16,4,2,0,4,256,2,0,8,32,0,0,2,128,4,2,4,4,3,1,1,1,0,1,1,0,0,0
2680,4,zeros-la-2-9,zeros-la-2,206,2680,4,462,256,16,4,4,2,4,256,4,0,8,32,0,0,2,128,0,2,4,3,4,1,1,1,0,1,1,0,0,0
2692,5,zeros-la-2-9,zeros-la-2,207,2692,5,464,256,16,4,8,4,4,256,0,0,8,32,2,0,2,128,0,0,5,2,3,2,1,1,0,1,1,0,0,0
2692,4,zeros-la-2-9,zeros-la-2,208,2692,4,466,256,16,4,8,4,4,256,0,0,8,32,2,2,2,128,0,0,4,3,3,2,1,1,0,1,1,0,0,0
2696,4,zeros-la-2-9,zeros-la-2,209,2696,4,468,256,16,4,8,4,0,0,4,256,0,8,32,4,2,0,2,128,4,2,4,2,1,1,0,1,1,0,0,0
2700,4,zeros-la-2-9,zeros-la-2,210,2700,4,470,256,16,4,8,4,0,2,4,256,0,8,32,4,0,0,4,128,4,1,5,2,1,1,0,1,1,0,0,0
2700,3,zeros-la-2-9,zeros-la-2,211,2700,3,474,256,0,4,8,4,0,4,4,256,0,2,32,4,16,8,4,128,3,1,6,2,1,1,0,1,1,0,0,0
2708,3,zeros-la-2-9,zeros-la-2,212,2708,3,476,256,16,8,8,4,0,2,4,256,0,8,32,4,0,2,4,128,3,2,4,3,1,1,0,1,1,0,0,0
2724,3,zeros-la-2-9,zeros-la-2,213,2724,3,480,256,4,16,16,4,0,2,4,256,0,8,32,4,0,2,4,128,3,2,5,1,2,1,0,1,1,0,0,0
2756,3,zeros-la-2-9,zeros-la-2,214,2756,3,482,256,0,4,32,4,0,2,4,256,2,8,32,4,0,2,4,128,3,3,5,1,0,2,0,1,1,0,0,0
2756,2,zeros-la-2-9,zeros-la-2,215,2756,2,484,256,0,4,32,4,2,2,4,256,0,8,32,4,2,2,4,128,2,4,5,1,0,2,0,1,1,0,0,0
2764,3,zeros-la-2-9,zeros-la-2,216,2764,3,486,256,4,32,4,0,4,4,256,0,8,32,4,0,4,4,128,2,3,1,7,1,0,2,0,1,1,0,0,0
2780,4,zeros-la-2-9,zeros-la-2,217,2780,4,488,256,2,4,32,4,0,0,8,256,0,8,32,4,0,8,128,2,4,2,3,3,0,2,0,1,1,0,0,0
2796,4,zeros-la-2-9,zeros-la-2,218,2796,4,490,256,0,0,32,4,0,2,8,256,0,4,32,4,2,16,128,2,4,3,3,1,1,2,0,1,1,0,0,0
2796,3,zeros-la-2-9,zeros-la-2,219,2796,3,492,256,0,2,32,4,0,2,8,256,0,4,32,4,2,16,128,2,3,4,3,1,1,2,0,1,1,0,0,0
2800,3,zeros-la-2-9,zeros-la-2,220,2800,3,494,256,2,4,32,4,0,4,8,256,0,16,32,4,0,2,128,2,3,3,4,1,1,2,0,1,1,0,0,0
2808,3,zeros-la-2-9,zeros-la-2,221,2808,3,496,256,0,0,32,4,2,8,8,256,0,16,32,4,2,2,128,2,3,4,2,2,1,2,0,1,1,0,0,0
2828,4,zeros-la-2-9,zeros-la-2,222,2828,4,498,256,32,4,0,0,2,16,256,2,16,32,4,0,4,128,2,0,4,3,3,0,2,2,0,1,1,0,0,0
2828,3,zeros-la-2-9,zeros-la-2,223,2828,3,500,256,32,4,0,0,2,16,256,2,16,32,4,2,4,128,2,0,3,4,3,0,2,2,0,1,1,0,0,0
2832,3,zeros-la-2-9,zeros-la-2,224,2832,3,502,256,32,4,0,0,2,16,256,2,16,32,4,0,4,128,2,4,3,3,4,0,2,2,0,1,1,0,0,0
2832,2,zeros-la-2-9,zeros-la-2,225,2832,2,504,256,32,4,256,2,2,16,4,4,16,32,2,0,4,128,0,2,2,4,4,0,2,2,0,1,1,0,0,0
2840,2,zeros-la-2-9,zeros-la-2,226,2840,2,506,256,32,4,256,2,2,16,8,2,16,32,2,0,4,128,2,0,2,5,2,1,2,2,0,1,1,0,0,0
2848,3,zeros-la-2-9,zeros-la-2,227,2848,3,508,256,32,4,0,0,2,16,256,2,16,32,8,0,4,128,4,4,3,2,4,1,2,2,0,1,1,0,0,0
2856,3,zeros-la-2-9,zeros-la-2,228,2856,3,510,256,2,0,32,4,2,16,256,2,0,16,32,8,0,4,128,8,3,3,2,2,2,2,0,1,1,0,0,0
2908,5,zeros-la-2-9,zeros-la-2,229,2908,5,512,256,0,0,32,0,0,2,256,4,0,32,32,2,4,4,128,16,5,2,3,0,1,3,0,1,1,0,0,0
2980,6,zeros-la-2-9,zeros-la-2,230,2980,6,514,256,2,0,0,32,0,2,256,4,0,0,64,2,0,8,128,16,6,3,1,1,1,1,1,1,1,0,0,0
2980,5,zeros-la-2-9,zeros-la-2,231,2980,5,516,256,2,32,0,0,2,256,4,0,64,2,0,2,8,128,16,0,5,4,1,1,1,1,1,1,1,0,0,0
2984,5,zeros-la-2-9,zeros-la-2,232,2984,5,518,256,0,0,2,32,2,2,256,4,0,0,64,4,0,8,128,16,5,3,2,1,1,1,1,1,1,0,0,0
2992,5,zeros-la-2-9,zeros-la-2,233,2992,5,520,256,0,0,2,2,0,0,256,32,0,2,64,8,2,8,128,16,5,4,0,2,1,1,1,1,1,0,0,0
2992,4,zeros-la-2-9,zeros-la-2,234,2992,4,522,256,2,2,2,2,2,8,256,32,0,0,64,8,0,0,128,16,4,5,0,2,1,1,1,1,1,0,0,0
3000,5,zeros-la-2-9,zeros-la-2,235,3000,5,524,256,4,4,0,2,2,8,256,32,64,8,0,0,128,16,0,0,5,2,2,2,1,1,1,1,1,0,0,0
3016,5,zeros-la-2-9,zeros-la-2,236,3016,5,526,256,4,0,0,0,2,4,2,0,64,16,0,2,128,16,256,32,5,3,2,0,2,1,1,1,1,0,0,0
3048,5,zeros-la-2-9,zeros-la-2,237,3048,5,528,256,4,0,0,0,2,0,2,0,64,4,2,2,128,32,256,32,5,4,2,0,0,2,1,1,1,0,0,0
3056,6,zeros-la-2-9,zeros-la-2,238,3056,6,530,256,0,0,2,4,0,0,0,4,0,64,4,4,128,32,256,32,6,1,4,0,0,2,1,1,1,0,0,0
3064,6,zeros-la-2-9,zeros-la-2,239,3064,6,532,256,2,0,2,4,0,0,0,4,0,0,64,8,128,32,256,32,6,2,2,1,0,2,1,1,1,0,0,0
3068,6,zeros-la-2-9,zeros-la-2,240,3068,6,534,256,0,2,4,4,0,0,0,4,0,0,64,8,128,32,256,32,6,1,3,1,0,2,1,1,1,0,0,0
3076,6,zeros-la-2-9,zeros-la-2,241,3076,6,536,256,2,0,0,0,0,0,4,8,0,2,64,8,128,32,256,32,6,2,1,2,0,2,1,1,1,0,0,0
3092,6,zeros-la-2-9,zeros-la-2,242,3092,6,538,256,0,0,2,0,0,0,4,0,2,2,64,16,128,32,256,32,6,3,1,0,1,2,1,1,1,0,0,0
3096,6,zeros-la-2-9,zeros-la-2,243,3096,6,540,256,2,0,2,0,4,0,0,0,4,64,16,0,128,32,256,32,6,2,2,0,1,2,1,1,1,0,0,0
3104,6,zeros-la-2-9,zeros-la-2,244,3104,6,542,256,0,0,0,2,2,0,2,0,8,64,16,0,128,32,256,32,6,3,0,1,1,2,1,1,1,0,0,0
3108,6,zeros-la-2-9,zeros-la-2,245,3108,6,544,256,2,0,0,2,4,0,0,0,8,64,16,0,128,32,256,32,6,2,1,1,1,2,1,1,1,0,0,0
3112,6,zeros-la-2-9,zeros-la-2,246,3112,6,546,256,4,0,0,0,4,2,0,0,8,64,16,0,128,32,256,32,6,1,2,1,1,2,1,1,1,0,0,0
3120,6,zeros-la-2-9,zeros-la-2,247,3120,6,548,256,0,0,0,2,8,2,0,0,8,64,16,0,128,32,256,32,6,2,0,2,1,2,1,1,1,0,0,0
3136,6,zeros-la-2-9,zeros-la-2,248,3136,6,550,256,0,0,0,0,2,2,0,0,16,64,16,2,128,32,256,32,6,3,0,0,2,2,1,1,1,0,0,0
3140,6,zeros-la-2-9,zeros-la-2,249,3140,6,552,256,0,2,0,0,4,0,0,0,16,64,16,2,128,32,256,32,6,2,1,0,2,2,1,1,1,0,0,0
3140,5,zeros-la-2-9,zeros-la-2,250,3140,5,554,256,0,0,0,0,4,2,0,2,16,64,16,2,128,32,256,32,5,3,1,0,2,2,1,1,1,0,0,0
3144,5,zeros-la-2-9,zeros-la-2,251,3144,5,556,256,0,2,0,0,4,4,0,0,16,64,16,2,128,32,256,32,5,2,2,0,2,2,1,1,1,0,0,0
3152,5,zeros-la-2-9,zeros-la-2,252,3152,5,558,256,2,0,0,0,8,2,0,0,16,64,16,2,128,32,256,32,5,3,0,1,2,2,1,1,1,0,0,0
3152,4,zeros-la-2-9,zeros-la-2,253,3152,4,560,256,2,0,0,0,8,2,2,0,16,64,16,2,128,32,256,32,4,4,0,1,2,2,1,1,1,0,0,0
3156,4,zeros-la-2-9,zeros-la-2,254,3156,4,562,256,2,0,2,0,8,4,0,0,16,64,16,2,128,32,256,32,4,3,1,1,2,2,1,1,1,0,0,0
3160,4,zeros-la-2-9,zeros-la-2,255,3160,4,564,256,0,0,0,4,0,2,8,4,16,64,16,2,128,32,256,32,4,2,2,1,2,2,1,1,1,0,0,0
3168,4,zeros-la-2-9,zeros-la-2,256,3168,4,566,256,0,0,0,0,2,2,8,8,16,64,16,2,128,32,256,32,4,3,0,2,2,2,1,1,1,0,0,0
3188,5,zeros-la-2-9,zeros-la-2,257,3188,5,568,256,0,0,0,2,4,16,0,0,16,64,16,2,128,32,256,32,5,2,1,0,3,2,1,1,1,0,0,0
3192,5,zeros-la-2-9,zeros-la-2,258,3192,5,570,256,4,16,16,4,16,64,256,32,128,32,2,0,0,0,0,0,5,1,2,0,3,2,1,1,1,0,0,0
3224,5,zeros-la-2-9,zeros-la-2,259,3224,5,572,256,4,32,4,0,16,64,256,32,128,32,2,0,0,2,0,0,5,2,2,0,1,3,1,1,1,0,0,0
3224,4,zeros-la-2-9,zeros-la-2,260,3224,4,574,256,0,4,32,4,16,64,256,32,0,128,32,2,0,0,2,2,4,3,2,0,1,3,1,1,1,0,0,0
3228,4,zeros-la-2-9,zeros-la-2,261,3228,4,576,256,2,0,32,0,0,4,256,4,0,64,32,32,16,128,2,4,4,2,3,0,1,3,1,1,1,0,0,0
3292,4,zeros-la-2-9,zeros-la-2,262,3292,4,580,256,0,0,2,32,0,4,256,4,4,0,64,64,16,128,2,4,4,2,4,0,1,1,2,1,1,0,0,0
3420,4,zeros-la-2-9,zeros-la-2,263,3420,4,584,256,2,32,0,0,4,256,4,0,4,128,4,0,16,128,2,4,4,2,5,0,1,1,0,2,1,0,0,0
3692,6,zeros-la-2-9,zeros-la-2,264,3692,6,588,256,2,32,8,4,8,256,2,0,16,256,4,0,0,0,0,0,6,2,2,2,1,1,0,0,2,0,0,0
4204,6,zeros-la-2-9,zeros-la-2,265,4204,6,590,512,0,0,2,0,2,0,8,0,8,32,2,0,16,512,4,4,6,3,2,2,1,1,0,0,0,1,0,0
4212,6,zeros-la-2-9,zeros-la-2,266,4212,6,592,512,2,0,0,0,2,8,0,2,8,32,2,0,16,512,8,0,6,4,0,3,1,1,0,0,0,1,0,0
4216,6,zeros-la-2-9,zeros-la-2,267,4216,6,594,512,4,8,2,2,8,32,8,0,16,512,0,0,0,0,0,2,6,3,1,3,1,1,0,0,0,1,0,0
4220,6,zeros-la-2-9,zeros-la-2,268,4220,6,596,512,0,4,8,4,0,8,32,8,0,0,16,512,2,0,0,2,6,2,2,3,1,1,0,0,0,1,0,0
4224,6,zeros-la-2-9,zeros-la-2,269,4224,6,598,512,2,4,8,4,0,8,32,8,0,0,16,512,0,0,0,4,6,1,3,3,1,1,0,0,0,1,0,0
4224,5,zeros-la-2-9,zeros-la-2,270,4224,5,600,512,0,0,0,4,0,0,8,8,2,4,32,512,2,8,16,4,5,2,3,3,1,1,0,0,0,1,0,0
4228,5,zeros-la-2-9,zeros-la-2,271,4228,5,602,512,4,4,8,4,2,8,32,8,0,0,16,512,0,0,0,4,5,1,4,3,1,1,0,0,0,1,0,0
4236,5,zeros-la-2-9,zeros-la-2,272,4236,5,604,512,2,8,8,4,2,8,32,8,0,0,16,512,0,0,0,4,5,2,2,4,1,1,0,0,0,1,0,0
4256,6,zeros-la-2-9,zeros-la-2,273,4256,6,606,512,0,0,2,4,0,0,8,8,0,0,32,512,4,16,16,4,6,1,3,2,2,1,0,0,0,1,0,0
4304,7,zeros-la-2-9,zeros-la-2,274,4304,7,608,512,0,0,2,4,0,0,2,16,0,0,32,512,0,4,32,4,7,2,3,0,1,2,0,0,0,1,0,0
4372,8,zeros-la-2-9,zeros-la-2,275,4372,8,610,512,0,4,4,4,0,0,64,16,2,0,0,512,0,0,0,4,8,1,4,0,1,0,1,0,0,1,0,0
4380,8,zeros-la-2-9,zeros-la-2,276,4380,8,612,512,2,0,4,8,0,0,64,16,0,0,2,512,0,0,0,4,8,2,2,1,1,0,1,0,0,1,0,0
4380,7,zeros-la-2-9,zeros-la-2,277,4380,7,614,512,0,0,0,8,2,0,4,16,0,0,64,512,2,0,2,4,7,3,2,1,1,0,1,0,0,1,0,0
4384,7,zeros-la-2-9,zeros-la-2,278,4384,7,616,512,0,0,0,8,0,2,4,16,0,2,64,512,0,0,4,4,7,2,3,1,1,0,1,0,0,1,0,0
4392,7,zeros-la-2-9,zeros-la-2,279,4392,7,620,512,4,0,0,8,0,2,4,16,0,2,64,512,0,0,0,8,7,2,2,2,1,0,1,0,0,1,0,0
4396,7,zeros-la-2-9,zeros-la-2,280,4396,7,622,512,4,4,4,8,0,0,64,16,0,0,0,512,0,2,0,8,7,1,3,2,1,0,1,0,0,1,0,0
4404,7,zeros-la-2-9,zeros-la-2,281,4404,7,624,512,0,4,8,8,0,0,64,16,0,2,0,512,0,0,2,8,7,2,1,3,1,0,1,0,0,1,0,0
4420,7,zeros-la-2-9,zeros-la-2,282,4420,7,628,512,0,4,4,16,0,0,64,16,0,0,2,512,0,0,2,8,7,2,2,1,2,0,1,0,0,1,0,0
4456,8,zeros-la-2-9,zeros-la-2,283,4456,8,630,512,0,4,4,32,0,0,64,512,0,0,4,8,2,0,0,0,8,1,3,1,0,1,1,0,0,1,0,0
4464,8,zeros-la-2-9,zeros-la-2,284,4464,8,632,512,8,32,2,0,64,512,0,0,4,8,0,0,2,0,0,0,8,2,1,2,0,1,1,0,0,1,0,0
4464,7,zeros-la-2-9,zeros-la-2,285,4464,7,634,512,8,0,0,0,64,32,2,0,4,512,0,0,2,8,2,0,7,3,1,2,0,1,1,0,0,1,0,0
4468,7,zeros-la-2-9,zeros-la-2,286,4468,7,636,512,8,0,0,0,64,32,0,0,4,512,0,2,2,8,4,0,7,2,2,2,0,1,1,0,0,1,0,0
4468,6,zeros-la-2-9,zeros-la-2,287,4468,6,638,512,0,0,0,8,0,2,64,32,0,4,512,2,0,2,8,4,6,3,2,2,0,1,1,0,0,1,0,0
4468,5,zeros-la-2-9,zeros-la-2,288,4468,5,640,512,0,2,64,8,0,4,512,32,0,2,8,2,2,0,0,4,5,4,2,2,0,1,1,0,0,1,0,0
4468,4,zeros-la-2-9,zeros-la-2,289,4468,4,642,512,2,2,64,8,0,4,512,32,0,2,8,2,2,0,0,4,4,5,2,2,0,1,1,0,0,1,0,0
4472,4,zeros-la-2-9,zeros-la-2,290,4472,4,644,512,2,4,64,8,0,4,512,32,0,2,8,2,0,0,2,4,4,4,3,2,0,1,1,0,0,1,0,0
4480,4,zeros-la-2-9,zeros-la-2,291,4480,4,646,512,0,0,64,8,0,0,512,32,2,8,8,2,2,2,2,4,4,5,1,3,0,1,1,0,0,1,0,0
4500,5,zeros-la-2-9,zeros-la-2,292,4500,5,648,512,0,0,64,8,0,0,512,32,0,2,16,2,2,2,4,4,5,4,2,1,1,1,1,0,0,1,0,0
4512,6,zeros-la-2-9,zeros-la-2,293,4512,6,650,512,64,8,0,0,512,32,0,2,2,16,2,0,4,8,0,0,6,3,1,2,1,1,1,0,0,1,0,0
4512,5,zeros-la-2-9,zeros-la-2,294,4512,5,652,512,64,8,2,2,512,32,0,0,2,16,2,0,4,8,0,0,5,4,1,2,1,1,1,0,0,1,0,0
4516,5,zeros-la-2-9,zeros-la-2,295,4516,5,654,512,64,8,4,2,512,32,2,0,2,16,0,0,4,8,0,0,5,3,2,2,1,1,1,0,0,1,0,0
4516,4,zeros-la-2-9,zeros-la-2,296,4516,4,658,512,64,8,4,0,512,32,0,0,2,16,4,0,4,8,2,2,4,3,3,2,1,1,1,0,0,1,0,0
4524,4,zeros-la-2-9,zeros-la-2,297,4524,4,660,512,64,8,8,2,512,32,2,0,2,16,2,0,4,8,0,0,4,4,1,3,1,1,1,0,0,1,0,0
4540,4,zeros-la-2-9,zeros-la-2,298,4540,4,662,512,0,64,16,2,2,512,32,2,0,2,16,2,0,0,4,8,4,5,1,1,2,1,1,0,0,1,0,0
4544,4,zeros-la-2-9,zeros-la-2,299,4544,4,664,512,0,0,16,0,2,64,32,2,0,512,16,4,2,2,4,8,4,4,2,1,2,1,1,0,0,1,0,0
4548,4,zeros-la-2-9,zeros-la-2,300,4548,4,666,512,0,0,0,16,2,64,32,2,0,512,16,4,2,4,4,8,4,3,3,1,2,1,1,0,0,1,0,0
4556,4,zeros-la-2-9,zeros-la-2,301,4556,4,668,512,0,2,0,16,2,64,32,2,0,512,16,4,0,2,8,8,4,4,1,2,2,1,1,0,0,1,0,0
4572,4,zeros-la-2-9,zeros-la-2,302,4572,4,670,512,2,16,0,0,2,64,32,2,512,16,4,0,2,16,0,2,4,5,1,0,3,1,1,0,0,1,0,0
4612,6,zeros-la-2-9,zeros-la-2,303,4612,6,672,512,0,0,0,2,4,16,0,0,512,64,32,0,2,32,4,4,6,2,3,0,1,2,1,0,0,1,0,0
4620,6,zeros-la-2-9,zeros-la-2,304,4620,6,674,512,0,0,0,2,0,0,4,16,0,512,64,32,2,2,32,8,6,3,1,1,1,2,1,0,0,1,0,0
4624,6,zeros-la-2-9,zeros-la-2,305,4624,6,676,512,0,0,0,2,0,0,4,16,2,512,64,32,0,4,32,8,6,2,2,1,1,2,1,0,0,1,0,0
4624,5,zeros-la-2-9,zeros-la-2,306,4624,5,678,512,2,512,4,2,2,4,64,16,0,0,32,32,0,0,0,8,5,3,2,1,1,2,1,0,0,1,0,0
4628,5,zeros-la-2-9,zeros-la-2,307,4628,5,680,512,0,0,0,2,2,0,4,16,0,512,64,32,4,4,32,8,5,2,3,1,1,2,1,0,0,1,0,0
4636,5,zeros-la-2-9,zeros-la-2,308,4636,5,684,512,2,0,0,0,2,4,16,0,512,64,32,4,8,32,8,0,5,2,2,2,1,2,1,0,0,1,0,0
4640,5,zeros-la-2-9,zeros-la-2,309,4640,5,688,512,4,4,16,4,512,64,32,0,8,32,8,0,4,0,0,0,5,0,4,2,1,2,1,0,0,1,0,0
4648,5,zeros-la-2-9,zeros-la-2,310,4648,5,690,512,2,8,16,4,0,512,64,32,0,8,32,8,0,0,0,4,5,1,2,3,1,2,1,0,0,1,0,0
4648,4,zeros-la-2-9,zeros-la-2,311,4648,4,694,512,2,8,16,4,0,512,64,32,4,8,32,8,0,0,0,4,4,1,3,3,1,2,1,0,0,1,0,0
4648,3,zeros-la-2-9,zeros-la-2,312,4648,3,696,512,2,8,16,4,512,64,32,2,4,8,32,8,4,0,0,0,3,2,3,3,1,2,1,0,0,1,0,0
4720,4,zeros-la-2-9,zeros-la-2,313,4720,4,698,512,2,8,16,4,512,64,64,2,8,8,0,8,0,2,0,0,4,3,1,4,1,0,2,0,0,1,0,0
4864,5,zeros-la-2-9,zeros-la-2,314,4864,5,700,512,2,8,16,4,0,512,128,2,2,0,8,16,0,0,0,2,5,4,1,2,2,0,0,1,0,1,0,0
4868,5,zeros-la-2-9,zeros-la-2,315,4868,5,702,512,4,8,16,4,0,512,128,2,0,2,8,16,0,0,0,2,5,3,2,2,2,0,0,1,0,1,0,0
4868,4,zeros-la-2-9,zeros-la-2,316,4868,4,704,512,4,8,16,4,512,128,2,0,2,8,16,2,2,0,0,0,4,4,2,2,2,0,0,1,0,1,0,0
4872,4,zeros-la-2-9,zeros-la-2,317,4872,4,706,512,4,8,16,4,512,128,2,2,4,8,16,0,0,0,2,0,4,3,3,2,2,0,0,1,0,1,0,0
4876,4,zeros-la-2-9,zeros-la-2,318,4876,4,708,512,4,8,16,4,2,512,128,4,0,4,8,16,0,0,0,2,4,2,4,2,2,0,0,1,0,1,0,0
4876,3,zeros-la-2-9,zeros-la-2,319,4876,3,710,512,4,8,16,4,2,512,128,4,2,4,8,16,0,0,0,2,3,3,4,2,2,0,0,1,0,1,0,0
4888,4,zeros-la-2-9,zeros-la-2,320,4888,4,712,512,2,0,0,0,0,8,16,8,4,512,128,16,4,4,8,2,4,2,3,3,2,0,0,1,0,1,0,0
4896,4,zeros-la-2-9,zeros-la-2,321,4896,4,714,512,2,0,0,2,8,16,8,0,4,512,128,16,8,8,2,0,4,3,1,4,2,0,0,1,0,1,0,0
4916,5,zeros-la-2-9,zeros-la-2,322,4916,5,716,512,4,0,0,2,8,16,8,0,4,512,128,16,16,2,0,0,5,2,2,2,3,0,0,1,0,1,0,0
4916,4,zeros-la-2-9,zeros-la-2,323,4916,4,720,512,4,2,0,4,8,16,8,0,4,512,128,16,16,2,0,0,4,2,3,2,3,0,0,1,0,1,0,0
4916,3,zeros-la-2-9,zeros-la-2,324,4916,3,722,512,4,2,4,0,8,16,8,0,4,512,128,16,16,2,0,2,3,3,3,2,3,0,0,1,0,1,0,0
4920,3,zeros-la-2-9,zeros-la-2,325,4920,3,724,512,0,4,2,4,0,8,16,8,4,512,128,16,2,0,16,4,3,2,4,2,3,0,0,1,0,1,0,0
4920,2,zeros-la-2-9,zeros-la-2,326,4920,2,726,512,4,4,2,4,2,8,16,8,0,512,128,16,2,0,16,4,2,3,4,2,3,0,0,1,0,1,0,0
4928,2,zeros-la-2-9,zeros-la-2,327,4928,2,728,512,0,8,2,4,2,8,16,8,2,512,128,16,0,2,16,4,2,4,2,3,3,0,0,1,0,1,0,0
4948,3,zeros-la-2-9,zeros-la-2,328,4948,3,730,512,2,0,2,4,0,16,16,8,0,512,128,16,4,2,16,4,3,3,3,1,4,0,0,1,0,1,0,0
4984,4,zeros-la-2-9,zeros-la-2,329,4984,4,732,512,4,4,0,0,32,8,0,2,512,128,16,0,4,2,16,4,4,2,4,1,2,1,0,1,0,1,0,0
5016,4,zeros-la-2-9,zeros-la-2,330,5016,4,734,512,4,4,32,2,32,8,0,4,512,128,0,0,4,2,0,2,4,3,4,1,0,2,0,1,0,1,0,0
5028,5,zeros-la-2-9,zeros-la-2,331,5028,5,736,512,8,32,2,0,32,8,4,0,512,128,0,0,4,4,2,0,5,2,3,2,0,2,0,1,0,1,0,0
5036,5,zeros-la-2-9,zeros-la-2,332,5036,5,738,512,8,32,2,0,32,8,4,0,512,128,0,0,8,2,0,2,5,3,1,3,0,2,0,1,0,1,0,0
5036,4,zeros-la-2-9,zeros-la-2,333,5036,4,740,512,8,32,0,0,32,8,0,2,512,128,2,0,8,2,4,2,4,4,1,3,0,2,0,1,0,1,0,0
5040,4,zeros-la-2-9,zeros-la-2,334,5040,4,742,512,8,32,0,0,32,8,0,0,512,128,2,2,8,2,4,4,4,3,2,3,0,2,0,1,0,1,0,0
5052,5,zeros-la-2-9,zeros-la-2,335,5052,5,744,512,8,32,0,0,32,8,0,0,512,128,4,2,8,2,8,0,5,2,1,4,0,2,0,1,0,1,0,0
5052,4,zeros-la-2-9,zeros-la-2,336,5052,4,746,512,8,32,4,2,32,8,8,0,512,128,0,0,8,2,2,0,4,3,1,4,0,2,0,1,0,1,0,0
5072,5,zeros-la-2-9,zeros-la-2,337,5072,5,748,512,8,32,4,2,32,16,0,0,512,128,0,0,8,4,0,2,5,2,2,2,1,2,0,1,0,1,0,0
5076,5,zeros-la-2-9,zeros-la-2,338,5076,5,750,512,8,32,2,0,32,16,0,0,512,128,0,0,8,4,4,4,5,1,3,2,1,2,0,1,0,1,0,0
5084,5,zeros-la-2-9,zeros-la-2,339,5084,5,752,512,2,8,32,2,0,0,32,16,0,0,512,128,0,8,4,8,5,2,1,3,1,2,0,1,0,1,0,0
5164,6,zeros-la-2-9,zeros-la-2,340,5164,6,754,512,0,0,0,2,2,0,64,16,0,0,512,128,2,16,4,8,6,3,1,1,2,0,1,1,0,1,0,0
5168,6,zeros-la-2-9,zeros-la-2,341,5168,6,756,512,2,0,0,2,0,0,64,16,0,0,512,128,4,16,4,8,6,2,2,1,2,0,1,1,0,1,0,0
5172,6,zeros-la-2-9,zeros-la-2,342,5172,6,758,512,4,2,0,0,64,16,0,0,512,128,0,0,4,16,4,8,6,1,3,1,2,0,1,1,0,1,0,0
5172,5,zeros-la-2-9,zeros-la-2,343,5172,5,760,512,4,2,2,0,64,16,0,0,512,128,0,0,4,16,4,8,5,2,3,1,2,0,1,1,0,1,0,0
5176,5,zeros-la-2-9,zeros-la-2,344,5176,5,762,512,2,0,4,4,0,0,64,16,0,0,512,128,4,16,4,8,5,1,4,1,2,0,1,1,0,1,0,0
5184,5,zeros-la-2-9,zeros-la-2,345,5184,5,766,512,0,4,2,8,0,0,64,16,0,0,512,128,4,16,4,8,5,1,3,2,2,0,1,1,0,1,0,0
5184,4,zeros-la-2-9,zeros-la-2,346,5184,4,768,512,4,4,2,8,0,16,64,16,0,0,512,128,2,0,4,8,4,2,3,2,2,0,1,1,0,1,0,0
5192,4,zeros-la-2-9,zeros-la-2,347,5192,4,770,512,0,8,2,8,0,16,64,16,0,2,512,128,0,2,4,8,4,3,1,3,2,0,1,1,0,1,0,0
5196,4,zeros-la-2-9,zeros-la-2,348,5196,4,772,512,0,0,2,8,0,8,64,16,0,16,512,128,2,4,4,8,4,2,2,3,2,0,1,1,0,1,0,0
5204,4,zeros-la-2-9,zeros-la-2,349,5204,4,774,512,0,0,2,8,0,8,64,16,2,16,512,128,0,2,8,8,4,3,0,4,2,0,1,1,0,1,0,0
5220,4,zeros-la-2-9,zeros-la-2,350,5220,4,776,512,0,0,2,8,2,8,64,16,2,16,512,128,0,0,2,16,4,4,0,2,3,0,1,1,0,1,0,0
5220,3,zeros-la-2-9,zeros-la-2,351,5220,3,778,512,2,8,0,2,2,8,64,16,2,16,512,128,2,16,0,0,3,5,0,2,3,0,1,1,0,1,0,0
5276,6,zeros-la-2-9,zeros-la-2,352,5276,6,780,512,0,0,0,0,2,0,0,2,4,16,64,16,4,32,512,128,6,2,2,0,2,1,1,1,0,1,0,0
5284,6,zeros-la-2-9,zeros-la-2,353,5284,6,782,512,0,0,0,0,0,0,2,2,2,16,64,16,8,32,512,128,6,3,0,1,2,1,1,1,0,1,0,0
5288,6,zeros-la-2-9,zeros-la-2,354,5288,6,784,512,2,0,0,0,0,0,0,4,2,16,64,16,8,32,512,128,6,2,1,1,2,1,1,1,0,1,0,0
5292,6,zeros-la-2-9,zeros-la-2,355,5292,6,786,512,0,0,0,0,2,0,0,4,4,16,64,16,8,32,512,128,6,1,2,1,2,1,1,1,0,1,0,0
5292,5,zeros-la-2-9,zeros-la-2,356,5292,5,788,512,2,0,0,0,2,0,0,4,4,16,64,16,8,32,512,128,5,2,2,1,2,1,1,1,0,1,0,0
5296,5,zeros-la-2-9,zeros-la-2,357,5296,5,790,512,0,0,0,0,4,0,2,4,4,16,64,16,8,32,512,128,5,1,3,1,2,1,1,1,0,1,0,0
5304,5,zeros-la-2-9,zeros-la-2,358,5304,5,792,512,2,0,0,0,0,0,2,4,8,16,64,16,8,32,512,128,5,2,1,2,2,1,1,1,0,1,0,0
5320,5,zeros-la-2-9,zeros-la-2,359,5320,5,794,512,0,0,0,2,0,0,2,4,2,16,64,16,16,32,512,128,5,3,1,0,3,1,1,1,0,1,0,0
5320,4,zeros-la-2-9,zeros-la-2,360,5320,4,796,512,0,2,0,2,0,0,2,4,2,16,64,16,16,32,512,128,4,4,1,0,3,1,1,1,0,1,0,0
5320,3,zeros-la-2-9,zeros-la-2,361,5320,3,798,512,2,2,2,2,16,16,64,4,0,32,512,16,2,0,0,128,3,5,1,0,3,1,1,1,0,1,0,0
5360,5,zeros-la-2-9,zeros-la-2,362,5360,5,800,512,0,0,4,4,0,32,64,4,2,32,512,16,0,0,2,128,5,2,3,0,1,2,1,1,0,1,0,0
5432,6,zeros-la-2-9,zeros-la-2,363,5432,6,802,512,2,64,4,8,0,0,64,16,0,0,512,128,0,2,2,0,6,3,1,1,1,0,2,1,0,1,0,0
5436,6,zeros-la-2-9,zeros-la-2,364,5436,6,804,512,2,64,4,8,0,0,64,16,2,0,512,128,0,0,0,4,6,2,2,1,1,0,2,1,0,1,0,0
5440,6,zeros-la-2-9,zeros-la-2,365,5440,6,806,512,0,0,0,8,0,0,4,16,2,0,64,128,4,64,512,4,6,1,3,1,1,0,2,1,0,1,0,0
5440,5,zeros-la-2-9,zeros-la-2,366,5440,5,810,512,4,0,0,8,0,0,4,16,2,0,64,128,4,64,512,4,5,1,4,1,1,0,2,1,0,1,0,0
5440,4,zeros-la-2-9,zeros-la-2,367,5440,4,812,512,0,0,4,8,0,2,4,16,0,2,64,128,4,64,512,4,4,2,4,1,1,0,2,1,0,1,0,0
5452,5,zeros-la-2-9,zeros-la-2,368,5452,5,814,512,4,4,8,8,0,64,64,16,0,0,512,128,0,2,0,4,5,1,3,2,1,0,2,1,0,1,0,0
5604,7,zeros-la-2-9,zeros-la-2,369,5604,7,816,512,0,0,8,16,0,0,128,16,2,0,512,128,0,0,2,4,7,2,1,1,2,0,0,2,0,1,0,0
5636,7,zeros-la-2-9,zeros-la-2,370,5636,7,818,512,2,0,8,32,0,2,128,128,0,0,512,4,0,0,2,0,7,3,1,1,0,1,0,2,0,1,0,0
5892,7,zeros-la-2-9,zeros-la-2,371,5892,7,820,512,2,8,32,0,2,256,0,0,512,4,0,0,2,0,0,2,7,4,1,1,0,1,0,0,1,1,0,0
5896,7,zeros-la-2-9,zeros-la-2,372,5896,7,822,512,0,2,8,32,0,0,2,256,0,0,512,4,0,2,0,4,7,3,2,1,0,1,0,0,1,1,0,0
5908,8,zeros-la-2-9,zeros-la-2,373,5908,8,826,512,0,0,0,4,0,0,8,32,0,0,2,256,0,4,512,8,8,1,2,2,0,1,0,0,1,1,0,0
5908,7,zeros-la-2-9,zeros-la-2,374,5908,7,828,512,0,0,0,4,0,2,8,32,0,0,2,256,0,4,512,8,7,2,2,2,0,1,0,0,1,1,0,0
5908,6,zeros-la-2-9,zeros-la-2,375,5908,6,832,512,4,0,0,4,2,8,32,0,2,256,0,0,4,512,8,0,6,2,3,2,0,1,0,0,1,1,0,0
5916,6,zeros-la-2-9,zeros-la-2,376,5916,6,834,512,8,0,0,0,2,8,32,2,2,256,0,0,4,512,8,0,6,3,1,3,0,1,0,0,1,1,0,0
5920,6,zeros-la-2-9,zeros-la-2,377,5920,6,836,512,0,0,2,0,8,8,0,0,4,256,32,0,4,512,8,2,6,2,2,3,0,1,0,0,1,1,0,0
5928,6,zeros-la-2-9,zeros-la-2,378,5928,6,838,512,8,8,2,2,8,256,32,0,0,512,8,0,0,0,2,0,6,3,0,4,0,1,0,0,1,1,0,0
5948,7,zeros-la-2-9,zeros-la-2,379,5948,7,840,512,16,4,0,0,8,256,32,0,512,8,0,0,2,2,0,0,7,2,1,2,1,1,0,0,1,1,0,0
5952,7,zeros-la-2-9,zeros-la-2,380,5952,7,842,512,0,0,16,4,0,8,256,32,0,2,512,8,0,0,0,4,7,1,2,2,1,1,0,0,1,1,0,0
5952,6,zeros-la-2-9,zeros-la-2,381,5952,6,844,512,0,8,16,4,0,2,256,32,0,0,512,8,2,0,0,4,6,2,2,2,1,1,0,0,1,1,0,0
5952,5,zeros-la-2-9,zeros-la-2,382,5952,5,846,512,0,0,0,4,2,0,16,32,0,8,256,8,2,2,512,4,5,3,2,2,1,1,0,0,1,1,0,0
5956,5,zeros-la-2-9,zeros-la-2,383,5956,5,848,512,2,0,0,4,0,2,16,32,0,8,256,8,0,4,512,4,5,2,3,2,1,1,0,0,1,1,0,0
5956,4,zeros-la-2-9,zeros-la-2,384,5956,4,850,512,2,0,0,4,0,2,16,32,0,8,256,8,2,4,512,4,4,3,3,2,1,1,0,0,1,1,0,0
5960,4,zeros-la-2-9,zeros-la-2,385,5960,4,852,512,0,2,0,4,0,2,16,32,0,8,256,8,4,4,512,4,4,2,4,2,1,1,0,0,1,1,0,0
5968,4,zeros-la-2-9,zeros-la-2,386,5968,4,854,512,0,0,2,4,0,2,16,32,2,8,256,8,0,8,512,4,4,3,2,3,1,1,0,0,1,1,0,0
5984,4,zeros-la-2-9,zeros-la-2,387,5984,4,856,512,2,2,2,4,0,16,16,32,0,0,256,8,0,2,512,4,4,4,2,1,2,1,0,0,1,1,0,0
6020,5,zeros-la-2-9,zeros-la-2,388,6020,5,858,512,0,2,4,4,0,2,32,32,0,0,256,8,0,2,512,4,5,3,3,1,0,2,0,0,1,1,0,0
6092,6,zeros-la-2-9,zeros-la-2,389,6092,6,860,512,0,0,2,8,0,2,2,64,0,0,256,8,0,2,512,4,6,4,1,2,0,0,1,0,1,1,0,0
6100,7,zeros-la-2-9,zeros-la-2,390,6100,7,862,512,0,4,4,8,0,0,256,64,0,0,512,8,0,0,2,4,7,1,3,2,0,0,1,0,1,1,0,0
6108,7,zeros-la-2-9,zeros-la-2,391,6108,7,864,512,8,8,0,0,256,64,0,2,512,8,0,0,2,4,0,0,7,2,1,3,0,0,1,0,1,1,0,0
6108,6,zeros-la-2-9,zeros-la-2,392,6108,6,866,512,8,8,0,0,256,64,0,0,512,8,0,2,2,4,0,2,6,3,1,3,0,0,1,0,1,1,0,0
6124,6,zeros-la-2-9,zeros-la-2,393,6124,6,868,512,0,2,0,16,0,0,256,64,0,512,8,2,0,2,4,2,6,4,1,1,1,0,1,0,1,1,0,0
6128,6,zeros-la-2-9,zeros-la-2,394,6128,6,870,512,2,2,256,16,0,512,8,64,0,2,4,4,0,0,0,0,6,3,2,1,1,0,1,0,1,1,0,0
6140,7,zeros-la-2-9,zeros-la-2,395,6140,7,872,512,4,256,16,0,512,8,64,0,2,8,2,0,0,0,0,0,7,2,1,2,1,0,1,0,1,1,0,0
6156,7,zeros-la-2-9,zeros-la-2,396,6156,7,874,512,4,256,16,0,512,16,64,0,2,2,2,0,0,0,0,0,7,3,1,0,2,0,1,0,1,1,0,0
6160,7,zeros-la-2-9,zeros-la-2,397,6160,7,876,512,0,4,256,16,0,512,16,64,0,0,2,4,2,0,0,0,7,2,2,0,2,0,1,0,1,1,0,0
6160,6,zeros-la-2-9,zeros-la-2,398,6160,6,880,512,4,256,16,0,512,16,64,0,2,4,0,0,2,4,0,0,6,2,3,0,2,0,1,0,1,1,0,0
6172,7,zeros-la-2-9,zeros-la-2,399,6172,7,882,512,0,0,0,0,4,256,2,0,512,16,16,0,4,8,64,0,7,1,2,1,2,0,1,0,1,1,0,0
6204,7,zeros-la-2-9,zeros-la-2,400,6204,7,884,512,0,2,0,0,4,256,2,0,512,32,0,0,4,8,64,0,7,2,2,1,0,1,1,0,1,1,0,0
6204,6,zeros-la-2-9,zeros-la-2,401,6204,6,886,512,0,0,0,2,0,4,256,2,0,2,512,32,0,4,8,64,6,3,2,1,0,1,1,0,1,1,0,0
6208,6,zeros-la-2-9,zeros-la-2,402,6208,6,888,512,0,4,256,4,0,2,512,32,0,4,8,64,2,0,0,0,6,2,3,1,0,1,1,0,1,1,0,0
6208,5,zeros-la-2-9,zeros-la-2,403,6208,5,890,512,2,4,256,4,0,2,512,32,2,4,8,64,0,0,0,0,5,3,3,1,0,1,1,0,1,1,0,0
6212,5,zeros-la-2-9,zeros-la-2,404,6212,5,892,512,0,2,0,0,0,4,256,4,0,2,512,32,4,4,8,64,5,2,4,1,0,1,1,0,1,1,0,0
6220,5,zeros-la-2-9,zeros-la-2,405,6220,5,894,512,0,2,0,2,0,4,256,4,0,2,512,32,0,8,8,64,5,3,2,2,0,1,1,0,1,1,0,0
6240,6,zeros-la-2-9,zeros-la-2,406,6240,6,896,512,0,0,0,4,0,4,256,4,0,2,512,32,2,0,16,64,6,2,3,0,1,1,1,0,1,1,0,0
6248,6,zeros-la-2-9,zeros-la-2,407,6248,6,898,512,0,0,2,0,0,0,256,8,0,4,512,32,2,2,16,64,6,3,1,1,1,1,1,0,1,1,0,0
6252,6,zeros-la-2-9,zeros-la-2,408,6252,6,900,512,2,0,0,0,256,8,2,0,4,512,32,0,4,16,64,0,6,2,2,1,1,1,1,0,1,1,0,0
6252,5,zeros-la-2-9,zeros-la-2,409,6252,5,904,512,0,0,0,2,4,256,8,2,0,4,512,32,0,4,16,64,5,2,3,1,1,1,1,0,1,1,0,0
6264,6,zeros-la-2-9,zeros-la-2,410,6264,6,908,512,4,256,8,4,4,8,512,32,0,0,16,64,0,0,0,0,6,0,3,2,1,1,1,0,1,1,0,0
6272,6,zeros-la-2-9,zeros-la-2,411,6272,6,910,512,0,2,0,0,0,0,8,4,0,256,512,32,8,8,16,64,6,1,1,3,1,1,1,0,1,1,0,0
6288,6,zeros-la-2-9,zeros-la-2,412,6288,6,912,512,2,0,0,0,8,4,2,0,256,512,32,0,16,16,64,0,6,2,1,1,2,1,1,0,1,1,0,0
6320,6,zeros-la-2-9,zeros-la-2,413,6320,6,916,512,0,0,0,2,0,8,4,2,0,256,512,32,0,4,32,64,6,2,2,1,0,2,1,0,1,1,0,0
6324,6,zeros-la-2-9,zeros-la-2,414,6324,6,918,512,0,8,4,4,0,256,512,32,0,4,32,64,0,0,0,2,6,1,3,1,0,2,1,0,1,1,0,0
6332,6,zeros-la-2-9,zeros-la-2,415,6332,6,920,512,0,0,8,8,0,256,512,32,0,4,32,64,2,0,0,2,6,2,1,2,0,2,1,0,1,1,0,0
6352,7,zeros-la-2-9,zeros-la-2,416,6352,7,922,512,16,0,0,0,256,512,32,0,4,32,64,0,4,2,0,0,7,1,2,0,1,2,1,0,1,1,0,0
6360,7,zeros-la-2-9,zeros-la-2,417,6360,7,924,512,16,512,32,2,256,32,64,0,8,2,0,0,0,0,0,0,7,2,0,1,1,2,1,0,1,1,0,0
6360,6,zeros-la-2-9,zeros-la-2,418,6360,6,926,512,16,512,32,2,2,256,32,64,0,0,8,2,0,0,0,0,6,3,0,1,1,2,1,0,1,1,0,0
6424,6,zeros-la-2-9,zeros-la-2,419,6424,6,930,512,0,0,0,0,0,4,0,2,16,512,64,64,2,256,8,2,6,3,1,1,1,0,2,0,1,1,0,0
6552,6,zeros-la-2-9,zeros-la-2,420,6552,6,934,512,0,0,4,0,0,0,4,2,0,16,512,128,2,256,8,2,6,3,2,1,1,0,0,1,1,1,0,0
6560,6,zeros-la-2-9,zeros-la-2,421,6560,6,936,512,2,16,8,2,0,256,512,128,0,2,8,2,0,0,0,0,6,4,0,2,1,0,0,1,1,1,0,0
6560,5,zeros-la-2-9,zeros-la-2,422,6560,5,938,512,2,0,0,0,0,16,8,2,0,256,512,128,2,2,8,2,5,5,0,2,1,0,0,1,1,1,0,0
6564,5,zeros-la-2-9,zeros-la-2,423,6564,5,940,512,2,0,0,0,16,8,2,0,256,512,128,2,4,8,2,0,5,4,1,2,1,0,0,1,1,1,0,0
6564,4,zeros-la-2-9,zeros-la-2,424,6564,4,942,512,2,0,0,0,16,8,2,0,256,512,128,2,4,8,2,2,4,5,1,2,1,0,0,1,1,1,0,0
6568,4,zeros-la-2-9,zeros-la-2,425,6568,4,946,512,0,0,0,2,4,16,8,2,256,512,128,2,0,4,8,4,4,3,3,2,1,0,0,1,1,1,0,0
6572,4,zeros-la-2-9,zeros-la-2,426,6572,4,948,512,0,2,0,0,0,16,8,2,4,512,128,4,256,4,8,4,4,2,4,2,1,0,0,1,1,1,0,0
6580,4,zeros-la-2-9,zeros-la-2,427,6580,4,950,512,0,2,2,0,0,16,8,0,4,512,128,2,256,4,8,8,4,3,2,3,1,0,0,1,1,1,0,0
6600,5,zeros-la-2-9,zeros-la-2,428,6600,5,952,512,4,0,0,0,16,8,2,0,4,512,128,2,256,4,16,0,5,2,3,1,2,0,0,1,1,1,0,0
6600,4,zeros-la-2-9,zeros-la-2,429,6600,4,954,512,4,8,2,2,16,512,128,0,4,4,16,0,256,2,0,0,4,3,3,1,2,0,0,1,1,1,0,0
6612,5,zeros-la-2-9,zeros-la-2,430,6612,5,958,512,4,8,4,0,16,512,128,0,8,16,0,4,256,2,0,0,5,1,3,2,2,0,0,1,1,1,0,0
6612,4,zeros-la-2-9,zeros-la-2,431,6612,4,960,512,4,8,4,4,16,512,128,0,8,16,0,0,256,2,2,0,4,2,3,2,2,0,0,1,1,1,0,0
6624,5,zeros-la-2-9,zeros-la-2,432,6624,5,962,512,0,4,8,8,0,16,512,128,0,2,8,16,0,0,256,4,5,1,2,3,2,0,0,1,1,1,0,0
6640,5,zeros-la-2-9,zeros-la-2,433,6640,5,964,512,2,0,4,16,0,16,512,128,0,2,8,16,0,0,256,4,5,2,2,1,3,0,0,1,1,1,0,0
6640,4,zeros-la-2-9,zeros-la-2,434,6640,4,966,512,0,0,4,16,0,0,512,128,2,16,8,16,2,2,256,4,4,3,2,1,3,0,0,1,1,1,0,0
6644,4,zeros-la-2-9,zeros-la-2,435,6644,4,968,512,4,16,4,16,0,2,512,128,0,2,8,16,0,0,256,4,4,2,3,1,3,0,0,1,1,1,0,0
6648,4,zeros-la-2-9,zeros-la-2,436,6648,4,970,512,0,0,4,16,0,2,512,128,0,16,8,16,4,4,256,4,4,1,4,1,3,0,0,1,1,1,0,0
6656,4,zeros-la-2-9,zeros-la-2,437,6656,4,972,512,2,0,4,16,0,2,512,128,0,16,8,16,0,8,256,4,4,2,2,2,3,0,0,1,1,1,0,0
6656,3,zeros-la-2-9,zeros-la-2,438,6656,3,974,512,2,2,4,16,2,16,512,128,0,8,8,16,0,0,256,4,3,3,2,2,3,0,0,1,1,1,0,0
6676,4,zeros-la-2-9,zeros-la-2,439,6676,4,976,512,4,4,16,0,2,16,512,128,16,16,2,0,256,4,0,0,4,2,3,0,4,0,0,1,1,1,0,0
6716,5,zeros-la-2-9,zeros-la-2,440,6716,5,978,512,8,16,0,2,2,16,512,128,32,2,0,0,256,4,0,0,5,3,1,1,2,1,0,1,1,1,0,0
6748,5,zeros-la-2-9,zeros-la-2,441,6748,5,980,512,8,32,512,2,2,2,0,128,32,4,0,0,256,2,0,0,5,4,1,1,0,2,0,1,1,1,0,0
6752,5,zeros-la-2-9,zeros-la-2,442,6752,5,982,512,8,32,512,2,4,128,0,0,32,4,0,2,256,2,0,0,5,3,2,1,0,2,0,1,1,1,0,0
6752,4,zeros-la-2-9,zeros-la-2,443,6752,4,984,512,8,32,512,2,0,0,4,128,0,32,4,2,2,0,256,2,4,4,2,1,0,2,0,1,1,1,0,0
6828,6,zeros-la-2-9,zeros-la-2,444,6828,6,986,512,8,64,512,2,2,0,8,128,0,0,256,4,0,0,2,0,6,3,1,2,0,0,1,1,1,1,0,0
6828,5,zeros-la-2-9,zeros-la-2,445,6828,5,988,512,8,64,512,2,0,2,8,128,0,0,256,4,0,0,2,2,5,4,1,2,0,0,1,1,1,1,0,0
6832,5,zeros-la-2-9,zeros-la-2,446,6832,5,990,512,8,64,512,2,2,2,8,128,0,0,256,4,0,0,0,4,5,3,2,2,0,0,1,1,1,1,0,0
6840,5,zeros-la-2-9,zeros-la-2,447,6840,5,992,512,8,64,512,2,2,2,8,128,0,0,256,8,0,0,0,2,5,4,0,3,0,0,1,1,1,1,0,0
6844,5,zeros-la-2-9,zeros-la-2,448,6844,5,994,512,8,64,512,2,4,8,128,0,256,8,0,0,2,0,2,0,5,3,1,3,0,0,1,1,1,1,0,0
6848,5,zeros-la-2-9,zeros-la-2,449,6848,5,998,512,8,64,512,2,4,8,128,0,256,8,0,4,4,0,0,0,5,1,3,3,0,0,1,1,1,1,0,0
6864,5,zeros-la-2-9,zeros-la-2,450,6864,5,1000,512,8,0,0,0,4,2,0,0,256,64,512,2,4,16,128,4,5,2,3,1,1,0,1,1,1,1,0,0
6864,4,zeros-la-2-9,zeros-la-2,451,6864,4,1002,512,8,2,0,0,4,2,0,0,256,64,512,2,4,16,128,4,4,3,3,1,1,0,1,1,1,1,0,0
6868,4,zeros-la-2-9,zeros-la-2,452,6868,4,1004,512,8,2,0,0,4,4,0,0,256,64,512,2,4,16,128,4,4,2,4,1,1,0,1,1,1,1,0,0
6876,4,zeros-la-2-9,zeros-la-2,453,6876,4,1006,512,8,2,0,0,8,0,2,0,256,64,512,2,4,16,128,4,4,3,2,2,1,0,1,1,1,1,0,0
6876,3,zeros-la-2-9,zeros-la-2,454,6876,3,1010,512,8,2,0,0,8,2,4,0,256,64,512,2,4,16,128,4,3,3,3,2,1,0,1,1,1,1,0,0
6896,4,zeros-la-2-9,zeros-la-2,455,6896,4,1012,512,0,0,2,0,16,4,4,0,256,64,512,2,4,16,128,4,4,2,4,0,2,0,1,1,1,1,0,0
6904,4,zeros-la-2-9,zeros-la-2,456,6904,4,1014,512,2,0,2,0,16,8,0,0,256,64,512,2,4,16,128,4,4,3,2,1,2,0,1,1,1,1,0,0
6908,4,zeros-la-2-9,zeros-la-2,457,6908,4,1016,512,4,2,0,0,16,8,0,0,256,64,512,2,4,16,128,4,4,2,3,1,2,0,1,1,1,1,0,0
6908,3,zeros-la-2-9,zeros-la-2,458,6908,3,1020,512,4,2,0,0,16,8,0,4,256,64,512,2,4,16,128,4,3,2,4,1,2,0,1,1,1,1,0,0
6908,2,zeros-la-2-9,zeros-la-2,459,6908,2,1022,512,4,2,2,0,16,8,4,0,256,64,512,2,4,16,128,4,2,3,4,1,2,0,1,1,1,1,0,0
6912,2,zeros-la-2-9,zeros-la-2,460,6912,2,1024,512,4,4,0,0,16,8,4,2,256,64,512,2,4,16,128,4,2,2,5,1,2,0,1,1,1,1,0,0
6916,2,zeros-la-2-9,zeros-la-2,461,6916,2,1026,512,4,4,4,4,16,8,512,4,256,64,128,2,4,16,0,0,2,1,6,1,2,0,1,1,1,1,0,0
6932,3,zeros-la-2-9,zeros-la-2,462,6932,3,1028,512,8,8,0,0,16,8,512,4,256,64,128,2,4,16,2,0,3,2,2,3,2,0,1,1,1,1,0,0
6948,3,zeros-la-2-9,zeros-la-2,463,6948,3,1030,512,8,0,0,2,16,16,512,0,256,64,128,4,4,16,2,2,3,3,2,1,3,0,1,1,1,1,0,0
6984,4,zeros-la-2-9,zeros-la-2,464,6984,4,1032,512,8,2,0,0,32,512,0,0,256,64,128,4,4,16,4,2,4,2,3,1,1,1,1,1,1,1,0,0
6984,3,zeros-la-2-9,zeros-la-2,465,6984,3,1036,512,8,2,128,4,32,512,4,2,256,64,4,0,4,16,0,0,3,2,4,1,1,1,1,1,1,1,0,0
6992,3,zeros-la-2-9,zeros-la-2,466,6992,3,1038,512,8,2,2,0,32,512,0,0,256,64,128,4,4,16,8,2,3,3,2,2,1,1,1,1,1,1,0,0
6992,2,zeros-la-2-9,zeros-la-2,467,6992,2,1040,512,8,2,2,4,32,512,128,2,256,64,8,0,4,16,0,2,2,4,2,2,1,1,1,1,1,1,0,0
6996,2,zeros-la-2-9,zeros-la-2,468,6996,2,1042,512,8,4,4,2,32,512,128,2,256,64,8,0,4,16,2,0,2,3,3,2,1,1,1,1,1,1,0,0
7004,2,zeros-la-2-9,zeros-la-2,469,7004,2,1044,512,8,8,2,0,32,512,128,2,256,64,8,0,4,16,2,2,2,4,1,3,1,1,1,1,1,1,0,0
7024,3,zeros-la-2-9,zeros-la-2,470,7024,3,1046,512,0,0,16,2,32,512,128,2,2,256,64,8,0,4,16,4,3,3,2,1,2,1,1,1,1,1,0,0
7028,3,zeros-la-2-9,zeros-la-2,471,7028,3,1048,512,32,512,16,4,2,256,128,8,0,4,64,4,2,0,16,0,3,2,3,1,2,1,1,1,1,1,0,0
7032,3,zeros-la-2-9,zeros-la-2,472,7032,3,1050,512,2,0,16,0,0,512,128,4,32,256,64,8,4,4,16,4,3,1,4,1,2,1,1,1,1,1,0,0
7040,3,zeros-la-2-9,zeros-la-2,473,7040,3,1052,512,0,0,2,16,0,512,128,4,32,256,64,8,2,8,16,4,3,2,2,2,2,1,1,1,1,1,0,0
7040,2,zeros-la-2-9,zeros-la-2,474,7040,2,1054,512,0,0,2,16,2,512,128,4,32,256,64,8,2,8,16,4,2,3,2,2,2,1,1,1,1,1,0,0
7040,1,zeros-la-2-9,zeros-la-2,475,7040,1,1056,512,2,0,2,16,2,512,128,4,32,256,64,8,2,8,16,4,1,4,2,2,2,1,1,1,1,1,0,0
7044,1,zeros-la-2-9,zeros-la-2,476,7044,1,1058,512,0,2,2,16,4,512,128,4,32,256,64,8,2,8,16,4,1,3,3,2,2,1,1,1,1,1,0,0
7048,1,zeros-la-2-9,zeros-la-2,477,7048,1,1060,512,4,16,0,2,4,512,128,4,32,256,64,8,2,8,16,4,1,2,4,2,2,1,1,1,1,1,0,0
7056,1,zeros-la-2-9,zeros-la-2,478,7056,1,1062,512,2,16,0,2,8,512,128,4,32,256,64,8,2,8,16,4,1,3,2,3,2,1,1,1,1,1,0,0
7056,0,zeros-la-2-9,zeros-la-2,479,7056,0,1064,512,2,2,16,2,8,512,128,4,32,256,64,8,2,8,16,4,0,4,2,3,2,1,1,1,1,1,0,0
7060,0,zeros-la-2-9,zeros-la-2,480,7060,0,1066,512,4,16,2,2,8,512,128,4,32,256,64,8,2,8,16,4,0,3,3,3,2,1,1,1,1,1,0,0
7064,0,zeros-la-2-9,zeros-la-2,481,7064,0,1068,512,2,4,16,4,8,512,128,4,32,256,64,8,2,8,16,4,0,2,4,3,2,1,1,1,1,1,0,0
7072,0,zeros-la-2-9,zeros-la-2,482,7072,0,1070,512,2,4,16,8,8,512,128,8,32,256,64,4,2,8,16,2,0,3,2,4,2,1,1,1,1,1,0,0
7088,0,zeros-la-2-9,zeros-la-2,483,7088,0,1072,512,2,4,16,2,8,512,128,16,32,256,64,4,2,8,16,2,0,4,2,2,3,1,1,1,1,1,0,0
0,13,zeros-la-3-0,zeros-la-3,0,0,13,6,2,0,0,2,0,0,0,0,2,0,0,0,0,0,0,0,2,13,3,0,0,0,0,0,0,0,0,0,0
4,13,zeros-la-3-0,zeros-la-3,1,4,13,8,4,0,0,2,4,0,0,0,2,0,0,0,0,0,0,0,0,13,2,1,0,0,0,0,0,0,0,0,0
4,12,zeros-la-3-0,zeros-la-3,2,4,12,10,4,0,2,0,0,0,0,0,0,0,0,0,4,0,0,2,2,12,3,1,0,0,0,0,0,0,0,0,0
8,12,zeros-la-3-0,zeros-la-3,3,8,12,12,4,2,0,0,0,0,0,0,0,4,0,0,0,4,2,0,0,12,2,2,0,0,0,0,0,0,0,0,0
16,12,zeros-la-3-0,zeros-la-3,4,16,12,14,8,0,0,0,0,0,0,2,0,2,0,0,0,8,2,0,0,12,3,0,1,0,0,0,0,0,0,0,0
16,11,zeros-la-3-0,zeros-la-3,5,16,11,18,8,0,0,0,0,2,0,4,0,2,0,0,0,8,2,0,0,11,3,1,1,0,0,0,0,0,0,0,0
16,10,zeros-la-3-0,zeros-la-3,6,16,10,20,8,0,0,0,0,2,4,2,0,2,0,0,0,8,2,0,0,10,4,1,1,0,0,0,0,0,0,0,0
20,10,zeros-la-3-0,zeros-la-3,7,20,10,22,8,4,4,2,0,8,2,0,0,0,2,0,0,0,0,0,0,10,3,2,1,0,0,0,0,0,0,0,0
24,10,zeros-la-3-0,zeros-la-3,8,24,10,24,8,0,0,0,2,0,0,0,0,4,4,0,0,8,4,2,0,10,2,3,1,0,0,0,0,0,0,0,0
32,10,zeros-la-3-0,zeros-la-3,9,32,10,26,8,0,0,0,0,0,2,0,0,4,0,0,0,8,8,2,2,10,3,1,2,0,0,0,0,0,0,0,0
52,11,zeros-la-3-0,zeros-la-3,10,52,11,28,16,0,0,0,0,0,0,0,2,0,2,0,4,0,0,16,4,11,2,2,0,1,0,0,0,0,0,0,0
60,11,zeros-la-3-0,zeros-la-3,11,60,11,30,16,0,0,0,0,0,0,0,0,0,0,0,2,2,2,16,8,11,3,0,1,1,0,0,0,0,0,0,0
64,11,zeros-la-3-0,zeros-la-3,12,64,11,32,16,0,0,0,0,0,0,0,0,2,0,0,0,4,16,8,2,11,2,1,1,1,0,0,0,0,0,0,0
64,10,zeros-la-3-0,zeros-la-3,13,64,10,34,16,0,0,0,2,0,0,0,0,0,0,0,2,4,16,8,2,10,3,1,1,1,0,0,0,0,0,0,0
68,10,zeros-la-3-0,zeros-la-3,14,68,10,36,16,4,16,8,4,0,0,0,2,2,0,0,0,0,0,0,0,10,2,2,1,1,0,0,0,0,0,0,0
68,9,zeros-la-3-0,zeros-la-3,15,68,9,38,16,4,16,8,4,0,0,0,2,0,0,0,2,2,0,0,0,9,3,2,1,1,0,0,0,0,0,0,0
72,9,zeros-la-3-0,zeros-la-3,16,72,9,40,16,4,16,8,4,2,0,0,4,2,0,0,0,0,0,0,0,9,2,3,1,1,0,0,0,0,0,0,0
84,10,zeros-la-3-0,zeros-la-3,17,84,10,42,16,4,16,8,8,4,0,0,0,0,0,0,0,0,0,0,2,10,1,2,2,1,0,0,0,0,0,0,0
100,10,zeros-la-3-0,zeros-la-3,18,100,10,44,16,4,16,16,0,4,0,0,0,0,0,0,0,2,0,2,0,10,2,2,0,2,0,0,0,0,0,0,0
136,11,zeros-la-3-0,zeros-la-3,19,136,11,46,32,4,32,0,0,4,0,0,0,0,2,0,0,4,0,0,0,11,1,3,0,0,1,0,0,0,0,0,0
144,11,zeros-la-3-0,zeros-la-3,20,144,11,48,32,0,0,0,0,0,0,0,0,4,32,0,0,8,2,0,2,11,2,1,1,0,1,0,0,0,0,0,0
148,11,zeros-la-3-0,zeros-la-3,21,148,11,50,32,0,0,0,2,0,0,0,0,0,0,4,32,0,0,8,4,11,1,2,1,0,1,0,0,0,0,0,0
148,10,zeros-la-3-0,zeros-la-3,22,148,10,52,32,0,0,0,0,0,0,0,2,0,0,4,32,0,2,8,4,10,2,2,1,0,1,0,0,0,0,0,0
148,9,zeros-la-3-0,zeros-la-3,23,148,9,54,32,0,0,0,0,0,0,0,2,0,0,4,32,2,2,8,4,9,3,2,1,0,1,0,0,0,0,0,0
152,9,zeros-la-3-0,zeros-la-3,24,152,9,56,32,0,0,0,0,2,0,0,0,4,32,0,2,4,8,4,0,9,2,3,1,0,1,0,0,0,0,0,0
160,9,zeros-la-3-0,zeros-la-3,25,160,9,58,32,0,0,0,0,0,0,0,2,2,32,0,0,8,8,4,2,9,3,1,2,0,1,0,0,0,0,0,0
164,9,zeros-la-3-0,zeros-la-3,26,164,9,62,32,2,32,4,4,8,8,0,0,0,0,4,0,0,0,0,0,9,1,3,2,0,1,0,0,0,0,0,0
188,10,zeros-la-3-0,zeros-la-3,27,188,10,64,32,0,2,32,8,0,0,0,16,0,0,0,4,0,0,0,2,10,2,1,1,1,1,0,0,0,0,0,0
188,9,zeros-la-3-0,zeros-la-3,28,188,9,66,32,0,2,32,8,0,2,0,16,0,0,0,4,0,0,0,2,9,3,1,1,1,1,0,0,0,0,0,0
192,9,zeros-la-3-0,zeros-la-3,29,192,9,68,32,0,4,32,8,0,0,0,16,0,0,2,4,0,0,0,2,9,2,2,1,1,1,0,0,0,0,0,0
192,8,zeros-la-3-0,zeros-la-3,30,192,8,70,32,4,32,8,0,16,0,0,0,2,4,2,0,2,0,0,0,8,3,2,1,1,1,0,0,0,0,0,0
196,8,zeros-la-3-0,zeros-la-3,31,196,8,72,32,4,32,8,0,16,4,2,0,4,0,0,0,2,0,0,0,8,2,3,1,1,1,0,0,0,0,0,0
196,7,zeros-la-3-0,zeros-la-3,32,196,7,74,32,4,32,8,2,16,4,2,0,4,0,0,0,2,0,0,0,7,3,3,1,1,1,0,0,0,0,0,0
196,6,zeros-la-3-0,zeros-la-3,33,196,6,78,32,4,32,8,2,0,16,4,2,0,0,0,4,0,0,4,2,6,3,4,1,1,1,0,0,0,0,0,0
208,7,zeros-la-3-0,zeros-la-3,34,208,7,80,32,0,0,0,0,2,0,0,4,0,32,8,4,4,16,8,2,7,2,3,2,1,1,0,0,0,0,0,0
232,8,zeros-la-3-0,zeros-la-3,35,232,8,82,32,0,0,0,0,0,0,0,0,2,32,2,8,4,16,16,2,8,3,1,1,2,1,0,0,0,0,0,0
264,8,zeros-la-3-0,zeros-la-3,36,264,8,84,32,2,0,0,0,0,0,0,0,2,32,2,8,4,32,2,0,8,4,1,1,0,2,0,0,0,0,0,0
336,10,zeros-la-3-0,zeros-la-3,37,336,10,86,64,4,64,4,8,4,0,0,0,0,0,0,0,0,0,0,2,10,1,3,1,0,0,1,0,0,0,0,0
344,10,zeros-la-3-0,zeros-la-3,38,344,10,88,64,8,64,4,8,2,0,0,2,0,0,0,0,0,0,0,0,10,2,1,2,0,0,1,0,0,0,0,0
348,10,zeros-la-3-0,zeros-la-3,39,348,10,90,64,8,64,4,8,0,0,0,4,2,0,0,0,0,0,0,0,10,1,2,2,0,0,1,0,0,0,0,0
348,9,zeros-la-3-0,zeros-la-3,40,348,9,92,64,0,0,0,0,2,0,0,0,8,0,0,8,2,64,4,4,9,2,2,2,0,0,1,0,0,0,0,0
372,10,zeros-la-3-0,zeros-la-3,41,372,10,94,64,0,0,0,0,2,2,0,0,16,0,0,0,2,64,8,0,10,3,0,1,1,0,1,0,0,0,0,0
372,9,zeros-la-3-0,zeros-la-3,42,372,9,96,64,2,2,8,0,16,64,0,2,2,0,0,0,0,0,0,0,9,4,0,1,1,0,1,0,0,0,0,0
376,9,zeros-la-3-0,zeros-la-3,43,376,9,98,64,4,8,0,0,16,64,2,0,2,0,0,0,0,0,0,2,9,3,1,1,1,0,1,0,0,0,0,0
376,8,zeros-la-3-0,zeros-la-3,44,376,8,100,64,4,8,2,2,16,64,2,0,2,0,0,0,0,0,0,0,8,4,1,1,1,0,1,0,0,0,0,0
380,8,zeros-la-3-0,zeros-la-3,45,380,8,102,64,4,8,4,2,16,64,0,0,2,0,0,2,0,0,0,0,8,3,2,1,1,0,1,0,0,0,0,0
384,8,zeros-la-3-0,zeros-la-3,46,384,8,104,64,4,8,4,4,16,64,2,0,2,0,0,0,0,0,0,0,8,2,3,1,1,0,1,0,0,0,0,0
392,8,zeros-la-3-0,zeros-la-3,47,392,8,106,64,0,4,8,8,0,16,64,2,0,0,2,2,0,0,0,0,8,3,1,2,1,0,1,0,0,0,0,0
412,9,zeros-la-3-0,zeros-la-3,48,412,9,108,64,4,16,0,2,16,64,2,0,4,0,0,0,0,0,0,0,9,2,2,0,2,0,1,0,0,0,0,0
412,8,zeros-la-3-0,zeros-la-3,49,412,8,110,64,0,0,0,0,4,0,0,0,16,16,2,0,4,64,2,2,8,3,2,0,2,0,1,0,0,0,0,0
448,9,zeros-la-3-0,zeros-la-3,50,448,9,114,64,0,0,0,0,4,0,0,0,32,2,0,0,4,64,4,4,9,1,4,0,0,1,1,0,0,0,0,0
456,9,zeros-la-3-0,zeros-la-3,51,456,9,118,64,0,0,0,0,4,0,0,0,32,2,0,0,4,64,8,4,9,1,3,1,0,1,1,0,0,0,0,0
456,8,zeros-la-3-0,zeros-la-3,52,456,8,120,64,2,0,0,0,4,0,0,0,32,2,0,0,4,64,8,4,8,2,3,1,0,1,1,0,0,0,0,0
456,7,zeros-la-3-0,zeros-la-3,53,456,7,122,64,2,0,0,2,4,0,0,0,32,2,0,0,4,64,8,4,7,3,3,1,0,1,1,0,0,0,0,0
460,7,zeros-la-3-0,zeros-la-3,54,460,7,124,64,4,0,0,0,4,0,2,0,32,2,0,0,4,64,8,4,7,2,4,1,0,1,1,0,0,0,0,0
468,7,zeros-la-3-0,zeros-la-3,55,468,7,126,64,8,2,2,4,32,64,8,0,4,0,2,0,0,0,0,0,7,3,2,2,0,1,1,0,0,0,0,0
472,7,zeros-la-3-0,zeros-la-3,56,472,7,128,64,8,4,4,0,32,64,8,0,4,2,0,0,0,0,0,2,7,2,3,2,0,1,1,0,0,0,0,0
480,7,zeros-la-3-0,zeros-la-3,57,480,7,130,64,2,0,8,8,0,32,64,8,0,0,4,2,0,0,0,2,7,3,1,3,0,1,1,0,0,0,0,0
500,8,zeros-la-3-0,zeros-la-3,58,500,8,132,64,0,0,0,0,0,0,8,0,0,2,64,16,2,32,4,4,8,2,2,1,1,1,1,0,0,0,0,0
508,8,zeros-la-3-0,zeros-la-3,59,508,8,134,64,0,0,0,0,8,0,0,2,2,64,16,0,2,32,8,0,8,3,0,2,1,1,1,0,0,0,0,0
512,8,zeros-la-3-0,zeros-la-3,60,512,8,136,64,0,0,0,2,0,0,0,0,8,64,16,0,4,32,8,2,8,2,1,2,1,1,1,0,0,0,0,0
516,8,zeros-la-3-0,zeros-la-3,61,516,8,138,64,8,64,16,4,4,32,8,0,0,0,0,2,0,0,0,0,8,1,2,2,1,1,1,0,0,0,0,0
516,7,zeros-la-3-0,zeros-la-3,62,516,7,142,64,8,64,16,4,0,4,32,8,0,0,0,2,4,0,0,0,7,1,3,2,1,1,1,0,0,0,0,0
516,6,zeros-la-3-0,zeros-la-3,63,516,6,144,64,8,64,16,4,4,4,32,8,0,0,0,2,0,0,2,0,6,2,3,2,1,1,1,0,0,0,0,0
524,6,zeros-la-3-0,zeros-la-3,64,524,6,146,64,8,64,16,4,8,32,8,0,2,0,0,2,2,0,0,0,6,3,1,3,1,1,1,0,0,0,0,0
544,7,zeros-la-3-0,zeros-la-3,65,544,7,148,64,16,64,16,4,4,32,8,2,0,0,0,0,0,0,0,2,7,2,2,1,2,1,1,0,0,0,0,0
548,7,zeros-la-3-0,zeros-la-3,66,548,7,150,64,2,0,0,0,0,0,0,0,16,64,16,4,4,32,8,4,7,1,3,1,2,1,1,0,0,0,0,0
556,7,zeros-la-3-0,zeros-la-3,67,556,7,152,64,0,0,0,0,2,0,2,0,16,64,16,0,4,32,8,8,7,2,1,2,2,1,1,0,0,0,0,0
576,8,zeros-la-3-0,zeros-la-3,68,576,8,154,64,0,0,0,0,0,2,0,4,0,16,64,16,0,4,32,16,8,1,2,0,3,1,1,0,0,0,0,0
608,8,zeros-la-3-0,zeros-la-3,69,608,8,156,64,0,2,0,0,0,2,0,0,0,16,64,4,0,4,32,32,8,2,2,0,1,2,1,0,0,0,0,0
672,8,zeros-la-3-0,zeros-la-3,70,672,8,158,64,0,0,0,2,0,0,2,2,0,16,64,4,0,0,4,64,8,3,2,0,1,0,2,0,0,0,0,0
676,8,zeros-la-3-0,zeros-la-3,71,676,8,160,64,0,2,0,0,0,0,2,4,0,0,64,4,0,16,4,64,8,2,3,0,1,0,2,0,0,0,0,0
684,8,zeros-la-3-0,zeros-la-3,72,684,8,164,64,0,2,2,8,0,16,64,64,0,0,4,0,0,0,4,0,8,2,2,1,1,0,2,0,0,0,0,0
816,9,zeros-la-3-0,zeros-la-3,73,816,9,166,128,4,8,0,0,16,128,0,0,4,0,2,0,4,0,0,0,9,1,3,1,1,0,0,1,0,0,0,0
824,9,zeros-la-3-0,zeros-la-3,74,824,9,168,128,4,8,2,0,16,128,0,0,8,2,0,0,0,0,0,0,9,2,1,2,1,0,0,1,0,0,0,0
824,8,zeros-la-3-0,zeros-la-3,75,824,8,170,128,0,0,0,0,4,8,0,0,16,128,0,2,8,2,2,0,8,3,1,2,1,0,0,1,0,0,0,0
828,8,zeros-la-3-0,zeros-la-3,76,828,8,172,128,0,0,0,2,4,8,0,0,16,128,2,0,8,4,0,0,8,2,2,2,1,0,0,1,0,0,0,0
828,7,zeros-la-3-0,zeros-la-3,77,828,7,174,128,0,0,0,0,4,8,2,0,16,128,0,0,8,4,2,2,7,3,2,2,1,0,0,1,0,0,0,0
832,7,zeros-la-3-0,zeros-la-3,78,832,7,176,128,0,0,0,0,4,8,0,0,16,128,2,0,8,4,4,2,7,2,3,2,1,0,0,1,0,0,0,0
840,7,zeros-la-3-0,zeros-la-3,79,840,7,178,128,0,0,0,0,4,8,0,0,16,128,2,0,8,8,2,2,7,3,1,3,1,0,0,1,0,0,0,0
860,8,zeros-la-3-0,zeros-la-3,80,860,8,180,128,0,0,0,0,4,8,2,0,16,128,2,0,16,4,0,0,8,2,2,1,2,0,0,1,0,0,0,0
896,9,zeros-la-3-0,zeros-la-3,81,896,9,182,128,0,2,0,0,0,8,0,0,4,128,0,0,32,4,4,0,9,1,3,1,0,1,0,1,0,0,0,0
904,9,zeros-la-3-0,zeros-la-3,82,904,9,186,128,2,0,0,0,8,0,0,0,4,128,0,0,32,8,0,4,9,1,2,2,0,1,0,1,0,0,0,0
904,8,zeros-la-3-0,zeros-la-3,83,904,8,188,128,2,0,0,0,8,0,0,0,4,128,0,2,32,8,4,0,8,2,2,2,0,1,0,1,0,0,0,0
904,7,zeros-la-3-0,zeros-la-3,84,904,7,190,128,2,128,4,2,8,8,0,0,4,0,2,0,32,0,0,0,7,3,2,2,0,1,0,1,0,0,0,0
920,7,zeros-la-3-0,zeros-la-3,85,920,7,194,128,2,128,4,2,4,0,0,16,0,0,4,2,0,0,0,32,7,3,3,0,1,1,0,1,0,0,0,0
928,7,zeros-la-3-0,zeros-la-3,86,928,7,196,128,0,0,0,2,0,0,2,16,2,0,0,2,4,128,8,32,7,4,1,1,1,1,0,1,0,0,0,0
932,7,zeros-la-3-0,zeros-la-3,87,932,7,198,128,2,0,0,0,2,16,0,0,4,0,0,2,4,128,8,32,7,3,2,1,1,1,0,1,0,0,0,0
944,8,zeros-la-3-0,zeros-la-3,88,944,8,200,128,4,16,8,2,8,128,0,32,0,0,0,0,2,0,0,0,8,2,1,2,1,1,0,1,0,0,0,0
944,7,zeros-la-3-0,zeros-la-3,89,944,7,204,128,4,16,8,2,8,128,4,32,2,0,0,0,0,0,0,0,7,2,2,2,1,1,0,1,0,0,0,0
944,6,zeros-la-3-0,zeros-la-3,90,944,6,206,128,4,16,8,2,8,128,4,32,2,0,0,0,0,0,2,0,6,3,2,2,1,1,0,1,0,0,0,0
944,5,zeros-la-3-0,zeros-la-3,91,944,5,208,128,4,16,8,2,8,128,4,32,2,0,0,2,0,0,0,2,5,4,2,2,1,1,0,1,0,0,0,0
948,5,zeros-la-3-0,zeros-la-3,92,948,5,210,128,0,0,0,2,4,0,0,2,8,16,8,32,2,128,4,4,5,3,3,2,1,1,0,1,0,0,0,0
956,5,zeros-la-3-0,zeros-la-3,93,956,5,212,128,0,0,0,2,0,2,4,2,8,16,8,32,0,2,128,8,5,4,1,3,1,1,0,1,0,0,0,0
960,5,zeros-la-3-0,zeros-la-3,94,960,5,214,128,0,0,0,2,0,2,4,4,0,16,8,32,8,2,128,8,5,3,2,3,1,1,0,1,0,0,0,0
968,5,zeros-la-3-0,zeros-la-3,95,968,5,216,128,2,2,0,0,2,8,0,0,16,8,32,0,8,2,128,8,5,4,0,4,1,1,0,1,0,0,0,0
988,6,zeros-la-3-0,zeros-la-3,96,988,6,218,128,0,0,0,0,4,2,0,0,16,16,32,2,8,2,128,8,6,3,1,2,2,1,0,1,0,0,0,0
1020,6,zeros-la-3-0,zeros-la-3,97,1020,6,220,128,0,2,0,0,4,2,0,0,32,32,2,0,8,2,128,8,6,4,1,2,0,2,0,1,0,0,0,0
1084,6,zeros-la-3-0,zeros-la-3,98,1084,6,222,128,0,0,0,2,2,0,4,2,0,0,64,2,8,2,128,8,6,5,1,2,0,0,1,1,0,0,0,0
1084,5,zeros-la-3-0,zeros-la-3,99,1084,5,224,128,2,0,0,2,2,4,2,0,64,2,0,0,8,2,128,8,5,6,1,2,0,0,1,1,0,0,0,0
1092,6,zeros-la-3-0,zeros-la-3,100,1092,6,226,128,0,0,0,2,4,0,0,0,64,4,2,2,8,4,128,8,6,3,3,2,0,0,1,1,0,0,0,0
1096,6,zeros-la-3-0,zeros-la-3,101,1096,6,228,128,0,0,0,2,0,0,2,4,0,64,4,4,8,4,128,8,6,2,4,2,0,0,1,1,0,0,0,0
1104,6,zeros-la-3-0,zeros-la-3,102,1104,6,232,128,8,64,2,2,0,4,4,8,0,0,128,8,4,0,0,0,6,2,3,3,0,0,1,1,0,0,0,0
1116,7,zeros-la-3-0,zeros-la-3,103,1116,7,234,128,8,64,4,2,8,8,0,0,128,8,0,0,4,0,0,0,7,1,2,4,0,0,1,1,0,0,0,0
1148,8,zeros-la-3-0,zeros-la-3,104,1148,8,236,128,0,0,2,0,16,0,0,0,128,64,0,0,4,16,4,2,8,2,2,0,2,0,1,1,0,0,0,0
1148,7,zeros-la-3-0,zeros-la-3,105,1148,7,240,128,16,64,2,2,128,16,4,0,4,0,0,4,0,0,0,0,7,2,3,0,2,0,1,1,0,0,0,0
1160,8,zeros-la-3-0,zeros-la-3,106,1160,8,242,128,0,16,64,4,0,128,16,4,0,0,0,8,0,0,2,0,8,1,2,1,2,0,1,1,0,0,0,0
1168,8,zeros-la-3-0,zeros-la-3,107,1168,8,244,128,0,16,64,8,0,128,16,8,0,0,2,0,0,0,0,2,8,2,0,2,2,0,1,1,0,0,0,0
1184,8,zeros-la-3-0,zeros-la-3,108,1184,8,246,128,0,2,0,0,0,0,64,0,0,16,16,16,0,128,2,2,8,3,0,0,3,0,1,1,0,0,0,0
1220,9,zeros-la-3-0,zeros-la-3,109,1220,9,248,128,0,0,0,2,0,0,2,64,0,0,16,32,0,0,128,4,9,2,1,0,1,1,1,1,0,0,0,0
1220,8,zeros-la-3-0,zeros-la-3,110,1220,8,250,128,2,0,0,0,2,64,0,0,16,32,0,0,128,4,0,2,8,3,1,0,1,1,1,1,0,0,0,0
1224,8,zeros-la-3-0,zeros-la-3,111,1224,8,252,128,0,0,0,0,4,64,0,2,16,32,0,0,128,4,0,2,8,2,2,0,1,1,1,1,0,0,0,0
1228,8,zeros-la-3-0,zeros-la-3,112,1228,8,254,128,0,0,0,0,4,64,0,0,16,32,0,0,128,4,2,4,8,1,3,0,1,1,1,1,0,0,0,0
1228,7,zeros-la-3-0,zeros-la-3,113,1228,7,256,128,4,64,2,4,16,32,0,0,128,4,0,2,0,0,0,0,7,2,3,0,1,1,1,1,0,0,0,0
1228,6,zeros-la-3-0,zeros-la-3,114,1228,6,258,128,0,0,0,0,4,64,0,0,16,32,2,4,128,4,2,2,6,3,3,0,1,1,1,1,0,0,0,0
1232,6,zeros-la-3-0,zeros-la-3,115,1232,6,260,128,2,0,0,0,4,64,0,0,16,32,0,4,128,4,4,2,6,2,4,0,1,1,1,1,0,0,0,0
1240,6,zeros-la-3-0,zeros-la-3,116,1240,6,264,128,2,0,0,0,4,64,4,0,16,32,4,0,128,8,2,0,6,2,3,1,1,1,1,1,0,0,0,0
1248,6,zeros-la-3-0,zeros-la-3,117,1248,6,266,128,2,64,8,0,4,32,2,0,16,8,0,2,128,0,0,0,6,3,1,2,1,1,1,1,0,0,0,0
1248,5,zeros-la-3-0,zeros-la-3,118,1248,5,268,128,2,0,0,2,4,64,0,0,16,32,8,0,128,8,2,2,5,4,1,2,1,1,1,1,0,0,0,0
1256,6,zeros-la-3-0,zeros-la-3,119,1256,6,270,128,4,0,0,0,4,64,0,2,16,32,8,0,128,8,4,0,6,1,3,2,1,1,1,1,0,0,0,0
1264,6,zeros-la-3-0,zeros-la-3,120,1264,6,272,128,0,0,0,0,8,64,2,0,16,32,8,0,128,8,4,2,6,2,1,3,1,1,1,1,0,0,0,0
1264,5,zeros-la-3-0,zeros-la-3,121,1264,5,274,128,8,64,2,2,16,32,8,0,128,8,4,2,0,0,0,0,5,3,1,3,1,1,1,1,0,0,0,0
1268,5,zeros-la-3-0,zeros-la-3,122,1268,5,276,128,0,0,0,2,8,64,2,0,16,32,8,0,128,8,4,4,5,2,2,3,1,1,1,1,0,0,0,0
1276,5,zeros-la-3-0,zeros-la-3,123,1276,5,280,128,2,0,0,0,8,64,2,0,16,32,8,4,128,8,8,0,5,2,1,4,1,1,1,1,0,0,0,0
1292,5,zeros-la-3-0,zeros-la-3,124,1292,5,282,128,0,0,0,2,0,8,64,2,16,32,8,4,2,0,128,16,5,3,1,2,2,1,1,1,0,0,0,0
1296,5,zeros-la-3-0,zeros-la-3,125,1296,5,284,128,0,0,0,2,0,0,64,4,16,8,8,4,2,32,128,16,5,2,2,2,2,1,1,1,0,0,0,0
1312,5,zeros-la-3-0,zeros-la-3,126,1312,5,286,128,0,0,0,2,0,0,64,4,2,16,16,4,2,32,128,16,5,3,2,0,3,1,1,1,0,0,0,0
1344,5,zeros-la-3-0,zeros-la-3,127,1344,5,288,128,0,0,0,2,2,0,64,4,0,2,32,4,2,32,128,16,5,4,2,0,1,2,1,1,0,0,0,0
1344,4,zeros-la-3-0,zeros-la-3,128,1344,4,290,128,2,2,0,0,2,64,4,0,2,32,4,0,2,32,128,16,4,5,2,0,1,2,1,1,0,0,0,0
1424,7,zeros-la-3-0,zeros-la-3,129,1424,7,292,128,0,0,2,0,0,2,0,0,4,64,8,0,4,64,128,16,7,2,2,1,1,0,2,1,0,0,0,0
1560,8,zeros-la-3-0,zeros-la-3,130,1560,8,294,128,0,0,2,0,0,0,2,0,0,2,8,0,8,128,128,16,8,3,0,2,1,0,0,2,0,0,0,0
1816,8,zeros-la-3-0,zeros-la-3,131,1816,8,296,256,0,2,0,2,0,0,0,2,0,0,2,8,0,8,256,16,8,4,0,2,1,0,0,0,1,0,0,0
1820,8,zeros-la-3-0,zeros-la-3,132,1820,8,300,256,4,0,0,0,2,0,4,0,2,8,0,0,8,256,16,0,8,2,2,2,1,0,0,0,1,0,0,0
1824,8,zeros-la-3-0,zeros-la-3,133,1824,8,302,256,0,0,2,0,4,0,0,0,4,8,4,0,8,256,16,0,8,1,3,2,1,0,0,0,1,0,0,0
1832,8,zeros-la-3-0,zeros-la-3,134,1832,8,306,256,0,0,0,0,4,0,2,0,8,8,4,0,8,256,16,0,8,1,2,3,1,0,0,0,1,0,0,0
1848,8,zeros-la-3-0,zeros-la-3,135,1848,8,308,256,0,0,0,2,0,0,2,0,4,8,4,0,16,256,16,0,8,2,2,1,2,0,0,0,1,0,0,0
1848,7,zeros-la-3-0,zeros-la-3,136,1848,7,310,256,4,8,2,2,16,256,4,0,0,0,16,0,0,0,2,0,7,3,2,1,2,0,0,0,1,0,0,0
1852,7,zeros-la-3-0,zeros-la-3,137,1852,7,312,256,4,8,4,0,16,256,4,0,16,0,0,0,2,2,0,0,7,2,3,1,2,0,0,0,1,0,0,0
1892,8,zeros-la-3-0,zeros-la-3,138,1892,8,316,256,4,8,8,0,32,256,0,4,2,2,0,0,0,0,0,0,8,2,2,2,0,1,0,0,1,0,0,0
1912,9,zeros-la-3-0,zeros-la-3,139,1912,9,318,256,2,0,4,16,0,32,256,4,0,0,0,4,0,0,0,0,9,1,3,0,1,1,0,0,1,0,0,0
1920,9,zeros-la-3-0,zeros-la-3,140,1920,9,320,256,0,0,0,0,0,0,0,0,0,2,4,16,2,32,256,8,9,2,1,1,1,1,0,0,1,0,0,0
1920,8,zeros-la-3-0,zeros-la-3,141,1920,8,322,256,2,0,0,0,0,0,0,0,0,2,4,16,2,32,256,8,8,3,1,1,1,1,0,0,1,0,0,0
1920,7,zeros-la-3-0,zeros-la-3,142,1920,7,324,256,2,0,0,0,2,0,0,0,2,4,16,0,2,32,256,8,7,4,1,1,1,1,0,0,1,0,0,0
1928,8,zeros-la-3-0,zeros-la-3,143,1928,8,328,256,4,4,16,8,4,32,256,0,4,0,0,0,0,0,0,0,8,0,4,1,1,1,0,0,1,0,0,0
1936,8,zeros-la-3-0,zeros-la-3,144,1936,8,332,256,0,0,0,0,4,0,0,0,4,4,16,0,8,32,256,8,8,0,3,2,1,1,0,0,1,0,0,0
1944,8,zeros-la-3-0,zeros-la-3,145,1944,8,334,256,8,4,16,8,8,32,256,0,0,2,0,0,0,0,0,0,8,1,1,3,1,1,0,0,1,0,0,0
1960,8,zeros-la-3-0,zeros-la-3,146,1960,8,336,256,0,0,0,0,0,4,0,0,2,32,16,0,16,2,256,8,8,2,1,1,2,1,0,0,1,0,0,0
1960,7,zeros-la-3-0,zeros-la-3,147,1960,7,338,256,0,0,0,0,0,4,0,0,2,32,16,2,16,2,256,8,7,3,1,1,2,1,0,0,1,0,0,0
1960,6,zeros-la-3-0,zeros-la-3,148,1960,6,340,256,2,0,0,0,0,4,0,0,2,32,16,2,16,2,256,8,6,4,1,1,2,1,0,0,1,0,0,0
1964,6,zeros-la-3-0,zeros-la-3,149,1964,6,342,256,4,4,16,2,16,32,256,8,0,2,0,0,0,0,0,2,6,3,2,1,2,1,0,0,1,0,0,0
1972,6,zeros-la-3-0,zeros-la-3,150,1972,6,344,256,8,16,2,0,16,32,256,8,2,0,0,0,2,0,2,0,6,4,0,2,2,1,0,0,1,0,0,0
1976,6,zeros-la-3-0,zeros-la-3,151,1976,6,346,256,8,16,2,0,16,32,256,8,2,0,0,0,4,0,0,2,6,3,1,2,2,1,0,0,1,0,0,0
1976,5,zeros-la-3-0,zeros-la-3,152,1976,5,348,256,0,8,16,2,16,32,256,8,0,0,0,2,2,0,4,2,5,4,1,2,2,1,0,0,1,0,0,0
1976,4,zeros-la-3-0,zeros-la-3,153,1976,4,350,256,0,8,16,2,16,32,256,8,2,0,0,2,0,2,4,2,4,5,1,2,2,1,0,0,1,0,0,0
1980,4,zeros-la-3-0,zeros-la-3,154,1980,4,352,256,0,0,0,2,0,8,16,2,16,32,256,8,2,2,4,4,4,4,2,2,2,1,0,0,1,0,0,0
1992,5,zeros-la-3-0,zeros-la-3,155,1992,5,354,256,2,0,0,2,0,8,16,2,16,32,256,8,0,0,4,8,5,3,1,3,2,1,0,0,1,0,0,0
2012,6,zeros-la-3-0,zeros-la-3,156,2012,6,356,256,2,8,16,4,16,32,256,16,2,0,4,0,0,0,0,0,6,2,2,1,3,1,0,0,1,0,0,0
2012,5,zeros-la-3-0,zeros-la-3,157,2012,5,358,256,2,8,16,4,16,32,256,16,2,0,4,0,0,0,0,2,5,3,2,1,3,1,0,0,1,0,0,0
2012,4,zeros-la-3-0,zeros-la-3,158,2012,4,360,256,2,8,16,4,16,32,256,16,2,4,0,0,2,0,0,2,4,4,2,1,3,1,0,0,1,0,0,0
2016,4,zeros-la-3-0,zeros-la-3,159,2016,4,362,256,0,0,0,2,2,8,0,4,16,32,16,16,4,4,256,2,4,3,3,1,3,1,0,0,1,0,0,0
2056,5,zeros-la-3-0,zeros-la-3,160,2056,5,364,256,2,2,0,0,2,8,4,0,16,32,32,0,8,256,2,0,5,4,1,2,1,2,0,0,1,0,0,0
2124,6,zeros-la-3-0,zeros-la-3,161,2124,6,366,256,0,0,0,4,0,2,8,4,2,0,16,64,0,8,256,2,6,3,2,2,1,0,1,0,1,0,0,0
2132,6,zeros-la-3-0,zeros-la-3,162,2132,6,368,256,0,0,2,0,0,0,8,8,0,2,16,64,2,8,256,2,6,4,0,3,1,0,1,0,1,0,0,0
2148,6,zeros-la-3-0,zeros-la-3,163,2148,6,370,256,2,0,2,0,16,0,0,0,2,16,64,0,2,8,256,2,6,5,0,1,2,0,1,0,1,0,0,0
2152,6,zeros-la-3-0,zeros-la-3,164,2152,6,372,256,0,0,0,0,2,2,2,0,16,16,64,0,4,8,256,2,6,4,1,1,2,0,1,0,1,0,0,0
2152,5,zeros-la-3-0,zeros-la-3,165,2152,5,374,256,2,2,2,2,16,16,64,0,4,8,256,0,0,0,2,0,5,5,1,1,2,0,1,0,1,0,0,0
2192,7,zeros-la-3-0,zeros-la-3,166,2192,7,376,256,0,2,4,4,0,0,32,64,0,4,8,256,0,0,0,2,7,2,3,1,0,1,1,0,1,0,0,0
2200,7,zeros-la-3-0,zeros-la-3,167,2200,7,380,256,0,4,2,8,0,0,32,64,0,4,8,256,0,0,0,2,7,2,2,2,0,1,1,0,1,0,0,0
2208,7,zeros-la-3-0,zeros-la-3,168,2208,7,382,256,0,0,0,8,2,0,2,64,0,0,32,256,0,8,8,2,7,3,0,3,0,1,1,0,1,0,0,0
2228,8,zeros-la-3-0,zeros-la-3,169,2228,8,384,256,0,0,2,8,0,0,4,64,0,0,32,256,0,0,16,2,8,2,1,1,1,1,1,0,1,0,0,0
2228,7,zeros-la-3-0,zeros-la-3,170,2228,7,386,256,0,0,2,8,0,0,4,64,2,0,32,256,0,0,16,2,7,3,1,1,1,1,1,0,1,0,0,0
2228,6,zeros-la-3-0,zeros-la-3,171,2228,6,388,256,0,0,2,8,0,0,4,64,0,0,32,256,2,2,16,2,6,4,1,1,1,1,1,0,1,0,0,0
2232,6,zeros-la-3-0,zeros-la-3,172,2232,6,390,256,0,0,2,8,0,0,4,64,2,0,32,256,0,4,16,2,6,3,2,1,1,1,1,0,1,0,0,0
2232,5,zeros-la-3-0,zeros-la-3,173,2232,5,392,256,0,0,2,8,0,2,4,64,0,0,32,256,2,4,16,2,5,4,2,1,1,1,1,0,1,0,0,0
2232,4,zeros-la-3-0,zeros-la-3,174,2232,4,394,256,2,2,2,8,0,4,4,64,0,0,32,256,2,0,16,2,4,5,2,1,1,1,1,0,1,0,0,0
2244,5,zeros-la-3-0,zeros-la-3,175,2244,5,396,256,0,2,4,8,0,0,8,64,2,0,32,256,0,2,16,2,5,4,1,2,1,1,1,0,1,0,0,0
2248,5,zeros-la-3-0,zeros-la-3,176,2248,5,398,256,2,4,4,8,0,0,8,64,0,0,32,256,2,0,16,2,5,3,2,2,1,1,1,0,1,0,0,0
2256,5,zeros-la-3-0,zeros-la-3,177,2256,5,400,256,2,2,8,8,0,0,8,64,0,0,32,256,0,2,16,2,5,4,0,3,1,1,1,0,1,0,0,0
2276,6,zeros-la-3-0,zeros-la-3,178,2276,6,402,256,0,0,4,16,0,0,8,64,0,2,32,256,0,2,16,2,6,3,1,1,2,1,1,0,1,0,0,0
2280,6,zeros-la-3-0,zeros-la-3,179,2280,6,404,256,0,4,4,16,0,0,8,64,0,2,32,256,0,0,16,2,6,2,2,1,2,1,1,0,1,0,0,0
2288,6,zeros-la-3-0,zeros-la-3,180,2288,6,406,256,0,0,8,16,2,0,8,64,0,2,32,256,0,0,16,2,6,3,0,2,2,1,1,0,1,0,0,0
2304,6,zeros-la-3-0,zeros-la-3,181,2304,6,408,256,2,2,16,16,0,0,32,64,0,0,16,256,0,2,0,2,6,4,0,0,3,1,1,0,1,0,0,0
2344,8,zeros-la-3-0,zeros-la-3,182,2344,8,410,256,0,0,4,32,0,0,32,64,0,0,16,256,2,0,0,4,8,1,2,0,1,2,1,0,1,0,0,0
2344,7,zeros-la-3-0,zeros-la-3,183,2344,7,412,256,0,0,4,32,0,2,32,64,0,0,16,256,0,0,2,4,7,2,2,0,1,2,1,0,1,0,0,0
2344,6,zeros-la-3-0,zeros-la-3,184,2344,6,414,256,2,0,4,32,0,0,32,64,0,0,16,256,0,2,2,4,6,3,2,0,1,2,1,0,1,0,0,0
2348,6,zeros-la-3-0,zeros-la-3,185,2348,6,416,256,0,2,4,32,0,0,32,64,0,0,16,256,0,2,4,4,6,2,3,0,1,2,1,0,1,0,0,0
2352,6,zeros-la-3-0,zeros-la-3,186,2352,6,418,256,0,4,4,32,2,0,32,64,0,0,16,256,0,0,4,4,6,1,4,0,1,2,1,0,1,0,0,0
2368,7,zeros-la-3-0,zeros-la-3,187,2368,7,422,256,8,32,0,0,2,32,64,4,16,256,0,0,8,0,0,0,7,1,1,2,1,2,1,0,1,0,0,0
2432,7,zeros-la-3-0,zeros-la-3,188,2432,7,424,256,8,64,64,4,2,256,0,0,16,0,0,0,8,2,0,0,7,2,1,2,1,0,2,0,1,0,0,0
2560,7,zeros-la-3-0,zeros-la-3,189,2560,7,426,256,2,8,128,4,0,0,2,256,0,0,0,16,0,0,8,2,7,3,1,2,1,0,0,1,1,0,0,0
2560,6,zeros-la-3-0,zeros-la-3,190,2560,6,428,256,0,0,0,4,0,0,128,256,0,2,2,16,2,8,8,2,6,4,1,2,1,0,0,1,1,0,0,0
2580,7,zeros-la-3-0,zeros-la-3,191,2580,7,430,256,4,2,0,0,128,256,0,0,4,16,0,0,2,16,2,0,7,3,2,0,2,0,0,1,1,0,0,0
2612,7,zeros-la-3-0,zeros-la-3,192,2612,7,432,256,4,2,2,0,128,256,0,0,4,32,0,2,2,0,0,0,7,4,2,0,0,1,0,1,1,0,0,0
2616,7,zeros-la-3-0,zeros-la-3,193,2616,7,434,256,0,0,4,4,0,0,128,256,0,4,32,2,2,0,0,2,7,3,3,0,0,1,0,1,1,0,0,0
2628,8,zeros-la-3-0,zeros-la-3,194,2628,8,436,256,8,0,0,2,128,256,0,0,4,32,2,0,4,0,0,0,8,2,2,1,0,1,0,1,1,0,0,0
2636,8,zeros-la-3-0,zeros-la-3,195,2636,8,438,256,0,0,0,0,8,0,0,0,128,256,2,0,8,32,2,2,8,3,0,2,0,1,0,1,1,0,0,0
2640,8,zeros-la-3-0,zeros-la-3,196,2640,8,440,256,8,256,4,2,128,32,0,0,8,0,0,0,0,0,0,2,8,2,1,2,0,1,0,1,1,0,0,0
2644,8,zeros-la-3-0,zeros-la-3,197,2644,8,444,256,8,256,4,4,128,32,0,0,8,0,0,0,0,0,0,4,8,0,3,2,0,1,0,1,1,0,0,0
2652,8,zeros-la-3-0,zeros-la-3,198,2652,8,448,256,0,0,4,0,8,0,0,0,128,256,0,0,8,32,4,8,8,0,2,3,0,1,0,1,1,0,0,0
2660,8,zeros-la-3-0,zeros-la-3,199,2660,8,450,256,0,0,0,0,8,0,0,0,128,256,2,0,8,32,8,8,8,1,0,4,0,1,0,1,1,0,0,0
2676,8,zeros-la-3-0,zeros-la-3,200,2676,8,452,256,0,0,0,0,8,0,0,0,128,256,2,2,8,32,16,0,8,2,0,2,1,1,0,1,1,0,0,0
2680,8,zeros-la-3-0,zeros-la-3,201,2680,8,454,256,0,0,0,2,0,0,0,8,0,128,256,4,0,8,32,16,8,1,1,2,1,1,0,1,1,0,0,0
2680,7,zeros-la-3-0,zeros-la-3,202,2680,7,456,256,2,0,2,0,8,0,0,0,128,256,4,0,8,32,16,0,7,2,1,2,1,1,0,1,1,0,0,0
2684,7,zeros-la-3-0,zeros-la-3,203,2684,7,458,256,0,2,0,4,0,0,0,8,0,128,256,4,0,8,32,16,7,1,2,2,1,1,0,1,1,0,0,0
2684,6,zeros-la-3-0,zeros-la-3,204,2684,6,462,256,0,0,2,4,0,0,4,8,0,128,256,4,0,8,32,16,6,1,3,2,1,1,0,1,1,0,0,0
2684,5,zeros-la-3-0,zeros-la-3,205,2684,5,464,256,0,0,2,4,0,0,4,8,2,128,256,4,0,8,32,16,5,2,3,2,1,1,0,1,1,0,0,0
2684,4,zeros-la-3-0,zeros-la-3,206,2684,4,466,256,0,2,2,4,0,0,4,8,2,128,256,4,0,8,32,16,4,3,3,2,1,1,0,1,1,0,0,0
2688,4,zeros-la-3-0,zeros-la-3,207,2688,4,468,256,0,0,4,4,0,2,4,8,2,128,256,4,0,8,32,16,4,2,4,2,1,1,0,1,1,0,0,0
2696,4,zeros-la-3-0,zeros-la-3,208,2696,4,470,256,0,0,0,4,0,2,8,8,2,128,256,4,2,8,32,16,4,3,2,3,1,1,0,1,1,0,0,0
2712,4,zeros-la-3-0,zeros-la-3,209,2712,4,472,256,0,0,0,4,0,2,2,16,2,128,256,4,2,8,32,16,4,4,2,1,2,1,0,1,1,0,0,0
2716,4,zeros-la-3-0,zeros-la-3,210,2716,4,474,256,4,0,2,0,4,16,0,0,2,128,256,4,2,8,32,16,4,3,3,1,2,1,0,1,1,0,0,0
2728,5,zeros-la-3-0,zeros-la-3,211,2728,5,478,256,8,16,2,4,4,128,256,16,0,8,32,0,0,4,0,0,5,1,3,2,2,1,0,1,1,0,0,0
2728,4,zeros-la-3-0,zeros-la-3,212,2728,4,480,256,2,16,0,0,0,128,2,0,8,8,256,4,4,4,32,16,4,2,3,2,2,1,0,1,1,0,0,0
2752,5,zeros-la-3-0,zeros-la-3,213,2752,5,482,256,2,16,0,0,128,2,0,2,16,256,4,0,8,32,16,0,5,3,1,1,3,1,0,1,1,0,0,0
2756,5,zeros-la-3-0,zeros-la-3,214,2756,5,484,256,2,0,2,16,0,0,128,4,0,16,256,4,0,8,32,16,5,2,2,1,3,1,0,1,1,0,0,0
2764,5,zeros-la-3-0,zeros-la-3,215,2764,5,486,256,0,0,2,0,0,0,128,16,2,16,256,8,2,8,32,16,5,3,0,2,3,1,0,1,1,0,0,0
2764,4,zeros-la-3-0,zeros-la-3,216,2764,4,488,256,2,0,0,2,128,16,0,0,2,16,256,8,2,8,32,16,4,4,0,2,3,1,0,1,1,0,0,0
2800,5,zeros-la-3-0,zeros-la-3,217,2800,5,490,256,0,0,2,0,2,0,0,2,128,32,256,8,4,8,32,16,5,3,1,2,1,2,0,1,1,0,0,0
2804,5,zeros-la-3-0,zeros-la-3,218,2804,5,492,256,2,0,0,0,4,0,0,2,128,32,256,8,4,8,32,16,5,2,2,2,1,2,0,1,1,0,0,0
2804,4,zeros-la-3-0,zeros-la-3,219,2804,4,494,256,2,0,2,0,4,2,0,0,128,32,256,8,4,8,32,16,4,3,2,2,1,2,0,1,1,0,0,0
2808,4,zeros-la-3-0,zeros-la-3,220,2808,4,496,256,4,0,0,2,4,2,0,0,128,32,256,8,4,8,32,16,4,2,3,2,1,2,0,1,1,0,0,0
2816,4,zeros-la-3-0,zeros-la-3,221,2816,4,498,256,2,0,0,0,8,2,0,2,128,32,256,8,4,8,32,16,4,3,1,3,1,2,0,1,1,0,0,0
2820,4,zeros-la-3-0,zeros-la-3,222,2820,4,500,256,2,0,0,0,8,4,2,0,128,32,256,8,4,8,32,16,4,2,2,3,1,2,0,1,1,0,0,0
2820,3,zeros-la-3-0,zeros-la-3,223,2820,3,502,256,2,2,0,0,8,4,2,0,128,32,256,8,4,8,32,16,3,3,2,3,1,2,0,1,1,0,0,0
2824,3,zeros-la-3-0,zeros-la-3,224,2824,3,504,256,4,0,2,0,8,4,2,0,128,32,256,8,4,8,32,16,3,2,3,3,1,2,0,1,1,0,0,0
2828,3,zeros-la-3-0,zeros-la-3,225,2828,3,506,256,4,2,0,0,8,4,4,0,128,32,256,8,4,8,32,16,3,1,4,3,1,2,0,1,1,0,0,0
2836,3,zeros-la-3-0,zeros-la-3,226,2836,3,508,256,4,2,2,0,8,8,0,0,128,32,256,8,4,8,32,16,3,2,2,4,1,2,0,1,1,0,0,0
2856,4,zeros-la-3-0,zeros-la-3,227,2856,4,510,256,4,4,2,0,16,0,0,0,128,32,256,8,4,8,32,16,4,1,3,2,2,2,0,1,1,0,0,0
2864,4,zeros-la-3-0,zeros-la-3,228,2864,4,512,256,8,2,0,0,16,0,2,0,128,32,256,8,4,8,32,16,4,2,1,3,2,2,0,1,1,0,0,0
2864,3,zeros-la-3-0,zeros-la-3,229,2864,3,514,256,8,2,0,2,16,2,0,0,128,32,256,8,4,8,32,16,3,3,1,3,2,2,0,1,1,0,0,0
2868,3,zeros-la-3-0,zeros-la-3,230,2868,3,516,256,8,4,256,2,16,32,32,8,128,8,0,16,4,0,0,2,3,2,2,3,2,2,0,1,1,0,0,0
2932,3,zeros-la-3-0,zeros-la-3,231,2932,3,518,256,8,4,256,2,16,64,8,0,128,8,16,2,4,2,0,0,3,3,2,3,2,0,1,1,1,0,0,0
2936,3,zeros-la-3-0,zeros-la-3,232,2936,3,520,256,8,4,0,0,16,64,256,0,128,8,8,2,4,2,16,4,3,2,3,3,2,0,1,1,1,0,0,0
2952,3,zeros-la-3-0,zeros-la-3,233,2952,3,522,256,0,0,8,4,0,16,64,256,2,128,16,2,4,2,16,4,3,3,3,1,3,0,1,1,1,0,0,0
2984,3,zeros-la-3-0,zeros-la-3,234,2984,3,524,256,2,0,0,4,0,16,8,256,2,128,64,2,4,2,32,4,3,4,3,1,1,1,1,1,1,0,0,0
2988,3,zeros-la-3-0,zeros-la-3,235,2988,3,526,256,4,16,8,4,4,128,64,256,0,2,32,2,2,0,0,4,3,3,4,1,1,1,1,1,1,0,0,0
2988,2,zeros-la-3-0,zeros-la-3,236,2988,2,530,256,4,16,8,4,4,128,64,256,2,32,2,0,2,4,4,0,2,3,5,1,1,1,1,1,1,0,0,0
3000,3,zeros-la-3-0,zeros-la-3,237,3000,3,532,256,8,16,8,4,4,128,64,256,0,32,2,0,0,4,4,2,3,2,4,2,1,1,1,1,1,0,0,0
3000,2,zeros-la-3-0,zeros-la-3,238,3000,2,534,256,8,16,8,4,4,128,64,256,0,32,2,2,2,4,4,0,2,3,4,2,1,1,1,1,1,0,0,0
3012,3,zeros-la-3-0,zeros-la-3,239,3012,3,536,256,8,16,8,4,4,128,64,256,0,2,32,4,0,0,2,8,3,2,3,3,1,1,1,1,1,0,0,0
3012,2,zeros-la-3-0,zeros-la-3,240,3012,2,538,256,8,16,8,4,4,128,64,256,2,32,4,2,2,8,0,0,2,3,3,3,1,1,1,1,1,0,0,0
3016,2,zeros-la-3-0,zeros-la-3,241,3016,2,540,256,8,16,8,4,4,128,64,256,4,32,4,2,2,8,0,0,2,2,4,3,1,1,1,1,1,0,0,0
3024,2,zeros-la-3-0,zeros-la-3,242,3024,2,542,256,8,16,8,4,8,128,64,256,2,32,4,2,0,8,0,2,2,3,2,4,1,1,1,1,1,0,0,0
3044,3,zeros-la-3-0,zeros-la-3,243,3044,3,544,256,16,16,8,4,2,128,64,256,0,32,4,4,0,8,2,0,3,2,3,2,2,1,1,1,1,0,0,0
3084,4,zeros-la-3-0,zeros-la-3,244,3084,4,546,256,32,8,4,0,2,128,64,256,32,8,0,0,8,2,2,0,4,3,1,3,0,2,1,1,1,0,0,0
3088,4,zeros-la-3-0,zeros-la-3,245,3088,4,548,256,2,32,8,4,2,128,64,256,0,0,32,8,0,0,8,4,4,2,2,3,0,2,1,1,1,0,0,0
3092,4,zeros-la-3-0,zeros-la-3,246,3092,4,550,256,0,0,8,4,0,2,64,256,0,32,32,8,4,128,8,4,4,1,3,3,0,2,1,1,1,0,0,0
3156,4,zeros-la-3-0,zeros-la-3,247,3156,4,552,256,0,0,8,4,0,2,64,256,2,0,64,8,4,128,8,4,4,2,3,3,0,0,2,1,1,0,0,0
3284,4,zeros-la-3-0,zeros-la-3,248,3284,4,554,256,2,2,8,4,4,128,128,256,0,2,8,8,0,0,0,4,4,3,3,3,0,0,0,2,1,0,0,0
3560,6,zeros-la-3-0,zeros-la-3,249,3560,6,556,256,0,4,8,4,0,4,256,256,2,0,2,16,0,0,0,4,6,2,4,1,1,0,0,0,2,0,0,0
4076,7,zeros-la-3-0,zeros-la-3,250,4076,7,558,512,4,8,4,0,4,512,0,0,4,16,2,0,4,0,0,0,7,1,5,1,1,0,0,0,0,1,0,0
4092,8,zeros-la-3-0,zeros-la-3,251,4092,8,560,512,0,0,0,0,0,8,2,0,8,512,4,0,8,16,2,0,8,2,1,3,1,0,0,0,0,1,0,0
4108,8,zeros-la-3-0,zeros-la-3,252,4108,8,562,512,16,8,2,0,0,512,4,2,0,16,2,0,0,0,0,0,8,3,1,1,2,0,0,0,0,1,0,0
4108,7,zeros-la-3-0,zeros-la-3,253,4108,7,564,512,0,0,0,0,0,8,2,0,0,512,4,2,16,16,2,2,7,4,1,1,2,0,0,0,0,1,0,0
4144,8,zeros-la-3-0,zeros-la-3,254,4144,8,566,512,0,0,0,0,8,2,0,2,512,4,2,0,32,4,0,0,8,3,2,1,0,1,0,0,0,1,0,0
4152,8,zeros-la-3-0,zeros-la-3,255,4152,8,568,512,0,0,0,0,8,2,0,0,512,2,0,0,32,8,2,2,8,4,0,2,0,1,0,0,0,1,0,0
4156,8,zeros-la-3-0,zeros-la-3,256,4156,8,570,512,0,0,0,2,8,0,0,0,512,4,0,0,32,8,2,2,8,3,1,2,0,1,0,0,0,1,0,0
4160,8,zeros-la-3-0,zeros-la-3,257,4160,8,572,512,0,0,0,2,0,0,2,8,0,0,512,4,0,32,8,4,8,2,2,2,0,1,0,0,0,1,0,0
4168,8,zeros-la-3-0,zeros-la-3,258,4168,8,574,512,0,0,2,0,0,0,2,2,0,0,512,8,0,32,8,8,8,3,0,3,0,1,0,0,0,1,0,0
4188,9,zeros-la-3-0,zeros-la-3,259,4188,9,578,512,2,4,0,0,4,0,0,0,512,8,0,0,32,16,0,0,9,1,2,1,1,1,0,0,0,1,0,0
4188,8,zeros-la-3-0,zeros-la-3,260,4188,8,580,512,2,0,2,4,0,0,0,4,0,0,512,8,0,0,32,16,8,2,2,1,1,1,0,0,0,1,0,0
4196,8,zeros-la-3-0,zeros-la-3,261,4196,8,582,512,2,0,2,8,0,2,512,8,0,0,32,16,0,0,0,0,8,3,0,2,1,1,0,0,0,1,0,0
4212,8,zeros-la-3-0,zeros-la-3,262,4212,8,586,512,0,0,0,4,0,0,2,0,0,0,512,16,2,2,32,16,8,3,1,0,2,1,0,0,0,1,0,0
4244,8,zeros-la-3-0,zeros-la-3,263,4244,8,588,512,0,0,2,0,0,0,2,0,0,0,512,4,2,2,32,32,8,4,1,0,0,2,0,0,0,1,0,0
4312,9,zeros-la-3-0,zeros-la-3,264,4312,9,590,512,0,0,0,2,0,0,0,2,0,2,512,4,0,0,4,64,9,3,2,0,0,0,1,0,0,1,0,0
4316,9,zeros-la-3-0,zeros-la-3,265,4316,9,592,512,0,0,2,0,0,0,0,4,0,0,512,4,0,2,4,64,9,2,3,0,0,0,1,0,0,1,0,0
4324,9,zeros-la-3-0,zeros-la-3,266,4324,9,596,512,0,0,0,0,0,0,2,0,0,4,512,8,0,2,4,64,9,2,2,1,0,0,1,0,0,1,0,0
4324,8,zeros-la-3-0,zeros-la-3,267,4324,8,598,512,0,0,0,0,2,0,2,0,0,4,512,8,0,2,4,64,8,3,2,1,0,0,1,0,0,1,0,0
4324,7,zeros-la-3-0,zeros-la-3,268,4324,7,600,512,0,0,0,0,2,0,2,0,0,4,512,8,2,2,4,64,7,4,2,1,0,0,1,0,0,1,0,0
4332,8,zeros-la-3-0,zeros-la-3,269,4332,8,602,512,0,0,0,0,4,0,2,0,4,512,8,0,4,4,64,0,8,1,4,1,0,0,1,0,0,1,0,0
4340,8,zeros-la-3-0,zeros-la-3,270,4340,8,604,512,8,512,2,0,4,4,8,0,0,0,64,0,0,0,0,2,8,2,2,2,0,0,1,0,0,1,0,0
4348,8,zeros-la-3-0,zeros-la-3,271,4348,8,606,512,8,512,2,0,8,8,0,2,64,0,0,0,2,0,0,0,8,3,0,3,0,0,1,0,0,1,0,0
4364,8,zeros-la-3-0,zeros-la-3,272,4364,8,608,512,16,512,2,2,64,8,0,0,2,0,0,0,2,0,0,0,8,4,0,1,1,0,1,0,0,1,0,0
4368,8,zeros-la-3-0,zeros-la-3,273,4368,8,610,512,16,512,4,0,64,8,0,0,2,2,0,0,2,0,0,0,8,3,1,1,1,0,1,0,0,1,0,0
4372,8,zeros-la-3-0,zeros-la-3,274,4372,8,612,512,16,512,4,0,64,8,0,2,4,0,0,0,2,0,0,0,8,2,2,1,1,0,1,0,0,1,0,0
4372,7,zeros-la-3-0,zeros-la-3,275,4372,7,614,512,16,512,4,2,64,8,0,0,4,0,0,0,2,2,0,0,7,3,2,1,1,0,1,0,0,1,0,0
4376,7,zeros-la-3-0,zeros-la-3,276,4376,7,616,512,16,512,4,2,64,8,0,0,4,0,2,0,4,0,0,0,7,2,3,1,1,0,1,0,0,1,0,0
4384,7,zeros-la-3-0,zeros-la-3,277,4384,7,620,512,0,0,0,0,16,0,4,0,64,512,4,0,8,8,2,2,7,2,2,2,1,0,1,0,0,1,0,0
4404,8,zeros-la-3-0,zeros-la-3,278,4404,8,622,512,0,0,0,0,0,0,16,4,0,64,512,4,2,0,16,4,8,1,3,0,2,0,1,0,0,1,0,0
4412,8,zeros-la-3-0,zeros-la-3,279,4412,8,624,512,0,0,0,0,0,0,16,0,2,0,512,4,2,64,16,8,8,2,1,1,2,0,1,0,0,1,0,0
4416,8,zeros-la-3-0,zeros-la-3,280,4416,8,626,512,4,64,16,4,2,0,512,8,0,0,16,0,0,0,0,0,8,1,2,1,2,0,1,0,0,1,0,0
4416,7,zeros-la-3-0,zeros-la-3,281,4416,7,630,512,4,64,16,4,0,2,512,8,0,0,0,16,4,0,0,0,7,1,3,1,2,0,1,0,0,1,0,0
4424,7,zeros-la-3-0,zeros-la-3,282,4424,7,632,512,0,0,0,0,0,2,0,4,0,64,16,8,8,2,512,16,7,2,1,2,2,0,1,0,0,1,0,0
4424,6,zeros-la-3-0,zeros-la-3,283,4424,6,634,512,0,0,0,0,2,0,2,4,0,64,16,8,8,2,512,16,6,3,1,2,2,0,1,0,0,1,0,0
4428,6,zeros-la-3-0,zeros-la-3,284,4428,6,636,512,0,0,0,0,0,0,4,4,2,64,16,8,8,2,512,16,6,2,2,2,2,0,1,0,0,1,0,0
4436,6,zeros-la-3-0,zeros-la-3,285,4436,6,638,512,2,0,0,0,0,0,0,8,2,64,16,8,8,2,512,16,6,3,0,3,2,0,1,0,0,1,0,0
4456,7,zeros-la-3-0,zeros-la-3,286,4456,7,640,512,0,0,2,0,0,0,0,0,4,64,16,16,8,2,512,16,7,2,1,1,3,0,1,0,0,1,0,0
4488,7,zeros-la-3-0,zeros-la-3,287,4488,7,642,512,0,0,0,0,0,2,2,0,4,64,16,0,8,2,512,32,7,3,1,1,1,1,1,0,0,1,0,0
4492,7,zeros-la-3-0,zeros-la-3,288,4492,7,644,512,0,0,0,2,4,0,0,0,4,64,16,0,8,2,512,32,7,2,2,1,1,1,1,0,0,1,0,0
4500,7,zeros-la-3-0,zeros-la-3,289,4500,7,646,512,0,0,0,0,0,0,0,2,8,64,16,2,8,2,512,32,7,3,0,2,1,1,1,0,0,1,0,0
4520,8,zeros-la-3-0,zeros-la-3,290,4520,8,650,512,16,64,16,4,4,2,512,32,0,0,0,0,0,0,0,0,8,1,2,0,2,1,1,0,0,1,0,0
4520,7,zeros-la-3-0,zeros-la-3,291,4520,7,652,512,16,64,16,4,4,2,512,32,0,0,2,0,0,0,0,0,7,2,2,0,2,1,1,0,0,1,0,0
4520,6,zeros-la-3-0,zeros-la-3,292,4520,6,654,512,16,64,16,4,4,2,512,32,0,0,2,0,0,2,0,0,6,3,2,0,2,1,1,0,0,1,0,0
4524,6,zeros-la-3-0,zeros-la-3,293,4524,6,656,512,16,64,16,4,4,4,512,32,0,2,2,0,0,0,0,0,6,2,3,0,2,1,1,0,0,1,0,0
4536,7,zeros-la-3-0,zeros-la-3,294,4536,7,658,512,16,64,16,4,8,512,32,2,4,0,0,0,0,0,0,0,7,1,2,1,2,1,1,0,0,1,0,0
4536,6,zeros-la-3-0,zeros-la-3,295,4536,6,660,512,16,64,16,4,8,512,32,2,4,0,0,2,0,0,0,0,6,2,2,1,2,1,1,0,0,1,0,0
4540,6,zeros-la-3-0,zeros-la-3,296,4540,6,662,512,16,64,16,4,8,512,32,4,4,0,0,0,2,0,0,0,6,1,3,1,2,1,1,0,0,1,0,0
4548,6,zeros-la-3-0,zeros-la-3,297,4548,6,664,512,16,64,16,8,8,512,32,0,4,0,0,0,2,0,0,2,6,2,1,2,2,1,1,0,0,1,0,0
4552,6,zeros-la-3-0,zeros-la-3,298,4552,6,666,512,16,64,16,8,8,512,32,0,4,0,0,0,4,0,2,0,6,1,2,2,2,1,1,0,0,1,0,0
4560,6,zeros-la-3-0,zeros-la-3,299,4560,6,668,512,16,64,16,8,8,512,32,2,8,0,2,0,0,0,0,0,6,2,0,3,2,1,1,0,0,1,0,0
4576,6,zeros-la-3-0,zeros-la-3,300,4576,6,670,512,0,0,0,0,0,2,16,0,16,64,32,8,16,512,2,2,6,3,0,1,3,1,1,0,0,1,0,0
4580,6,zeros-la-3-0,zeros-la-3,301,4580,6,674,512,4,0,0,0,2,16,0,0,16,64,32,8,16,512,4,0,6,1,2,1,3,1,1,0,0,1,0,0
4612,6,zeros-la-3-0,zeros-la-3,302,4612,6,676,512,0,0,0,0,4,16,0,2,2,64,32,0,32,512,4,8,6,2,2,1,1,2,1,0,0,1,0,0
4612,5,zeros-la-3-0,zeros-la-3,303,4612,5,680,512,0,0,0,0,4,16,2,0,2,64,32,4,32,512,4,8,5,2,3,1,1,2,1,0,0,1,0,0
4612,4,zeros-la-3-0,zeros-la-3,304,4612,4,682,512,2,0,0,0,4,16,2,0,2,64,32,4,32,512,4,8,4,3,3,1,1,2,1,0,0,1,0,0
4612,3,zeros-la-3-0,zeros-la-3,305,4612,3,684,512,0,0,0,2,2,4,16,2,2,64,32,4,32,512,4,8,3,4,3,1,1,2,1,0,0,1,0,0
4620,4,zeros-la-3-0,zeros-la-3,306,4620,4,686,512,4,4,16,4,32,64,32,4,0,512,4,8,2,0,0,0,4,1,5,1,1,2,1,0,0,1,0,0
4628,4,zeros-la-3-0,zeros-la-3,307,4628,4,688,512,4,4,16,8,32,64,32,8,2,512,4,0,2,0,0,0,4,2,3,2,1,2,1,0,0,1,0,0
4648,5,zeros-la-3-0,zeros-la-3,308,4648,5,690,512,4,4,16,16,32,64,32,0,4,512,4,0,0,0,0,2,5,1,4,0,2,2,1,0,0,1,0,0
4688,6,zeros-la-3-0,zeros-la-3,309,4688,6,692,512,0,2,8,32,0,32,64,32,0,4,512,4,0,0,0,2,6,2,2,1,0,3,1,0,0,1,0,0
4688,5,zeros-la-3-0,zeros-la-3,310,4688,5,694,512,0,2,8,32,2,32,64,32,0,4,512,4,0,0,0,2,5,3,2,1,0,3,1,0,0,1,0,0
4752,5,zeros-la-3-0,zeros-la-3,311,4752,5,696,512,2,2,8,64,0,32,64,4,0,4,512,2,2,0,0,0,5,4,2,1,0,1,2,0,0,1,0,0
4756,5,zeros-la-3-0,zeros-la-3,312,4756,5,698,512,0,0,0,2,0,2,8,64,0,32,64,4,4,4,512,2,5,3,3,1,0,1,2,0,0,1,0,0
4764,5,zeros-la-3-0,zeros-la-3,313,4764,5,700,512,2,0,0,0,2,8,64,0,32,64,4,2,8,512,2,0,5,4,1,2,0,1,2,0,0,1,0,0
4768,5,zeros-la-3-0,zeros-la-3,314,4768,5,704,512,0,0,0,0,4,8,64,4,32,64,4,0,8,512,2,2,5,2,3,2,0,1,2,0,0,1,0,0
4772,5,zeros-la-3-0,zeros-la-3,315,4772,5,706,512,2,0,0,0,4,8,64,4,0,32,64,4,0,8,512,4,5,1,4,2,0,1,2,0,0,1,0,0
4908,6,zeros-la-3-0,zeros-la-3,316,4908,6,710,512,2,8,128,8,4,32,512,4,0,8,0,0,0,4,0,0,6,1,3,3,0,1,0,1,0,1,0,0
4908,5,zeros-la-3-0,zeros-la-3,317,4908,5,714,512,0,8,4,0,0,32,0,0,2,8,128,8,4,4,512,4,5,1,4,3,0,1,0,1,0,1,0,0
4916,5,zeros-la-3-0,zeros-la-3,318,4916,5,716,512,0,0,8,4,2,0,0,32,2,8,128,8,0,8,512,4,5,2,2,4,0,1,0,1,0,1,0,0
4936,6,zeros-la-3-0,zeros-la-3,319,4936,6,718,512,4,16,8,4,0,0,128,32,0,0,512,8,0,0,2,4,6,1,3,2,1,1,0,1,0,1,0,0
4936,5,zeros-la-3-0,zeros-la-3,320,4936,5,720,512,4,16,8,4,0,0,128,32,2,0,512,8,0,0,2,4,5,2,3,2,1,1,0,1,0,1,0,0
4936,4,zeros-la-3-0,zeros-la-3,321,4936,4,722,512,4,16,8,4,128,32,0,0,2,512,8,0,2,4,2,0,4,3,3,2,1,1,0,1,0,1,0,0
4956,5,zeros-la-3-0,zeros-la-3,322,4956,5,724,512,4,16,16,4,128,32,2,0,4,512,0,0,2,4,0,0,5,2,4,0,2,1,0,1,0,1,0,0
4988,5,zeros-la-3-0,zeros-la-3,323,4988,5,726,512,4,32,4,0,128,32,2,0,4,512,0,2,2,4,0,0,5,3,4,0,0,2,0,1,0,1,0,0
5052,5,zeros-la-3-0,zeros-la-3,324,5052,5,728,512,4,64,4,2,128,512,2,0,4,4,0,0,2,0,0,2,5,4,4,0,0,0,1,1,0,1,0,0
5056,5,zeros-la-3-0,zeros-la-3,325,5056,5,730,512,4,64,4,4,128,512,2,0,4,4,2,0,2,0,0,0,5,3,5,0,0,0,1,1,0,1,0,0
5072,6,zeros-la-3-0,zeros-la-3,326,5072,6,732,512,4,64,8,2,128,512,2,0,8,2,0,0,2,0,0,0,6,4,1,2,0,0,1,1,0,1,0,0
5072,5,zeros-la-3-0,zeros-la-3,327,5072,5,734,512,4,0,2,0,128,64,0,0,8,512,8,0,2,2,2,2,5,5,1,2,0,0,1,1,0,1,0,0
5080,6,zeros-la-3-0,zeros-la-3,328,5080,6,736,512,4,2,0,0,128,64,0,0,8,512,8,2,4,4,0,0,6,2,3,2,0,0,1,1,0,1,0,0
5080,5,zeros-la-3-0,zeros-la-3,329,5080,5,738,512,4,2,0,0,128,64,0,0,8,512,0,2,4,4,8,2,5,3,3,2,0,0,1,1,0,1,0,0
5088,5,zeros-la-3-0,zeros-la-3,330,5088,5,740,512,4,2,0,0,128,64,0,0,8,512,2,2,8,8,2,0,5,4,1,3,0,0,1,1,0,1,0,0
5108,6,zeros-la-3-0,zeros-la-3,331,5108,6,742,512,0,2,0,0,4,64,0,0,128,512,2,0,16,8,4,2,6,3,2,1,1,0,1,1,0,1,0,0
5108,5,zeros-la-3-0,zeros-la-3,332,5108,5,744,512,2,0,0,2,0,0,4,64,0,128,512,2,16,8,4,2,5,4,2,1,1,0,1,1,0,1,0,0
5112,5,zeros-la-3-0,zeros-la-3,333,5112,5,746,512,0,2,0,0,0,0,4,2,2,128,512,64,16,8,4,4,5,3,3,1,1,0,1,1,0,1,0,0
5120,5,zeros-la-3-0,zeros-la-3,334,5120,5,748,512,0,0,2,2,0,0,4,2,2,128,512,64,0,16,8,8,5,4,1,2,1,0,1,1,0,1,0,0
5140,6,zeros-la-3-0,zeros-la-3,335,5140,6,750,512,4,0,0,0,4,2,2,0,2,128,512,64,16,16,0,0,6,3,2,0,2,0,1,1,0,1,0,0
5176,7,zeros-la-3-0,zeros-la-3,336,5176,7,754,512,4,0,0,4,0,0,4,4,2,128,512,64,0,0,0,32,7,1,4,0,0,1,1,1,0,1,0,0
5192,8,zeros-la-3-0,zeros-la-3,337,5192,8,756,512,0,0,0,8,0,0,0,8,2,128,512,64,2,0,0,32,8,2,0,2,0,1,1,1,0,1,0,0
5212,9,zeros-la-3-0,zeros-la-3,338,5212,9,758,512,4,128,512,16,0,0,0,64,0,0,0,32,0,0,2,0,9,1,1,0,1,1,1,1,0,1,0,0
5212,8,zeros-la-3-0,zeros-la-3,339,5212,8,760,512,4,128,512,16,2,0,0,64,0,0,0,32,0,0,0,2,8,2,1,0,1,1,1,1,0,1,0,0
5212,7,zeros-la-3-0,zeros-la-3,340,5212,7,762,512,4,128,512,16,2,0,2,64,0,0,0,32,0,0,0,2,7,3,1,0,1,1,1,1,0,1,0,0
5216,7,zeros-la-3-0,zeros-la-3,341,5216,7,764,512,4,128,512,16,4,64,0,0,32,0,0,0,2,0,0,2,7,2,2,0,1,1,1,1,0,1,0,0
5224,7,zeros-la-3-0,zeros-la-3,342,5224,7,766,512,8,128,512,16,32,64,2,2,2,0,0,0,0,0,0,0,7,3,0,1,1,1,1,1,0,1,0,0
5228,7,zeros-la-3-0,zeros-la-3,343,5228,7,768,512,8,128,512,16,32,64,4,0,2,0,0,0,0,0,0,2,7,2,1,1,1,1,1,1,0,1,0,0
5228,6,zeros-la-3-0,zeros-la-3,344,5228,6,770,512,8,128,512,16,2,32,64,4,0,0,0,2,0,0,0,2,6,3,1,1,1,1,1,1,0,1,0,0
5232,6,zeros-la-3-0,zeros-la-3,345,5232,6,772,512,8,128,512,16,2,32,64,4,0,0,0,4,0,0,2,0,6,2,2,1,1,1,1,1,0,1,0,0
5240,6,zeros-la-3-0,zeros-la-3,346,5240,6,774,512,8,128,512,16,2,32,64,8,0,0,2,0,0,2,0,0,6,3,0,2,1,1,1,1,0,1,0,0
5240,5,zeros-la-3-0,zeros-la-3,347,5240,5,778,512,8,128,512,16,2,32,64,8,0,4,0,2,0,0,0,2,5,3,1,2,1,1,1,1,0,1,0,0
5244,5,zeros-la-3-0,zeros-la-3,348,5244,5,780,512,8,128,512,16,2,32,64,8,0,4,0,4,0,0,2,0,5,2,2,2,1,1,1,1,0,1,0,0
5252,5,zeros-la-3-0,zeros-la-3,349,5252,5,782,512,8,128,512,16,2,32,64,8,2,0,0,8,0,0,0,2,5,3,0,3,1,1,1,1,0,1,0,0
5272,6,zeros-la-3-0,zeros-la-3,350,5272,6,786,512,8,128,512,16,4,32,64,16,0,0,0,2,0,4,0,0,6,1,2,1,2,1,1,1,0,1,0,0
5272,5,zeros-la-3-0,zeros-la-3,351,5272,5,788,512,8,128,512,16,4,32,64,16,0,0,0,2,0,2,0,4,5,2,2,1,2,1,1,1,0,1,0,0
5272,4,zeros-la-3-0,zeros-la-3,352,5272,4,790,512,8,128,512,16,4,32,64,16,2,0,0,2,2,4,0,0,4,3,2,1,2,1,1,1,0,1,0,0
5276,4,zeros-la-3-0,zeros-la-3,353,5276,4,792,512,8,128,512,16,4,32,64,16,0,0,0,4,2,0,2,4,4,2,3,1,2,1,1,1,0,1,0,0
5280,4,zeros-la-3-0,zeros-la-3,354,5280,4,794,512,8,128,512,16,4,32,64,16,4,0,0,2,4,4,0,0,4,1,4,1,2,1,1,1,0,1,0,0
5320,5,zeros-la-3-0,zeros-la-3,355,5320,5,796,512,8,128,512,32,8,32,64,2,4,4,2,0,0,0,0,0,5,2,2,2,0,2,1,1,0,1,0,0
5328,5,zeros-la-3-0,zeros-la-3,356,5328,5,800,512,8,128,512,32,8,32,64,2,8,2,0,0,0,0,4,0,5,2,1,3,0,2,1,1,0,1,0,0
5344,5,zeros-la-3-0,zeros-la-3,357,5344,5,802,512,16,128,512,32,8,32,64,2,0,2,4,0,0,0,0,2,5,3,1,1,1,2,1,1,0,1,0,0
5348,5,zeros-la-3-0,zeros-la-3,358,5348,5,804,512,0,0,0,0,2,128,512,0,16,32,64,32,8,2,4,4,5,2,2,1,1,2,1,1,0,1,0,0
5356,5,zeros-la-3-0,zeros-la-3,359,5356,5,806,512,0,0,2,0,0,2,128,512,16,32,64,32,0,8,2,8,5,3,0,2,1,2,1,1,0,1,0,0
5356,4,zeros-la-3-0,zeros-la-3,360,5356,4,808,512,16,2,2,512,0,32,128,32,0,8,64,8,0,2,2,0,4,4,0,2,1,2,1,1,0,1,0,0
5364,5,zeros-la-3-0,zeros-la-3,361,5364,5,812,512,4,16,4,512,0,32,128,32,0,8,64,8,0,0,0,4,5,0,3,2,1,2,1,1,0,1,0,0
5364,4,zeros-la-3-0,zeros-la-3,362,5364,4,814,512,4,16,4,512,0,32,128,32,2,8,64,8,0,0,0,4,4,1,3,2,1,2,1,1,0,1,0,0
5364,3,zeros-la-3-0,zeros-la-3,363,5364,3,818,512,4,16,4,512,0,32,128,32,2,8,64,8,0,4,0,4,3,1,4,2,1,2,1,1,0,1,0,0
5372,3,zeros-la-3-0,zeros-la-3,364,5372,3,820,512,4,16,4,512,0,32,128,32,2,8,64,8,0,0,2,8,3,2,2,3,1,2,1,1,0,1,0,0
5388,3,zeros-la-3-0,zeros-la-3,365,5388,3,822,512,4,16,4,512,2,32,128,32,0,8,64,16,0,0,2,2,3,3,2,1,2,2,1,1,0,1,0,0
5392,3,zeros-la-3-0,zeros-la-3,366,5392,3,824,512,4,16,4,512,2,32,128,32,8,64,16,0,4,2,0,0,3,2,3,1,2,2,1,1,0,1,0,0
5392,2,zeros-la-3-0,zeros-la-3,367,5392,2,826,512,4,16,4,512,2,32,128,32,2,8,64,16,0,0,4,2,2,3,3,1,2,2,1,1,0,1,0,0
5396,2,zeros-la-3-0,zeros-la-3,368,5396,2,828,512,0,0,4,512,2,16,128,32,4,32,64,16,4,8,4,2,2,2,4,1,2,2,1,1,0,1,0,0
5404,2,zeros-la-3-0,zeros-la-3,369,5404,2,830,512,0,0,4,512,2,16,128,32,2,32,64,16,8,8,4,2,2,3,2,2,2,2,1,1,0,1,0,0
5420,2,zeros-la-3-0,zeros-la-3,370,5420,2,832,512,4,512,2,0,2,16,128,32,2,32,64,16,16,4,2,0,2,4,2,0,3,2,1,1,0,1,0,0
5424,2,zeros-la-3-0,zeros-la-3,371,5424,2,834,512,4,512,2,32,4,16,128,16,16,32,64,0,2,4,2,0,2,3,3,0,3,2,1,1,0,1,0,0
5432,2,zeros-la-3-0,zeros-la-3,372,5432,2,836,512,8,512,2,32,16,16,128,16,2,32,64,0,2,4,2,0,2,4,1,1,3,2,1,1,0,1,0,0
5436,2,zeros-la-3-0,zeros-la-3,373,5436,2,838,512,8,512,2,32,16,16,128,16,4,32,64,0,2,4,2,0,2,3,2,1,3,2,1,1,0,1,0,0
5468,2,zeros-la-3-0,zeros-la-3,374,5468,2,840,512,8,512,2,32,2,32,128,16,0,4,32,64,0,2,4,2,2,4,2,1,1,3,1,1,0,1,0,0
5468,1,zeros-la-3-0,zeros-la-3,375,5468,1,842,512,8,512,2,32,2,32,128,16,4,32,64,0,2,4,2,2,1,5,2,1,1,3,1,1,0,1,0,0
5532,1,zeros-la-3-0,zeros-la-3,376,5532,1,844,512,8,0,2,2,2,512,128,32,4,64,64,16,2,4,2,2,1,6,2,1,1,1,2,1,0,1,0,0
5668,3,zeros-la-3-0,zeros-la-3,377,5668,3,846,512,2,0,8,4,2,512,128,32,0,4,128,16,0,2,4,4,3,3,4,1,1,1,0,2,0,1,0,0
5928,4,zeros-la-3-0,zeros-la-3,378,5928,4,848,512,0,0,2,4,0,512,8,32,0,4,256,16,4,2,4,4,4,2,5,1,1,1,0,0,1,1,0,0
5936,4,zeros-la-3-0,zeros-la-3,379,5936,4,850,512,0,2,2,4,0,512,8,32,0,4,256,16,0,4,2,8,4,3,3,2,1,1,0,0,1,1,0,0
5940,4,zeros-la-3-0,zeros-la-3,380,5940,4,852,512,0,2,4,4,0,512,8,32,0,4,256,16,0,4,2,8,4,2,4,2,1,1,0,0,1,1,0,0
5948,4,zeros-la-3-0,zeros-la-3,381,5948,4,854,512,0,0,2,8,2,512,8,32,0,4,256,16,0,4,2,8,4,3,2,3,1,1,0,0,1,1,0,0
5956,4,zeros-la-3-0,zeros-la-3,382,5956,4,856,512,2,512,2,8,0,8,8,32,2,0,256,16,0,0,2,8,4,4,0,4,1,1,0,0,1,1,0,0
5972,4,zeros-la-3-0,zeros-la-3,383,5972,4,858,512,2,512,2,8,2,0,16,32,0,2,256,16,0,0,2,8,4,5,0,2,2,1,0,0,1,1,0,0
5976,4,zeros-la-3-0,zeros-la-3,384,5976,4,860,512,0,0,2,8,0,0,16,32,2,512,256,16,4,2,2,8,4,4,1,2,2,1,0,0,1,1,0,0
5980,4,zeros-la-3-0,zeros-la-3,385,5980,4,862,512,2,0,2,8,0,0,16,32,2,512,256,16,0,4,4,8,4,3,2,2,2,1,0,0,1,1,0,0
5992,5,zeros-la-3-0,zeros-la-3,386,5992,5,864,512,0,0,4,8,0,2,16,32,2,512,256,16,0,0,8,8,5,2,1,3,2,1,0,0,1,1,0,0
6008,5,zeros-la-3-0,zeros-la-3,387,6008,5,866,512,0,0,4,8,0,2,16,32,2,512,256,16,0,2,0,16,5,3,1,1,3,1,0,0,1,1,0,0
6040,5,zeros-la-3-0,zeros-la-3,388,6040,5,868,512,2,2,4,8,0,512,16,32,0,2,256,32,0,2,0,0,5,4,1,1,1,2,0,0,1,1,0,0
6044,5,zeros-la-3-0,zeros-la-3,389,6044,5,870,512,4,4,8,0,512,16,32,2,2,256,32,0,2,0,0,0,5,3,2,1,1,2,0,0,1,1,0,0
6052,5,zeros-la-3-0,zeros-la-3,390,6052,5,872,512,8,8,0,0,512,16,32,2,2,256,32,2,2,0,0,0,5,4,0,2,1,2,0,0,1,1,0,0
6124,7,zeros-la-3-0,zeros-la-3,391,6124,7,874,512,0,0,0,0,8,8,0,2,512,16,0,0,4,256,64,4,7,1,2,2,1,0,1,0,1,1,0,0
6124,6,zeros-la-3-0,zeros-la-3,392,6124,6,876,512,2,0,0,0,8,8,0,0,512,16,0,2,4,256,64,4,6,2,2,2,1,0,1,0,1,1,0,0
6140,6,zeros-la-3-0,zeros-la-3,393,6140,6,878,512,2,0,0,0,16,0,0,2,512,16,2,0,4,256,64,4,6,3,2,0,2,0,1,0,1,1,0,0
6140,5,zeros-la-3-0,zeros-la-3,394,6140,5,880,512,0,0,2,2,0,0,16,2,0,512,16,2,4,256,64,4,5,4,2,0,2,0,1,0,1,1,0,0
6176,6,zeros-la-3-0,zeros-la-3,395,6176,6,882,512,2,0,0,0,0,0,2,2,0,512,32,4,4,256,64,4,6,3,3,0,0,1,1,0,1,1,0,0
6180,6,zeros-la-3-0,zeros-la-3,396,6180,6,884,512,0,0,0,2,0,0,2,4,0,512,32,4,4,256,64,4,6,2,4,0,0,1,1,0,1,1,0,0
6188,6,zeros-la-3-0,zeros-la-3,397,6188,6,888,512,0,0,0,0,0,4,2,2,0,512,32,4,4,256,64,8,6,2,3,1,0,1,1,0,1,1,0,0
6192,6,zeros-la-3-0,zeros-la-3,398,6192,6,890,512,0,0,0,0,2,0,4,4,0,512,32,4,4,256,64,8,6,1,4,1,0,1,1,0,1,1,0,0
6200,6,zeros-la-3-0,zeros-la-3,399,6200,6,892,512,0,0,0,2,0,0,4,0,2,512,32,8,4,256,64,8,6,2,2,2,0,1,1,0,1,1,0,0
6216,6,zeros-la-3-0,zeros-la-3,400,6216,6,894,512,2,0,0,0,0,0,4,0,2,512,32,2,4,256,64,16,6,3,2,0,1,1,1,0,1,1,0,0
6220,6,zeros-la-3-0,zeros-la-3,401,6220,6,896,512,0,0,0,0,2,0,4,0,4,512,32,2,4,256,64,16,6,2,3,0,1,1,1,0,1,1,0,0
6228,6,zeros-la-3-0,zeros-la-3,402,6228,6,898,512,0,0,0,2,0,0,4,0,2,512,32,2,8,256,64,16,6,3,1,1,1,1,1,0,1,1,0,0
6232,6,zeros-la-3-0,zeros-la-3,403,6232,6,900,512,2,512,4,4,8,256,32,16,0,0,64,0,0,0,2,0,6,2,2,1,1,1,1,0,1,1,0,0
6240,6,zeros-la-3-0,zeros-la-3,404,6240,6,902,512,2,512,8,2,8,256,32,16,64,0,0,0,2,0,0,0,6,3,0,2,1,1,1,0,1,1,0,0
6240,5,zeros-la-3-0,zeros-la-3,405,6240,5,906,512,2,512,8,2,8,256,32,16,64,0,0,0,2,0,4,0,5,3,1,2,1,1,1,0,1,1,0,0
6240,4,zeros-la-3-0,zeros-la-3,406,6240,4,908,512,2,0,0,0,8,0,8,2,64,512,32,2,2,256,4,16,4,4,1,2,1,1,1,0,1,1,0,0
6244,4,zeros-la-3-0,zeros-la-3,407,6244,4,910,512,2,0,2,0,8,0,8,0,64,512,32,4,2,256,4,16,4,3,2,2,1,1,1,0,1,1,0,0
6264,5,zeros-la-3-0,zeros-la-3,408,6264,5,912,512,0,0,2,4,0,0,0,16,64,512,32,4,2,256,4,16,5,2,3,0,2,1,1,0,1,1,0,0
6264,4,zeros-la-3-0,zeros-la-3,409,6264,4,914,512,64,512,2,4,2,256,32,16,0,0,4,4,2,0,0,16,4,3,3,0,2,1,1,0,1,1,0,0
6268,4,zeros-la-3-0,zeros-la-3,410,6268,4,916,512,0,0,0,4,2,0,2,16,64,512,32,4,4,256,4,16,4,2,4,0,2,1,1,0,1,1,0,0
6272,4,zeros-la-3-0,zeros-la-3,411,6272,4,918,512,4,2,0,0,4,16,0,0,64,512,32,4,4,256,4,16,4,1,5,0,2,1,1,0,1,1,0,0
6280,4,zeros-la-3-0,zeros-la-3,412,6280,4,920,512,0,2,0,2,8,16,0,0,64,512,32,4,4,256,4,16,4,2,3,1,2,1,1,0,1,1,0,0
6284,4,zeros-la-3-0,zeros-la-3,413,6284,4,924,512,4,0,0,0,8,16,0,4,64,512,32,4,4,256,4,16,4,0,5,1,2,1,1,0,1,1,0,0
6292,4,zeros-la-3-0,zeros-la-3,414,6292,4,926,512,4,0,2,0,8,16,0,0,64,512,32,8,4,256,4,16,4,1,3,2,2,1,1,0,1,1,0,0
6292,3,zeros-la-3-0,zeros-la-3,415,6292,3,928,512,4,0,2,0,8,16,2,0,64,512,32,8,4,256,4,16,3,2,3,2,2,1,1,0,1,1,0,0
6296,3,zeros-la-3-0,zeros-la-3,416,6296,3,930,512,4,0,2,0,8,16,4,0,64,512,32,8,4,256,4,16,3,1,4,2,2,1,1,0,1,1,0,0
6296,2,zeros-la-3-0,zeros-la-3,417,6296,2,932,512,4,2,2,0,8,16,4,0,64,512,32,8,4,256,4,16,2,2,4,2,2,1,1,0,1,1,0,0
6300,2,zeros-la-3-0,zeros-la-3,418,6300,2,934,512,2,0,4,4,0,8,16,4,64,512,32,8,4,256,4,16,2,1,5,2,2,1,1,0,1,1,0,0
6308,2,zeros-la-3-0,zeros-la-3,419,6308,2,936,512,2,8,4,8,64,512,16,8,4,256,32,16,2,0,4,0,2,2,3,3,2,1,1,0,1,1,0,0
6324,2,zeros-la-3-0,zeros-la-3,420,6324,2,938,512,2,8,4,16,64,512,16,16,4,256,32,0,2,2,4,0,2,3,3,1,3,1,1,0,1,1,0,0
6360,3,zeros-la-3-0,zeros-la-3,421,6360,3,940,512,2,8,4,16,2,64,512,32,0,4,256,32,0,0,4,4,3,2,4,1,1,2,1,0,1,1,0,0
6428,4,zeros-la-3-0,zeros-la-3,422,6428,4,944,512,0,0,4,0,0,8,512,16,4,64,256,64,4,4,4,4,4,0,6,1,1,0,2,0,1,1,0,0
6444,5,zeros-la-3-0,zeros-la-3,423,6444,5,946,512,0,0,0,4,2,8,512,16,4,64,256,64,0,0,8,8,5,1,2,3,1,0,2,0,1,1,0,0
6444,4,zeros-la-3-0,zeros-la-3,424,6444,4,948,512,0,0,0,4,0,2,512,16,2,8,256,64,4,64,8,8,4,2,2,3,1,0,2,0,1,1,0,0
6460,4,zeros-la-3-0,zeros-la-3,425,6460,4,950,512,4,0,0,0,2,512,16,0,2,8,256,64,4,64,16,2,4,3,2,1,2,0,2,0,1,1,0,0
6464,4,zeros-la-3-0,zeros-la-3,426,6464,4,952,512,4,512,16,64,4,8,256,2,4,64,16,0,0,0,0,2,4,2,3,1,2,0,2,0,1,1,0,0
6476,5,zeros-la-3-0,zeros-la-3,427,6476,5,956,512,8,512,16,64,4,8,256,4,0,64,16,0,0,0,4,0,5,0,3,2,2,0,2,0,1,1,0,0
6476,4,zeros-la-3-0,zeros-la-3,428,6476,4,958,512,0,0,16,0,0,512,256,2,8,8,16,64,4,64,4,4,4,1,3,2,2,0,2,0,1,1,0,0
6500,5,zeros-la-3-0,zeros-la-3,429,6500,5,960,512,16,0,0,0,512,256,2,0,16,16,64,0,4,64,8,2,5,2,1,1,3,0,2,0,1,1,0,0
6532,5,zeros-la-3-0,zeros-la-3,430,6532,5,964,512,16,0,0,0,512,256,2,4,32,64,0,0,4,64,8,2,5,2,2,1,1,1,2,0,1,1,0,0
6660,5,zeros-la-3-0,zeros-la-3,431,6660,5,966,512,16,0,2,0,512,0,0,0,32,256,2,4,4,128,8,2,5,3,2,1,1,1,0,1,1,1,0,0
6664,5,zeros-la-3-0,zeros-la-3,432,6664,5,968,512,16,256,4,4,512,128,8,2,32,0,0,2,4,0,0,0,5,2,3,1,1,1,0,1,1,1,0,0
6668,5,zeros-la-3-0,zeros-la-3,433,6668,5,970,512,16,0,0,0,512,0,2,0,32,256,4,4,4,128,8,4,5,1,4,1,1,1,0,1,1,1,0,0
6676,5,zeros-la-3-0,zeros-la-3,434,6676,5,972,512,16,0,0,2,512,0,2,0,32,256,4,0,4,128,8,8,5,2,2,2,1,1,0,1,1,1,0,0
6692,5,zeros-la-3-0,zeros-la-3,435,6692,5,974,512,16,2,0,2,512,2,0,0,32,256,4,0,4,128,16,0,5,3,2,0,2,1,0,1,1,1,0,0
6696,5,zeros-la-3-0,zeros-la-3,436,6696,5,976,512,16,4,4,2,512,256,16,0,32,128,0,0,4,0,0,2,5,2,3,0,2,1,0,1,1,1,0,0
6700,5,zeros-la-3-0,zeros-la-3,437,6700,5,978,512,16,0,0,0,512,4,2,0,32,256,4,0,4,128,16,4,5,1,4,0,2,1,0,1,1,1,0,0
6700,4,zeros-la-3-0,zeros-la-3,438,6700,4,980,512,16,0,0,0,512,4,2,2,32,256,4,0,4,128,16,4,4,2,4,0,2,1,0,1,1,1,0,0
6704,4,zeros-la-3-0,zeros-la-3,439,6704,4,982,512,2,0,0,16,0,512,4,4,0,32,256,4,4,128,16,4,4,1,5,0,2,1,0,1,1,1,0,0
6712,4,zeros-la-3-0,zeros-la-3,440,6712,4,984,512,0,0,2,16,0,0,512,8,2,32,256,4,4,128,16,4,4,2,3,1,2,1,0,1,1,1,0,0
6720,4,zeros-la-3-0,zeros-la-3,441,6720,4,986,512,0,0,2,0,0,2,512,16,2,32,256,8,4,128,16,8,4,3,1,2,2,1,0,1,1,1,0,0
6736,4,zeros-la-3-0,zeros-la-3,442,6736,4,988,512,0,0,2,0,0,2,512,2,2,32,256,16,4,128,16,16,4,4,1,0,3,1,0,1,1,1,0,0
6768,4,zeros-la-3-0,zeros-la-3,443,6768,4,990,512,2,2,2,2,4,32,512,32,0,128,256,0,0,2,16,0,4,5,1,0,1,2,0,1,1,1,0,0
6776,5,zeros-la-3-0,zeros-la-3,444,6776,5,992,512,0,2,4,4,4,32,512,32,0,0,128,256,0,0,2,16,5,2,3,0,1,2,0,1,1,1,0,0
6776,4,zeros-la-3-0,zeros-la-3,445,6776,4,994,512,0,0,4,4,2,0,512,32,0,2,128,256,4,32,2,16,4,3,3,0,1,2,0,1,1,1,0,0
6776,3,zeros-la-3-0,zeros-la-3,446,6776,3,998,512,2,2,4,4,4,32,512,32,4,0,128,256,0,0,2,16,3,3,4,0,1,2,0,1,1,1,0,0
6788,4,zeros-la-3-0,zeros-la-3,447,6788,4,1000,512,2,0,4,8,4,32,512,32,0,4,128,256,0,0,2,16,4,2,3,1,1,2,0,1,1,1,0,0
6788,3,zeros-la-3-0,zeros-la-3,448,6788,3,1002,512,0,0,4,8,0,2,512,32,2,32,128,256,4,4,2,16,3,3,3,1,1,2,0,1,1,1,0,0
6796,3,zeros-la-3-0,zeros-la-3,449,6796,3,1004,512,4,8,0,0,2,512,32,0,2,32,128,256,8,2,16,2,3,4,1,2,1,2,0,1,1,1,0,0
6800,3,zeros-la-3-0,zeros-la-3,450,6800,3,1008,512,4,8,32,256,4,512,128,2,8,32,16,0,0,2,4,0,3,2,3,2,1,2,0,1,1,1,0,0
6808,3,zeros-la-3-0,zeros-la-3,451,6808,3,1010,512,8,8,32,256,8,512,128,2,0,32,16,0,0,2,4,2,3,3,1,3,1,2,0,1,1,1,0,0
6828,4,zeros-la-3-0,zeros-la-3,452,6828,4,1012,512,0,8,32,0,0,512,128,2,0,32,16,256,16,2,4,4,4,2,2,1,2,2,0,1,1,1,0,0
6836,4,zeros-la-3-0,zeros-la-3,453,6836,4,1014,512,8,32,0,0,512,128,2,0,32,16,256,2,16,2,8,0,4,3,0,2,2,2,0,1,1,1,0,0
6836,3,zeros-la-3-0,zeros-la-3,454,6836,3,1016,512,8,32,2,2,512,128,256,0,32,16,8,0,16,2,0,2,3,4,0,2,2,2,0,1,1,1,0,0
6844,4,zeros-la-3-0,zeros-la-3,455,6844,4,1018,512,0,8,32,4,0,512,128,256,0,32,16,8,2,0,16,4,4,1,2,2,2,2,0,1,1,1,0,0
6876,4,zeros-la-3-0,zeros-la-3,456,6876,4,1020,512,0,2,0,4,0,8,32,256,0,512,128,8,2,32,32,4,4,2,2,2,0,3,0,1,1,1,0,0
6876,3,zeros-la-3-0,zeros-la-3,457,6876,3,1024,512,4,2,0,4,0,8,32,256,0,512,128,8,2,32,32,4,3,2,3,2,0,3,0,1,1,1,0,0
6940,3,zeros-la-3-0,zeros-la-3,458,6940,3,1026,512,0,4,2,4,2,8,32,256,0,512,128,8,0,2,64,4,3,3,3,2,0,1,1,1,1,1,0,0
6940,2,zeros-la-3-0,zeros-la-3,459,6940,2,1028,512,0,4,2,4,2,8,32,256,0,512,128,8,2,2,64,4,2,4,3,2,0,1,1,1,1,1,0,0
6944,2,zeros-la-3-0,zeros-la-3,460,6944,2,1030,512,4,4,2,4,0,8,32,256,2,512,128,8,0,2,64,4,2,3,4,2,0,1,1,1,1,1,0,0
6952,2,zeros-la-3-0,zeros-la-3,461,6952,2,1034,512,4,8,2,4,0,8,32,256,2,512,128,8,0,2,64,4,2,3,3,3,0,1,1,1,1,1,0,0
6968,2,zeros-la-3-0,zeros-la-3,462,6968,2,1036,512,2,0,2,4,0,16,32,256,4,512,128,8,2,2,64,4,2,4,3,1,1,1,1,1,1,1,0,0
6976,3,zeros-la-3-0,zeros-la-3,463,6976,3,1038,512,4,4,0,2,16,32,256,0,4,512,128,8,4,64,4,0,3,1,5,1,1,1,1,1,1,1,0,0
6984,3,zeros-la-3-0,zeros-la-3,464,6984,3,1040,512,8,2,0,0,16,32,256,2,4,512,128,8,4,64,4,0,3,2,3,2,1,1,1,1,1,1,0,0
6992,3,zeros-la-3-0,zeros-la-3,465,6992,3,1042,512,0,2,0,2,8,32,256,0,16,512,128,2,8,64,4,8,3,3,1,3,1,1,1,1,1,1,0,0
6996,3,zeros-la-3-0,zeros-la-3,466,6996,3,1044,512,4,0,0,2,8,32,256,0,16,512,128,2,8,64,4,8,3,2,2,3,1,1,1,1,1,1,0,0
7000,3,zeros-la-3-0,zeros-la-3,467,7000,3,1048,512,4,32,256,4,8,512,128,8,16,64,4,0,8,4,0,0,3,0,4,3,1,1,1,1,1,1,0,0
7000,2,zeros-la-3-0,zeros-la-3,468,7000,2,1050,512,4,32,256,4,8,512,128,8,0,16,64,4,2,0,8,4,2,1,4,3,1,1,1,1,1,1,0,0
7008,2,zeros-la-3-0,zeros-la-3,469,7008,2,1052,512,2,0,256,0,4,32,128,4,8,512,64,8,2,16,8,8,2,2,2,4,1,1,1,1,1,1,0,0
7024,2,zeros-la-3-0,zeros-la-3,470,7024,2,1054,512,0,0,2,256,4,32,128,4,8,512,64,8,2,2,16,16,2,3,2,2,2,1,1,1,1,1,0,0
7060,3,zeros-la-3-0,zeros-la-3,471,7060,3,1056,512,0,0,2,256,4,32,128,4,8,512,64,8,0,2,4,32,3,2,3,2,0,2,1,1,1,1,0,0
7060,2,zeros-la-3-0,zeros-la-3,472,7060,2,1058,512,0,0,2,256,4,32,128,4,8,512,64,8,2,2,4,32,2,3,3,2,0,2,1,1,1,1,0,0
7060,1,zeros-la-3-0,zeros-la-3,473,7060,1,1060,512,0,2,2,256,4,32,128,4,8,512,64,8,2,2,4,32,1,4,3,2,0,2,1,1,1,1,0,0
7068,2,zeros-la-3-0,zeros-la-3,474,7068,2,1062,512,0,0,4,256,4,32,128,4,8,512,64,8,2,4,4,32,2,1,5,2,0,2,1,1,1,1,0,0
7076,2,zeros-la-3-0,zeros-la-3,475,7076,2,1064,512,4,256,0,2,4,32,128,4,8,512,64,8,2,8,32,0,2,2,3,3,0,2,1,1,1,1,0,0
7084,2,zeros-la-3-0,zeros-la-3,476,7084,2,1066,512,2,256,0,0,8,32,128,2,8,512,64,4,2,8,32,8,2,3,1,4,0,2,1,1,1,1,0,0
7100,2,zeros-la-3-0,zeros-la-3,477,7100,2,1068,512,0,256,2,0,2,32,128,2,16,512,64,4,2,8,32,8,2,4,1,2,1,2,1,1,1,1,0,0
7100,1,zeros-la-3-0,zeros-la-3,478,7100,1,1070,512,2,0,256,2,2,32,128,2,16,512,64,4,2,8,32,8,1,5,1,2,1,2,1,1,1,1,0,0
7108,2,zeros-la-3-0,zeros-la-3,479,7108,2,1072,512,4,32,256,4,16,512,128,4,2,8,64,8,2,0,32,0,2,2,3,2,1,2,1,1,1,1,0,0
7120,3,zeros-la-3-0,zeros-la-3,480,7120,3,1074,512,2,0,256,0,4,32,128,0,16,512,64,8,4,8,32,8,3,1,2,3,1,2,1,1,1,1,0,0
7120,2,zeros-la-3-0,zeros-la-3,481,7120,2,1076,512,2,0,2,256,0,4,32,128,16,512,64,8,4,8,32,8,2,2,2,3,1,2,1,1,1,1,0,0
7124,2,zeros-la-3-0,zeros-la-3,482,7124,2,1078,512,4,256,2,0,4,32,128,0,16,512,64,8,4,8,32,8,2,1,3,3,1,2,1,1,1,1,0,0
7148,3,zeros-la-3-0,zeros-la-3,483,7148,3,1080,512,0,256,2,2,8,32,128,0,16,512,64,0,4,8,32,16,3,2,1,2,2,2,1,1,1,1,0,0
7152,3,zeros-la-3-0,zeros-la-3,484,7152,3,1082,512,0,0,256,4,0,8,32,128,2,16,512,64,4,8,32,16,3,1,2,2,2,2,1,1,1,1,0,0
7152,2,zeros-la-3-0,zeros-la-3,485,7152,2,1084,512,0,2,256,4,0,8,32,128,2,16,512,64,4,8,32,16,2,2,2,2,2,2,1,1,1,1,0,0
7152,1,zeros-la-3-0,zeros-la-3,486,7152,1,1086,512,2,2,256,4,0,8,32,128,2,16,512,64,4,8,32,16,1,3,2,2,2,2,1,1,1,1,0,0
7156,1,zeros-la-3-0,zeros-la-3,487,7156,1,1088,512,0,2,256,4,2,8,32,128,4,16,512,64,4,8,32,16,1,2,3,2,2,2,1,1,1,1,0,0
7164,1,zeros-la-3-0,zeros-la-3,488,7164,1,1090,512,2,2,256,4,8,8,32,128,0,16,512,64,2,8,32,16,1,3,1,3,2,2,1,1,1,1,0,0
7184,2,zeros-la-3-0,zeros-la-3,489,7184,2,1092,512,0,4,256,4,2,16,32,128,0,16,512,64,2,8,32,16,2,2,2,1,3,2,1,1,1,1,0,0
7220,3,zeros-la-3-0,zeros-la-3,490,7220,3,1094,512,4,4,256,4,0,32,32,128,2,8,512,64,0,0,32,16,3,1,3,1,1,3,1,1,1,1,0,0
7292,4,zeros-la-3-0,zeros-la-3,491,7292,4,1096,512,0,8,256,4,0,2,64,128,2,8,512,64,0,0,32,16,4,2,1,2,1,1,2,1,1,1,0,0
7292,3,zeros-la-3-0,zeros-la-3,492,7292,3,1098,512,0,8,256,4,0,2,64,128,2,8,512,64,2,0,32,16,3,3,1,2,1,1,2,1,1,1,0,0
7296,3,zeros-la-3-0,zeros-la-3,493,7296,3,1100,512,4,8,256,4,0,2,64,128,0,8,512,64,0,2,32,16,3,2,2,2,1,1,2,1,1,1,0,0
7296,2,zeros-la-3-0,zeros-la-3,494,7296,2,1102,512,4,8,256,4,0,2,64,128,0,8,512,64,2,2,32,16,2,3,2,2,1,1,2,1,1,1,0,0
7296,1,zeros-la-3-0,zeros-la-3,495,7296,1,1104,512,4,8,256,4,2,2,64,128,0,8,512,64,2,2,32,16,1,4,2,2,1,1,2,1,1,1,0,0
7304,2,zeros-la-3-0,zeros-la-3,496,7304,2,1106,512,4,8,256,4,4,64,128,0,8,512,64,0,4,32,16,2,2,1,4,2,1,1,2,1,1,1,0,0
7304,1,zeros-la-3-0,zeros-la-3,497,7304,1,1108,512,4,8,256,4,4,64,128,0,8,512,64,2,4,32,16,2,1,2,4,2,1,1,2,1,1,1,0,0
7316,2,zeros-la-3-0,zeros-la-3,498,7316,2,1110,512,8,8,256,4,8,64,128,4,4,512,64,2,0,32,16,0,2,1,3,3,1,1,2,1,1,1,0,0
7340,3,zeros-la-3-0,zeros-la-3,499,7340,3,1112,512,16,8,256,8,4,64,128,2,2,512,64,0,0,32,16,0,3,2,1,2,2,1,2,1,1,1,0,0
7340,2,zeros-la-3-0,zeros-la-3,500,7340,2,1114,512,16,8,256,8,4,64,128,2,0,2,512,64,0,2,32,16,2,3,1,2,2,1,2,1,1,1,0,0
7340,1,zeros-la-3-0,zeros-la-3,501,7340,1,1116,512,16,8,256,8,4,64,128,2,2,512,64,0,2,32,16,2,1,4,1,2,2,1,2,1,1,1,0,0
7348,2,zeros-la-3-0,zeros-la-3,502,7348,2,1118,512,0,8,256,2,16,64,128,0,4,512,64,8,4,32,16,4,2,1,3,2,2,1,2,1,1,1,0,0
7348,1,zeros-la-3-0,zeros-la-3,503,7348,1,1120,512,0,8,256,2,2,16,64,128,4,512,64,8,4,32,16,4,1,2,3,2,2,1,2,1,1,1,0,0
7484,2,zeros-la-3-0,zeros-la-3,504,7484,2,1122,512,2,8,256,2,8,16,128,128,0,512,16,8,2,32,0,4,2,3,1,3,2,1,0,2,1,1,0,0
7740,2,zeros-la-3-0,zeros-la-3,505,7740,2,1124,512,2,8,256,2,8,16,256,0,512,16,8,0,2,32,4,2,2,4,1,3,2,1,0,0,2,1,0,0
8288,4,zeros-la-3-0,zeros-la-3,506,8288,4,1126,512,2,0,2,0,8,8,512,0,512,32,8,0,2,32,4,4,4,3,2,3,0,2,0,0,0,2,0,0
8316,6,zeros-la-3-0,zeros-la-3,507,8316,6,1128,512,0,2,0,4,0,0,16,512,0,512,32,8,0,2,32,8,6,2,1,2,1,2,0,0,0,2,0,0
8396,7,zeros-la-3-0,zeros-la-3,508,8396,7,1130,512,0,0,0,2,0,2,0,4,0,512,16,512,0,2,64,16,7,3,1,0,2,0,1,0,0,2,0,0
8396,6,zeros-la-3-0,zeros-la-3,509,8396,6,1132,512,0,0,0,2,2,2,0,4,0,512,16,512,0,2,64,16,6,4,1,0,2,0,1,0,0,2,0,0
8400,6,zeros-la-3-0,zeros-la-3,510,8400,6,1134,512,2,2,0,0,4,4,0,0,512,16,512,0,2,64,16,0,6,3,2,0,2,0,1,0,0,2,0,0
8412,7,zeros-la-3-0,zeros-la-3,511,8412,7,1136,512,0,0,2,4,0,0,0,8,0,512,16,512,0,2,64,16,7,2,1,1,2,0,1,0,0,2,0,0
8412,6,zeros-la-3-0,zeros-la-3,512,8412,6,1138,512,0,0,2,4,0,0,2,8,0,512,16,512,0,2,64,16,6,3,1,1,2,0,1,0,0,2,0,0
8416,6,zeros-la-3-0,zeros-la-3,513,8416,6,1140,512,0,512,4,4,2,2,16,8,0,0,64,512,0,0,0,16,6,2,2,1,2,0,1,0,0,2,0,0
8428,7,zeros-la-3-0,zeros-la-3,514,8428,7,1144,512,0,0,512,8,0,4,16,8,0,0,64,512,0,0,4,16,7,0,2,2,2,0,1,0,0,2,0,0
8444,7,zeros-la-3-0,zeros-la-3,515,8444,7,1146,512,0,0,512,0,2,0,16,16,0,0,64,512,0,4,4,16,7,1,2,0,3,0,1,0,0,2,0,0
8484,8,zeros-la-3-0,zeros-la-3,516,8484,8,1148,512,0,2,0,512,0,0,2,32,0,0,64,512,0,0,8,16,8,2,0,1,1,1,1,0,0,2,0,0
8484,7,zeros-la-3-0,zeros-la-3,517,8484,7,1150,512,0,0,2,512,2,0,2,32,0,0,64,512,0,0,8,16,7,3,0,1,1,1,1,0,0,2,0,0
8488,7,zeros-la-3-0,zeros-la-3,518,8488,7,1152,512,0,2,0,512,0,0,4,32,0,0,64,512,2,0,8,16,7,2,1,1,1,1,1,0,0,2,0,0
8488,6,zeros-la-3-0,zeros-la-3,519,8488,6,1154,512,2,2,4,512,0,0,64,32,0,2,8,512,0,0,0,16,6,3,1,1,1,1,1,0,0,2,0,0
8492,6,zeros-la-3-0,zeros-la-3,520,8492,6,1156,512,2,4,4,512,0,0,64,32,0,0,8,512,0,2,0,16,6,2,2,1,1,1,1,0,0,2,0,0
8500,6,zeros-la-3-0,zeros-la-3,521,8500,6,1158,512,0,2,8,512,0,0,64,32,0,2,8,512,0,0,2,16,6,3,0,2,1,1,1,0,0,2,0,0
8504,6,zeros-la-3-0,zeros-la-3,522,8504,6,1160,512,0,4,8,512,0,0,64,32,0,0,8,512,0,2,2,16,6,2,1,2,1,1,1,0,0,2,0,0
8508,6,zeros-la-3-0,zeros-la-3,523,8508,6,1164,512,4,8,512,0,64,32,0,0,8,512,0,4,4,16,0,0,6,0,3,2,1,1,1,0,0,2,0,0
8508,5,zeros-la-3-0,zeros-la-3,524,8508,5,1166,512,4,8,512,2,64,32,0,0,8,512,4,0,4,16,0,0,5,1,3,2,1,1,1,0,0,2,0,0
8508,4,zeros-la-3-0,zeros-la-3,525,8508,4,1168,512,4,8,0,2,64,32,0,0,8,512,512,0,4,16,4,2,4,2,3,2,1,1,1,0,0,2,0,0
8512,4,zeros-la-3-0,zeros-la-3,526,8512,4,1172,512,4,8,0,0,64,32,0,0,8,512,512,4,4,16,4,4,4,0,5,2,1,1,1,0,0,2,0,0
9544,5,zeros-la-3-0,zeros-la-3,527,9544,5,1174,1024,0,0,4,8,2,0,64,32,0,8,1024,4,0,4,16,8,5,1,3,3,1,1,1,0,0,0,1,0
9544,4,zeros-la-3-0,zeros-la-3,528,9544,4,1178,1024,0,0,4,8,0,2,64,32,0,8,1024,4,4,4,16,8,4,1,4,3,1,1,1,0,0,0,1,0
9552,4,zeros-la-3-0,zeros-la-3,529,9552,4,1180,1024,0,0,4,8,0,2,64,32,2,8,1024,4,0,8,16,8,4,2,2,4,1,1,1,0,0,0,1,0
9568,4,zeros-la-3-0,zeros-la-3,530,9568,4,1182,1024,2,2,4,8,0,16,64,32,0,0,1024,4,2,0,16,8,4,3,2,2,2,1,1,0,0,0,1,0
9572,4,zeros-la-3-0,zeros-la-3,531,9572,4,1184,1024,0,0,4,8,0,2,64,32,0,2,1024,4,4,16,16,8,4,2,3,2,2,1,1,0,0,0,1,0
9604,4,zeros-la-3-0,zeros-la-3,532,9604,4,1186,1024,0,2,4,8,0,2,64,32,0,2,1024,4,0,4,32,8,4,3,3,2,0,2,1,0,0,0,1,0
9608,4,zeros-la-3-0,zeros-la-3,533,9608,4,1190,1024,0,0,4,8,0,2,64,32,4,4,1024,4,0,4,32,8,4,1,5,2,0,2,1,0,0,0,1,0
9616,4,zeros-la-3-0,zeros-la-3,534,9616,4,1192,1024,0,2,4,8,0,0,64,32,0,2,1024,4,4,8,32,8,4,2,3,3,0,2,1,0,0,0,1,0
9620,4,zeros-la-3-0,zeros-la-3,535,9620,4,1194,1024,4,4,4,8,0,8,64,32,0,0,1024,4,2,0,32,8,4,1,4,3,0,2,1,0,0,0,1,0
9628,4,zeros-la-3-0,zeros-la-3,536,9628,4,1196,1024,0,4,8,8,0,8,64,32,2,0,1024,4,0,2,32,8,4,2,2,4,0,2,1,0,0,0,1,0
9628,3,zeros-la-3-0,zeros-la-3,537,9628,3,1198,1024,0,0,8,8,0,4,64,32,2,8,1024,4,2,2,32,8,3,3,2,4,0,2,1,0,0,0,1,0
9632,3,zeros-la-3-0,zeros-la-3,538,9632,3,1200,1024,4,4,8,8,0,8,64,32,2,2,1024,4,0,0,32,8,3,2,3,4,0,2,1,0,0,0,1,0
9660,5,zeros-la-3-0,zeros-la-3,539,9660,5,1202,1024,8,16,0,2,8,64,32,0,4,1024,4,0,32,8,0,0,5,1,2,3,1,2,1,0,0,0,1,0
9676,5,zeros-la-3-0,zeros-la-3,540,9676,5,1204,1024,16,16,32,2,4,64,4,0,32,1024,0,0,0,8,0,2,5,2,2,1,2,2,1,0,0,0,1,0
9708,5,zeros-la-3-0,zeros-la-3,541,9708,5,1206,1024,32,32,2,0,4,64,4,0,32,1024,0,0,8,2,2,0,5,3,2,1,0,3,1,0,0,0,1,0
9776,6,zeros-la-3-0,zeros-la-3,542,9776,6,1208,1024,0,2,64,2,0,4,64,4,0,0,32,1024,0,0,8,4,6,2,3,1,0,1,2,0,0,0,1,0
9904,6,zeros-la-3-0,zeros-la-3,543,9904,6,1210,1024,0,0,0,2,0,2,128,4,0,2,32,1024,0,4,8,4,6,3,3,1,0,1,0,1,0,0,1,0
9908,6,zeros-la-3-0,zeros-la-3,544,9908,6,1212,1024,0,0,0,2,2,0,128,4,0,4,32,1024,0,4,8,4,6,2,4,1,0,1,0,1,0,0,1,0
9916,6,zeros-la-3-0,zeros-la-3,545,9916,6,1214,1024,0,0,0,2,0,0,128,4,0,2,32,1024,2,8,8,4,6,3,2,2,0,1,0,1,0,0,1,0
9932,6,zeros-la-3-0,zeros-la-3,546,9932,6,1216,1024,0,0,2,2,0,0,128,4,0,2,32,1024,0,2,16,4,6,4,2,0,1,1,0,1,0,0,1,0
9936,6,zeros-la-3-0,zeros-la-3,547,9936,6,1218,1024,2,4,2,2,0,0,128,4,0,0,32,1024,0,0,16,4,6,3,3,0,1,1,0,1,0,0,1,0
9940,6,zeros-la-3-0,zeros-la-3,548,9940,6,1220,1024,2,4,4,0,128,4,2,0,32,1024,0,0,16,4,0,0,6,2,4,0,1,1,0,1,0,0,1,0
9948,6,zeros-la-3-0,zeros-la-3,549,9948,6,1222,1024,0,0,2,8,0,128,4,2,2,0,32,1024,0,0,16,4,6,3,2,1,1,1,0,1,0,0,1,0
9948,5,zeros-la-3-0,zeros-la-3,550,9948,5,1224,1024,0,0,2,8,0,128,4,2,0,2,32,1024,2,0,16,4,5,4,2,1,1,1,0,1,0,0,1,0
9948,4,zeros-la-3-0,zeros-la-3,551,9948,4,1226,1024,2,8,0,0,128,4,2,0,2,32,1024,2,2,16,4,0,4,5,2,1,1,1,0,1,0,0,1,0
9948,3,zeros-la-3-0,zeros-la-3,552,9948,3,1230,1024,4,0,2,8,0,128,4,2,2,32,1024,2,0,2,16,4,3,5,3,1,1,1,0,1,0,0,1,0
9952,3,zeros-la-3-0,zeros-la-3,553,9952,3,1232,1024,0,0,2,2,0,128,4,8,4,32,1024,4,2,2,16,4,3,4,4,1,1,1,0,1,0,0,1,0
9960,4,zeros-la-3-0,zeros-la-3,554,9960,4,1234,1024,2,0,0,4,0,128,4,8,4,32,1024,4,0,4,16,4,4,1,6,1,1,1,0,1,0,0,1,0
9968,4,zeros-la-3-0,zeros-la-3,555,9968,4,1236,1024,2,0,0,0,0,128,4,4,2,32,1024,8,4,4,16,8,4,2,4,2,1,1,0,1,0,0,1,0
9988,5,zeros-la-3-0,zeros-la-3,556,9988,5,1238,1024,0,0,0,2,0,128,4,0,4,32,1024,4,4,4,16,16,5,1,5,0,2,1,0,1,0,0,1,0
10028,6,zeros-la-3-0,zeros-la-3,557,10028,6,1240,1024,2,0,0,0,128,4,2,0,4,32,1024,4,8,32,0,0,6,2,3,1,0,2,0,1,0,0,1,0
10092,6,zeros-la-3-0,zeros-la-3,558,10092,6,1242,1024,2,0,2,0,128,0,0,0,4,4,2,0,8,64,1024,4,6,3,3,1,0,0,1,1,0,0,1,0
10104,7,zeros-la-3-0,zeros-la-3,559,10104,7,1244,1024,4,0,0,0,128,0,0,0,8,2,2,0,8,64,1024,4,7,2,2,2,0,0,1,1,0,0,1,0
10120,7,zeros-la-3-0,zeros-la-3,560,10120,7,1246,1024,0,2,0,0,4,0,0,0,128,2,2,0,16,64,1024,4,7,3,2,0,1,0,1,1,0,0,1,0
10124,7,zeros-la-3-0,zeros-la-3,561,10124,7,1248,1024,0,0,2,2,0,0,0,4,0,0,128,4,16,64,1024,4,7,2,3,0,1,0,1,1,0,0,1,0
10128,7,zeros-la-3-0,zeros-la-3,562,10128,7,1250,1024,0,2,0,4,0,0,0,4,0,0,128,4,16,64,1024,4,7,1,4,0,1,0,1,1,0,0,1,0
10144,8,zeros-la-3-0,zeros-la-3,563,10144,8,1252,1024,2,0,0,0,0,0,0,0,0,2,128,8,16,64,1024,8,8,2,0,2,1,0,1,1,0,0,1,0
10160,8,zeros-la-3-0,zeros-la-3,564,10160,8,1254,1024,2,2,128,16,16,64,1024,0,0,0,0,0,0,0,2,0,8,3,0,0,2,0,1,1,0,0,1,0
10164,8,zeros-la-3-0,zeros-la-3,565,10164,8,1256,1024,0,4,128,16,2,16,64,1024,0,0,0,0,0,0,0,2,8,2,1,0,2,0,1,1,0,0,1,0
10164,7,zeros-la-3-0,zeros-la-3,566,10164,7,1258,1024,4,128,16,0,2,16,64,1024,0,0,0,0,2,0,2,0,7,3,1,0,2,0,1,1,0,0,1,0
10168,7,zeros-la-3-0,zeros-la-3,567,10168,7,1260,1024,4,128,16,1024,4,16,64,0,0,2,2,0,0,0,0,0,7,2,2,0,2,0,1,1,0,0,1,0
10172,7,zeros-la-3-0,zeros-la-3,568,10172,7,1262,1024,4,128,16,1024,0,4,16,64,2,0,0,4,0,0,0,0,7,1,3,0,2,0,1,1,0,0,1,0
10204,7,zeros-la-3-0,zeros-la-3,569,10204,7,1264,1024,0,0,0,0,0,0,2,1024,4,128,0,64,2,4,32,4,7,2,3,0,0,1,1,1,0,0,1,0
10204,6,zeros-la-3-0,zeros-la-3,570,10204,6,1268,1024,0,0,4,0,0,0,2,1024,0,4,128,64,2,4,32,4,6,2,4,0,0,1,1,1,0,0,1,0
10212,6,zeros-la-3-0,zeros-la-3,571,10212,6,1270,1024,0,0,4,2,0,0,2,1024,0,0,128,64,2,8,32,4,6,3,2,1,0,1,1,1,0,0,1,0
10212,5,zeros-la-3-0,zeros-la-3,572,10212,5,1272,1024,2,8,4,2,0,0,2,1024,0,0,128,64,2,0,32,4,5,4,2,1,0,1,1,1,0,0,1,0
10216,5,zeros-la-3-0,zeros-la-3,573,10216,5,1276,1024,4,0,4,2,0,0,2,1024,0,0,128,64,4,8,32,4,5,2,4,1,0,1,1,1,0,0,1,0
10224,5,zeros-la-3-0,zeros-la-3,574,10224,5,1278,1024,8,8,4,2,0,2,2,1024,0,0,128,64,0,0,32,4,5,3,2,2,0,1,1,1,0,0,1,0
10244,6,zeros-la-3-0,zeros-la-3,575,10244,6,1280,1024,16,4,2,0,4,1024,0,0,128,64,0,0,32,4,2,0,6,2,3,0,1,1,1,1,0,0,1,0
10248,6,zeros-la-3-0,zeros-la-3,576,10248,6,1282,1024,16,4,4,0,4,1024,0,0,128,64,0,0,32,4,2,0,6,1,4,0,1,1,1,1,0,0,1,0
10256,6,zeros-la-3-0,zeros-la-3,577,10256,6,1284,1024,16,8,0,0,4,1024,2,0,128,64,0,0,32,4,2,0,6,2,2,1,1,1,1,1,0,0,1,0
10260,6,zeros-la-3-0,zeros-la-3,578,10260,6,1286,1024,16,8,2,0,4,1024,0,0,128,64,0,0,32,4,4,0,6,1,3,1,1,1,1,1,0,0,1,0
10268,6,zeros-la-3-0,zeros-la-3,579,10268,6,1288,1024,16,8,2,0,4,1024,2,0,128,64,0,0,32,8,0,0,6,2,1,2,1,1,1,1,0,0,1,0
10272,6,zeros-la-3-0,zeros-la-3,580,10272,6,1290,1024,16,8,0,0,4,1024,0,2,128,64,0,0,32,8,4,0,6,1,2,2,1,1,1,1,0,0,1,0
10272,5,zeros-la-3-0,zeros-la-3,581,10272,5,1292,1024,16,8,4,2,4,1024,0,0,128,64,0,2,32,8,0,0,5,2,2,2,1,1,1,1,0,0,1,0
10276,5,zeros-la-3-0,zeros-la-3,582,10276,5,1294,1024,16,8,2,0,4,1024,0,0,128,64,0,0,32,8,4,4,5,1,3,2,1,1,1,1,0,0,1,0
10284,5,zeros-la-3-0,zeros-la-3,583,10284,5,1296,1024,16,8,2,2,4,1024,0,0,128,64,0,0,32,8,8,0,5,2,1,3,1,1,1,1,0,0,1,0
10304,6,zeros-la-3-0,zeros-la-3,584,10304,6,1298,1024,2,16,8,4,0,0,4,1024,0,0,128,64,0,0,32,16,6,1,2,1,2,1,1,1,0,0,1,0
10304,5,zeros-la-3-0,zeros-la-3,585,10304,5,1300,1024,2,16,8,4,0,2,4,1024,0,0,128,64,0,0,32,16,5,2,2,1,2,1,1,1,0,0,1,0
10304,4,zeros-la-3-0,zeros-la-3,586,10304,4,1302,1024,2,16,8,4,0,2,4,1024,0,0,128,64,2,0,32,16,4,3,2,1,2,1,1,1,0,0,1,0
10308,4,zeros-la-3-0,zeros-la-3,587,10308,4,1304,1024,4,16,8,4,0,2,4,1024,0,2,128,64,0,0,32,16,4,2,3,1,2,1,1,1,0,0,1,0
10312,4,zeros-la-3-0,zeros-la-3,588,10312,4,1306,1024,4,16,8,4,0,4,4,1024,0,0,128,64,0,2,32,16,4,1,4,1,2,1,1,1,0,0,1,0
10320,4,zeros-la-3-0,zeros-la-3,589,10320,4,1308,1024,4,16,8,4,0,0,8,1024,0,0,128,64,2,2,32,16,4,2,2,2,2,1,1,1,0,0,1,0
10336,4,zeros-la-3-0,zeros-la-3,590,10336,4,1312,1024,4,16,16,4,2,2,128,1024,0,4,32,64,0,0,0,16,4,2,3,0,3,1,1,1,0,0,1,0
10372,5,zeros-la-3-0,zeros-la-3,591,10372,5,1314,1024,4,32,4,0,4,128,1024,2,4,32,64,0,16,0,0,0,5,1,4,0,1,2,1,1,0,0,1,0
10380,5,zeros-la-3-0,zeros-la-3,592,10380,5,1316,1024,0,0,0,0,4,32,4,0,8,128,1024,2,16,32,64,2,5,2,2,1,1,2,1,1,0,0,1,0
10384,5,zeros-la-3-0,zeros-la-3,593,10384,5,1318,1024,4,32,4,4,8,128,1024,0,16,32,64,0,0,2,0,0,5,1,3,1,1,2,1,1,0,0,1,0
10392,5,zeros-la-3-0,zeros-la-3,594,10392,5,1320,1024,0,4,32,8,0,8,128,1024,2,16,32,64,0,0,0,2,5,2,1,2,1,2,1,1,0,0,1,0
10392,4,zeros-la-3-0,zeros-la-3,595,10392,4,1322,1024,0,4,32,8,0,8,128,1024,2,16,32,64,2,0,0,2,4,3,1,2,1,2,1,1,0,0,1,0
10396,4,zeros-la-3-0,zeros-la-3,596,10396,4,1324,1024,4,4,32,8,0,8,128,1024,2,16,32,64,0,0,0,2,4,2,2,2,1,2,1,1,0,0,1,0
10404,4,zeros-la-3-0,zeros-la-3,597,10404,4,1326,1024,0,8,32,8,0,8,128,1024,2,16,32,64,2,0,0,2,4,3,0,3,1,2,1,1,0,0,1,0
10424,5,zeros-la-3-0,zeros-la-3,598,10424,5,1328,1024,4,16,32,8,0,16,128,1024,0,0,32,64,2,0,0,2,5,2,1,1,2,2,1,1,0,0,1,0
10456,5,zeros-la-3-0,zeros-la-3,599,10456,5,1330,1024,4,32,32,8,2,0,128,1024,2,0,32,64,0,0,0,2,5,3,1,1,0,3,1,1,0,0,1,0
10460,5,zeros-la-3-0,zeros-la-3,600,10460,5,1332,1024,0,0,0,8,0,0,32,1024,4,2,128,64,4,32,32,2,5,2,2,1,0,3,1,1,0,0,1,0
10468,5,zeros-la-3-0,zeros-la-3,601,10468,5,1334,1024,0,0,0,8,0,0,32,1024,2,2,128,64,8,32,32,2,5,3,0,2,0,3,1,1,0,0,1,0
10536,6,zeros-la-3-0,zeros-la-3,602,10536,6,1336,1024,0,2,0,8,0,0,32,1024,0,4,128,64,0,8,64,2,6,2,1,2,0,1,2,1,0,0,1,0
10536,5,zeros-la-3-0,zeros-la-3,603,10536,5,1338,1024,0,0,2,8,0,2,32,1024,0,4,128,64,0,8,64,2,5,3,1,2,0,1,2,1,0,0,1,0
10536,4,zeros-la-3-0,zeros-la-3,604,10536,4,1340,1024,0,2,2,8,2,4,32,1024,0,8,128,64,0,0,64,2,4,4,1,2,0,1,2,1,0,0,1,0
10540,4,zeros-la-3-0,zeros-la-3,605,10540,4,1342,1024,0,0,4,8,2,4,32,1024,2,8,128,64,0,0,64,2,4,3,2,2,0,1,2,1,0,0,1,0
10544,4,zeros-la-3-0,zeros-la-3,606,10544,4,1344,1024,4,4,4,8,0,8,32,1024,2,0,128,64,0,0,64,2,4,2,3,2,0,1,2,1,0,0,1,0
10552,4,zeros-la-3-0,zeros-la-3,607,10552,4,1346,1024,8,4,8,2,8,32,1024,0,2,128,64,0,64,2,0,0,4,3,1,3,0,1,2,1,0,0,1,0
10568,4,zeros-la-3-0,zeros-la-3,608,10568,4,1350,1024,16,4,8,2,2,32,1024,0,64,128,64,0,0,2,4,0,4,3,2,1,1,1,2,1,0,0,1,0
10568,3,zeros-la-3-0,zeros-la-3,609,10568,3,1352,1024,0,4,8,0,16,32,1024,2,2,128,64,0,64,2,4,2,3,4,2,1,1,1,2,1,0,0,1,0
10572,3,zeros-la-3-0,zeros-la-3,610,10572,3,1354,1024,0,4,8,0,16,32,1024,2,2,128,64,0,64,2,4,4,3,3,3,1,1,1,2,1,0,0,1,0
10580,3,zeros-la-3-0,zeros-la-3,611,10580,3,1356,1024,4,8,0,0,16,32,1024,2,2,128,64,2,64,2,8,0,3,4,1,2,1,1,2,1,0,0,1,0
10580,2,zeros-la-3-0,zeros-la-3,612,10580,2,1360,1024,0,0,4,8,16,32,1024,2,2,128,64,2,4,64,2,8,2,4,2,2,1,1,2,1,0,0,1,0
10584,2,zeros-la-3-0,zeros-la-3,613,10584,2,1362,1024,16,32,4,8,2,128,1024,4,4,64,64,8,2,0,2,0,2,3,3,2,1,1,2,1,0,0,1,0
10716,3,zeros-la-3-0,zeros-la-3,614,10716,3,1364,1024,16,32,4,8,2,128,1024,4,4,128,8,0,4,0,2,0,3,2,4,2,1,1,0,2,0,0,1,0
10980,4,zeros-la-3-0,zeros-la-3,615,10980,4,1366,1024,2,0,4,0,16,0,1024,0,2,32,8,8,8,256,2,4,4,3,2,3,1,1,0,0,1,0,1,0
10996,4,zeros-la-3-0,zeros-la-3,616,10996,4,1368,1024,0,2,2,4,0,0,16,1024,0,2,32,16,8,256,2,4,4,4,2,1,2,1,0,0,1,0,1,0
11000,4,zeros-la-3-0,zeros-la-3,617,11000,4,1370,1024,0,2,4,4,0,0,16,1024,0,2,32,16,8,256,2,4,4,3,3,1,2,1,0,0,1,0,1,0
11004,4,zeros-la-3-0,zeros-la-3,618,11004,4,1372,1024,8,4,4,4,2,256,16,1024,0,0,32,16,0,0,2,4,4,2,4,1,2,1,0,0,1,0,1,0
11004,3,zeros-la-3-0,zeros-la-3,619,11004,3,1374,1024,8,4,4,4,2,256,16,1024,2,0,32,16,0,0,2,4,3,3,4,1,2,1,0,0,1,0,1,0
11012,3,zeros-la-3-0,zeros-la-3,620,11012,3,1376,1024,8,8,4,0,2,256,16,1024,2,32,16,2,2,4,0,0,3,4,2,2,2,1,0,0,1,0,1,0
11048,4,zeros-la-3-0,zeros-la-3,621,11048,4,1378,1024,8,8,4,1024,4,256,32,2,2,32,0,0,2,4,0,0,4,3,3,2,0,2,0,0,1,0,1,0
11052,4,zeros-la-3-0,zeros-la-3,622,11052,4,1380,1024,0,8,0,0,8,256,0,2,4,32,4,1024,4,4,32,2,4,2,4,2,0,2,0,0,1,0,1,0
11060,4,zeros-la-3-0,zeros-la-3,623,11060,4,1382,1024,0,8,0,0,0,256,2,2,8,32,4,1024,8,4,32,2,4,3,2,3,0,2,0,0,1,0,1,0
11076,4,zeros-la-3-0,zeros-la-3,624,11076,4,1384,1024,16,8,2,2,2,256,4,1024,0,32,32,2,0,4,0,0,4,4,2,1,1,2,0,0,1,0,1,0
11144,5,zeros-la-3-0,zeros-la-3,625,11144,5,1386,1024,16,8,4,0,2,256,4,1024,64,2,0,0,4,0,0,2,5,3,3,1,1,0,1,0,1,0,1,0
11152,5,zeros-la-3-0,zeros-la-3,626,11152,5,1388,1024,16,8,8,1024,2,256,0,2,64,2,2,0,4,0,0,0,5,4,1,2,1,0,1,0,1,0,1,0
11172,6,zeros-la-3-0,zeros-la-3,627,11172,6,1392,1024,0,16,16,1024,4,2,256,2,0,0,64,4,0,0,0,4,6,2,3,0,2,0,1,0,1,0,1,0
11204,6,zeros-la-3-0,zeros-la-3,628,11204,6,1394,1024,0,0,32,1024,4,2,256,2,0,0,64,4,0,2,0,4,6,3,3,0,0,1,1,0,1,0,1,0
11216,7,zeros-la-3-0,zeros-la-3,629,11216,7,1396,1024,4,4,32,1024,0,0,256,2,0,0,64,8,2,0,0,0,7,2,2,1,0,1,1,0,1,0,1,0
11216,6,zeros-la-3-0,zeros-la-3,630,11216,6,1398,1024,4,4,32,1024,2,2,256,2,0,0,64,8,0,0,0,0,6,3,2,1,0,1,1,0,1,0,1,0
11228,7,zeros-la-3-0,zeros-la-3,631,11228,7,1400,1024,8,32,1024,0,4,256,2,2,64,8,0,0,0,0,0,0,7,2,1,2,0,1,1,0,1,0,1,0
11232,7,zeros-la-3-0,zeros-la-3,632,11232,7,1402,1024,8,32,1024,0,4,256,4,0,64,8,0,2,0,0,0,0,7,1,2,2,0,1,1,0,1,0,1,0
11232,6,zeros-la-3-0,zeros-la-3,633,11232,6,1404,1024,8,32,1024,2,4,256,4,0,64,8,0,2,0,0,0,0,6,2,2,2,0,1,1,0,1,0,1,0
11236,6,zeros-la-3-0,zeros-la-3,634,11236,6,1406,1024,0,0,0,0,8,32,0,0,4,256,1024,2,64,8,4,4,6,1,3,2,0,1,1,0,1,0,1,0
11244,6,zeros-la-3-0,zeros-la-3,635,11244,6,1408,1024,2,0,0,0,8,32,0,0,4,256,1024,2,64,8,8,0,6,2,1,3,0,1,1,0,1,0,1,0
11260,6,zeros-la-3-0,zeros-la-3,636,11260,6,1410,1024,2,0,0,0,8,32,0,0,4,256,1024,2,64,16,2,0,6,3,1,1,1,1,1,0,1,0,1,0
11260,5,zeros-la-3-0,zeros-la-3,637,11260,5,1412,1024,2,2,0,0,8,32,0,0,4,256,1024,0,64,16,2,2,5,4,1,1,1,1,1,0,1,0,1,0
11268,6,zeros-la-3-0,zeros-la-3,638,11268,6,1414,1024,0,0,2,4,0,0,8,32,0,4,256,1024,0,64,16,4,6,1,3,1,1,1,1,0,1,0,1,0
11268,5,zeros-la-3-0,zeros-la-3,639,11268,5,1416,1024,0,2,2,4,0,0,8,32,0,4,256,1024,0,64,16,4,5,2,3,1,1,1,1,0,1,0,1,0
11272,5,zeros-la-3-0,zeros-la-3,640,11272,5,1418,1024,4,4,0,0,8,32,0,0,4,256,1024,2,64,16,4,0,5,1,4,1,1,1,1,0,1,0,1,0
11280,5,zeros-la-3-0,zeros-la-3,641,11280,5,1420,1024,8,0,0,2,8,32,0,0,4,256,1024,2,64,16,4,0,5,2,2,2,1,1,1,0,1,0,1,0
11300,6,zeros-la-3-0,zeros-la-3,642,11300,6,1422,1024,0,0,2,0,16,32,0,0,4,256,1024,0,64,16,4,4,6,1,3,0,2,1,1,0,1,0,1,0
11308,6,zeros-la-3-0,zeros-la-3,643,11308,6,1424,1024,0,2,0,2,0,0,16,32,0,4,256,1024,0,64,16,8,6,2,1,1,2,1,1,0,1,0,1,0
11312,6,zeros-la-3-0,zeros-la-3,644,11312,6,1426,1024,4,0,2,0,16,32,0,0,4,256,1024,0,64,16,8,0,6,1,2,1,2,1,1,0,1,0,1,0
11312,5,zeros-la-3-0,zeros-la-3,645,11312,5,1428,1024,4,0,0,0,16,32,2,0,4,256,1024,2,64,16,8,0,5,2,2,1,2,1,1,0,1,0,1,0
11312,4,zeros-la-3-0,zeros-la-3,646,11312,4,1430,1024,4,0,0,2,16,32,2,0,4,256,1024,2,64,16,8,0,4,3,2,1,2,1,1,0,1,0,1,0
11316,4,zeros-la-3-0,zeros-la-3,647,11316,4,1432,1024,4,32,2,4,16,256,1024,0,4,16,8,0,64,0,0,2,4,2,3,1,2,1,1,0,1,0,1,0
11316,3,zeros-la-3-0,zeros-la-3,648,11316,3,1434,1024,4,0,2,0,16,32,2,0,4,256,1024,4,64,16,8,2,3,3,3,1,2,1,1,0,1,0,1,0
11320,3,zeros-la-3-0,zeros-la-3,649,11320,3,1436,1024,4,32,4,4,16,256,1024,2,4,16,8,0,64,0,0,2,3,2,4,1,2,1,1,0,1,0,1,0
11324,3,zeros-la-3-0,zeros-la-3,650,11324,3,1438,1024,4,32,4,4,16,256,1024,4,4,16,8,0,64,2,0,0,3,1,5,1,2,1,1,0,1,0,1,0
11332,3,zeros-la-3-0,zeros-la-3,651,11332,3,1440,1024,4,32,0,0,16,256,4,2,4,16,1024,0,64,2,8,8,3,2,3,2,2,1,1,0,1,0,1,0
11348,3,zeros-la-3-0,zeros-la-3,652,11348,3,1442,1024,4,32,0,0,16,256,4,2,4,16,1024,2,64,2,16,0,3,3,3,0,3,1,1,0,1,0,1,0
11352,3,zeros-la-3-0,zeros-la-3,653,11352,3,1444,1024,4,32,4,4,16,256,1024,0,4,16,16,2,64,2,0,0,3,2,4,0,3,1,1,0,1,0,1,0
11392,4,zeros-la-3-0,zeros-la-3,654,11392,4,1446,1024,4,32,8,0,16,256,1024,0,4,32,2,0,64,2,2,0,4,3,2,1,1,2,1,0,1,0,1,0
11396,4,zeros-la-3-0,zeros-la-3,655,11396,4,1448,1024,4,32,8,0,16,256,1024,0,4,32,4,0,64,2,0,2,4,2,3,1,1,2,1,0,1,0,1,0
11400,4,zeros-la-3-0,zeros-la-3,656,11400,4,1450,1024,0,4,32,8,0,16,256,1024,2,4,32,4,0,0,64,4,4,1,4,1,1,2,1,0,1,0,1,0
11400,3,zeros-la-3-0,zeros-la-3,657,11400,3,1452,1024,2,4,32,8,0,16,256,1024,2,4,32,4,0,0,64,4,3,2,4,1,1,2,1,0,1,0,1,0
11412,4,zeros-la-3-0,zeros-la-3,658,11412,4,1454,1024,4,4,32,8,0,16,256,1024,0,4,32,8,0,0,64,2,4,1,3,2,1,2,1,0,1,0,1,0
11420,4,zeros-la-3-0,zeros-la-3,659,11420,4,1456,1024,8,32,8,0,16,256,1024,0,4,32,8,0,64,2,0,2,4,2,1,3,1,2,1,0,1,0,1,0
11424,4,zeros-la-3-0,zeros-la-3,660,11424,4,1458,1024,0,8,32,8,2,16,256,1024,0,4,32,8,0,0,64,4,4,1,2,3,1,2,1,0,1,0,1,0
11424,3,zeros-la-3-0,zeros-la-3,661,11424,3,1460,1024,2,8,32,8,0,16,256,1024,0,4,32,8,2,0,64,4,3,2,2,3,1,2,1,0,1,0,1,0
11428,3,zeros-la-3-0,zeros-la-3,662,11428,3,1464,1024,4,0,32,8,0,8,256,1024,0,16,32,8,4,4,64,4,3,0,4,3,1,2,1,0,1,0,1,0
11436,3,zeros-la-3-0,zeros-la-3,663,11436,3,1466,1024,8,8,32,8,0,16,256,1024,2,4,32,8,0,0,64,4,3,1,2,4,1,2,1,0,1,0,1,0
11452,3,zeros-la-3-0,zeros-la-3,664,11452,3,1468,1024,16,32,8,2,16,256,1024,0,2,4,32,8,64,4,0,0,3,2,2,2,2,2,1,0,1,0,1,0
11492,4,zeros-la-3-0,zeros-la-3,665,11492,4,1470,1024,32,32,8,2,2,256,1024,8,64,8,32,0,0,0,2,0,4,3,0,3,0,3,1,0,1,0,1,0
11556,4,zeros-la-3-0,zeros-la-3,666,11556,4,1472,1024,0,64,8,2,2,256,1024,8,0,64,8,32,0,0,2,2,4,4,0,3,0,1,2,0,1,0,1,0
11560,4,zeros-la-3-0,zeros-la-3,667,11560,4,1474,1024,0,64,8,2,2,256,1024,8,0,64,8,32,2,0,0,4,4,3,1,3,0,1,2,0,1,0,1,0
11564,4,zeros-la-3-0,zeros-la-3,668,11564,4,1476,1024,0,0,0,2,2,64,8,8,0,256,1024,32,4,64,8,4,4,2,2,3,0,1,2,0,1,0,1,0
11580,4,zeros-la-3-0,zeros-la-3,669,11580,4,1480,1024,4,0,0,2,0,2,64,16,0,256,1024,32,4,64,8,4,4,2,3,1,1,1,2,0,1,0,1,0
11588,4,zeros-la-3-0,zeros-la-3,670,11588,4,1482,1024,0,0,0,2,0,2,64,16,2,256,1024,32,8,64,8,4,4,3,1,2,1,1,2,0,1,0,1,0
11588,3,zeros-la-3-0,zeros-la-3,671,11588,3,1484,1024,0,2,0,2,0,2,64,16,2,256,1024,32,8,64,8,4,3,4,1,2,1,1,2,0,1,0,1,0
11592,3,zeros-la-3-0,zeros-la-3,672,11592,3,1486,1024,4,0,2,0,2,64,16,0,2,256,1024,32,8,64,8,4,3,3,2,2,1,1,2,0,1,0,1,0
11596,3,zeros-la-3-0,zeros-la-3,673,11596,3,1490,1024,0,0,2,4,4,64,16,0,4,256,1024,32,8,64,8,4,3,1,4,2,1,1,2,0,1,0,1,0
11604,3,zeros-la-3-0,zeros-la-3,674,11604,3,1492,1024,0,2,2,0,0,64,16,4,8,256,1024,32,8,64,8,4,3,2,2,3,1,1,2,0,1,0,1,0
11608,3,zeros-la-3-0,zeros-la-3,675,11608,3,1494,1024,0,0,0,4,2,64,16,4,8,256,1024,32,8,64,8,4,3,1,3,3,1,1,2,0,1,0,1,0
11632,4,zeros-la-3-0,zeros-la-3,676,11632,4,1496,1024,2,0,0,0,0,64,16,8,2,256,1024,32,16,64,8,4,4,2,1,2,2,1,2,0,1,0,1,0
11636,4,zeros-la-3-0,zeros-la-3,677,11636,4,1498,1024,2,0,0,0,0,64,16,8,4,256,1024,32,16,64,8,4,4,1,2,2,2,1,2,0,1,0,1,0
11636,3,zeros-la-3-0,zeros-la-3,678,11636,3,1500,1024,0,2,0,2,0,64,16,8,4,256,1024,32,16,64,8,4,3,2,2,2,2,1,2,0,1,0,1,0
11640,3,zeros-la-3-0,zeros-la-3,679,11640,3,1502,1024,4,0,0,2,64,16,8,0,4,256,1024,32,16,64,8,4,3,1,3,2,2,1,2,0,1,0,1,0
11640,2,zeros-la-3-0,zeros-la-3,680,11640,2,1504,1024,4,2,0,2,64,16,8,0,4,256,1024,32,16,64,8,4,2,2,3,2,2,1,2,0,1,0,1,0
11644,2,zeros-la-3-0,zeros-la-3,681,11644,2,1506,1024,4,4,0,2,64,16,8,0,4,256,1024,32,16,64,8,4,2,1,4,2,2,1,2,0,1,0,1,0
11644,1,zeros-la-3-0,zeros-la-3,682,11644,1,1508,1024,4,4,8,2,64,16,1024,32,4,256,8,4,16,64,2,0,1,2,4,2,2,1,2,0,1,0,1,0
11652,1,zeros-la-3-0,zeros-la-3,683,11652,1,1512,1024,8,8,2,0,64,16,1024,32,4,256,8,4,16,64,2,4,1,2,3,3,2,1,2,0,1,0,1,0
11660,1,zeros-la-3-0,zeros-la-3,684,11660,1,1514,1024,8,8,2,32,64,16,1024,8,4,256,8,2,16,64,2,0,1,3,1,4,2,1,2,0,1,0,1,0
11660,0,zeros-la-3-0,zeros-la-3,685,11660,0,1516,1024,8,8,2,2,64,16,1024,32,4,256,8,8,16,64,2,2,0,4,1,4,2,1,2,0,1,0,1,0
11700,3,zeros-la-3-0,zeros-la-3,686,11700,3,1518,1024,16,4,0,0,64,16,1024,32,4,256,16,0,16,64,4,2,3,1,3,0,4,1,2,0,1,0,1,0
11700,2,zeros-la-3-0,zeros-la-3,687,11700,2,1520,1024,16,4,1024,32,64,16,16,2,4,256,4,0,16,64,0,2,2,2,3,0,4,1,2,0,1,0,1,0
11732,2,zeros-la-3-0,zeros-la-3,688,11732,2,1524,1024,16,4,1024,32,64,32,2,4,4,256,4,0,16,64,2,0,2,2,4,0,2,2,2,0,1,0,1,0
11732,1,zeros-la-3-0,zeros-la-3,689,11732,1,1526,1024,16,4,1024,32,64,32,2,4,4,256,4,2,16,64,2,0,1,3,4,0,2,2,2,0,1,0,1,0
11732,0,zeros-la-3-0,zeros-la-3,690,11732,0,1530,1024,16,4,1024,4,64,32,2,32,4,256,4,4,16,64,2,2,0,3,5,0,2,2,2,0,1,0,1,0
11744,1,zeros-la-3-0,zeros-la-3,691,11744,1,1532,1024,16,4,1024,4,64,32,2,32,4,256,8,2,16,64,4,0,1,2,4,1,2,2,2,0,1,0,1,0
11744,0,zeros-la-3-0,zeros-la-3,692,11744,0,1534,1024,16,4,1024,4,64,32,2,32,4,256,8,2,16,64,4,2,0,3,4,1,2,2,2,0,1,0,1,0
11748,0,zeros-la-3-0,zeros-la-3,693,11748,0,1536,1024,16,4,1024,2,64,32,2,4,4,256,8,32,16,64,4,4,0,2,5,1,2,2,2,0,1,0,1,0
11756,0,zeros-la-3-0,zeros-la-3,694,11756,0,1538,1024,16,4,1024,2,64,32,2,4,4,256,8,32,2,16,64,8,0,3,3,2,2,2,2,0,1,0,1,0
0,13,zeros-la-3-1,zeros-la-3,0,0,13,6,2,0,0,0,2,0,0,0,0,2,0,0,0,2,0,0,0,13,3,0,0,0,0,0,0,0,0,0,0
4,13,zeros-la-3-1,zeros-la-3,1,4,13,8,4,4,0,0,2,0,0,0,0,2,0,0,0,0,0,0,0,13,2,1,0,0,0,0,0,0,0,0,0
4,12,zeros-la-3-1,zeros-la-3,2,4,12,10,4,0,0,0,0,0,0,0,2,4,0,0,0,2,0,0,2,12,3,1,0,0,0,0,0,0,0,0,0
8,12,zeros-la-3-1,zeros-la-3,3,8,12,12,4,4,0,0,4,2,2,0,0,0,0,0,0,0,0,0,0,12,2,2,0,0,0,0,0,0,0,0,0
20,13,zeros-la-3-1,zeros-la-3,4,20,13,14,8,0,0,0,8,0,0,0,4,0,0,0,0,0,2,0,0,13,1,1,1,0,0,0,0,0,0,0,0
20,12,zeros-la-3-1,zeros-la-3,5,20,12,16,8,0,2,0,8,0,0,0,4,0,0,0,0,0,0,0,2,12,2,1,1,0,0,0,0,0,0,0,0
20,11,zeros-la-3-1,zeros-la-3,6,20,11,18,8,2,8,0,0,4,0,0,0,0,2,0,0,2,0,0,0,11,3,1,1,0,0,0,0,0,0,0,0
20,10,zeros-la-3-1,zeros-la-3,7,20,10,20,8,0,0,2,8,0,0,0,4,2,0,0,2,0,0,0,2,10,4,1,1,0,0,0,0,0,0,0,0
24,10,zeros-la-3-1,zeros-la-3,8,24,10,22,8,2,0,0,0,0,0,0,8,0,0,0,4,2,0,2,4,10,3,2,1,0,0,0,0,0,0,0,0
36,11,zeros-la-3-1,zeros-la-3,9,36,11,24,8,4,0,2,8,0,0,0,8,0,0,0,0,0,0,0,2,11,2,1,2,0,0,0,0,0,0,0,0
52,11,zeros-la-3-1,zeros-la-3,10,52,11,26,16,0,0,2,0,0,0,0,0,0,0,0,16,4,0,2,2,11,3,1,0,1,0,0,0,0,0,0,0
56,11,zeros-la-3-1,zeros-la-3,11,56,11,30,16,2,0,0,0,0,0,0,0,16,0,0,0,4,4,0,4,11,1,3,0,1,0,0,0,0,0,0,0
64,11,zeros-la-3-1,zeros-la-3,12,64,11,32,16,2,0,0,0,0,0,0,0,16,0,2,0,8,4,0,0,11,2,1,1,1,0,0,0,0,0,0,0
64,10,zeros-la-3-1,zeros-la-3,13,64,10,34,16,2,0,0,0,0,0,0,0,16,2,0,0,8,4,2,0,10,3,1,1,1,0,0,0,0,0,0,0
64,9,zeros-la-3-1,zeros-la-3,14,64,9,36,16,2,2,2,0,16,4,0,0,8,0,0,0,2,0,0,0,9,4,1,1,1,0,0,0,0,0,0,0
64,8,zeros-la-3-1,zeros-la-3,15,64,8,38,16,2,2,2,0,16,4,0,0,8,2,0,0,2,0,0,0,8,5,1,1,1,0,0,0,0,0,0,0
68,8,zeros-la-3-1,zeros-la-3,16,68,8,40,16,0,0,2,4,0,0,16,4,0,0,8,2,0,2,0,2,8,4,2,1,1,0,0,0,0,0,0,0
80,9,zeros-la-3-1,zeros-la-3,17,80,9,44,16,0,2,2,8,0,0,16,4,0,4,8,0,0,0,0,0,9,2,2,2,1,0,0,0,0,0,0,0
84,9,zeros-la-3-1,zeros-la-3,18,84,9,46,16,4,8,0,0,16,4,0,0,4,8,0,0,0,0,2,0,9,1,3,2,1,0,0,0,0,0,0,0
84,8,zeros-la-3-1,zeros-la-3,19,84,8,48,16,0,0,0,0,4,8,0,2,16,4,0,0,4,8,2,0,8,2,3,2,1,0,0,0,0,0,0,0
84,7,zeros-la-3-1,zeros-la-3,20,84,7,50,16,0,0,0,0,0,4,8,2,2,0,16,4,0,4,8,2,7,3,3,2,1,0,0,0,0,0,0,0
92,7,zeros-la-3-1,zeros-la-3,21,92,7,52,16,2,8,8,2,0,2,16,4,0,0,8,2,0,0,0,0,7,4,1,3,1,0,0,0,0,0,0,0
108,7,zeros-la-3-1,zeros-la-3,22,108,7,54,16,0,2,16,2,0,2,16,4,0,0,8,2,0,2,0,0,7,5,1,1,2,0,0,0,0,0,0,0
144,8,zeros-la-3-1,zeros-la-3,23,144,8,56,32,0,4,32,2,0,2,8,4,2,0,0,2,0,0,0,0,8,4,2,1,0,1,0,0,0,0,0,0
148,8,zeros-la-3-1,zeros-la-3,24,148,8,58,32,0,4,32,2,0,2,8,4,0,0,0,4,2,0,0,0,8,3,3,1,0,1,0,0,0,0,0,0
156,8,zeros-la-3-1,zeros-la-3,25,156,8,60,32,0,2,0,0,0,0,0,0,0,4,32,2,2,2,8,8,8,4,1,2,0,1,0,0,0,0,0,0
176,9,zeros-la-3-1,zeros-la-3,26,176,9,62,32,2,0,0,0,0,0,0,2,4,32,2,0,4,16,0,0,9,3,2,0,1,1,0,0,0,0,0,0
176,8,zeros-la-3-1,zeros-la-3,27,176,8,64,32,2,0,0,2,2,0,0,0,4,32,2,0,4,16,0,0,8,4,2,0,1,1,0,0,0,0,0,0
188,9,zeros-la-3-1,zeros-la-3,28,188,9,66,32,4,32,2,2,8,16,0,2,0,0,0,0,0,0,0,0,9,3,1,1,1,1,0,0,0,0,0,0
192,9,zeros-la-3-1,zeros-la-3,29,192,9,68,32,0,4,32,4,0,8,16,2,0,0,0,0,0,2,0,0,9,2,2,1,1,1,0,0,0,0,0,0
192,8,zeros-la-3-1,zeros-la-3,30,192,8,70,32,4,32,4,0,8,16,2,0,0,0,0,0,2,0,2,0,8,3,2,1,1,1,0,0,0,0,0,0
196,8,zeros-la-3-1,zeros-la-3,31,196,8,72,32,4,32,4,0,8,16,4,0,2,0,0,0,2,0,0,0,8,2,3,1,1,1,0,0,0,0,0,0
208,9,zeros-la-3-1,zeros-la-3,32,208,9,74,32,0,0,0,2,4,0,0,0,8,32,0,0,4,16,8,0,9,1,2,2,1,1,0,0,0,0,0,0
208,8,zeros-la-3-1,zeros-la-3,33,208,8,76,32,2,0,0,0,4,0,0,0,8,32,0,2,4,16,8,0,8,2,2,2,1,1,0,0,0,0,0,0
208,7,zeros-la-3-1,zeros-la-3,34,208,7,78,32,2,0,0,0,4,0,2,0,8,32,2,0,4,16,8,0,7,3,2,2,1,1,0,0,0,0,0,0
212,7,zeros-la-3-1,zeros-la-3,35,212,7,82,32,2,32,4,0,4,16,8,0,8,0,0,0,4,0,0,4,7,1,4,2,1,1,0,0,0,0,0,0
220,7,zeros-la-3-1,zeros-la-3,36,220,7,84,32,2,2,32,4,0,4,16,8,0,0,0,8,0,0,0,8,7,2,2,3,1,1,0,0,0,0,0,0
236,7,zeros-la-3-1,zeros-la-3,37,236,7,86,32,2,2,32,4,0,4,16,16,0,0,2,8,0,0,0,0,7,3,2,1,2,1,0,0,0,0,0,0
272,8,zeros-la-3-1,zeros-la-3,38,272,8,88,32,4,32,4,0,4,32,0,0,2,8,0,0,0,2,0,0,8,2,3,1,0,2,0,0,0,0,0,0
344,9,zeros-la-3-1,zeros-la-3,39,344,9,90,64,0,0,0,0,0,64,2,0,8,8,0,0,2,2,4,0,9,3,1,2,0,0,1,0,0,0,0,0
364,10,zeros-la-3-1,zeros-la-3,40,364,10,92,64,0,2,0,0,0,0,64,2,0,0,0,16,0,0,4,4,10,2,2,0,1,0,1,0,0,0,0,0
372,10,zeros-la-3-1,zeros-la-3,41,372,10,96,64,4,0,0,2,0,0,64,2,0,0,0,16,0,0,0,8,10,2,1,1,1,0,1,0,0,0,0,0
376,10,zeros-la-3-1,zeros-la-3,42,376,10,98,64,0,2,0,0,0,0,0,4,0,0,0,16,4,0,64,8,10,1,2,1,1,0,1,0,0,0,0,0
376,9,zeros-la-3-1,zeros-la-3,43,376,9,100,64,0,0,0,0,0,0,0,4,2,0,0,16,4,2,64,8,9,2,2,1,1,0,1,0,0,0,0,0
376,8,zeros-la-3-1,zeros-la-3,44,376,8,102,64,2,2,64,4,4,0,2,16,0,0,0,8,0,0,0,0,8,3,2,1,1,0,1,0,0,0,0,0
380,8,zeros-la-3-1,zeros-la-3,45,380,8,104,64,4,64,4,0,4,2,16,0,8,0,0,0,0,2,0,0,8,2,3,1,1,0,1,0,0,0,0,0
392,9,zeros-la-3-1,zeros-la-3,46,392,9,106,64,0,0,0,0,0,0,0,2,8,64,4,0,8,4,16,0,9,1,2,2,1,0,1,0,0,0,0,0
408,9,zeros-la-3-1,zeros-la-3,47,408,9,108,64,0,0,0,0,2,0,0,0,0,64,4,0,16,4,16,2,9,2,2,0,2,0,1,0,0,0,0,0
408,8,zeros-la-3-1,zeros-la-3,48,408,8,110,64,0,0,0,0,2,0,0,0,64,4,0,2,16,4,16,2,8,3,2,0,2,0,1,0,0,0,0,0
420,9,zeros-la-3-1,zeros-la-3,49,420,9,112,64,0,0,0,0,2,2,0,0,64,0,0,0,16,8,16,4,9,2,1,1,2,0,1,0,0,0,0,0
424,9,zeros-la-3-1,zeros-la-3,50,424,9,114,64,0,0,0,0,4,0,0,0,64,2,0,0,16,8,16,4,9,1,2,1,2,0,1,0,0,0,0,0
424,8,zeros-la-3-1,zeros-la-3,51,424,8,116,64,0,0,0,0,4,0,0,0,64,2,2,0,16,8,16,4,8,2,2,1,2,0,1,0,0,0,0,0
428,8,zeros-la-3-1,zeros-la-3,52,428,8,118,64,0,0,0,0,0,2,0,4,0,0,64,4,16,8,16,4,8,1,3,1,2,0,1,0,0,0,0,0
436,8,zeros-la-3-1,zeros-la-3,53,436,8,120,64,0,0,0,0,0,0,2,0,0,2,64,4,16,8,16,8,8,2,1,2,2,0,1,0,0,0,0,0
436,7,zeros-la-3-1,zeros-la-3,54,436,7,122,64,0,0,0,2,0,0,2,0,0,2,64,4,16,8,16,8,7,3,1,2,2,0,1,0,0,0,0,0
436,6,zeros-la-3-1,zeros-la-3,55,436,6,124,64,0,0,0,2,2,0,0,2,0,2,64,4,16,8,16,8,6,4,1,2,2,0,1,0,0,0,0,0
440,6,zeros-la-3-1,zeros-la-3,56,440,6,126,64,0,0,0,0,0,0,2,4,2,2,64,4,16,8,16,8,6,3,2,2,2,0,1,0,0,0,0,0
448,6,zeros-la-3-1,zeros-la-3,57,448,6,128,64,0,0,0,0,0,2,2,0,2,2,64,8,16,8,16,8,6,4,0,3,2,0,1,0,0,0,0,0
468,7,zeros-la-3-1,zeros-la-3,58,468,7,130,64,0,2,0,0,0,0,2,0,2,4,64,0,16,8,16,16,7,3,1,1,3,0,1,0,0,0,0,0
500,7,zeros-la-3-1,zeros-la-3,59,500,7,132,64,0,0,0,2,0,0,2,2,0,2,4,64,0,16,8,32,7,4,1,1,1,1,1,0,0,0,0,0
504,7,zeros-la-3-1,zeros-la-3,60,504,7,134,64,0,0,0,2,0,0,2,4,0,2,4,64,0,16,8,32,7,3,2,1,1,1,1,0,0,0,0,0
504,6,zeros-la-3-1,zeros-la-3,61,504,6,136,64,2,0,0,2,2,4,0,0,2,4,64,0,16,8,32,0,6,4,2,1,1,1,1,0,0,0,0,0
516,7,zeros-la-3-1,zeros-la-3,62,516,7,140,64,0,0,0,0,2,0,0,0,4,8,64,4,16,8,32,2,7,2,2,2,1,1,1,0,0,0,0,0
532,7,zeros-la-3-1,zeros-la-3,63,532,7,142,64,0,0,0,0,2,0,2,0,4,0,64,4,16,16,32,2,7,3,2,0,2,1,1,0,0,0,0,0
568,8,zeros-la-3-1,zeros-la-3,64,568,8,144,64,0,0,0,0,4,2,0,0,4,64,4,0,32,32,2,0,8,2,3,0,0,2,1,0,0,0,0,0
576,8,zeros-la-3-1,zeros-la-3,65,576,8,146,64,0,2,0,0,0,2,0,0,8,64,4,0,32,32,2,0,8,3,1,1,0,2,1,0,0,0,0,0
580,8,zeros-la-3-1,zeros-la-3,66,580,8,148,64,8,4,4,0,32,64,2,0,0,32,0,0,0,0,2,0,8,2,2,1,0,2,1,0,0,0,0,0
588,8,zeros-la-3-1,zeros-la-3,67,588,8,150,64,8,8,2,0,32,64,2,0,32,0,0,0,2,0,0,0,8,3,0,2,0,2,1,0,0,0,0,0
656,9,zeros-la-3-1,zeros-la-3,68,656,9,152,64,8,8,4,0,64,64,0,0,2,0,2,0,0,0,0,0,9,2,1,2,0,0,2,0,0,0,0,0
804,11,zeros-la-3-1,zeros-la-3,69,804,11,154,128,16,4,0,0,128,0,0,0,4,0,0,0,0,0,2,0,11,1,2,0,1,0,0,1,0,0,0,0
804,10,zeros-la-3-1,zeros-la-3,70,804,10,156,128,0,0,0,0,16,0,2,0,128,0,0,0,4,4,2,0,10,2,2,0,1,0,0,1,0,0,0,0
812,10,zeros-la-3-1,zeros-la-3,71,812,10,158,128,0,0,0,0,16,2,0,0,128,2,0,0,8,2,0,0,10,3,0,1,1,0,0,1,0,0,0,0
816,10,zeros-la-3-1,zeros-la-3,72,816,10,160,128,0,0,0,0,16,2,0,0,128,2,0,0,8,4,0,0,10,2,1,1,1,0,0,1,0,0,0,0
820,10,zeros-la-3-1,zeros-la-3,73,820,10,162,128,16,4,2,0,128,4,0,0,8,0,0,0,0,0,0,0,10,1,2,1,1,0,0,1,0,0,0,0
828,10,zeros-la-3-1,zeros-la-3,74,828,10,164,128,0,0,0,0,16,0,0,0,128,2,0,0,8,8,2,0,10,2,0,2,1,0,0,1,0,0,0,0
844,10,zeros-la-3-1,zeros-la-3,75,844,10,166,128,0,0,0,0,16,0,2,0,128,2,0,0,16,2,0,0,10,3,0,0,2,0,0,1,0,0,0,0
848,10,zeros-la-3-1,zeros-la-3,76,848,10,168,128,16,4,2,0,128,0,0,2,16,0,0,0,0,0,0,0,10,2,1,0,2,0,0,1,0,0,0,0
848,9,zeros-la-3-1,zeros-la-3,77,848,9,170,128,0,0,2,0,16,0,0,0,128,0,0,0,16,4,2,2,9,3,1,0,2,0,0,1,0,0,0,0
852,9,zeros-la-3-1,zeros-la-3,78,852,9,172,128,16,4,4,2,128,0,0,0,16,0,0,0,0,0,2,0,9,2,2,0,2,0,0,1,0,0,0,0
860,9,zeros-la-3-1,zeros-la-3,79,860,9,174,128,16,8,2,0,128,0,0,0,16,0,0,0,2,0,2,0,9,3,0,1,2,0,0,1,0,0,0,0
864,9,zeros-la-3-1,zeros-la-3,80,864,9,176,128,16,8,2,0,128,0,0,2,16,0,0,0,4,0,0,0,9,2,1,1,2,0,0,1,0,0,0,0
864,8,zeros-la-3-1,zeros-la-3,81,864,8,178,128,16,8,2,2,128,0,0,0,16,2,0,0,4,0,0,0,8,3,1,1,2,0,0,1,0,0,0,0
868,8,zeros-la-3-1,zeros-la-3,82,868,8,180,128,16,8,4,0,128,0,0,2,16,2,0,0,4,0,0,0,8,2,2,1,2,0,0,1,0,0,0,0
868,7,zeros-la-3-1,zeros-la-3,83,868,7,182,128,16,8,4,0,128,2,0,0,16,2,0,0,4,0,2,0,7,3,2,1,2,0,0,1,0,0,0,0
872,7,zeros-la-3-1,zeros-la-3,84,872,7,184,128,16,0,0,0,128,0,0,0,16,8,4,2,4,4,2,0,7,2,3,1,2,0,0,1,0,0,0,0
880,7,zeros-la-3-1,zeros-la-3,85,880,7,188,128,0,0,0,16,0,0,4,128,16,8,4,2,0,0,8,2,7,2,2,2,2,0,0,1,0,0,0,0
892,8,zeros-la-3-1,zeros-la-3,86,892,8,190,128,16,8,8,16,0,0,8,128,0,2,0,4,0,0,0,0,8,1,1,3,2,0,0,1,0,0,0,0
908,8,zeros-la-3-1,zeros-la-3,87,908,8,192,128,2,16,16,16,0,0,8,128,0,0,2,4,0,0,0,0,8,2,1,1,3,0,0,1,0,0,0,0
940,8,zeros-la-3-1,zeros-la-3,88,940,8,196,128,0,2,16,32,0,0,8,128,0,4,2,4,0,0,0,0,8,2,2,1,1,1,0,1,0,0,0,0
940,7,zeros-la-3-1,zeros-la-3,89,940,7,198,128,0,2,16,32,0,0,8,128,0,4,2,4,0,2,0,0,7,3,2,1,1,1,0,1,0,0,0,0
940,6,zeros-la-3-1,zeros-la-3,90,940,6,200,128,0,2,16,32,0,4,8,128,0,2,2,4,0,0,0,2,6,4,2,1,1,1,0,1,0,0,0,0
944,6,zeros-la-3-1,zeros-la-3,91,944,6,202,128,0,2,16,32,0,4,8,128,0,0,4,4,2,0,0,2,6,3,3,1,1,1,0,1,0,0,0,0
944,5,zeros-la-3-1,zeros-la-3,92,944,5,204,128,2,2,16,32,2,4,8,128,0,0,4,4,0,0,0,2,5,4,3,1,1,1,0,1,0,0,0,0
956,6,zeros-la-3-1,zeros-la-3,93,956,6,206,128,0,4,16,32,2,4,8,128,0,0,0,8,2,0,0,2,6,3,2,2,1,1,0,1,0,0,0,0
968,7,zeros-la-3-1,zeros-la-3,94,968,7,208,128,2,0,0,32,0,0,0,128,0,0,16,8,4,8,8,2,7,2,1,3,1,1,0,1,0,0,0,0
984,7,zeros-la-3-1,zeros-la-3,95,984,7,210,128,2,0,2,32,0,0,0,128,0,0,16,8,0,4,16,2,7,3,1,1,2,1,0,1,0,0,0,0
1016,7,zeros-la-3-1,zeros-la-3,96,1016,7,212,128,2,4,2,32,0,2,32,128,0,0,0,8,0,0,0,2,7,4,1,1,0,2,0,1,0,0,0,0
1016,6,zeros-la-3-1,zeros-la-3,97,1016,6,214,128,0,0,0,32,0,2,0,128,0,4,2,8,2,2,32,2,6,5,1,1,0,2,0,1,0,0,0,0
1020,6,zeros-la-3-1,zeros-la-3,98,1020,6,216,128,0,0,0,32,2,0,2,128,0,4,2,8,0,4,32,2,6,4,2,1,0,2,0,1,0,0,0,0
1032,7,zeros-la-3-1,zeros-la-3,99,1032,7,218,128,2,8,4,32,0,0,32,128,0,2,0,8,0,0,0,2,7,3,1,2,0,2,0,1,0,0,0,0
1032,6,zeros-la-3-1,zeros-la-3,100,1032,6,220,128,2,8,4,32,32,128,2,0,2,8,0,0,2,0,0,0,6,4,1,2,0,2,0,1,0,0,0,0
1036,6,zeros-la-3-1,zeros-la-3,101,1036,6,222,128,2,8,4,32,32,128,2,0,4,8,0,0,2,0,0,0,6,3,2,2,0,2,0,1,0,0,0,0
1036,5,zeros-la-3-1,zeros-la-3,102,1036,5,224,128,2,8,4,32,32,128,2,0,4,8,2,0,2,0,0,0,5,4,2,2,0,2,0,1,0,0,0,0
1040,5,zeros-la-3-1,zeros-la-3,103,1040,5,226,128,2,8,4,32,32,128,4,0,4,8,0,0,2,2,0,0,5,3,3,2,0,2,0,1,0,0,0,0
1048,5,zeros-la-3-1,zeros-la-3,104,1048,5,228,128,2,8,8,32,32,128,0,0,4,8,0,2,2,2,0,0,5,4,1,3,0,2,0,1,0,0,0,0
1068,6,zeros-la-3-1,zeros-la-3,105,1068,6,230,128,2,16,32,0,32,128,0,0,4,8,2,2,4,0,0,0,6,3,2,1,1,2,0,1,0,0,0,0
1072,6,zeros-la-3-1,zeros-la-3,106,1072,6,232,128,0,2,16,32,0,0,32,128,0,4,8,4,0,0,2,4,6,2,3,1,1,2,0,1,0,0,0,0
1080,6,zeros-la-3-1,zeros-la-3,107,1080,6,234,128,0,0,16,0,2,0,32,32,0,2,8,128,0,4,2,8,6,3,1,2,1,2,0,1,0,0,0,0
1080,5,zeros-la-3-1,zeros-la-3,108,1080,5,236,128,2,2,16,32,0,4,32,128,0,0,8,8,0,0,2,2,5,4,1,2,1,2,0,1,0,0,0,0
1104,7,zeros-la-3-1,zeros-la-3,109,1104,7,238,128,0,4,16,32,0,4,32,128,0,0,0,16,2,0,0,4,7,1,3,0,2,2,0,1,0,0,0,0
1112,7,zeros-la-3-1,zeros-la-3,110,1112,7,240,128,0,0,0,32,0,0,2,128,0,0,16,16,2,8,32,4,7,2,1,1,2,2,0,1,0,0,0,0
1144,7,zeros-la-3-1,zeros-la-3,111,1144,7,242,128,0,0,0,32,2,0,2,128,0,0,0,32,2,8,32,4,7,3,1,1,0,3,0,1,0,0,0,0
1148,7,zeros-la-3-1,zeros-la-3,112,1148,7,244,128,4,8,2,32,0,0,32,128,0,2,0,32,0,0,0,4,7,2,2,1,0,3,0,1,0,0,0,0
1148,6,zeros-la-3-1,zeros-la-3,113,1148,6,246,128,4,8,2,32,0,0,32,128,0,0,2,32,0,0,2,4,6,3,2,1,0,3,0,1,0,0,0,0
1152,6,zeros-la-3-1,zeros-la-3,114,1152,6,248,128,0,0,2,32,0,0,2,128,0,0,32,32,4,8,4,4,6,2,3,1,0,3,0,1,0,0,0,0
1224,7,zeros-la-3-1,zeros-la-3,115,1224,7,250,128,2,0,2,32,0,0,2,128,0,0,0,64,0,4,8,8,7,3,1,2,0,1,1,1,0,0,0,0
1244,8,zeros-la-3-1,zeros-la-3,116,1244,8,252,128,0,0,4,32,0,2,2,128,0,0,0,64,0,0,4,16,8,2,2,0,1,1,1,1,0,0,0,0
1248,8,zeros-la-3-1,zeros-la-3,117,1248,8,254,128,4,32,0,0,4,128,0,0,64,0,2,0,4,16,0,0,8,1,3,0,1,1,1,1,0,0,0,0
1256,8,zeros-la-3-1,zeros-la-3,118,1256,8,256,128,8,32,2,2,64,128,0,0,4,16,0,0,0,0,0,0,8,2,1,1,1,1,1,1,0,0,0,0
1260,8,zeros-la-3-1,zeros-la-3,119,1260,8,258,128,0,8,32,4,0,2,64,128,0,0,4,16,0,0,0,0,8,1,2,1,1,1,1,1,0,0,0,0
1260,7,zeros-la-3-1,zeros-la-3,120,1260,7,260,128,0,8,32,4,2,2,64,128,0,0,4,16,0,0,0,0,7,2,2,1,1,1,1,1,0,0,0,0
1264,7,zeros-la-3-1,zeros-la-3,121,1264,7,262,128,8,32,4,0,4,64,128,0,4,16,0,0,0,0,2,0,7,1,3,1,1,1,1,1,0,0,0,0
1272,7,zeros-la-3-1,zeros-la-3,122,1272,7,264,128,8,32,4,0,8,64,128,0,0,16,2,0,2,0,0,0,7,2,1,2,1,1,1,1,0,0,0,0
1272,6,zeros-la-3-1,zeros-la-3,123,1272,6,266,128,8,32,4,0,8,64,128,0,16,2,0,0,2,2,0,0,6,3,1,2,1,1,1,1,0,0,0,0
1292,7,zeros-la-3-1,zeros-la-3,124,1292,7,268,128,16,32,4,0,16,64,128,0,2,4,0,0,0,0,0,2,7,2,2,0,2,1,1,1,0,0,0,0
1324,7,zeros-la-3-1,zeros-la-3,125,1324,7,270,128,32,32,4,2,2,64,128,0,0,4,0,2,0,0,0,0,7,3,2,0,0,2,1,1,0,0,0,0
1328,7,zeros-la-3-1,zeros-la-3,126,1328,7,272,128,32,32,4,4,2,64,128,0,0,4,0,2,0,0,0,0,7,2,3,0,0,2,1,1,0,0,0,0
1400,8,zeros-la-3-1,zeros-la-3,127,1400,8,274,128,0,0,64,8,2,2,64,128,0,0,4,2,0,0,0,0,8,3,1,1,0,0,2,1,0,0,0,0
1528,8,zeros-la-3-1,zeros-la-3,128,1528,8,276,128,0,0,0,0,0,2,0,8,0,0,128,128,2,2,4,2,8,4,1,1,0,0,0,2,0,0,0,0
1788,9,zeros-la-3-1,zeros-la-3,129,1788,9,278,256,0,0,0,0,2,8,0,2,256,0,0,0,4,4,2,0,9,3,2,1,0,0,0,0,1,0,0,0
1796,9,zeros-la-3-1,zeros-la-3,130,1796,9,280,256,0,0,0,0,2,2,8,2,0,0,0,256,0,0,8,2,9,4,0,2,0,0,0,0,1,0,0,0
1812,9,zeros-la-3-1,zeros-la-3,131,1812,9,282,256,2,2,16,2,0,0,0,256,0,0,0,2,0,0,2,0,9,5,0,0,1,0,0,0,1,0,0,0
1812,8,zeros-la-3-1,zeros-la-3,132,1812,8,286,256,0,0,0,0,0,0,0,2,0,4,16,256,2,2,2,2,8,5,1,0,1,0,0,0,1,0,0,0
1820,9,zeros-la-3-1,zeros-la-3,133,1820,9,288,256,0,0,0,0,0,0,0,2,0,4,16,256,2,0,4,4,9,2,3,0,1,0,0,0,1,0,0,0
1828,9,zeros-la-3-1,zeros-la-3,134,1828,9,290,256,0,0,0,0,2,0,0,2,0,4,16,256,0,0,2,8,9,3,1,1,1,0,0,0,1,0,0,0
1832,9,zeros-la-3-1,zeros-la-3,135,1832,9,292,256,0,0,0,0,4,0,0,2,4,16,256,0,2,8,0,0,9,2,2,1,1,0,0,0,1,0,0,0
1840,9,zeros-la-3-1,zeros-la-3,136,1840,9,296,256,8,16,256,2,2,8,0,0,0,0,0,0,4,0,0,0,9,2,1,2,1,0,0,0,1,0,0,0
1840,8,zeros-la-3-1,zeros-la-3,137,1840,8,298,256,8,16,256,2,2,8,0,0,4,0,2,0,0,0,0,0,8,3,1,2,1,0,0,0,1,0,0,0
1840,7,zeros-la-3-1,zeros-la-3,138,1840,7,300,256,8,16,256,2,0,0,2,8,2,0,4,2,0,0,0,0,7,4,1,2,1,0,0,0,1,0,0,0
1840,6,zeros-la-3-1,zeros-la-3,139,1840,6,302,256,8,16,256,2,2,8,0,0,2,4,2,0,0,0,2,0,6,5,1,2,1,0,0,0,1,0,0,0
1848,7,zeros-la-3-1,zeros-la-3,140,1848,7,304,256,0,0,0,0,0,16,0,2,8,8,256,0,4,4,4,2,7,2,3,2,1,0,0,0,1,0,0,0
1852,7,zeros-la-3-1,zeros-la-3,141,1852,7,306,256,0,0,0,0,0,16,0,0,8,8,256,2,4,4,4,4,7,1,4,2,1,0,0,0,1,0,0,0
1884,9,zeros-la-3-1,zeros-la-3,142,1884,9,310,256,0,4,0,0,16,0,0,0,16,256,2,0,8,8,0,0,9,1,1,2,2,0,0,0,1,0,0,0
1900,9,zeros-la-3-1,zeros-la-3,143,1900,9,312,256,4,0,0,2,16,0,0,0,16,256,2,0,16,0,0,0,9,2,1,0,3,0,0,0,1,0,0,0
1900,8,zeros-la-3-1,zeros-la-3,144,1900,8,314,256,4,2,0,0,16,0,2,0,16,256,2,0,16,0,0,0,8,3,1,0,3,0,0,0,1,0,0,0
1900,7,zeros-la-3-1,zeros-la-3,145,1900,7,316,256,4,2,0,0,16,2,0,0,16,256,2,0,16,0,2,0,7,4,1,0,3,0,0,0,1,0,0,0
1940,9,zeros-la-3-1,zeros-la-3,146,1940,9,318,256,4,4,4,0,32,256,0,0,16,0,0,0,0,2,0,0,9,1,3,0,1,1,0,0,1,0,0,0
1948,9,zeros-la-3-1,zeros-la-3,147,1948,9,322,256,8,4,0,0,32,256,4,0,16,0,0,0,2,0,0,0,9,1,2,1,1,1,0,0,1,0,0,0
1948,8,zeros-la-3-1,zeros-la-3,148,1948,8,324,256,0,0,8,4,0,32,256,4,0,2,0,16,0,0,0,2,8,2,2,1,1,1,0,0,1,0,0,0
1956,8,zeros-la-3-1,zeros-la-3,149,1956,8,326,256,0,32,8,8,0,2,256,16,0,0,0,2,2,0,0,0,8,3,0,2,1,1,0,0,1,0,0,0
1972,8,zeros-la-3-1,zeros-la-3,150,1972,8,328,256,0,0,32,16,0,2,256,16,0,0,2,2,0,0,0,2,8,4,0,0,2,1,0,0,1,0,0,0
2008,9,zeros-la-3-1,zeros-la-3,151,2008,9,330,256,0,2,32,32,0,0,256,4,0,0,2,0,0,0,0,2,9,3,1,0,0,2,0,0,1,0,0,0
2072,9,zeros-la-3-1,zeros-la-3,152,2072,9,332,256,0,0,2,64,0,0,256,4,0,0,0,2,0,0,2,2,9,4,1,0,0,0,1,0,1,0,0,0
2076,9,zeros-la-3-1,zeros-la-3,153,2076,9,334,256,0,0,0,0,0,2,2,64,0,0,256,4,0,0,2,4,9,3,2,0,0,0,1,0,1,0,0,0
2084,9,zeros-la-3-1,zeros-la-3,154,2084,9,336,256,0,2,0,0,0,0,2,0,0,0,256,64,0,2,2,8,9,4,0,1,0,0,1,0,1,0,0,0
2088,9,zeros-la-3-1,zeros-la-3,155,2088,9,340,256,2,0,4,0,2,0,0,0,256,64,0,0,4,8,0,0,9,2,2,1,0,0,1,0,1,0,0,0
2088,8,zeros-la-3-1,zeros-la-3,156,2088,8,344,256,2,4,0,0,2,0,4,0,256,64,0,0,4,8,0,0,8,2,3,1,0,0,1,0,1,0,0,0
2088,7,zeros-la-3-1,zeros-la-3,157,2088,7,346,256,0,0,2,4,0,2,2,4,0,0,256,64,0,0,4,8,7,3,3,1,0,0,1,0,1,0,0,0
2092,7,zeros-la-3-1,zeros-la-3,158,2092,7,348,256,2,0,2,4,0,0,4,4,0,0,256,64,0,0,4,8,7,2,4,1,0,0,1,0,1,0,0,0
2104,8,zeros-la-3-1,zeros-la-3,159,2104,8,350,256,4,4,0,0,8,0,0,0,256,64,0,0,4,8,0,2,8,1,3,2,0,0,1,0,1,0,0,0
2112,8,zeros-la-3-1,zeros-la-3,160,2112,8,352,256,8,0,0,0,8,0,0,2,256,64,0,0,4,8,2,0,8,2,1,3,0,0,1,0,1,0,0,0
2128,8,zeros-la-3-1,zeros-la-3,161,2128,8,354,256,16,64,2,2,256,8,0,0,4,2,0,0,0,0,0,0,8,3,1,1,1,0,1,0,1,0,0,0
2128,7,zeros-la-3-1,zeros-la-3,162,2128,7,356,256,16,64,2,2,256,8,2,0,4,2,0,0,0,0,0,0,7,4,1,1,1,0,1,0,1,0,0,0
2132,7,zeros-la-3-1,zeros-la-3,163,2132,7,358,256,2,16,64,4,0,256,8,2,0,0,4,2,0,0,0,0,7,3,2,1,1,0,1,0,1,0,0,0
2136,7,zeros-la-3-1,zeros-la-3,164,2136,7,360,256,0,0,0,0,2,0,64,0,0,16,8,4,2,256,4,4,7,2,3,1,1,0,1,0,1,0,0,0
2148,8,zeros-la-3-1,zeros-la-3,165,2148,8,362,256,4,16,64,8,0,256,8,0,0,0,4,2,0,0,0,0,8,1,2,2,1,0,1,0,1,0,0,0
2148,7,zeros-la-3-1,zeros-la-3,166,2148,7,364,256,0,2,0,0,0,0,64,0,0,16,8,8,4,256,4,2,7,2,2,2,1,0,1,0,1,0,0,0
2164,7,zeros-la-3-1,zeros-la-3,167,2164,7,368,256,2,0,0,0,64,0,0,4,16,16,0,0,4,256,4,2,7,2,3,0,2,0,1,0,1,0,0,0
2196,7,zeros-la-3-1,zeros-la-3,168,2196,7,370,256,2,0,0,0,64,4,0,2,32,0,0,0,4,256,4,2,7,3,3,0,0,1,1,0,1,0,0,0
2200,7,zeros-la-3-1,zeros-la-3,169,2200,7,374,256,2,0,0,4,64,0,0,0,32,4,0,0,4,256,4,4,7,1,5,0,0,1,1,0,1,0,0,0
2208,7,zeros-la-3-1,zeros-la-3,170,2208,7,376,256,2,4,4,8,64,256,0,0,32,0,0,0,4,2,0,0,7,2,3,1,0,1,1,0,1,0,0,0
2216,7,zeros-la-3-1,zeros-la-3,171,2216,7,378,256,0,2,8,8,0,0,64,256,2,0,0,32,0,0,4,2,7,3,1,2,0,1,1,0,1,0,0,0
2216,6,zeros-la-3-1,zeros-la-3,172,2216,6,380,256,2,2,8,8,2,0,64,256,0,0,4,32,0,0,0,2,6,4,1,2,0,1,1,0,1,0,0,0
2236,7,zeros-la-3-1,zeros-la-3,173,2236,7,382,256,0,0,4,16,0,2,64,256,0,0,4,32,0,0,2,2,7,3,2,0,1,1,1,0,1,0,0,0
2240,7,zeros-la-3-1,zeros-la-3,174,2240,7,386,256,0,0,4,16,0,2,64,256,0,0,4,32,4,0,0,4,7,1,4,0,1,1,1,0,1,0,0,0
2248,7,zeros-la-3-1,zeros-la-3,175,2248,7,388,256,0,0,4,16,2,2,64,256,0,0,4,32,0,0,0,8,7,2,2,1,1,1,1,0,1,0,0,0
2252,7,zeros-la-3-1,zeros-la-3,176,2252,7,390,256,4,16,0,0,4,64,256,0,4,32,0,0,8,0,0,2,7,1,3,1,1,1,1,0,1,0,0,0
2260,7,zeros-la-3-1,zeros-la-3,177,2260,7,394,256,0,0,0,0,4,16,0,0,8,64,0,4,8,32,256,2,7,1,2,2,1,1,1,0,1,0,0,0
2276,7,zeros-la-3-1,zeros-la-3,178,2276,7,396,256,2,0,0,0,0,16,0,0,4,64,0,4,16,32,256,2,7,2,2,0,2,1,1,0,1,0,0,0
2276,6,zeros-la-3-1,zeros-la-3,179,2276,6,398,256,2,16,256,4,4,64,0,2,16,32,0,0,0,0,0,2,6,3,2,0,2,1,1,0,1,0,0,0
2280,6,zeros-la-3-1,zeros-la-3,180,2280,6,400,256,0,0,0,0,2,16,2,0,4,64,0,4,16,32,256,4,6,2,3,0,2,1,1,0,1,0,0,0
2288,6,zeros-la-3-1,zeros-la-3,181,2288,6,402,256,2,0,0,0,2,16,0,0,4,64,2,0,16,32,256,8,6,3,1,1,2,1,1,0,1,0,0,0
2292,6,zeros-la-3-1,zeros-la-3,182,2292,6,404,256,0,0,0,2,4,16,0,0,4,64,2,0,16,32,256,8,6,2,2,1,2,1,1,0,1,0,0,0
2300,6,zeros-la-3-1,zeros-la-3,183,2300,6,406,256,0,0,0,0,0,16,2,0,8,64,2,2,16,32,256,8,6,3,0,2,2,1,1,0,1,0,0,0
2304,6,zeros-la-3-1,zeros-la-3,184,2304,6,408,256,0,0,0,0,2,0,16,2,0,8,64,4,16,32,256,8,6,2,1,2,2,1,1,0,1,0,0,0
2304,5,zeros-la-3-1,zeros-la-3,185,2304,5,410,256,0,0,0,0,2,16,2,0,8,64,4,2,16,32,256,8,5,3,1,2,2,1,1,0,1,0,0,0
2304,4,zeros-la-3-1,zeros-la-3,186,2304,4,412,256,2,0,0,0,2,16,2,0,8,64,4,2,16,32,256,8,4,4,1,2,2,1,1,0,1,0,0,0
2308,4,zeros-la-3-1,zeros-la-3,187,2308,4,414,256,0,0,0,2,4,16,2,0,8,64,4,2,16,32,256,8,4,3,2,2,2,1,1,0,1,0,0,0
2312,4,zeros-la-3-1,zeros-la-3,188,2312,4,416,256,0,0,0,0,4,16,2,2,8,64,4,4,16,32,256,8,4,2,3,2,2,1,1,0,1,0,0,0
2324,5,zeros-la-3-1,zeros-la-3,189,2324,5,418,256,0,0,2,0,0,4,16,4,0,8,64,8,16,32,256,8,5,1,2,3,2,1,1,0,1,0,0,0
2340,5,zeros-la-3-1,zeros-la-3,190,2340,5,420,256,0,0,2,2,0,4,16,0,0,8,64,4,16,32,256,16,5,2,2,1,3,1,1,0,1,0,0,0
2344,5,zeros-la-3-1,zeros-la-3,191,2344,5,422,256,4,0,0,0,4,16,0,0,8,64,4,2,16,32,256,16,5,1,3,1,3,1,1,0,1,0,0,0
2352,5,zeros-la-3-1,zeros-la-3,192,2352,5,424,256,2,0,0,0,8,16,0,0,8,64,4,2,16,32,256,16,5,2,1,2,3,1,1,0,1,0,0,0
2368,5,zeros-la-3-1,zeros-la-3,193,2368,5,426,256,0,0,0,2,2,16,0,0,16,64,4,2,16,32,256,16,5,3,1,0,4,1,1,0,1,0,0,0
2404,6,zeros-la-3-1,zeros-la-3,194,2404,6,428,256,0,0,2,0,0,16,0,0,2,64,4,4,32,32,256,16,6,2,2,0,2,2,1,0,1,0,0,0
2476,7,zeros-la-3-1,zeros-la-3,195,2476,7,430,256,0,0,2,2,0,0,0,16,0,2,64,8,0,64,256,16,7,3,0,1,2,0,2,0,1,0,0,0
2480,7,zeros-la-3-1,zeros-la-3,196,2480,7,432,256,0,0,0,4,0,0,0,16,2,2,64,8,0,64,256,16,7,2,1,1,2,0,2,0,1,0,0,0
2484,7,zeros-la-3-1,zeros-la-3,197,2484,7,434,256,4,0,0,0,16,2,0,0,4,64,8,0,64,256,16,0,7,1,2,1,2,0,2,0,1,0,0,0
2484,6,zeros-la-3-1,zeros-la-3,198,2484,6,436,256,4,0,0,2,16,2,0,0,4,64,8,0,64,256,16,0,6,2,2,1,2,0,2,0,1,0,0,0
2484,5,zeros-la-3-1,zeros-la-3,199,2484,5,438,256,4,2,0,0,16,2,2,0,4,64,8,0,64,256,16,0,5,3,2,1,2,0,2,0,1,0,0,0
2488,5,zeros-la-3-1,zeros-la-3,200,2488,5,440,256,4,2,0,2,16,4,0,0,4,64,8,0,64,256,16,0,5,2,3,1,2,0,2,0,1,0,0,0
2492,5,zeros-la-3-1,zeros-la-3,201,2492,5,442,256,0,0,4,4,2,0,16,4,0,4,64,8,0,64,256,16,5,1,4,1,2,0,2,0,1,0,0,0
2500,5,zeros-la-3-1,zeros-la-3,202,2500,5,444,256,2,4,4,8,0,64,16,8,2,0,64,16,0,0,256,0,5,2,2,2,2,0,2,0,1,0,0,0
2520,6,zeros-la-3-1,zeros-la-3,203,2520,6,446,256,4,4,4,16,0,64,16,16,2,0,64,0,0,0,256,0,6,1,3,0,3,0,2,0,1,0,0,0
2560,7,zeros-la-3-1,zeros-la-3,204,2560,7,448,256,0,4,8,16,0,0,64,32,0,0,2,64,0,2,0,256,7,2,1,1,1,1,2,0,1,0,0,0
2560,6,zeros-la-3-1,zeros-la-3,205,2560,6,452,256,0,0,0,16,4,0,8,32,0,4,64,64,0,2,2,256,6,2,2,1,1,1,2,0,1,0,0,0
2692,7,zeros-la-3-1,zeros-la-3,206,2692,7,454,256,0,0,0,16,2,4,8,32,0,0,4,128,0,0,4,256,7,1,3,1,1,1,0,1,1,0,0,0
2700,7,zeros-la-3-1,zeros-la-3,207,2700,7,456,256,2,4,8,16,2,0,8,32,0,0,0,128,0,0,0,256,7,2,1,2,1,1,0,1,1,0,0,0
2720,8,zeros-la-3-1,zeros-la-3,208,2720,8,458,256,4,4,16,16,0,0,0,32,0,0,0,128,0,2,0,256,8,1,2,0,2,1,0,1,1,0,0,0
2760,9,zeros-la-3-1,zeros-la-3,209,2760,9,460,256,0,0,8,32,0,0,0,32,0,2,0,128,0,0,2,256,9,2,0,1,0,2,0,1,1,0,0,0
2824,9,zeros-la-3-1,zeros-la-3,210,2824,9,464,256,0,2,8,64,0,0,2,128,4,0,0,256,0,0,0,0,9,2,1,1,0,0,1,1,1,0,0,0
2824,8,zeros-la-3-1,zeros-la-3,211,2824,8,466,256,2,0,0,0,0,0,0,64,0,0,8,128,4,2,2,256,8,3,1,1,0,0,1,1,1,0,0,0
2828,8,zeros-la-3-1,zeros-la-3,212,2828,8,468,256,2,0,0,0,64,0,0,2,8,128,0,0,4,4,256,0,8,2,2,1,0,0,1,1,1,0,0,0
2836,8,zeros-la-3-1,zeros-la-3,213,2836,8,470,256,0,0,0,2,2,0,64,2,0,0,8,128,0,0,8,256,8,3,0,2,0,0,1,1,1,0,0,0
2856,9,zeros-la-3-1,zeros-la-3,214,2856,9,472,256,0,0,0,0,0,0,0,4,0,2,64,128,2,0,16,256,9,2,1,0,1,0,1,1,1,0,0,0
2856,8,zeros-la-3-1,zeros-la-3,215,2856,8,474,256,0,0,2,0,4,0,0,0,2,64,128,0,2,16,256,0,8,3,1,0,1,0,1,1,1,0,0,0
2860,8,zeros-la-3-1,zeros-la-3,216,2860,8,476,256,0,2,0,0,0,0,2,0,4,64,128,0,4,16,256,0,8,2,2,0,1,0,1,1,1,0,0,0
2868,8,zeros-la-3-1,zeros-la-3,217,2868,8,478,256,0,0,0,0,0,2,2,0,2,64,128,0,8,16,256,0,8,3,0,1,1,0,1,1,1,0,0,0
2872,8,zeros-la-3-1,zeros-la-3,218,2872,8,480,256,2,0,0,0,0,0,0,4,0,2,64,128,0,8,16,256,8,2,1,1,1,0,1,1,1,0,0,0
2872,7,zeros-la-3-1,zeros-la-3,219,2872,7,482,256,2,0,0,2,0,0,0,4,0,2,64,128,0,8,16,256,7,3,1,1,1,0,1,1,1,0,0,0
2876,7,zeros-la-3-1,zeros-la-3,220,2876,7,484,256,0,0,0,4,0,0,0,4,0,2,64,128,2,8,16,256,7,2,2,1,1,0,1,1,1,0,0,0
2884,7,zeros-la-3-1,zeros-la-3,221,2884,7,486,256,2,2,64,8,0,8,16,128,0,0,0,256,0,0,2,0,7,3,0,2,1,0,1,1,1,0,0,0
2888,7,zeros-la-3-1,zeros-la-3,222,2888,7,488,256,4,64,8,0,8,16,128,0,256,0,0,0,2,0,0,2,7,2,1,2,1,0,1,1,1,0,0,0
2892,7,zeros-la-3-1,zeros-la-3,223,2892,7,490,256,4,64,8,2,8,16,128,0,256,0,0,0,4,0,0,0,7,1,2,2,1,0,1,1,1,0,0,0
2892,6,zeros-la-3-1,zeros-la-3,224,2892,6,494,256,4,64,8,2,8,16,128,0,256,0,0,0,4,0,4,0,6,1,3,2,1,0,1,1,1,0,0,0
2900,6,zeros-la-3-1,zeros-la-3,225,2900,6,496,256,4,64,8,2,8,16,128,0,256,0,0,0,8,0,0,2,6,2,1,3,1,0,1,1,1,0,0,0
2904,6,zeros-la-3-1,zeros-la-3,226,2904,6,498,256,4,0,2,0,8,0,0,0,256,64,8,0,8,16,128,4,6,1,2,3,1,0,1,1,1,0,0,0
2904,5,zeros-la-3-1,zeros-la-3,227,2904,5,500,256,4,0,0,0,8,2,2,0,256,64,8,0,8,16,128,4,5,2,2,3,1,0,1,1,1,0,0,0
2908,5,zeros-la-3-1,zeros-la-3,228,2908,5,502,256,0,0,2,4,0,0,8,4,0,256,64,8,8,16,128,4,5,1,3,3,1,0,1,1,1,0,0,0
2916,5,zeros-la-3-1,zeros-la-3,229,2916,5,504,256,0,0,2,0,0,2,8,8,0,256,64,8,8,16,128,4,5,2,1,4,1,0,1,1,1,0,0,0
2932,5,zeros-la-3-1,zeros-la-3,230,2932,5,506,256,2,0,2,0,2,16,0,0,256,64,8,0,8,16,128,4,5,3,1,2,2,0,1,1,1,0,0,0
2936,5,zeros-la-3-1,zeros-la-3,231,2936,5,508,256,0,0,0,4,2,0,2,16,0,256,64,8,8,16,128,4,5,2,2,2,2,0,1,1,1,0,0,0
2940,5,zeros-la-3-1,zeros-la-3,232,2940,5,510,256,4,0,0,0,4,16,0,0,256,64,8,2,8,16,128,4,5,1,3,2,2,0,1,1,1,0,0,0
2948,5,zeros-la-3-1,zeros-la-3,233,2948,5,514,256,0,0,0,0,8,16,0,4,256,64,8,2,8,16,128,4,5,1,2,3,2,0,1,1,1,0,0,0
2948,4,zeros-la-3-1,zeros-la-3,234,2948,4,516,256,0,0,0,2,8,16,0,4,256,64,8,2,8,16,128,4,4,2,2,3,2,0,1,1,1,0,0,0
2948,3,zeros-la-3-1,zeros-la-3,235,2948,3,518,256,2,0,2,0,8,16,4,0,256,64,8,2,8,16,128,4,3,3,2,3,2,0,1,1,1,0,0,0
2952,3,zeros-la-3-1,zeros-la-3,236,2952,3,520,256,0,2,0,4,0,8,16,4,256,64,8,2,8,16,128,4,3,2,3,3,2,0,1,1,1,0,0,0
2960,3,zeros-la-3-1,zeros-la-3,237,2960,3,522,256,2,2,0,0,0,8,16,8,256,64,8,2,8,16,128,4,3,3,1,4,2,0,1,1,1,0,0,0
2964,3,zeros-la-3-1,zeros-la-3,238,2964,3,524,256,0,2,0,4,0,8,16,8,256,64,8,2,8,16,128,4,3,2,2,4,2,0,1,1,1,0,0,0
2964,2,zeros-la-3-1,zeros-la-3,239,2964,2,526,256,256,2,16,4,8,8,8,8,0,64,128,2,0,16,2,4,2,3,2,4,2,0,1,1,1,0,0,0
2996,3,zeros-la-3-1,zeros-la-3,240,2996,3,528,256,256,2,16,4,0,0,16,16,0,64,128,2,2,16,2,4,3,4,2,0,4,0,1,1,1,0,0,0
3028,3,zeros-la-3-1,zeros-la-3,241,3028,3,532,256,256,2,16,4,32,0,0,0,64,128,2,4,2,16,2,4,3,4,3,0,2,1,1,1,1,0,0,0
3040,4,zeros-la-3-1,zeros-la-3,242,3040,4,534,256,256,2,16,8,32,128,4,4,64,16,0,0,2,0,0,2,4,3,2,1,2,1,1,1,1,0,0,0
3052,5,zeros-la-3-1,zeros-la-3,243,3052,5,536,256,256,2,16,8,0,32,128,8,0,0,64,16,0,2,0,4,5,2,1,2,2,1,1,1,1,0,0,0
3068,5,zeros-la-3-1,zeros-la-3,244,3068,5,538,256,0,0,0,0,2,2,16,16,0,32,128,16,256,2,64,4,5,3,1,0,3,1,1,1,1,0,0,0
3104,6,zeros-la-3-1,zeros-la-3,245,3104,6,540,256,2,0,0,0,4,32,0,0,32,128,16,0,256,2,64,4,6,2,2,0,1,2,1,1,1,0,0,0
3104,5,zeros-la-3-1,zeros-la-3,246,3104,5,542,256,0,0,0,2,0,2,4,32,0,32,128,16,256,2,64,4,5,3,2,0,1,2,1,1,1,0,0,0
3104,4,zeros-la-3-1,zeros-la-3,247,3104,4,544,256,0,0,0,2,0,2,4,32,2,32,128,16,256,2,64,4,4,4,2,0,1,2,1,1,1,0,0,0
3104,3,zeros-la-3-1,zeros-la-3,248,3104,3,546,256,2,2,4,2,256,32,128,32,2,2,64,16,0,0,0,4,3,5,2,0,1,2,1,1,1,0,0,0
3112,4,zeros-la-3-1,zeros-la-3,249,3112,4,548,256,4,4,2,0,256,32,128,32,4,64,16,0,4,2,0,0,4,2,4,0,1,2,1,1,1,0,0,0
3120,4,zeros-la-3-1,zeros-la-3,250,3120,4,550,256,8,2,2,0,256,32,128,32,4,64,16,0,4,2,0,0,4,3,2,1,1,2,1,1,1,0,0,0
3128,4,zeros-la-3-1,zeros-la-3,251,3128,4,552,256,8,2,2,32,256,32,128,2,8,64,16,0,0,2,0,0,4,4,0,2,1,2,1,1,1,0,0,0
3132,4,zeros-la-3-1,zeros-la-3,252,3132,4,556,256,8,4,32,4,256,32,128,2,8,64,16,0,2,0,0,0,4,2,2,2,1,2,1,1,1,0,0,0
3132,3,zeros-la-3-1,zeros-la-3,253,3132,3,558,256,8,4,32,4,256,32,128,2,8,64,16,0,2,0,0,2,3,3,2,2,1,2,1,1,1,0,0,0
3136,3,zeros-la-3-1,zeros-la-3,254,3136,3,560,256,8,2,0,0,256,4,32,0,8,32,128,4,2,64,16,4,3,2,3,2,1,2,1,1,1,0,0,0
3144,3,zeros-la-3-1,zeros-la-3,255,3144,3,562,256,8,2,32,8,256,4,128,0,8,32,16,0,2,64,2,0,3,3,1,3,1,2,1,1,1,0,0,0
3144,2,zeros-la-3-1,zeros-la-3,256,3144,2,564,256,8,2,32,8,0,256,4,128,0,8,32,16,2,2,64,2,2,4,1,3,1,2,1,1,1,0,0,0
3144,1,zeros-la-3-1,zeros-la-3,257,3144,1,566,256,0,2,32,8,2,256,4,128,8,8,32,16,2,2,64,2,1,5,1,3,1,2,1,1,1,0,0,0
3164,2,zeros-la-3-1,zeros-la-3,258,3164,2,568,256,2,32,8,0,2,256,4,128,16,32,16,2,4,64,2,0,2,4,2,1,2,2,1,1,1,0,0,0
3168,2,zeros-la-3-1,zeros-la-3,259,3168,2,570,256,0,32,8,2,4,256,4,0,16,32,16,128,4,64,2,2,2,3,3,1,2,2,1,1,1,0,0,0
3172,2,zeros-la-3-1,zeros-la-3,260,3172,2,574,256,32,8,2,0,4,256,4,4,16,32,16,128,4,64,4,0,2,1,5,1,2,2,1,1,1,0,0,0
3180,2,zeros-la-3-1,zeros-la-3,261,3180,2,576,256,2,32,8,2,0,4,256,8,16,32,16,128,0,4,64,4,2,2,3,2,2,2,1,1,1,0,0,0
3180,1,zeros-la-3-1,zeros-la-3,262,3180,1,578,256,2,32,8,2,4,256,8,2,16,32,16,128,4,64,4,0,1,3,3,2,2,2,1,1,1,0,0,0
3200,2,zeros-la-3-1,zeros-la-3,263,3200,2,580,256,2,32,2,0,4,256,16,0,16,32,16,4,4,64,4,128,2,2,4,0,3,2,1,1,1,0,0,0
3232,2,zeros-la-3-1,zeros-la-3,264,3232,2,582,256,2,32,2,0,4,256,2,0,16,32,32,4,4,64,4,128,2,3,4,0,1,3,1,1,1,0,0,0
3296,2,zeros-la-3-1,zeros-la-3,265,3296,2,584,256,2,32,2,0,4,256,2,0,16,64,4,2,4,64,4,128,2,4,4,0,1,1,2,1,1,0,0,0
3436,4,zeros-la-3-1,zeros-la-3,266,3436,4,588,256,2,0,0,0,4,32,0,4,16,256,4,2,4,128,8,128,4,2,4,1,1,1,0,2,1,0,0,0
3436,3,zeros-la-3-1,zeros-la-3,267,3436,3,590,256,2,2,0,0,4,32,4,0,16,256,4,2,4,128,8,128,3,3,4,1,1,1,0,2,1,0,0,0
3444,3,zeros-la-3-1,zeros-la-3,268,3444,3,594,256,2,2,0,4,4,32,0,0,16,256,8,2,4,128,8,128,3,3,3,2,1,1,0,2,1,0,0,0
3448,3,zeros-la-3-1,zeros-la-3,269,3448,3,596,256,4,4,0,0,4,32,0,2,16,256,8,2,4,128,8,128,3,2,4,2,1,1,0,2,1,0,0,0
3476,5,zeros-la-3-1,zeros-la-3,270,3476,5,598,256,2,4,0,0,8,32,0,0,16,256,0,4,4,128,16,128,5,1,3,1,2,1,0,2,1,0,0,0
3476,4,zeros-la-3-1,zeros-la-3,271,3476,4,600,256,2,4,0,2,8,32,0,0,16,256,4,0,4,128,16,128,4,2,3,1,2,1,0,2,1,0,0,0
3476,3,zeros-la-3-1,zeros-la-3,272,3476,3,602,256,2,4,2,0,8,32,2,0,16,256,4,0,4,128,16,128,3,3,3,1,2,1,0,2,1,0,0,0
3476,2,zeros-la-3-1,zeros-la-3,273,3476,2,604,256,0,2,4,2,2,8,32,2,0,16,256,4,4,128,16,128,2,4,3,1,2,1,0,2,1,0,0,0
3480,2,zeros-la-3-1,zeros-la-3,274,3480,2,606,256,2,2,4,4,4,8,32,4,0,16,256,128,2,128,16,0,2,3,4,1,2,1,0,2,1,0,0,0
3492,3,zeros-la-3-1,zeros-la-3,275,3492,3,608,256,4,8,0,0,4,8,32,4,16,256,128,2,2,128,16,0,3,2,3,2,2,1,0,2,1,0,0,0
3516,4,zeros-la-3-1,zeros-la-3,276,3516,4,610,256,8,16,32,4,16,256,128,2,2,128,16,0,0,0,0,2,4,3,1,1,3,1,0,2,1,0,0,0
3520,4,zeros-la-3-1,zeros-la-3,277,3520,4,612,256,8,16,32,4,16,256,128,4,2,128,16,0,0,0,0,2,4,2,2,1,3,1,0,2,1,0,0,0
3520,3,zeros-la-3-1,zeros-la-3,278,3520,3,614,256,8,16,32,4,16,256,128,4,0,2,128,16,2,0,0,2,3,3,2,1,3,1,0,2,1,0,0,0
3784,4,zeros-la-3-1,zeros-la-3,279,3784,4,616,256,8,16,32,8,16,256,256,16,2,2,0,2,0,0,0,2,4,4,0,2,3,1,0,0,2,0,0,0
4300,5,zeros-la-3-1,zeros-la-3,280,4300,5,618,512,8,16,32,8,0,16,512,16,0,0,2,4,0,2,0,2,5,3,1,2,3,1,0,0,0,1,0,0
4332,5,zeros-la-3-1,zeros-la-3,281,4332,5,620,512,8,32,32,8,2,2,512,16,0,0,2,4,0,0,0,2,5,4,1,2,1,2,0,0,0,1,0,0
4400,6,zeros-la-3-1,zeros-la-3,282,4400,6,622,512,0,8,64,8,0,4,512,16,0,0,2,4,2,0,0,2,6,3,2,2,1,0,1,0,0,1,0,0
4404,6,zeros-la-3-1,zeros-la-3,283,4404,6,624,512,0,8,64,8,0,4,512,16,2,0,2,4,0,0,0,4,6,2,3,2,1,0,1,0,0,1,0,0
4408,6,zeros-la-3-1,zeros-la-3,284,4408,6,626,512,8,64,8,0,4,512,16,0,4,4,0,0,4,0,2,0,6,1,4,2,1,0,1,0,0,1,0,0
4416,6,zeros-la-3-1,zeros-la-3,285,4416,6,628,512,8,64,8,2,8,512,16,0,4,4,2,0,0,0,0,0,6,2,2,3,1,0,1,0,0,1,0,0
4432,6,zeros-la-3-1,zeros-la-3,286,4432,6,630,512,16,64,8,2,4,512,16,0,2,4,2,0,0,0,0,0,6,3,2,1,2,0,1,0,0,1,0,0
4432,5,zeros-la-3-1,zeros-la-3,287,4432,5,632,512,16,64,8,2,4,512,16,2,2,4,2,0,0,0,0,0,5,4,2,1,2,0,1,0,0,1,0,0
4436,5,zeros-la-3-1,zeros-la-3,288,4436,5,634,512,16,64,8,4,4,512,16,0,2,4,2,2,0,0,0,0,5,3,3,1,2,0,1,0,0,1,0,0
4440,5,zeros-la-3-1,zeros-la-3,289,4440,5,636,512,16,64,8,4,2,4,512,16,0,2,4,4,0,0,0,0,5,2,4,1,2,0,1,0,0,1,0,0
4448,5,zeros-la-3-1,zeros-la-3,290,4448,5,638,512,16,64,8,4,2,4,512,16,2,8,0,0,0,0,0,2,5,3,2,2,2,0,1,0,0,1,0,0
4452,5,zeros-la-3-1,zeros-la-3,291,4452,5,640,512,16,64,8,4,4,4,512,16,0,8,2,2,0,0,0,0,5,2,3,2,2,0,1,0,0,1,0,0
4464,6,zeros-la-3-1,zeros-la-3,292,4464,6,642,512,16,64,8,4,8,512,16,0,8,4,0,0,0,2,0,0,6,1,2,3,2,0,1,0,0,1,0,0
4480,6,zeros-la-3-1,zeros-la-3,293,4480,6,644,512,16,64,8,4,16,512,16,2,0,4,0,0,0,2,0,0,6,2,2,1,3,0,1,0,0,1,0,0
4512,6,zeros-la-3-1,zeros-la-3,294,4512,6,646,512,32,64,8,4,0,512,16,2,0,4,0,0,0,2,2,0,6,3,2,1,1,1,1,0,0,1,0,0
4516,6,zeros-la-3-1,zeros-la-3,295,4516,6,648,512,32,64,8,4,512,16,2,0,4,0,0,0,4,0,2,0,6,2,3,1,1,1,1,0,0,1,0,0
4528,7,zeros-la-3-1,zeros-la-3,296,4528,7,652,512,0,0,4,0,32,0,0,0,512,64,8,0,8,16,4,4,7,0,3,2,1,1,1,0,0,1,0,0
4536,7,zeros-la-3-1,zeros-la-3,297,4536,7,654,512,0,0,0,4,0,0,0,32,0,512,64,8,2,8,16,8,7,1,1,3,1,1,1,0,0,1,0,0
4552,7,zeros-la-3-1,zeros-la-3,298,4552,7,656,512,0,0,0,0,0,0,2,4,0,512,64,32,2,8,16,16,7,2,1,1,2,1,1,0,0,1,0,0
4584,7,zeros-la-3-1,zeros-la-3,299,4584,7,658,512,0,0,2,0,0,0,2,4,0,512,64,32,0,2,8,32,7,3,1,1,0,2,1,0,0,1,0,0
4652,8,zeros-la-3-1,zeros-la-3,300,4652,8,660,512,2,512,4,4,0,2,64,64,0,0,8,0,0,0,0,0,8,2,2,1,0,0,2,0,0,1,0,0
4788,9,zeros-la-3-1,zeros-la-3,301,4788,9,662,512,0,2,512,8,0,0,2,128,2,0,0,8,0,0,0,0,9,3,0,2,0,0,0,1,0,1,0,0
4788,8,zeros-la-3-1,zeros-la-3,302,4788,8,664,512,0,2,512,8,0,0,2,128,0,0,2,8,0,0,2,0,8,4,0,2,0,0,0,1,0,1,0,0
4788,7,zeros-la-3-1,zeros-la-3,303,4788,7,666,512,2,512,8,2,2,128,0,0,2,8,0,0,2,0,0,0,7,5,0,2,0,0,0,1,0,1,0,0
4796,8,zeros-la-3-1,zeros-la-3,304,4796,8,668,512,0,0,0,0,0,512,0,0,4,128,2,0,4,8,8,2,8,2,2,2,0,0,0,1,0,1,0,0
4812,8,zeros-la-3-1,zeros-la-3,305,4812,8,670,512,0,0,0,2,512,0,0,0,4,128,2,0,4,16,2,0,8,3,2,0,1,0,0,1,0,1,0,0
4824,9,zeros-la-3-1,zeros-la-3,306,4824,9,672,512,512,128,4,2,8,16,0,0,0,0,2,0,0,0,0,0,9,2,1,1,1,0,0,1,0,1,0,0
4824,8,zeros-la-3-1,zeros-la-3,307,4824,8,674,512,0,0,0,0,0,0,0,0,512,128,4,2,8,16,2,2,8,3,1,1,1,0,0,1,0,1,0,0
4828,8,zeros-la-3-1,zeros-la-3,308,4828,8,676,512,0,0,2,0,0,0,0,0,512,128,4,2,8,16,4,0,8,2,2,1,1,0,0,1,0,1,0,0
4836,8,zeros-la-3-1,zeros-la-3,309,4836,8,678,512,512,128,2,2,8,16,8,0,0,0,0,0,2,0,0,0,8,3,0,2,1,0,0,1,0,1,0,0
4840,8,zeros-la-3-1,zeros-la-3,310,4840,8,680,512,0,512,128,4,0,8,16,8,0,0,2,0,0,0,0,2,8,2,1,2,1,0,0,1,0,1,0,0
4840,7,zeros-la-3-1,zeros-la-3,311,4840,7,682,512,512,128,4,0,8,16,8,0,2,0,0,0,2,0,2,0,7,3,1,2,1,0,0,1,0,1,0,0
4844,7,zeros-la-3-1,zeros-la-3,312,4844,7,684,512,0,512,128,4,0,8,16,8,0,0,0,2,0,0,2,4,7,2,2,2,1,0,0,1,0,1,0,0
4844,6,zeros-la-3-1,zeros-la-3,313,4844,6,686,512,512,128,4,2,8,16,8,0,2,0,0,0,2,4,0,0,6,3,2,2,1,0,0,1,0,1,0,0
4848,6,zeros-la-3-1,zeros-la-3,314,4848,6,688,512,512,128,4,2,8,16,8,0,4,4,0,0,0,0,2,0,6,2,3,2,1,0,0,1,0,1,0,0
4856,6,zeros-la-3-1,zeros-la-3,315,4856,6,690,512,512,128,4,2,2,8,16,8,0,0,0,8,0,0,0,2,6,3,1,3,1,0,0,1,0,1,0,0
4872,6,zeros-la-3-1,zeros-la-3,316,4872,6,692,512,512,128,4,2,2,8,16,16,0,2,0,2,0,0,0,0,6,4,1,1,2,0,0,1,0,1,0,0
4908,7,zeros-la-3-1,zeros-la-3,317,4908,7,694,512,512,128,4,2,2,8,32,0,4,0,2,0,0,0,0,0,7,3,2,1,0,1,0,1,0,1,0,0
4908,6,zeros-la-3-1,zeros-la-3,318,4908,6,696,512,512,128,4,2,2,8,32,0,4,0,2,2,0,0,0,0,6,4,2,1,0,1,0,1,0,1,0,0
4912,6,zeros-la-3-1,zeros-la-3,319,4912,6,698,512,512,128,4,2,2,8,32,2,4,4,0,0,0,0,0,0,6,3,3,1,0,1,0,1,0,1,0,0
4916,6,zeros-la-3-1,zeros-la-3,320,4916,6,700,512,512,128,4,4,2,8,32,2,4,4,0,0,0,0,0,0,6,2,4,1,0,1,0,1,0,1,0,0
4916,5,zeros-la-3-1,zeros-la-3,321,4916,5,702,512,512,128,4,4,2,8,32,2,4,4,0,0,0,0,2,0,5,3,4,1,0,1,0,1,0,1,0,0
4932,6,zeros-la-3-1,zeros-la-3,322,4932,6,704,512,0,512,128,8,2,8,32,2,0,0,0,8,2,0,0,2,6,4,0,3,0,1,0,1,0,1,0,0
4936,6,zeros-la-3-1,zeros-la-3,323,4936,6,706,512,4,512,128,8,0,8,32,2,0,0,0,8,2,0,0,2,6,3,1,3,0,1,0,1,0,1,0,0
4940,6,zeros-la-3-1,zeros-la-3,324,4940,6,708,512,4,512,128,8,8,32,2,0,8,0,2,0,4,0,0,0,6,2,2,3,0,1,0,1,0,1,0,0
4960,7,zeros-la-3-1,zeros-la-3,325,4960,7,710,512,4,512,128,8,16,32,4,0,4,0,2,0,0,0,0,0,7,1,3,1,1,1,0,1,0,1,0,0
4960,6,zeros-la-3-1,zeros-la-3,326,4960,6,712,512,4,512,128,8,16,32,4,0,4,0,2,0,0,0,2,0,6,2,3,1,1,1,0,1,0,1,0,0
4964,6,zeros-la-3-1,zeros-la-3,327,4964,6,714,512,0,0,2,0,4,0,128,0,16,512,4,0,4,32,4,8,6,1,4,1,1,1,0,1,0,1,0,0
4972,6,zeros-la-3-1,zeros-la-3,328,4972,6,716,512,0,0,0,0,4,0,2,0,16,512,128,2,4,32,8,8,6,2,2,2,1,1,0,1,0,1,0,0
4988,6,zeros-la-3-1,zeros-la-3,329,4988,6,718,512,0,0,2,0,0,0,4,2,16,512,128,2,0,4,32,16,6,3,2,0,2,1,0,1,0,1,0,0
4988,5,zeros-la-3-1,zeros-la-3,330,4988,5,720,512,2,0,0,0,4,2,2,0,16,512,128,2,4,32,16,0,5,4,2,0,2,1,0,1,0,1,0,0
4992,5,zeros-la-3-1,zeros-la-3,331,4992,5,724,512,2,0,0,4,4,4,0,0,16,512,128,2,4,32,16,0,5,2,4,0,2,1,0,1,0,1,0,0
5000,5,zeros-la-3-1,zeros-la-3,332,5000,5,726,512,0,0,2,4,0,0,0,8,16,512,128,2,2,4,32,16,5,3,2,1,2,1,0,1,0,1,0,0
5000,4,zeros-la-3-1,zeros-la-3,333,5000,4,728,512,16,512,2,4,2,4,128,8,0,0,32,2,2,0,0,16,4,4,2,1,2,1,0,1,0,1,0,0
5004,4,zeros-la-3-1,zeros-la-3,334,5004,4,730,512,0,0,0,4,2,0,2,8,16,512,128,2,4,4,32,16,4,3,3,1,2,1,0,1,0,1,0,0
5016,5,zeros-la-3-1,zeros-la-3,335,5016,5,732,512,4,0,0,2,4,8,0,0,16,512,128,2,8,32,16,0,5,2,2,2,2,1,0,1,0,1,0,0
5028,6,zeros-la-3-1,zeros-la-3,336,5028,6,734,512,8,8,128,4,16,512,16,0,8,32,0,0,0,0,2,0,6,1,1,3,2,1,0,1,0,1,0,0
5044,6,zeros-la-3-1,zeros-la-3,337,5044,6,736,512,16,128,4,0,16,512,16,0,8,32,0,0,2,0,2,0,6,2,1,1,3,1,0,1,0,1,0,0
5048,6,zeros-la-3-1,zeros-la-3,338,5048,6,738,512,16,128,4,0,16,512,16,0,8,32,0,0,4,2,0,0,6,1,2,1,3,1,0,1,0,1,0,0
5080,6,zeros-la-3-1,zeros-la-3,339,5080,6,740,512,32,128,4,0,8,512,16,2,4,32,0,0,0,2,0,0,6,2,2,1,1,2,0,1,0,1,0,0
5080,5,zeros-la-3-1,zeros-la-3,340,5080,5,742,512,32,128,4,2,8,512,16,0,4,32,0,0,2,2,0,0,5,3,2,1,1,2,0,1,0,1,0,0
5084,5,zeros-la-3-1,zeros-la-3,341,5084,5,744,512,32,128,4,2,8,512,16,0,4,32,0,0,4,0,0,2,5,2,3,1,1,2,0,1,0,1,0,0
5096,6,zeros-la-3-1,zeros-la-3,342,5096,6,746,512,32,128,4,4,8,512,16,0,8,32,0,2,0,0,0,0,6,1,2,2,1,2,0,1,0,1,0,0
5104,6,zeros-la-3-1,zeros-la-3,343,5104,6,748,512,32,128,8,0,8,512,16,0,8,32,2,0,0,2,0,0,6,2,0,3,1,2,0,1,0,1,0,0
5120,6,zeros-la-3-1,zeros-la-3,344,5120,6,750,512,0,128,0,0,0,512,8,0,32,32,16,2,16,2,2,0,6,3,0,1,2,2,0,1,0,1,0,0
5188,7,zeros-la-3-1,zeros-la-3,345,5188,7,752,512,0,0,2,128,0,0,512,8,0,64,16,2,0,0,16,4,7,2,1,1,2,0,1,1,0,1,0,0
5220,7,zeros-la-3-1,zeros-la-3,346,5220,7,754,512,0,0,0,128,0,0,2,8,0,0,512,2,2,64,32,4,7,3,1,1,0,1,1,1,0,1,0,0
5220,6,zeros-la-3-1,zeros-la-3,347,5220,6,756,512,0,0,0,128,0,2,2,8,0,0,512,2,2,64,32,4,6,4,1,1,0,1,1,1,0,1,0,0
5220,5,zeros-la-3-1,zeros-la-3,348,5220,5,758,512,0,0,0,128,2,0,2,8,0,2,512,2,2,64,32,4,5,5,1,1,0,1,1,1,0,1,0,0
5224,5,zeros-la-3-1,zeros-la-3,349,5224,5,760,512,128,0,0,2,4,8,0,0,2,512,2,0,2,64,32,4,5,4,2,1,0,1,1,1,0,1,0,0
5228,5,zeros-la-3-1,zeros-la-3,350,5228,5,762,512,2,0,0,0,128,8,0,0,4,512,2,2,4,64,32,4,5,3,3,1,0,1,1,1,0,1,0,0
5232,5,zeros-la-3-1,zeros-la-3,351,5232,5,764,512,0,0,2,2,0,0,128,8,0,4,512,4,4,64,32,4,5,2,4,1,0,1,1,1,0,1,0,0
5240,5,zeros-la-3-1,zeros-la-3,352,5240,5,766,512,4,4,2,2,0,64,128,8,0,2,512,8,0,0,32,0,5,3,2,2,0,1,1,1,0,1,0,0
5252,6,zeros-la-3-1,zeros-la-3,353,5252,6,768,512,0,0,8,4,0,64,128,8,2,2,512,8,0,0,0,32,6,2,1,3,0,1,1,1,0,1,0,0
5268,6,zeros-la-3-1,zeros-la-3,354,5268,6,770,512,2,0,0,0,0,0,8,4,0,64,128,16,2,2,512,32,6,3,1,1,1,1,1,1,0,1,0,0
5272,6,zeros-la-3-1,zeros-la-3,355,5272,6,772,512,2,0,0,0,0,0,8,4,0,64,128,16,4,2,512,32,6,2,2,1,1,1,1,1,0,1,0,0
5272,5,zeros-la-3-1,zeros-la-3,356,5272,5,774,512,2,64,8,4,4,2,128,16,0,0,512,32,0,2,0,0,5,3,2,1,1,1,1,1,0,1,0,0
5276,5,zeros-la-3-1,zeros-la-3,357,5276,5,778,512,0,0,4,0,0,0,8,4,2,64,128,16,4,4,512,32,5,1,4,1,1,1,1,1,0,1,0,0
5284,5,zeros-la-3-1,zeros-la-3,358,5284,5,780,512,0,2,0,4,0,0,8,4,2,64,128,16,0,8,512,32,5,2,2,2,1,1,1,1,0,1,0,0
5292,5,zeros-la-3-1,zeros-la-3,359,5292,5,782,512,2,2,8,8,0,64,128,16,2,8,512,32,0,0,0,0,5,3,0,3,1,1,1,1,0,1,0,0
5312,6,zeros-la-3-1,zeros-la-3,360,5312,6,784,512,0,2,4,16,0,64,128,16,2,8,512,32,0,0,0,0,6,2,1,1,2,1,1,1,0,1,0,0
5344,6,zeros-la-3-1,zeros-la-3,361,5344,6,786,512,2,2,4,32,0,64,128,32,2,8,512,0,0,0,0,0,6,3,1,1,0,2,1,1,0,1,0,0
5348,6,zeros-la-3-1,zeros-la-3,362,5348,6,788,512,0,4,4,32,0,64,128,32,0,2,8,512,2,0,0,0,6,2,2,1,0,2,1,1,0,1,0,0
5412,6,zeros-la-3-1,zeros-la-3,363,5412,6,790,512,0,2,0,0,0,4,4,0,0,64,128,64,2,2,8,512,6,3,2,1,0,0,2,1,0,1,0,0
5424,7,zeros-la-3-1,zeros-la-3,364,5424,7,792,512,2,2,0,0,8,0,0,0,64,128,64,0,4,8,512,0,7,2,1,2,0,0,2,1,0,1,0,0
5428,7,zeros-la-3-1,zeros-la-3,365,5428,7,794,512,4,0,0,2,8,0,0,0,64,128,64,0,4,8,512,0,7,1,2,2,0,0,2,1,0,1,0,0
5428,6,zeros-la-3-1,zeros-la-3,366,5428,6,796,512,4,128,64,2,8,8,512,0,64,0,2,0,4,0,0,0,6,2,2,2,0,0,2,1,0,1,0,0
5444,6,zeros-la-3-1,zeros-la-3,367,5444,6,798,512,4,128,64,2,0,0,16,512,0,0,64,2,0,2,0,4,6,3,2,0,1,0,2,1,0,1,0,0
5444,5,zeros-la-3-1,zeros-la-3,368,5444,5,800,512,4,128,64,2,16,512,2,0,64,2,0,0,2,4,0,0,5,4,2,0,1,0,2,1,0,1,0,0
5444,4,zeros-la-3-1,zeros-la-3,369,5444,4,802,512,4,128,0,0,16,512,0,0,64,2,64,2,2,4,2,2,4,5,2,0,1,0,2,1,0,1,0,0
5448,4,zeros-la-3-1,zeros-la-3,370,5448,4,804,512,2,0,4,128,0,0,16,512,64,2,64,2,0,2,4,4,4,4,3,0,1,0,2,1,0,1,0,0
5452,4,zeros-la-3-1,zeros-la-3,371,5452,4,806,512,2,4,4,128,64,2,16,512,0,0,64,2,0,0,4,4,4,3,4,0,1,0,2,1,0,1,0,0
5468,5,zeros-la-3-1,zeros-la-3,372,5468,5,808,512,2,8,128,0,64,2,16,512,64,2,0,0,8,0,0,2,5,4,0,2,1,0,2,1,0,1,0,0
5600,6,zeros-la-3-1,zeros-la-3,373,5600,6,810,512,0,0,0,2,2,0,0,0,128,8,128,512,8,4,16,2,6,3,1,2,1,0,0,2,0,1,0,0
5600,5,zeros-la-3-1,zeros-la-3,374,5600,5,812,512,0,0,0,2,2,0,0,2,128,8,128,512,8,4,16,2,5,4,1,2,1,0,0,2,0,1,0,0
5604,5,zeros-la-3-1,zeros-la-3,375,5604,5,814,512,2,0,0,0,4,0,0,2,128,8,128,512,8,4,16,2,5,3,2,2,1,0,0,2,0,1,0,0
5604,4,zeros-la-3-1,zeros-la-3,376,5604,4,816,512,2,8,128,2,4,4,16,512,128,0,0,2,8,0,2,0,4,4,2,2,1,0,0,2,0,1,0,0
5612,4,zeros-la-3-1,zeros-la-3,377,5612,4,818,512,2,8,128,2,2,8,16,512,0,0,128,2,0,0,8,2,4,5,0,3,1,0,0,2,0,1,0,0
5636,6,zeros-la-3-1,zeros-la-3,378,5636,6,820,512,0,0,128,2,0,0,16,2,0,0,128,512,4,16,8,4,6,2,2,1,2,0,0,2,0,1,0,0
5640,6,zeros-la-3-1,zeros-la-3,379,5640,6,822,512,0,2,128,0,0,0,16,4,0,0,128,512,4,16,8,4,6,1,3,1,2,0,0,2,0,1,0,0
5640,5,zeros-la-3-1,zeros-la-3,380,5640,5,826,512,4,2,128,4,0,16,16,512,0,0,128,4,0,0,8,4,5,1,4,1,2,0,0,2,0,1,0,0
5648,5,zeros-la-3-1,zeros-la-3,381,5648,5,828,512,0,0,128,2,0,0,16,4,0,2,128,512,4,16,8,8,5,2,2,2,2,0,0,2,0,1,0,0
5664,5,zeros-la-3-1,zeros-la-3,382,5664,5,830,512,0,0,128,2,0,2,16,4,0,2,128,512,0,4,16,16,5,3,2,0,3,0,0,2,0,1,0,0
5668,5,zeros-la-3-1,zeros-la-3,383,5668,5,834,512,0,4,128,2,0,4,16,4,0,0,128,512,4,0,16,16,5,1,4,0,3,0,0,2,0,1,0,0
5700,5,zeros-la-3-1,zeros-la-3,384,5700,5,838,512,4,128,2,0,4,16,4,0,128,512,0,0,4,32,0,4,5,1,5,0,1,1,0,2,0,1,0,0
5708,5,zeros-la-3-1,zeros-la-3,385,5708,5,840,512,0,128,0,0,8,16,0,2,128,512,2,0,4,32,4,4,5,2,3,1,1,1,0,2,0,1,0,0
5708,4,zeros-la-3-1,zeros-la-3,386,5708,4,842,512,2,128,0,0,8,16,0,0,128,512,2,2,4,32,4,4,4,3,3,1,1,1,0,2,0,1,0,0
5720,5,zeros-la-3-1,zeros-la-3,387,5720,5,844,512,2,128,0,0,8,16,0,0,128,512,4,0,4,32,8,2,5,2,2,2,1,1,0,2,0,1,0,0
5720,4,zeros-la-3-1,zeros-la-3,388,5720,4,846,512,2,128,4,2,8,16,8,0,128,512,0,0,4,32,0,2,4,3,2,2,1,1,0,2,0,1,0,0
5724,4,zeros-la-3-1,zeros-la-3,389,5724,4,848,512,2,128,4,4,8,16,8,0,128,512,0,2,4,32,0,0,4,2,3,2,1,1,0,2,0,1,0,0
5732,4,zeros-la-3-1,zeros-la-3,390,5732,4,852,512,2,128,8,4,8,16,8,0,128,512,2,0,4,32,0,0,4,2,2,3,1,1,0,2,0,1,0,0
5748,4,zeros-la-3-1,zeros-la-3,391,5748,4,856,512,2,128,16,4,8,16,2,0,128,512,0,0,4,32,4,0,4,2,3,1,2,1,0,2,0,1,0,0
5748,3,zeros-la-3-1,zeros-la-3,392,5748,3,858,512,2,128,2,0,8,16,16,0,128,512,2,0,4,32,4,4,3,3,3,1,2,1,0,2,0,1,0,0
5788,4,zeros-la-3-1,zeros-la-3,393,5788,4,860,512,2,128,2,2,8,32,0,0,128,512,2,0,4,32,8,0,4,4,1,2,0,2,0,2,0,1,0,0
5792,4,zeros-la-3-1,zeros-la-3,394,5792,4,862,512,2,128,2,0,8,32,0,0,128,512,4,0,4,32,8,2,4,3,2,2,0,2,0,2,0,1,0,0
5792,3,zeros-la-3-1,zeros-la-3,395,5792,3,864,512,2,128,2,0,8,32,2,0,128,512,4,0,4,32,8,2,3,4,2,2,0,2,0,2,0,1,0,0
5796,3,zeros-la-3-1,zeros-la-3,396,5796,3,866,512,2,128,2,0,8,32,4,0,128,512,4,0,4,32,8,2,3,3,3,2,0,2,0,2,0,1,0,0
5804,3,zeros-la-3-1,zeros-la-3,397,5804,3,870,512,2,128,0,0,8,32,2,0,128,512,8,4,4,32,8,2,3,3,2,3,0,2,0,2,0,1,0,0
5820,3,zeros-la-3-1,zeros-la-3,398,5820,3,872,512,2,128,2,0,8,32,0,0,128,512,2,4,4,32,16,2,3,4,2,1,1,2,0,2,0,1,0,0
5824,3,zeros-la-3-1,zeros-la-3,399,5824,3,874,512,2,128,4,4,8,32,16,2,128,512,0,2,4,32,0,0,3,3,3,1,1,2,0,2,0,1,0,0
5828,3,zeros-la-3-1,zeros-la-3,400,5828,3,878,512,2,128,0,0,8,32,0,4,128,512,4,4,4,32,16,4,3,1,5,1,1,2,0,2,0,1,0,0
5836,3,zeros-la-3-1,zeros-la-3,401,5836,3,880,512,2,128,0,0,8,32,2,0,128,512,4,4,4,32,16,8,3,2,3,2,1,2,0,2,0,1,0,0
5844,3,zeros-la-3-1,zeros-la-3,402,5844,3,882,512,0,0,2,128,2,8,32,2,0,128,512,8,4,32,16,8,3,3,1,3,1,2,0,2,0,1,0,0
5860,3,zeros-la-3-1,zeros-la-3,403,5860,3,884,512,2,0,2,0,0,8,32,128,2,128,512,2,4,32,16,16,3,4,1,1,2,2,0,2,0,1,0,0
5896,4,zeros-la-3-1,zeros-la-3,404,5896,4,888,512,0,0,0,4,4,8,32,128,2,128,512,2,0,4,32,32,4,2,3,1,0,3,0,2,0,1,0,0
5960,4,zeros-la-3-1,zeros-la-3,405,5960,4,892,512,4,0,0,0,4,8,32,128,2,128,512,2,4,64,0,4,4,2,4,1,0,1,1,2,0,1,0,0
5968,4,zeros-la-3-1,zeros-la-3,406,5968,4,894,512,8,8,32,128,2,128,512,2,4,64,0,4,0,0,2,0,4,3,2,2,0,1,1,2,0,1,0,0
5984,4,zeros-la-3-1,zeros-la-3,407,5984,4,896,512,0,16,32,128,2,128,512,2,2,4,64,4,0,0,0,2,4,4,2,0,1,1,1,2,0,1,0,0
5984,3,zeros-la-3-1,zeros-la-3,408,5984,3,898,512,16,32,128,0,2,128,512,2,2,4,64,4,2,2,0,0,3,5,2,0,1,1,1,2,0,1,0,0
5988,3,zeros-la-3-1,zeros-la-3,409,5988,3,900,512,16,32,128,2,2,128,512,2,2,4,64,4,4,0,0,0,3,4,3,0,1,1,1,2,0,1,0,0
5996,4,zeros-la-3-1,zeros-la-3,410,5996,4,902,512,0,2,0,0,16,32,128,0,4,128,512,4,4,4,64,4,4,1,5,0,1,1,1,2,0,1,0,0
6012,5,zeros-la-3-1,zeros-la-3,411,6012,5,904,512,2,2,0,0,0,32,128,0,16,128,512,0,8,4,64,8,5,2,1,2,1,1,1,2,0,1,0,0
6016,5,zeros-la-3-1,zeros-la-3,412,6016,5,906,512,4,0,0,2,32,128,0,0,16,128,512,0,8,4,64,8,5,1,2,2,1,1,1,2,0,1,0,0
6272,5,zeros-la-3-1,zeros-la-3,413,6272,5,908,512,4,0,0,0,32,2,0,0,16,256,512,2,8,4,64,8,5,2,2,2,1,1,1,0,1,1,0,0
6272,4,zeros-la-3-1,zeros-la-3,414,6272,4,912,512,0,0,0,4,4,0,32,2,16,256,512,2,8,4,64,8,4,2,3,2,1,1,1,0,1,1,0,0
6276,4,zeros-la-3-1,zeros-la-3,415,6276,4,914,512,4,256,32,4,16,4,512,4,8,0,64,8,0,0,0,2,4,1,4,2,1,1,1,0,1,1,0,0
6284,4,zeros-la-3-1,zeros-la-3,416,6284,4,916,512,4,256,32,8,16,4,512,8,8,2,64,2,0,0,0,0,4,2,2,3,1,1,1,0,1,1,0,0
6300,4,zeros-la-3-1,zeros-la-3,417,6300,4,918,512,4,256,32,16,16,4,512,2,8,2,64,0,0,0,2,0,4,3,2,1,2,1,1,0,1,1,0,0
6300,3,zeros-la-3-1,zeros-la-3,418,6300,3,920,512,4,256,32,16,16,4,512,2,8,2,64,0,0,0,2,2,3,4,2,1,2,1,1,0,1,1,0,0
6304,3,zeros-la-3-1,zeros-la-3,419,6304,3,922,512,4,256,32,16,16,4,512,2,8,2,64,0,4,0,2,0,3,3,3,1,2,1,1,0,1,1,0,0
6304,2,zeros-la-3-1,zeros-la-3,420,6304,2,924,512,4,256,32,16,16,4,512,2,8,2,64,2,4,0,2,0,2,4,3,1,2,1,1,0,1,1,0,0
6304,1,zeros-la-3-1,zeros-la-3,421,6304,1,928,512,4,256,32,16,16,4,512,2,8,2,64,2,4,2,0,4,1,4,4,1,2,1,1,0,1,1,0,0
6312,2,zeros-la-3-1,zeros-la-3,422,6312,2,930,512,4,256,32,16,16,4,512,4,8,4,64,4,4,0,2,0,2,1,6,1,2,1,1,0,1,1,0,0
6328,3,zeros-la-3-1,zeros-la-3,423,6328,3,932,512,4,256,32,16,16,8,512,8,8,2,64,0,4,0,2,0,3,2,2,3,2,1,1,0,1,1,0,0
6328,2,zeros-la-3-1,zeros-la-3,424,6328,2,934,512,4,0,32,2,16,256,512,0,8,8,64,16,4,2,2,8,2,3,2,3,2,1,1,0,1,1,0,0
6348,3,zeros-la-3-1,zeros-la-3,425,6348,3,936,512,4,32,2,2,16,256,512,0,16,64,16,0,4,4,8,0,3,2,3,1,3,1,1,0,1,1,0,0
6360,4,zeros-la-3-1,zeros-la-3,426,6360,4,938,512,0,4,32,4,0,16,256,512,0,16,64,16,2,0,8,8,4,1,2,2,3,1,1,0,1,1,0,0
6392,4,zeros-la-3-1,zeros-la-3,427,6392,4,940,512,0,2,32,4,0,0,256,512,0,4,64,16,2,32,8,8,4,2,2,2,1,2,1,0,1,1,0,0
6408,4,zeros-la-3-1,zeros-la-3,428,6408,4,942,512,0,2,32,4,0,0,256,512,0,4,64,16,2,2,32,16,4,3,2,0,2,2,1,0,1,1,0,0
6412,4,zeros-la-3-1,zeros-la-3,429,6412,4,944,512,0,2,32,4,0,0,256,512,0,4,64,16,2,4,32,16,4,2,3,0,2,2,1,0,1,1,0,0
6452,5,zeros-la-3-1,zeros-la-3,430,6452,5,946,512,0,0,32,0,0,2,256,4,0,2,64,512,2,8,32,32,5,3,1,1,0,3,1,0,1,1,0,0
6516,5,zeros-la-3-1,zeros-la-3,431,6516,5,948,512,0,0,0,32,0,2,256,4,0,2,64,512,2,2,8,64,5,4,1,1,0,1,2,0,1,1,0,0
6520,5,zeros-la-3-1,zeros-la-3,432,6520,5,952,512,4,0,0,32,0,2,256,4,0,2,64,512,0,4,8,64,5,2,3,1,0,1,2,0,1,1,0,0
6524,5,zeros-la-3-1,zeros-la-3,433,6524,5,954,512,0,0,0,32,0,0,256,4,2,4,64,512,4,4,8,64,5,1,4,1,0,1,2,0,1,1,0,0
6532,5,zeros-la-3-1,zeros-la-3,434,6532,5,956,512,32,0,0,2,256,4,0,0,2,4,64,512,8,8,64,0,5,2,2,2,0,1,2,0,1,1,0,0
6668,6,zeros-la-3-1,zeros-la-3,435,6668,6,958,512,32,0,0,0,256,0,0,2,2,8,0,2,8,8,128,512,6,3,0,3,0,1,0,1,1,1,0,0
6688,7,zeros-la-3-1,zeros-la-3,436,6688,7,962,512,32,16,128,4,256,0,0,512,2,0,0,0,8,0,4,0,7,1,2,1,1,1,0,1,1,1,0,0
6688,6,zeros-la-3-1,zeros-la-3,437,6688,6,964,512,32,2,0,0,256,0,0,0,2,0,128,4,8,16,4,512,6,2,2,1,1,1,0,1,1,1,0,0
6688,5,zeros-la-3-1,zeros-la-3,438,6688,5,966,512,32,0,0,0,256,0,0,2,2,2,128,4,8,16,4,512,5,3,2,1,1,1,0,1,1,1,0,0
6692,5,zeros-la-3-1,zeros-la-3,439,6692,5,968,512,32,0,0,0,256,2,2,0,4,128,4,0,8,16,4,512,5,2,3,1,1,1,0,1,1,1,0,0
6700,5,zeros-la-3-1,zeros-la-3,440,6700,5,970,512,32,2,2,512,256,128,8,0,4,16,0,0,8,0,0,2,5,3,1,2,1,1,0,1,1,1,0,0
6704,5,zeros-la-3-1,zeros-la-3,441,6704,5,972,512,0,32,4,512,2,256,128,8,0,0,4,16,0,0,8,2,5,2,2,2,1,1,0,1,1,1,0,0
6704,4,zeros-la-3-1,zeros-la-3,442,6704,4,974,512,0,32,4,512,2,256,128,8,0,2,4,16,0,0,8,2,4,3,2,2,1,1,0,1,1,1,0,0
6704,3,zeros-la-3-1,zeros-la-3,443,6704,3,976,512,32,4,512,0,2,256,128,8,2,4,16,0,8,2,2,0,3,4,2,2,1,1,0,1,1,1,0,0
6708,3,zeros-la-3-1,zeros-la-3,444,6708,3,978,512,32,4,512,0,2,256,128,8,2,4,16,2,8,4,0,0,3,3,3,2,1,1,0,1,1,1,0,0
6720,4,zeros-la-3-1,zeros-la-3,445,6720,4,980,512,32,4,512,8,4,256,128,2,8,8,16,0,0,2,0,0,4,2,2,3,1,1,0,1,1,1,0,0
6736,4,zeros-la-3-1,zeros-la-3,446,6736,4,982,512,32,4,512,8,4,256,128,2,0,0,16,16,0,2,0,2,4,3,2,1,2,1,0,1,1,1,0,0
6772,5,zeros-la-3-1,zeros-la-3,447,6772,5,986,512,32,4,512,8,4,256,128,2,32,0,0,4,4,0,0,0,5,1,4,1,0,2,0,1,1,1,0,0
6772,4,zeros-la-3-1,zeros-la-3,448,6772,4,988,512,32,4,512,8,4,256,128,2,0,2,32,4,0,0,0,4,4,2,4,1,0,2,0,1,1,1,0,0
6780,4,zeros-la-3-1,zeros-la-3,449,6780,4,990,512,32,4,512,8,4,256,128,2,0,2,32,8,0,0,2,0,4,3,2,2,0,2,0,1,1,1,0,0
6780,3,zeros-la-3-1,zeros-la-3,450,6780,3,992,512,0,2,512,0,0,4,128,8,32,256,32,2,4,2,2,8,3,4,2,2,0,2,0,1,1,1,0,0
6784,3,zeros-la-3-1,zeros-la-3,451,6784,3,994,512,2,512,0,0,4,128,8,0,32,256,32,2,4,4,8,2,3,3,3,2,0,2,0,1,1,1,0,0
6792,3,zeros-la-3-1,zeros-la-3,452,6792,3,996,512,2,512,2,0,4,128,8,0,32,256,32,2,8,8,2,0,3,4,1,3,0,2,0,1,1,1,0,0
6808,3,zeros-la-3-1,zeros-la-3,453,6808,3,998,512,2,2,512,2,0,4,128,8,32,256,32,2,0,0,16,2,3,5,1,1,1,2,0,1,1,1,0,0
6812,3,zeros-la-3-1,zeros-la-3,454,6812,3,1000,512,4,512,2,0,4,128,8,0,32,256,32,2,16,2,0,2,3,4,2,1,1,2,0,1,1,1,0,0
6824,4,zeros-la-3-1,zeros-la-3,455,6824,4,1002,512,8,512,2,4,32,128,8,0,16,256,32,0,2,2,0,0,4,3,1,2,1,2,0,1,1,1,0,0
6828,4,zeros-la-3-1,zeros-la-3,456,6828,4,1004,512,8,512,2,4,32,128,8,0,16,256,32,0,4,0,2,0,4,2,2,2,1,2,0,1,1,1,0,0
6828,3,zeros-la-3-1,zeros-la-3,457,6828,3,1006,512,8,0,2,0,32,512,8,0,16,128,32,2,4,256,2,4,3,3,2,2,1,2,0,1,1,1,0,0
6828,2,zeros-la-3-1,zeros-la-3,458,6828,2,1008,512,8,512,2,2,32,128,8,4,16,256,32,2,4,0,2,0,2,4,2,2,1,2,0,1,1,1,0,0
6828,1,zeros-la-3-1,zeros-la-3,459,6828,1,1010,512,8,512,2,2,32,128,8,4,16,256,32,2,4,0,2,2,1,5,2,2,1,2,0,1,1,1,0,0
6836,2,zeros-la-3-1,zeros-la-3,460,6836,2,1012,512,8,512,4,2,32,128,8,4,16,256,32,2,4,4,0,0,2,2,4,2,1,2,0,1,1,1,0,0
6836,1,zeros-la-3-1,zeros-la-3,461,6836,1,1014,512,8,512,2,0,32,128,4,2,16,256,8,4,4,4,32,2,1,3,4,2,1,2,0,1,1,1,0,0
6836,0,zeros-la-3-1,zeros-la-3,462,6836,0,1016,512,8,512,2,2,32,128,4,4,16,256,8,2,4,4,32,2,0,4,4,2,1,2,0,1,1,1,0,0
6856,2,zeros-la-3-1,zeros-la-3,463,6856,2,1018,512,8,512,4,0,32,128,8,0,16,256,8,2,8,32,2,2,2,3,1,4,1,2,0,1,1,1,0,0
6876,3,zeros-la-3-1,zeros-la-3,464,6876,3,1020,512,8,512,4,4,32,128,16,2,16,256,2,0,8,32,0,0,3,2,2,2,2,2,0,1,1,1,0,0
6884,3,zeros-la-3-1,zeros-la-3,465,6884,3,1022,512,8,512,8,0,32,128,16,2,16,256,2,0,8,32,2,0,3,3,0,3,2,2,0,1,1,1,0,0
6888,3,zeros-la-3-1,zeros-la-3,466,6888,3,1026,512,8,512,8,2,32,128,16,0,16,256,4,4,8,32,0,0,3,1,2,3,2,2,0,1,1,1,0,0
6896,3,zeros-la-3-1,zeros-la-3,467,6896,3,1028,512,8,512,8,2,32,128,16,2,16,256,8,0,8,32,0,0,3,2,0,4,2,2,0,1,1,1,0,0
6900,3,zeros-la-3-1,zeros-la-3,468,6900,3,1030,512,8,512,8,4,32,128,16,2,16,256,8,0,8,32,0,0,3,1,1,4,2,2,0,1,1,1,0,0
6900,2,zeros-la-3-1,zeros-la-3,469,6900,2,1032,512,8,512,8,4,32,128,16,2,16,256,8,2,8,32,0,0,2,2,1,4,2,2,0,1,1,1,0,0
6900,1,zeros-la-3-1,zeros-la-3,470,6900,1,1034,512,8,512,8,4,32,128,16,2,16,256,8,2,2,0,8,32,1,3,1,4,2,2,0,1,1,1,0,0
6920,2,zeros-la-3-1,zeros-la-3,471,6920,2,1038,512,8,512,8,4,32,128,16,4,16,256,16,32,2,0,0,4,2,1,3,2,3,2,0,1,1,1,0,0
6960,3,zeros-la-3-1,zeros-la-3,472,6960,3,1040,512,8,512,8,8,32,128,32,32,16,256,0,4,2,0,2,0,3,2,1,3,1,3,0,1,1,1,0,0
7044,5,zeros-la-3-1,zeros-la-3,473,7044,5,1042,512,0,8,512,16,2,32,128,64,0,16,256,4,0,0,0,4,5,1,2,1,2,1,1,1,1,1,0,0
7052,5,zeros-la-3-1,zeros-la-3,474,7052,5,1044,512,2,8,512,16,0,32,128,64,0,16,256,8,0,0,2,0,5,2,0,2,2,1,1,1,1,1,0,0
7052,4,zeros-la-3-1,zeros-la-3,475,7052,4,1048,512,2,8,512,16,0,32,128,64,0,16,256,8,0,4,2,0,4,2,1,2,2,1,1,1,1,1,0,0
7052,3,zeros-la-3-1,zeros-la-3,476,7052,3,1050,512,2,8,512,16,32,128,64,0,16,256,8,0,4,2,2,0,3,3,1,2,2,1,1,1,1,1,0,0
7056,3,zeros-la-3-1,zeros-la-3,477,7056,3,1052,512,2,8,512,16,2,32,128,64,0,16,256,8,0,0,4,4,3,2,2,2,2,1,1,1,1,1,0,0
7064,3,zeros-la-3-1,zeros-la-3,478,7064,3,1056,512,2,8,512,16,2,32,128,64,0,16,256,8,0,0,4,8,3,2,1,3,2,1,1,1,1,1,0,0
7084,4,zeros-la-3-1,zeros-la-3,479,7084,4,1060,512,4,0,512,0,0,8,128,16,0,32,256,64,4,16,4,16,4,0,3,1,3,1,1,1,1,1,0,0
7092,4,zeros-la-3-1,zeros-la-3,480,7092,4,1062,512,8,8,512,16,0,32,128,64,0,16,256,16,0,2,4,0,4,1,1,2,3,1,1,1,1,1,0,0
7108,4,zeros-la-3-1,zeros-la-3,481,7108,4,1064,512,16,512,16,0,32,128,64,0,16,256,16,0,2,4,0,2,4,2,1,0,4,1,1,1,1,1,0,0
7108,3,zeros-la-3-1,zeros-la-3,482,7108,3,1068,512,16,512,16,0,32,128,64,0,16,256,16,4,2,4,2,0,3,2,2,0,4,1,1,1,1,1,0,0
7108,2,zeros-la-3-1,zeros-la-3,483,7108,2,1070,512,16,512,16,4,32,128,64,0,16,256,16,0,2,4,2,2,2,3,2,0,4,1,1,1,1,1,0,0
7112,2,zeros-la-3-1,zeros-la-3,484,7112,2,1072,512,16,512,16,4,0,32,128,64,0,16,256,16,2,2,4,4,2,2,3,0,4,1,1,1,1,1,0,0
7112,1,zeros-la-3-1,zeros-la-3,485,7112,1,1074,512,0,512,16,4,2,32,128,64,16,16,256,16,2,2,4,4,1,3,3,0,4,1,1,1,1,1,0,0
7156,3,zeros-la-3-1,zeros-la-3,486,7156,3,1076,512,0,512,16,4,2,32,128,64,2,32,256,16,0,0,4,8,3,2,2,1,2,2,1,1,1,1,0,0
7224,4,zeros-la-3-1,zeros-la-3,487,7224,4,1080,512,4,512,16,4,0,64,128,64,0,0,256,16,0,4,4,8,4,0,4,1,2,0,2,1,1,1,0,0
7232,4,zeros-la-3-1,zeros-la-3,488,7232,4,1082,512,4,512,16,4,0,64,128,64,0,0,256,16,2,0,8,8,4,1,2,2,2,0,2,1,1,1,0,0
7248,4,zeros-la-3-1,zeros-la-3,489,7248,4,1086,512,4,512,16,4,0,64,128,64,0,0,256,16,4,0,2,16,4,1,3,0,3,0,2,1,1,1,0,0
7288,5,zeros-la-3-1,zeros-la-3,490,7288,5,1088,512,8,512,16,4,0,64,128,64,0,0,256,32,2,0,2,0,5,2,1,1,1,1,2,1,1,1,0,0
7292,5,zeros-la-3-1,zeros-la-3,491,7292,5,1090,512,8,512,16,4,0,64,128,64,2,0,256,32,0,0,0,4,5,1,2,1,1,1,2,1,1,1,0,0
7292,4,zeros-la-3-1,zeros-la-3,492,7292,4,1092,512,8,512,16,4,2,64,128,64,0,0,256,32,0,2,0,4,4,2,2,1,1,1,2,1,1,1,0,0
7292,3,zeros-la-3-1,zeros-la-3,493,7292,3,1094,512,8,512,16,4,2,64,128,64,0,2,256,32,0,2,0,4,3,3,2,1,1,1,2,1,1,1,0,0
7296,3,zeros-la-3-1,zeros-la-3,494,7296,3,1096,512,8,512,16,4,2,64,128,64,2,4,256,32,0,0,0,4,3,2,3,1,1,1,2,1,1,1,0,0
7300,3,zeros-la-3-1,zeros-la-3,495,7300,3,1098,512,0,0,0,4,2,512,16,64,8,64,128,32,4,4,256,4,3,1,4,1,1,1,2,1,1,1,0,0
7308,3,zeros-la-3-1,zeros-la-3,496,7308,3,1100,512,0,0,0,4,2,512,16,64,8,64,128,32,2,8,256,4,3,2,2,2,1,1,2,1,1,1,0,0
7308,2,zeros-la-3-1,zeros-la-3,497,7308,2,1102,512,2,512,16,4,8,64,128,64,2,8,256,32,0,0,2,4,2,3,2,2,1,1,2,1,1,1,0,0
7308,1,zeros-la-3-1,zeros-la-3,498,7308,1,1104,512,2,512,16,4,8,64,128,64,2,8,256,32,2,4,2,0,1,4,2,2,1,1,2,1,1,1,0,0
7312,1,zeros-la-3-1,zeros-la-3,499,7312,1,1106,512,0,512,16,2,2,64,128,4,8,8,256,64,4,4,2,32,1,3,3,2,1,1,2,1,1,1,0,0
7336,2,zeros-la-3-1,zeros-la-3,500,7336,2,1108,512,512,16,2,0,2,64,128,4,16,256,64,0,8,2,32,2,2,4,1,1,2,1,2,1,1,1,0,0
7336,1,zeros-la-3-1,zeros-la-3,501,7336,1,1110,512,512,16,2,2,2,64,128,4,16,256,64,0,8,2,32,2,1,5,1,1,2,1,2,1,1,1,0,0
7340,1,zeros-la-3-1,zeros-la-3,502,7340,1,1112,512,0,512,16,4,2,64,128,4,2,16,256,64,8,2,32,2,1,4,2,1,2,1,2,1,1,1,0,0
7352,2,zeros-la-3-1,zeros-la-3,503,7352,2,1114,512,4,512,16,8,8,64,128,64,2,16,256,2,0,2,32,0,2,3,1,2,2,1,2,1,1,1,0,0
7352,1,zeros-la-3-1,zeros-la-3,504,7352,1,1116,512,4,512,16,8,8,64,128,64,2,16,256,2,2,32,0,2,1,4,1,2,2,1,2,1,1,1,0,0
7360,2,zeros-la-3-1,zeros-la-3,505,7360,2,1118,512,4,512,16,8,8,64,128,64,4,16,256,4,0,32,0,2,2,1,3,2,2,1,2,1,1,1,0,0
7360,1,zeros-la-3-1,zeros-la-3,506,7360,1,1120,512,4,512,16,8,8,64,128,64,4,16,256,4,32,2,2,0,1,2,3,2,2,1,2,1,1,1,0,0
7364,1,zeros-la-3-1,zeros-la-3,507,7364,1,1122,512,4,512,16,8,8,64,128,64,4,16,256,4,0,2,32,4,1,1,4,2,2,1,2,1,1,1,0,0
7372,1,zeros-la-3-1,zeros-la-3,508,7372,1,1124,512,4,512,16,8,8,64,128,64,4,16,256,8,0,2,32,2,1,2,2,3,2,1,2,1,1,1,0,0
7372,0,zeros-la-3-1,zeros-la-3,509,7372,0,1126,512,2,512,16,8,4,64,128,64,8,16,256,8,4,2,32,2,0,3,2,3,2,1,2,1,1,1,0,0
4,14,zeros-la-3-2,zeros-la-3,0,4,14,6,4,0,4,2,0,0,0,0,0,0,0,0,0,0,0,0,0,14,1,1,0,0,0,0,0,0,0,0,0
4,13,zeros-la-3-2,zeros-la-3,1,4,13,8,4,0,0,0,0,0,2,0,0,0,0,0,0,0,4,2,0,13,2,1,0,0,0,0,0,0,0,0,0
4,12,zeros-la-3-2,zeros-la-3,2,4,12,10,4,0,2,2,0,0,4,0,0,0,0,0,0,0,0,2,0,12,3,1,0,0,0,0,0,0,0,0,0
8,12,zeros-la-3-2,zeros-la-3,3,8,12,12,4,0,0,0,4,0,0,0,4,0,0,2,0,0,0,0,2,12,2,2,0,0,0,0,0,0,0,0,0
16,12,zeros-la-3-2,zeros-la-3,4,16,12,14,8,0,0,0,0,2,0,0,0,0,0,0,8,0,0,2,2,12,3,0,1,0,0,0,0,0,0,0,0
16,11,zeros-la-3-2,zeros-la-3,5,16,11,16,8,2,0,2,8,0,0,0,2,0,0,2,0,0,0,0,0,11,4,0,1,0,0,0,0,0,0,0,0
20,11,zeros-la-3-2,zeros-la-3,6,20,11,18,8,4,8,2,0,2,0,0,0,2,0,0,0,0,0,0,0,11,3,1,1,0,0,0,0,0,0,0,0
24,11,zeros-la-3-2,zeros-la-3,7,24,11,22,8,4,8,2,0,4,0,0,0,0,0,4,0,0,0,0,0,11,1,3,1,0,0,0,0,0,0,0,0
32,11,zeros-la-3-2,zeros-la-3,8,32,11,24,8,0,0,0,0,0,0,2,0,0,0,2,0,8,8,4,0,11,2,1,2,0,0,0,0,0,0,0,0
36,11,zeros-la-3-2,zeros-la-3,9,36,11,26,8,0,0,0,0,2,0,0,0,0,0,4,0,8,8,4,0,11,1,2,2,0,0,0,0,0,0,0,0
52,11,zeros-la-3-2,zeros-la-3,10,52,11,28,16,0,0,0,0,0,0,2,2,0,0,0,4,0,0,16,4,11,2,2,0,1,0,0,0,0,0,0,0
60,11,zeros-la-3-2,zeros-la-3,11,60,11,30,16,0,0,0,0,2,0,0,0,0,0,2,2,0,0,16,8,11,3,0,1,1,0,0,0,0,0,0,0
64,11,zeros-la-3-2,zeros-la-3,12,64,11,32,16,0,0,0,0,2,0,0,0,4,2,0,0,16,8,0,0,11,2,1,1,1,0,0,0,0,0,0,0
64,10,zeros-la-3-2,zeros-la-3,13,64,10,36,16,0,0,0,0,2,0,0,0,4,2,4,0,16,8,0,0,10,2,2,1,1,0,0,0,0,0,0,0
64,9,zeros-la-3-2,zeros-la-3,14,64,9,38,16,2,2,4,0,4,8,0,0,16,0,0,2,0,0,0,0,9,3,2,1,1,0,0,0,0,0,0,0
68,9,zeros-la-3-2,zeros-la-3,15,68,9,40,16,0,0,4,4,0,0,4,8,0,0,16,2,2,0,0,0,9,2,3,1,1,0,0,0,0,0,0,0
76,9,zeros-la-3-2,zeros-la-3,16,76,9,42,16,2,0,0,8,0,0,4,8,0,0,16,2,0,0,0,2,9,3,1,2,1,0,0,0,0,0,0,0
96,10,zeros-la-3-2,zeros-la-3,17,96,10,46,16,0,0,4,0,0,0,0,0,0,0,4,16,2,0,16,4,10,1,3,0,2,0,0,0,0,0,0,0
96,9,zeros-la-3-2,zeros-la-3,18,96,9,50,16,4,0,4,0,0,0,0,0,4,16,0,0,2,16,4,0,9,1,4,0,2,0,0,0,0,0,0,0
144,11,zeros-la-3-2,zeros-la-3,19,144,11,52,32,8,32,8,0,2,0,0,0,0,0,0,2,0,0,0,0,11,2,0,2,0,1,0,0,0,0,0,0
144,10,zeros-la-3-2,zeros-la-3,20,144,10,54,32,0,8,32,8,0,2,0,2,0,0,0,2,0,0,0,0,10,3,0,2,0,1,0,0,0,0,0,0
148,10,zeros-la-3-2,zeros-la-3,21,148,10,58,32,0,8,32,8,0,2,0,4,0,0,4,0,0,0,0,0,10,1,2,2,0,1,0,0,0,0,0,0
148,9,zeros-la-3-2,zeros-la-3,22,148,9,62,32,0,0,0,0,0,0,0,4,0,8,32,8,0,2,4,4,9,1,3,2,0,1,0,0,0,0,0,0
156,9,zeros-la-3-2,zeros-la-3,23,156,9,66,32,0,0,0,0,4,0,0,4,0,8,32,8,0,0,2,8,9,1,2,3,0,1,0,0,0,0,0,0
164,9,zeros-la-3-2,zeros-la-3,24,164,9,68,32,2,0,0,0,0,0,0,8,0,8,32,8,0,0,2,8,9,2,0,4,0,1,0,0,0,0,0,0
180,9,zeros-la-3-2,zeros-la-3,25,180,9,70,32,2,8,32,16,0,2,2,8,0,0,0,0,0,0,0,0,9,3,0,2,1,1,0,0,0,0,0,0
184,9,zeros-la-3-2,zeros-la-3,26,184,9,74,32,2,8,32,16,4,8,0,0,0,0,0,0,4,0,0,0,9,1,2,2,1,1,0,0,0,0,0,0
208,10,zeros-la-3-2,zeros-la-3,27,208,10,76,32,2,16,32,16,8,2,0,0,0,0,0,0,0,0,0,0,10,2,0,1,2,1,0,0,0,0,0,0
208,9,zeros-la-3-2,zeros-la-3,28,208,9,80,32,4,0,0,0,0,0,0,0,2,16,0,0,8,2,32,16,9,2,1,1,2,1,0,0,0,0,0,0
208,8,zeros-la-3-2,zeros-la-3,29,208,8,82,32,0,2,0,4,0,0,0,0,0,0,2,16,8,2,32,16,8,3,1,1,2,1,0,0,0,0,0,0
244,9,zeros-la-3-2,zeros-la-3,30,244,9,84,32,0,0,0,0,0,0,2,0,0,0,2,4,8,4,32,32,9,2,2,1,0,2,0,0,0,0,0,0
308,9,zeros-la-3-2,zeros-la-3,31,308,9,86,64,0,0,0,0,2,0,0,0,2,4,2,0,8,4,64,0,9,3,2,1,0,0,1,0,0,0,0,0
320,10,zeros-la-3-2,zeros-la-3,32,320,10,88,64,0,0,0,0,0,0,0,0,4,2,2,0,8,8,64,0,10,2,1,2,0,0,1,0,0,0,0,0
340,11,zeros-la-3-2,zeros-la-3,33,340,11,90,64,2,0,0,0,0,0,0,0,4,4,0,0,16,64,0,0,11,1,2,0,1,0,1,0,0,0,0,0
348,11,zeros-la-3-2,zeros-la-3,34,348,11,92,64,0,0,2,2,0,0,0,0,0,0,0,8,0,0,16,64,11,2,0,1,1,0,1,0,0,0,0,0
352,11,zeros-la-3-2,zeros-la-3,35,352,11,96,64,0,0,0,4,0,0,0,4,0,0,0,8,0,0,16,64,11,0,2,1,1,0,1,0,0,0,0,0
360,11,zeros-la-3-2,zeros-la-3,36,360,11,98,64,0,0,0,0,0,0,0,8,0,0,0,8,0,2,16,64,11,1,0,2,1,0,1,0,0,0,0,0
376,11,zeros-la-3-2,zeros-la-3,37,376,11,100,64,2,2,16,16,0,0,0,64,0,0,0,0,0,0,0,0,11,2,0,0,2,0,1,0,0,0,0,0
412,12,zeros-la-3-2,zeros-la-3,38,412,12,102,64,0,0,4,32,0,0,0,64,0,0,0,0,2,0,0,0,12,1,1,0,0,1,1,0,0,0,0,0
412,11,zeros-la-3-2,zeros-la-3,39,412,11,104,64,4,32,0,0,64,0,0,0,0,2,0,0,2,0,0,0,11,2,1,0,0,1,1,0,0,0,0,0
412,10,zeros-la-3-2,zeros-la-3,40,412,10,106,64,0,0,4,32,2,0,0,64,0,0,0,2,0,0,0,2,10,3,1,0,0,1,1,0,0,0,0,0
416,10,zeros-la-3-2,zeros-la-3,41,416,10,108,64,0,0,0,0,0,0,0,32,0,0,2,64,2,0,4,4,10,2,2,0,0,1,1,0,0,0,0,0
424,10,zeros-la-3-2,zeros-la-3,42,424,10,110,64,0,0,0,2,0,0,0,32,0,0,2,64,0,0,2,8,10,3,0,1,0,1,1,0,0,0,0,0
428,10,zeros-la-3-2,zeros-la-3,43,428,10,112,64,0,0,0,2,0,0,0,32,2,0,0,64,0,0,4,8,10,2,1,1,0,1,1,0,0,0,0,0
428,9,zeros-la-3-2,zeros-la-3,44,428,9,114,64,0,0,0,2,0,0,2,32,0,0,0,64,2,0,4,8,9,3,1,1,0,1,1,0,0,0,0,0
428,8,zeros-la-3-2,zeros-la-3,45,428,8,116,64,2,0,2,2,0,0,4,32,0,2,0,64,0,0,0,8,8,4,1,1,0,1,1,0,0,0,0,0
428,7,zeros-la-3-2,zeros-la-3,46,428,7,118,64,0,0,0,2,0,0,0,32,0,2,2,64,2,2,4,8,7,5,1,1,0,1,1,0,0,0,0,0
436,8,zeros-la-3-2,zeros-la-3,47,436,8,120,64,0,0,0,2,0,0,0,32,2,0,4,64,0,4,4,8,8,2,3,1,0,1,1,0,0,0,0,0
444,8,zeros-la-3-2,zeros-la-3,48,444,8,124,64,0,0,4,2,0,0,0,32,0,2,4,64,0,0,8,8,8,2,2,2,0,1,1,0,0,0,0,0
460,8,zeros-la-3-2,zeros-la-3,49,460,8,126,64,0,0,4,2,0,0,0,32,2,2,4,64,0,0,0,16,8,3,2,0,1,1,1,0,0,0,0,0
468,8,zeros-la-3-2,zeros-la-3,50,468,8,128,64,0,0,0,2,0,0,0,32,0,2,0,64,2,2,8,16,8,4,0,1,1,1,1,0,0,0,0,0
472,8,zeros-la-3-2,zeros-la-3,51,472,8,132,64,0,0,0,2,0,0,0,32,0,4,0,64,2,4,8,16,8,2,2,1,1,1,1,0,0,0,0,0
480,8,zeros-la-3-2,zeros-la-3,52,480,8,134,64,0,0,0,2,0,0,0,32,0,0,2,64,2,8,8,16,8,3,0,2,1,1,1,0,0,0,0,0
496,8,zeros-la-3-2,zeros-la-3,53,496,8,136,64,2,0,0,0,32,0,0,0,2,64,2,0,2,16,16,0,8,4,0,0,2,1,1,0,0,0,0,0
528,8,zeros-la-3-2,zeros-la-3,54,528,8,140,64,2,0,4,0,32,0,0,0,2,64,2,0,2,32,0,0,8,4,1,0,0,2,1,0,0,0,0,0
532,8,zeros-la-3-2,zeros-la-3,55,532,8,142,64,2,64,4,0,32,32,2,0,4,0,2,0,0,0,0,0,8,3,2,0,0,2,1,0,0,0,0,0
596,8,zeros-la-3-2,zeros-la-3,56,596,8,144,64,0,2,64,4,0,0,64,2,0,0,4,2,0,2,0,0,8,4,2,0,0,0,2,0,0,0,0,0
732,10,zeros-la-3-2,zeros-la-3,57,732,10,146,128,0,0,0,0,0,2,0,0,0,0,128,4,0,4,4,4,10,1,4,0,0,0,0,1,0,0,0,0
740,10,zeros-la-3-2,zeros-la-3,58,740,10,150,128,0,2,128,8,0,4,4,0,4,0,0,0,0,0,0,0,10,1,3,1,0,0,0,1,0,0,0,0
748,10,zeros-la-3-2,zeros-la-3,59,748,10,152,128,0,2,128,8,0,0,0,8,0,0,2,4,0,0,0,0,10,2,1,2,0,0,0,1,0,0,0,0
764,10,zeros-la-3-2,zeros-la-3,60,764,10,154,128,0,2,0,0,0,0,0,0,0,0,128,16,0,2,2,4,10,3,1,0,1,0,0,1,0,0,0,0
768,10,zeros-la-3-2,zeros-la-3,61,768,10,156,128,0,0,0,2,0,0,0,0,0,2,128,16,0,0,4,4,10,2,2,0,1,0,0,1,0,0,0,0
776,10,zeros-la-3-2,zeros-la-3,62,776,10,158,128,2,0,0,0,0,0,0,0,2,128,16,0,8,2,0,0,10,3,0,1,1,0,0,1,0,0,0,0
780,10,zeros-la-3-2,zeros-la-3,63,780,10,160,128,4,128,16,0,8,2,0,0,0,0,0,0,2,0,0,0,10,2,1,1,1,0,0,1,0,0,0,0
780,9,zeros-la-3-2,zeros-la-3,64,780,9,162,128,4,128,16,0,8,2,0,0,2,0,0,0,0,2,0,0,9,3,1,1,1,0,0,1,0,0,0,0
784,9,zeros-la-3-2,zeros-la-3,65,784,9,164,128,4,128,16,0,8,4,0,0,2,0,0,2,0,0,0,0,9,2,2,1,1,0,0,1,0,0,0,0
788,9,zeros-la-3-2,zeros-la-3,66,788,9,166,128,0,4,128,16,0,0,8,4,2,0,0,4,0,0,0,0,9,1,3,1,1,0,0,1,0,0,0,0
796,9,zeros-la-3-2,zeros-la-3,67,796,9,168,128,0,0,0,0,0,0,2,0,0,0,128,16,2,4,8,8,9,2,1,2,1,0,0,1,0,0,0,0
812,9,zeros-la-3-2,zeros-la-3,68,812,9,170,128,0,0,0,2,0,0,0,2,0,0,128,16,0,2,4,16,9,3,1,0,2,0,0,1,0,0,0,0
848,10,zeros-la-3-2,zeros-la-3,69,848,10,172,128,0,0,0,0,0,2,0,0,0,0,128,4,0,2,4,32,10,2,2,0,0,1,0,1,0,0,0,0
852,10,zeros-la-3-2,zeros-la-3,70,852,10,174,128,0,0,0,0,0,2,0,0,0,0,128,4,0,4,4,32,10,1,3,0,0,1,0,1,0,0,0,0
860,10,zeros-la-3-2,zeros-la-3,71,860,10,176,128,2,0,0,0,2,0,0,0,128,4,0,0,8,32,0,0,10,2,1,1,0,1,0,1,0,0,0,0
864,10,zeros-la-3-2,zeros-la-3,72,864,10,178,128,4,4,0,0,128,32,0,0,8,0,0,0,0,0,0,2,10,1,2,1,0,1,0,1,0,0,0,0
872,10,zeros-la-3-2,zeros-la-3,73,872,10,180,128,8,0,0,0,128,32,0,0,8,0,0,2,2,0,0,0,10,2,0,2,0,1,0,1,0,0,0,0
872,9,zeros-la-3-2,zeros-la-3,74,872,9,182,128,0,0,0,8,0,0,128,32,0,0,8,2,2,0,0,2,9,3,0,2,0,1,0,1,0,0,0,0
876,9,zeros-la-3-2,zeros-la-3,75,876,9,184,128,2,0,128,8,0,2,8,32,0,0,0,4,0,0,0,0,9,2,1,2,0,1,0,1,0,0,0,0
876,8,zeros-la-3-2,zeros-la-3,76,876,8,186,128,2,128,8,0,2,8,32,0,4,2,0,0,0,0,0,0,8,3,1,2,0,1,0,1,0,0,0,0
880,8,zeros-la-3-2,zeros-la-3,77,880,8,188,128,0,0,0,2,0,128,0,0,4,8,8,0,4,2,32,0,8,2,2,2,0,1,0,1,0,0,0,0
888,8,zeros-la-3-2,zeros-la-3,78,888,8,192,128,8,128,8,2,0,8,32,0,4,2,0,0,0,0,0,0,8,2,1,3,0,1,0,1,0,0,0,0
888,7,zeros-la-3-2,zeros-la-3,79,888,7,194,128,8,128,8,2,4,8,32,0,0,2,0,2,0,0,0,0,7,3,1,3,0,1,0,1,0,0,0,0
892,7,zeros-la-3-2,zeros-la-3,80,892,7,196,128,8,128,8,2,0,4,8,32,2,0,0,4,0,0,0,0,7,2,2,3,0,1,0,1,0,0,0,0
908,7,zeros-la-3-2,zeros-la-3,81,908,7,198,128,0,0,0,0,0,2,0,2,8,128,0,32,2,4,16,4,7,3,2,1,1,1,0,1,0,0,0,0
908,6,zeros-la-3-2,zeros-la-3,82,908,6,200,128,0,0,0,0,2,2,0,2,8,128,0,32,2,4,16,4,6,4,2,1,1,1,0,1,0,0,0,0
912,6,zeros-la-3-2,zeros-la-3,83,912,6,202,128,0,2,0,0,0,0,2,4,0,8,128,32,2,4,16,4,6,3,3,1,1,1,0,1,0,0,0,0
912,5,zeros-la-3-2,zeros-la-3,84,912,5,206,128,2,0,0,0,2,4,0,0,8,128,32,4,2,4,16,4,5,3,4,1,1,1,0,1,0,0,0,0
924,6,zeros-la-3-2,zeros-la-3,85,924,6,208,128,4,4,32,8,8,128,16,0,2,4,0,0,2,0,0,0,6,2,3,2,1,1,0,1,0,0,0,0
932,6,zeros-la-3-2,zeros-la-3,86,932,6,210,128,8,32,8,2,8,128,16,0,2,4,0,0,2,0,0,0,6,3,1,3,1,1,0,1,0,0,0,0
952,7,zeros-la-3-2,zeros-la-3,87,952,7,212,128,0,0,0,0,0,32,0,2,16,128,8,0,4,4,16,2,7,2,2,1,2,1,0,1,0,0,0,0
956,7,zeros-la-3-2,zeros-la-3,88,956,7,214,128,0,0,0,0,2,32,0,0,16,128,8,0,4,4,16,4,7,1,3,1,2,1,0,1,0,0,0,0
964,7,zeros-la-3-2,zeros-la-3,89,964,7,216,128,0,2,0,0,2,32,0,0,16,128,8,0,8,16,4,0,7,2,1,2,2,1,0,1,0,0,0,0
964,6,zeros-la-3-2,zeros-la-3,90,964,6,218,128,2,2,0,0,2,32,0,0,16,128,8,0,8,16,4,0,6,3,1,2,2,1,0,1,0,0,0,0
968,6,zeros-la-3-2,zeros-la-3,91,968,6,220,128,0,0,0,4,0,0,2,32,2,16,128,8,0,8,16,4,6,2,2,2,2,1,0,1,0,0,0,0
968,5,zeros-la-3-2,zeros-la-3,92,968,5,222,128,4,0,2,0,2,32,0,0,2,16,128,8,8,16,4,0,5,3,2,2,2,1,0,1,0,0,0,0
1004,6,zeros-la-3-2,zeros-la-3,93,1004,6,224,128,0,0,0,0,4,0,2,2,4,32,128,0,8,32,4,8,6,2,3,2,0,2,0,1,0,0,0,0
1076,7,zeros-la-3-2,zeros-la-3,94,1076,7,226,128,0,0,0,0,0,0,2,2,8,0,128,2,8,64,4,8,7,3,1,3,0,0,1,1,0,0,0,0
1096,8,zeros-la-3-2,zeros-la-3,95,1096,8,230,128,0,0,0,0,0,0,2,0,4,0,128,4,16,64,4,8,8,1,3,1,1,0,1,1,0,0,0,0
1096,7,zeros-la-3-2,zeros-la-3,96,1096,7,232,128,0,0,0,0,2,0,2,0,4,128,4,0,16,64,4,8,7,2,3,1,1,0,1,1,0,0,0,0
1104,7,zeros-la-3-2,zeros-la-3,97,1104,7,234,128,0,2,0,0,2,0,0,0,4,128,2,0,16,64,8,8,7,3,1,2,1,0,1,1,0,0,0,0
1120,7,zeros-la-3-2,zeros-la-3,98,1120,7,236,128,2,0,0,0,2,2,0,0,4,128,2,0,16,64,16,0,7,4,1,0,2,0,1,1,0,0,0,0
1124,7,zeros-la-3-2,zeros-la-3,99,1124,7,238,128,4,2,2,2,4,128,16,0,16,64,0,0,0,0,0,0,7,3,2,0,2,0,1,1,0,0,0,0
1132,7,zeros-la-3-2,zeros-la-3,100,1132,7,240,128,0,0,2,0,0,2,0,0,8,128,2,0,16,64,16,2,7,4,0,1,2,0,1,1,0,0,0,0
1132,6,zeros-la-3-2,zeros-la-3,101,1132,6,242,128,2,0,0,0,2,2,0,0,8,128,2,0,16,64,16,2,6,5,0,1,2,0,1,1,0,0,0,0
1136,6,zeros-la-3-2,zeros-la-3,102,1136,6,244,128,0,0,0,2,0,2,0,4,0,8,128,2,16,64,16,2,6,4,1,1,2,0,1,1,0,0,0,0
1140,6,zeros-la-3-2,zeros-la-3,103,1140,6,246,128,0,0,2,0,0,2,0,2,0,8,128,4,16,64,16,4,6,3,2,1,2,0,1,1,0,0,0,0
1144,6,zeros-la-3-2,zeros-la-3,104,1144,6,248,128,0,2,0,2,0,0,0,4,0,8,128,4,16,64,16,4,6,2,3,1,2,0,1,1,0,0,0,0
1148,6,zeros-la-3-2,zeros-la-3,105,1148,6,250,128,0,0,0,4,0,0,0,4,2,8,128,4,16,64,16,4,6,1,4,1,2,0,1,1,0,0,0,0
1164,7,zeros-la-3-2,zeros-la-3,106,1164,7,252,128,0,0,0,0,2,0,0,0,2,8,128,8,16,64,16,8,7,2,0,3,2,0,1,1,0,0,0,0
1184,8,zeros-la-3-2,zeros-la-3,107,1184,8,254,128,0,0,0,0,0,2,0,0,4,8,128,0,16,64,16,16,8,1,1,1,3,0,1,1,0,0,0,0
1216,8,zeros-la-3-2,zeros-la-3,108,1216,8,256,128,0,0,0,2,0,0,0,2,0,4,8,128,0,16,64,32,8,2,1,1,1,1,1,1,0,0,0,0
1216,7,zeros-la-3-2,zeros-la-3,109,1216,7,258,128,2,0,0,0,2,0,0,0,4,8,128,0,16,64,32,2,7,3,1,1,1,1,1,1,0,0,0,0
1220,7,zeros-la-3-2,zeros-la-3,110,1220,7,260,128,4,8,128,2,4,64,32,0,16,0,2,0,0,0,0,0,7,2,2,1,1,1,1,1,0,0,0,0
1228,7,zeros-la-3-2,zeros-la-3,111,1228,7,262,128,8,8,128,2,16,64,32,0,0,0,2,0,0,2,0,0,7,3,0,2,1,1,1,1,0,0,0,0
1244,7,zeros-la-3-2,zeros-la-3,112,1244,7,266,128,0,16,128,2,0,16,64,32,0,0,0,2,0,0,4,2,7,3,1,0,2,1,1,1,0,0,0,0
1280,8,zeros-la-3-2,zeros-la-3,113,1280,8,268,128,0,0,0,0,0,0,128,2,0,2,64,32,0,32,4,4,8,2,2,0,0,2,1,1,0,0,0,0
1288,8,zeros-la-3-2,zeros-la-3,114,1288,8,270,128,0,0,0,0,0,0,128,2,0,2,64,32,2,0,32,8,8,3,0,1,0,2,1,1,0,0,0,0
1288,7,zeros-la-3-2,zeros-la-3,115,1288,7,272,128,0,0,0,0,128,2,2,0,2,64,32,0,2,32,8,0,7,4,0,1,0,2,1,1,0,0,0,0
1292,7,zeros-la-3-2,zeros-la-3,116,1292,7,274,128,128,2,2,0,4,64,32,0,0,32,8,0,0,0,0,2,7,3,1,1,0,2,1,1,0,0,0,0
1296,7,zeros-la-3-2,zeros-la-3,117,1296,7,276,128,0,0,128,4,0,4,64,32,2,0,32,8,0,0,0,2,7,2,2,1,0,2,1,1,0,0,0,0
1296,6,zeros-la-3-2,zeros-la-3,118,1296,6,278,128,0,2,128,4,0,4,64,32,0,2,32,8,0,0,0,2,6,3,2,1,0,2,1,1,0,0,0,0
1296,5,zeros-la-3-2,zeros-la-3,119,1296,5,280,128,2,2,128,4,0,4,64,32,0,2,32,8,0,0,0,2,5,4,2,1,0,2,1,1,0,0,0,0
1300,5,zeros-la-3-2,zeros-la-3,120,1300,5,282,128,4,128,4,0,4,64,32,0,2,32,8,2,2,0,0,0,5,3,3,1,0,2,1,1,0,0,0,0
1312,6,zeros-la-3-2,zeros-la-3,121,1312,6,284,128,8,128,4,2,4,64,32,0,0,32,8,0,0,0,2,0,6,2,2,2,0,2,1,1,0,0,0,0
1312,5,zeros-la-3-2,zeros-la-3,122,1312,5,286,128,8,128,4,2,4,64,32,0,2,32,8,0,0,0,2,0,5,3,2,2,0,2,1,1,0,0,0,0
1312,4,zeros-la-3-2,zeros-la-3,123,1312,4,288,128,8,128,4,2,4,64,32,2,2,32,8,0,2,0,0,0,4,4,2,2,0,2,1,1,0,0,0,0
1320,5,zeros-la-3-2,zeros-la-3,124,1320,5,290,128,0,2,0,0,8,128,4,0,4,64,32,0,4,32,8,4,5,1,4,2,0,2,1,1,0,0,0,0
1328,5,zeros-la-3-2,zeros-la-3,125,1328,5,292,128,8,2,4,4,8,128,32,2,0,64,8,0,0,32,0,0,5,2,2,3,0,2,1,1,0,0,0,0
1336,5,zeros-la-3-2,zeros-la-3,126,1336,5,294,128,8,2,8,0,8,128,32,2,64,8,0,0,32,2,0,0,5,3,0,4,0,2,1,1,0,0,0,0
1352,5,zeros-la-3-2,zeros-la-3,127,1352,5,296,128,0,2,0,0,16,128,2,0,64,8,8,0,32,2,32,2,5,4,0,2,1,2,1,1,0,0,0,0
1368,5,zeros-la-3-2,zeros-la-3,128,1368,5,298,128,0,0,0,2,2,16,128,2,0,0,64,16,32,2,32,2,5,5,0,0,2,2,1,1,0,0,0,0
1368,4,zeros-la-3-2,zeros-la-3,129,1368,4,300,128,2,0,0,0,2,16,128,2,64,16,2,0,32,2,32,2,4,6,0,0,2,2,1,1,0,0,0,0
1408,6,zeros-la-3-2,zeros-la-3,130,1408,6,302,128,4,32,128,4,64,2,2,0,32,0,32,0,0,2,0,0,6,3,2,0,0,3,1,1,0,0,0,0
1476,7,zeros-la-3-2,zeros-la-3,131,1476,7,304,128,4,32,128,4,0,0,64,4,0,0,2,64,0,0,0,2,7,2,3,0,0,1,2,1,0,0,0,0
1484,7,zeros-la-3-2,zeros-la-3,132,1484,7,306,128,4,32,128,8,0,0,64,64,2,0,2,2,0,0,0,0,7,3,1,1,0,1,2,1,0,0,0,0
1616,8,zeros-la-3-2,zeros-la-3,133,1616,8,308,128,4,32,128,8,128,0,0,2,4,2,0,0,0,0,0,0,8,2,2,1,0,1,0,2,0,0,0,0
1616,7,zeros-la-3-2,zeros-la-3,134,1616,7,310,128,4,32,128,8,0,0,128,2,0,2,4,2,0,0,0,0,7,3,2,1,0,1,0,2,0,0,0,0
1876,8,zeros-la-3-2,zeros-la-3,135,1876,8,312,256,4,32,256,8,2,2,4,4,0,0,0,0,0,0,0,0,8,2,3,1,0,1,0,0,1,0,0,0
1888,9,zeros-la-3-2,zeros-la-3,136,1888,9,314,256,4,32,256,8,4,8,0,2,0,0,0,0,0,0,0,0,9,1,2,2,0,1,0,0,1,0,0,0
1896,9,zeros-la-3-2,zeros-la-3,137,1896,9,316,256,0,0,0,0,0,0,2,0,0,32,0,8,8,8,256,2,9,2,0,3,0,1,0,0,1,0,0,0
1912,9,zeros-la-3-2,zeros-la-3,138,1912,9,318,256,0,0,0,2,2,0,0,0,32,8,0,0,16,256,2,0,9,3,0,1,1,1,0,0,1,0,0,0
1912,8,zeros-la-3-2,zeros-la-3,139,1912,8,320,256,0,0,2,0,2,0,0,0,32,8,0,0,16,256,2,2,8,4,0,1,1,1,0,0,1,0,0,0
1916,8,zeros-la-3-2,zeros-la-3,140,1916,8,322,256,0,0,2,2,0,0,0,2,0,0,32,8,0,16,256,4,8,3,1,1,1,1,0,0,1,0,0,0
1920,8,zeros-la-3-2,zeros-la-3,141,1920,8,324,256,4,0,0,0,2,0,0,0,32,8,0,0,16,256,4,2,8,2,2,1,1,1,0,0,1,0,0,0
1920,7,zeros-la-3-2,zeros-la-3,142,1920,7,326,256,4,0,0,0,2,0,0,2,32,8,0,0,16,256,4,2,7,3,2,1,1,1,0,0,1,0,0,0
1924,7,zeros-la-3-2,zeros-la-3,143,1924,7,328,256,4,0,0,0,2,2,0,0,32,8,0,0,16,256,4,4,7,2,3,1,1,1,0,0,1,0,0,0
1936,8,zeros-la-3-2,zeros-la-3,144,1936,8,330,256,0,0,0,4,0,0,0,4,2,0,32,8,0,16,256,8,8,1,2,2,1,1,0,0,1,0,0,0
1960,9,zeros-la-3-2,zeros-la-3,145,1960,9,332,256,2,16,32,8,0,0,256,16,0,0,0,0,0,0,2,0,9,2,0,1,2,1,0,0,1,0,0,0
1960,8,zeros-la-3-2,zeros-la-3,146,1960,8,334,256,2,16,32,8,256,16,0,0,0,2,0,0,2,0,0,0,8,3,0,1,2,1,0,0,1,0,0,0
1992,8,zeros-la-3-2,zeros-la-3,147,1992,8,336,256,2,32,32,8,256,2,0,0,2,2,0,0,0,0,0,0,8,4,0,1,0,2,0,0,1,0,0,0
1996,8,zeros-la-3-2,zeros-la-3,148,1996,8,338,256,2,32,32,8,256,4,0,2,2,0,0,0,0,0,0,0,8,3,1,1,0,2,0,0,1,0,0,0
2060,8,zeros-la-3-2,zeros-la-3,149,2060,8,340,256,0,2,64,8,0,256,4,2,0,0,2,2,0,0,0,0,8,4,1,1,0,0,1,0,1,0,0,0
2064,8,zeros-la-3-2,zeros-la-3,150,2064,8,342,256,0,2,64,8,0,256,4,4,0,0,2,2,0,0,0,0,8,3,2,1,0,0,1,0,1,0,0,0
2076,9,zeros-la-3-2,zeros-la-3,151,2076,9,344,256,0,2,64,8,0,0,256,8,0,0,2,4,0,0,0,0,9,2,1,2,0,0,1,0,1,0,0,0
2092,9,zeros-la-3-2,zeros-la-3,152,2092,9,346,256,0,0,0,0,2,0,64,0,0,0,256,16,0,2,2,4,9,3,1,0,1,0,1,0,1,0,0,0
2096,9,zeros-la-3-2,zeros-la-3,153,2096,9,348,256,2,0,0,0,0,0,2,64,0,0,256,16,0,0,4,4,9,2,2,0,1,0,1,0,1,0,0,0
2104,9,zeros-la-3-2,zeros-la-3,154,2104,9,350,256,2,0,0,0,2,64,0,0,256,16,0,0,8,0,0,2,9,3,0,1,1,0,1,0,1,0,0,0
2104,8,zeros-la-3-2,zeros-la-3,155,2104,8,352,256,2,0,0,0,2,64,0,0,256,16,0,0,8,2,0,2,8,4,0,1,1,0,1,0,1,0,0,0
2108,8,zeros-la-3-2,zeros-la-3,156,2108,8,354,256,4,64,0,2,256,16,0,0,8,2,0,2,0,0,0,0,8,3,1,1,1,0,1,0,1,0,0,0
2112,8,zeros-la-3-2,zeros-la-3,157,2112,8,356,256,4,64,2,0,256,16,0,0,8,4,0,0,0,0,2,0,8,2,2,1,1,0,1,0,1,0,0,0
2116,8,zeros-la-3-2,zeros-la-3,158,2116,8,358,256,0,0,0,2,4,64,0,0,256,16,0,0,8,4,4,0,8,1,3,1,1,0,1,0,1,0,0,0
2124,8,zeros-la-3-2,zeros-la-3,159,2124,8,360,256,2,0,0,0,4,64,0,0,256,16,0,2,8,8,0,0,8,2,1,2,1,0,1,0,1,0,0,0
2140,8,zeros-la-3-2,zeros-la-3,160,2140,8,362,256,2,0,2,0,4,64,0,0,256,16,2,0,16,0,0,0,8,3,1,0,2,0,1,0,1,0,0,0
2144,8,zeros-la-3-2,zeros-la-3,161,2144,8,366,256,2,0,0,0,4,4,0,0,256,64,0,0,16,16,4,0,8,1,3,0,2,0,1,0,1,0,0,0
2184,9,zeros-la-3-2,zeros-la-3,162,2184,9,368,256,0,0,0,2,2,0,0,8,0,0,256,64,0,0,32,4,9,2,1,1,0,1,1,0,1,0,0,0
2184,8,zeros-la-3-2,zeros-la-3,163,2184,8,372,256,0,0,0,2,0,0,2,8,0,0,256,64,4,0,32,4,8,2,2,1,0,1,1,0,1,0,0,0
2184,7,zeros-la-3-2,zeros-la-3,164,2184,7,374,256,0,0,0,2,2,0,2,8,0,0,256,64,4,0,32,4,7,3,2,1,0,1,1,0,1,0,0,0
2188,7,zeros-la-3-2,zeros-la-3,165,2188,7,376,256,0,0,2,2,0,0,4,8,0,0,256,64,0,4,32,4,7,2,3,1,0,1,1,0,1,0,0,0
2192,7,zeros-la-3-2,zeros-la-3,166,2192,7,378,256,4,0,0,0,4,8,2,0,256,64,0,0,4,32,4,0,7,1,4,1,0,1,1,0,1,0,0,0
2200,7,zeros-la-3-2,zeros-la-3,167,2200,7,380,256,8,8,2,0,256,64,4,0,4,32,0,2,0,0,0,0,7,2,2,2,0,1,1,0,1,0,0,0
2216,7,zeros-la-3-2,zeros-la-3,168,2216,7,382,256,2,0,16,2,0,256,64,4,0,4,32,2,0,0,0,0,7,3,2,0,1,1,1,0,1,0,0,0
2216,6,zeros-la-3-2,zeros-la-3,169,2216,6,384,256,2,16,2,0,256,64,4,0,4,32,2,0,0,0,0,2,6,4,2,0,1,1,1,0,1,0,0,0
2216,5,zeros-la-3-2,zeros-la-3,170,2216,5,386,256,2,0,0,0,2,16,2,0,256,64,4,0,4,32,2,2,5,5,2,0,1,1,1,0,1,0,0,0
2220,5,zeros-la-3-2,zeros-la-3,171,2220,5,388,256,2,0,0,0,2,16,2,0,256,64,4,0,4,32,4,2,5,4,3,0,1,1,1,0,1,0,0,0
2232,6,zeros-la-3-2,zeros-la-3,172,2232,6,390,256,4,16,2,2,256,64,8,2,4,32,0,0,0,0,0,0,6,3,2,1,1,1,1,0,1,0,0,0
2236,6,zeros-la-3-2,zeros-la-3,173,2236,6,392,256,4,16,4,0,256,64,8,2,4,32,2,0,0,0,0,0,6,2,3,1,1,1,1,0,1,0,0,0
2236,5,zeros-la-3-2,zeros-la-3,174,2236,5,394,256,0,0,2,0,4,16,4,0,256,64,8,0,4,32,2,2,5,3,3,1,1,1,1,0,1,0,0,0
2240,5,zeros-la-3-2,zeros-la-3,175,2240,5,396,256,0,0,0,2,2,4,16,4,0,256,64,8,0,4,32,4,5,2,4,1,1,1,1,0,1,0,0,0
2240,4,zeros-la-3-2,zeros-la-3,176,2240,4,400,256,2,0,0,0,2,4,16,4,256,64,8,0,4,32,4,4,4,2,5,1,1,1,1,0,1,0,0,0
2248,4,zeros-la-3-2,zeros-la-3,177,2248,4,402,256,2,2,0,0,2,4,16,4,256,64,8,0,4,32,8,0,4,3,3,2,1,1,1,0,1,0,0,0
2268,5,zeros-la-3-2,zeros-la-3,178,2268,5,404,256,0,2,0,2,4,4,0,0,256,64,16,0,4,32,16,4,5,2,4,0,2,1,1,0,1,0,0,0
2280,6,zeros-la-3-2,zeros-la-3,179,2280,6,406,256,4,0,0,0,8,0,2,0,256,64,16,0,4,32,16,4,6,1,3,1,2,1,1,0,1,0,0,0
2312,6,zeros-la-3-2,zeros-la-3,180,2312,6,408,256,4,0,0,0,8,2,0,0,256,64,2,0,4,32,32,4,6,2,3,1,0,2,1,0,1,0,0,0
2376,6,zeros-la-3-2,zeros-la-3,181,2376,6,410,256,0,0,0,4,2,0,8,2,0,256,64,2,0,4,64,4,6,3,3,1,0,0,2,0,1,0,0,0
2508,7,zeros-la-3-2,zeros-la-3,182,2508,7,414,256,2,256,8,4,0,4,128,4,4,0,0,4,0,0,0,0,7,1,5,1,0,0,0,1,1,0,0,0
2516,7,zeros-la-3-2,zeros-la-3,183,2516,7,416,256,2,256,8,4,0,4,128,4,2,0,0,8,0,0,0,0,7,2,3,2,0,0,0,1,1,0,0,0
2528,8,zeros-la-3-2,zeros-la-3,184,2528,8,418,256,0,0,0,0,0,0,2,0,0,256,8,8,4,4,128,8,8,1,2,3,0,0,0,1,1,0,0,0
2552,9,zeros-la-3-2,zeros-la-3,185,2552,9,420,256,0,0,0,0,0,0,2,2,0,0,256,16,0,8,128,8,9,2,0,2,1,0,0,1,1,0,0,0
2556,9,zeros-la-3-2,zeros-la-3,186,2556,9,422,256,2,0,0,0,4,0,0,0,256,16,0,0,8,128,8,0,9,1,1,2,1,0,0,1,1,0,0,0
2556,8,zeros-la-3-2,zeros-la-3,187,2556,8,424,256,2,0,2,0,4,0,0,0,256,16,0,0,8,128,8,0,8,2,1,2,1,0,0,1,1,0,0,0
2560,8,zeros-la-3-2,zeros-la-3,188,2560,8,426,256,2,0,0,4,0,0,0,4,0,0,256,16,0,8,128,8,8,1,2,2,1,0,0,1,1,0,0,0
2568,8,zeros-la-3-2,zeros-la-3,189,2568,8,428,256,2,8,256,8,0,0,128,16,0,0,0,8,2,0,0,0,8,2,0,3,1,0,0,1,1,0,0,0
2572,8,zeros-la-3-2,zeros-la-3,190,2572,8,430,256,4,8,256,8,0,0,128,16,0,0,0,8,0,0,2,0,8,1,1,3,1,0,0,1,1,0,0,0
2572,7,zeros-la-3-2,zeros-la-3,191,2572,7,432,256,4,8,256,8,0,0,128,16,2,0,2,8,0,0,0,0,7,2,1,3,1,0,0,1,1,0,0,0
2576,7,zeros-la-3-2,zeros-la-3,192,2576,7,434,256,4,8,256,8,0,0,128,16,2,0,4,8,0,0,0,0,7,1,2,3,1,0,0,1,1,0,0,0
2576,6,zeros-la-3-2,zeros-la-3,193,2576,6,436,256,4,8,256,8,2,0,128,16,0,0,4,8,0,0,2,0,6,2,2,3,1,0,0,1,1,0,0,0
2576,5,zeros-la-3-2,zeros-la-3,194,2576,5,438,256,4,8,256,8,0,2,128,16,0,0,4,8,0,2,0,2,5,3,2,3,1,0,0,1,1,0,0,0
2580,5,zeros-la-3-2,zeros-la-3,195,2580,5,440,256,0,0,0,8,0,0,256,16,2,8,128,8,4,4,4,2,5,2,3,3,1,0,0,1,1,0,0,0
2588,5,zeros-la-3-2,zeros-la-3,196,2588,5,442,256,0,0,2,8,0,0,256,16,2,8,128,8,0,4,8,2,5,3,1,4,1,0,0,1,1,0,0,0
2588,4,zeros-la-3-2,zeros-la-3,197,2588,4,444,256,0,2,2,8,0,0,256,16,0,8,128,8,2,4,8,2,4,4,1,4,1,0,0,1,1,0,0,0
2592,4,zeros-la-3-2,zeros-la-3,198,2592,4,446,256,4,8,2,0,256,16,0,0,8,128,8,0,2,4,8,2,4,3,2,4,1,0,0,1,1,0,0,0
2608,4,zeros-la-3-2,zeros-la-3,199,2608,4,448,256,4,8,2,2,256,16,16,0,8,128,0,0,2,4,2,0,4,4,2,2,2,0,0,1,1,0,0,0
2644,5,zeros-la-3-2,zeros-la-3,200,2644,5,450,256,4,8,4,0,256,32,0,2,8,128,0,0,2,4,2,0,5,3,3,2,0,1,0,1,1,0,0,0
2644,4,zeros-la-3-2,zeros-la-3,201,2644,4,454,256,4,8,4,0,256,32,2,0,8,128,0,4,2,4,2,0,4,3,4,2,0,1,0,1,1,0,0,0
2648,4,zeros-la-3-2,zeros-la-3,202,2648,4,456,256,4,8,4,4,256,32,4,0,8,128,2,0,2,4,0,0,4,2,5,2,0,1,0,1,1,0,0,0
2656,4,zeros-la-3-2,zeros-la-3,203,2656,4,458,256,4,8,8,0,256,32,4,0,8,128,2,2,2,4,0,0,4,3,3,3,0,1,0,1,1,0,0,0
2676,5,zeros-la-3-2,zeros-la-3,204,2676,5,460,256,0,2,4,16,0,256,32,4,0,8,128,4,0,0,2,4,5,2,4,1,1,1,0,1,1,0,0,0
2684,5,zeros-la-3-2,zeros-la-3,205,2684,5,462,256,0,0,4,0,0,2,32,16,0,256,128,4,2,8,2,8,5,3,2,2,1,1,0,1,1,0,0,0
2684,4,zeros-la-3-2,zeros-la-3,206,2684,4,466,256,2,2,4,16,0,256,32,4,0,8,128,8,0,0,2,4,4,3,3,2,1,1,0,1,1,0,0,0
2688,4,zeros-la-3-2,zeros-la-3,207,2688,4,468,256,0,4,4,16,0,256,32,4,0,8,128,8,0,2,2,4,4,2,4,2,1,1,0,1,1,0,0,0
2700,5,zeros-la-3-2,zeros-la-3,208,2700,5,470,256,8,16,0,0,256,32,4,0,8,128,8,0,4,4,0,2,5,1,3,3,1,1,0,1,1,0,0,0
2700,4,zeros-la-3-2,zeros-la-3,209,2700,4,472,256,8,16,0,0,256,32,0,0,8,128,4,2,4,4,8,2,4,2,3,3,1,1,0,1,1,0,0,0
2704,4,zeros-la-3-2,zeros-la-3,210,2704,4,474,256,8,16,4,4,256,32,8,0,8,128,0,2,4,4,0,0,4,1,4,3,1,1,0,1,1,0,0,0
2720,5,zeros-la-3-2,zeros-la-3,211,2720,5,476,256,8,16,8,0,256,32,8,2,8,128,2,0,8,0,0,0,5,2,0,5,1,1,0,1,1,0,0,0
2752,6,zeros-la-3-2,zeros-la-3,212,2752,6,478,256,8,16,16,2,256,32,2,0,16,128,0,0,0,0,0,2,6,3,0,1,3,1,0,1,1,0,0,0
2756,6,zeros-la-3-2,zeros-la-3,213,2756,6,480,256,8,16,16,4,256,32,2,0,16,128,0,0,2,0,0,0,6,2,1,1,3,1,0,1,1,0,0,0
2788,6,zeros-la-3-2,zeros-la-3,214,2788,6,482,256,8,32,4,2,256,32,2,0,16,128,0,0,2,0,0,0,6,3,1,1,1,2,0,1,1,0,0,0
2852,6,zeros-la-3-2,zeros-la-3,215,2852,6,484,256,8,0,0,0,256,0,0,0,16,64,4,2,2,128,2,2,6,4,1,1,1,0,1,1,1,0,0,0
2856,6,zeros-la-3-2,zeros-la-3,216,2856,6,486,256,8,64,4,4,256,128,2,0,16,0,0,2,2,0,0,0,6,3,2,1,1,0,1,1,1,0,0,0
2856,5,zeros-la-3-2,zeros-la-3,217,2856,5,490,256,8,64,4,4,256,128,2,2,16,0,4,0,2,0,0,0,5,3,3,1,1,0,1,1,1,0,0,0
2868,6,zeros-la-3-2,zeros-la-3,218,2868,6,492,256,0,8,64,8,0,256,128,4,0,0,16,4,0,2,0,2,6,2,2,2,1,0,1,1,1,0,0,0
2876,6,zeros-la-3-2,zeros-la-3,219,2876,6,494,256,0,8,64,8,0,256,128,8,2,2,16,2,0,0,0,0,6,3,0,3,1,0,1,1,1,0,0,0
2880,6,zeros-la-3-2,zeros-la-3,220,2880,6,496,256,8,64,8,0,256,128,8,0,4,16,2,0,0,0,2,0,6,2,1,3,1,0,1,1,1,0,0,0
2900,7,zeros-la-3-2,zeros-la-3,221,2900,7,498,256,2,0,0,0,8,64,0,0,256,128,16,0,4,16,4,0,7,1,2,1,2,0,1,1,1,0,0,0
2900,6,zeros-la-3-2,zeros-la-3,222,2900,6,500,256,2,0,2,0,8,64,0,0,256,128,16,0,4,16,4,0,6,2,2,1,2,0,1,1,1,0,0,0
2904,6,zeros-la-3-2,zeros-la-3,223,2904,6,502,256,2,0,0,4,0,0,8,64,0,256,128,16,0,4,16,4,6,1,3,1,2,0,1,1,1,0,0,0
2904,5,zeros-la-3-2,zeros-la-3,224,2904,5,504,256,2,256,8,4,0,4,128,64,0,0,16,16,0,0,2,4,5,2,3,1,2,0,1,1,1,0,0,0
2936,5,zeros-la-3-2,zeros-la-3,225,2936,5,506,256,2,256,8,4,0,4,128,64,2,0,0,32,0,0,2,4,5,3,3,1,0,1,1,1,1,0,0,0
2936,4,zeros-la-3-2,zeros-la-3,226,2936,4,508,256,2,256,8,4,0,4,128,64,0,0,2,32,2,0,2,4,4,4,3,1,0,1,1,1,1,0,0,0
2944,5,zeros-la-3-2,zeros-la-3,227,2944,5,510,256,2,0,0,4,0,0,8,64,0,256,128,32,4,4,4,4,5,1,5,1,0,1,1,1,1,0,0,0
2960,6,zeros-la-3-2,zeros-la-3,228,2960,6,512,256,2,0,2,4,0,0,8,64,0,256,128,32,0,0,8,8,6,2,1,3,0,1,1,1,1,0,0,0
2980,7,zeros-la-3-2,zeros-la-3,229,2980,7,514,256,0,0,4,4,0,0,8,64,0,256,128,32,0,2,0,16,7,1,2,1,1,1,1,1,1,0,0,0
2988,7,zeros-la-3-2,zeros-la-3,230,2988,7,516,256,8,2,0,0,8,64,0,0,256,128,32,0,2,16,0,0,7,2,0,2,1,1,1,1,1,0,0,0
3004,7,zeros-la-3-2,zeros-la-3,231,3004,7,518,256,16,2,32,0,256,64,0,0,2,128,2,0,0,16,0,0,7,3,0,0,2,1,1,1,1,0,0,0
3004,6,zeros-la-3-2,zeros-la-3,232,3004,6,520,256,0,2,0,0,16,64,0,0,256,128,32,2,2,16,2,0,6,4,0,0,2,1,1,1,1,0,0,0
3004,5,zeros-la-3-2,zeros-la-3,233,3004,5,524,256,0,2,0,0,16,64,4,0,256,128,32,0,2,16,2,2,5,4,1,0,2,1,1,1,1,0,0,0
3008,5,zeros-la-3-2,zeros-la-3,234,3008,5,526,256,0,2,0,2,0,16,64,4,0,256,128,32,0,2,16,4,5,3,2,0,2,1,1,1,1,0,0,0
3012,5,zeros-la-3-2,zeros-la-3,235,3012,5,528,256,0,0,0,4,0,16,64,4,2,256,128,32,0,2,16,4,5,2,3,0,2,1,1,1,1,0,0,0
3020,5,zeros-la-3-2,zeros-la-3,236,3020,5,530,256,2,16,64,8,2,256,128,32,0,2,16,4,0,0,0,0,5,3,1,1,2,1,1,1,1,0,0,0
3020,4,zeros-la-3-2,zeros-la-3,237,3020,4,532,256,2,16,64,8,2,256,128,32,2,16,4,0,0,0,2,0,4,4,1,1,2,1,1,1,1,0,0,0
3020,3,zeros-la-3-2,zeros-la-3,238,3020,3,534,256,2,16,64,8,2,256,128,32,2,16,4,0,2,2,0,0,3,5,1,1,2,1,1,1,1,0,0,0
3028,4,zeros-la-3-2,zeros-la-3,239,3028,4,536,256,4,16,64,8,4,256,128,32,0,16,4,0,2,2,0,0,4,2,3,1,2,1,1,1,1,0,0,0
3032,4,zeros-la-3-2,zeros-la-3,240,3032,4,538,256,4,16,64,8,4,256,128,32,0,0,16,4,2,0,0,4,4,1,4,1,2,1,1,1,1,0,0,0
3048,5,zeros-la-3-2,zeros-la-3,241,3048,5,540,256,8,16,64,8,2,256,128,32,0,0,16,8,0,2,0,0,5,2,0,3,2,1,1,1,1,0,0,0
3048,4,zeros-la-3-2,zeros-la-3,242,3048,4,542,256,8,16,64,8,2,256,128,32,0,0,16,8,0,0,2,2,4,3,0,3,2,1,1,1,1,0,0,0
3048,3,zeros-la-3-2,zeros-la-3,243,3048,3,544,256,0,0,64,8,2,0,128,32,8,16,16,8,2,256,2,2,3,4,0,3,2,1,1,1,1,0,0,0
3084,4,zeros-la-3-2,zeros-la-3,244,3084,4,546,256,0,0,64,8,2,2,128,32,0,8,32,8,0,2,256,4,4,3,1,3,0,2,1,1,1,0,0,0
3084,3,zeros-la-3-2,zeros-la-3,245,3084,3,548,256,0,2,64,8,0,2,128,32,0,8,32,8,2,2,256,4,3,4,1,3,0,2,1,1,1,0,0,0
3088,3,zeros-la-3-2,zeros-la-3,246,3088,3,550,256,2,2,64,8,0,2,128,32,0,8,32,8,0,4,256,4,3,3,2,3,0,2,1,1,1,0,0,0
3092,3,zeros-la-3-2,zeros-la-3,247,3092,3,552,256,2,4,64,8,2,8,128,32,0,4,32,8,0,0,256,4,3,2,3,3,0,2,1,1,1,0,0,0
3096,3,zeros-la-3-2,zeros-la-3,248,3096,3,554,256,4,4,64,8,0,8,128,32,0,4,32,8,0,2,256,4,3,1,4,3,0,2,1,1,1,0,0,0
3104,3,zeros-la-3-2,zeros-la-3,249,3104,3,556,256,8,64,8,2,8,128,32,0,4,32,8,0,2,256,4,0,3,2,2,4,0,2,1,1,1,0,0,0
3120,3,zeros-la-3-2,zeros-la-3,250,3120,3,558,256,16,64,8,2,4,128,32,0,2,32,8,2,0,256,4,0,3,3,2,2,1,2,1,1,1,0,0,0
3124,3,zeros-la-3-2,zeros-la-3,251,3124,3,560,256,0,64,8,0,16,128,32,0,4,32,8,2,2,256,4,4,3,2,3,2,1,2,1,1,1,0,0,0
3132,3,zeros-la-3-2,zeros-la-3,252,3132,3,562,256,64,8,0,2,16,128,32,0,4,32,8,2,2,256,8,0,3,3,1,3,1,2,1,1,1,0,0,0
3152,4,zeros-la-3-2,zeros-la-3,253,3152,4,564,256,64,8,0,0,16,128,2,0,4,32,32,0,2,256,16,4,4,2,2,1,2,2,1,1,1,0,0,0
3216,4,zeros-la-3-2,zeros-la-3,254,3216,4,566,256,64,8,0,2,16,128,2,0,4,64,0,0,2,256,16,4,4,3,2,1,2,0,2,1,1,0,0,0
3216,3,zeros-la-3-2,zeros-la-3,255,3216,3,568,256,0,64,8,2,2,16,128,2,0,0,4,64,2,256,16,4,3,4,2,1,2,0,2,1,1,0,0,0
3224,4,zeros-la-3-2,zeros-la-3,256,3224,4,570,256,4,64,8,4,2,16,128,64,0,256,4,4,0,0,16,0,4,1,4,1,2,0,2,1,1,0,0,0
3232,4,zeros-la-3-2,zeros-la-3,257,3232,4,572,256,4,64,8,4,2,16,128,64,256,8,0,0,16,2,0,0,4,2,2,2,2,0,2,1,1,0,0,0
3232,3,zeros-la-3-2,zeros-la-3,258,3232,3,574,256,4,64,0,2,2,16,0,0,256,8,8,4,16,2,128,64,3,3,2,2,2,0,2,1,1,0,0,0
3248,3,zeros-la-3-2,zeros-la-3,259,3248,3,576,256,4,64,2,0,2,16,0,0,256,16,4,2,16,2,128,64,3,4,2,0,3,0,2,1,1,0,0,0
3280,3,zeros-la-3-2,zeros-la-3,260,3280,3,578,256,4,64,2,2,2,32,4,64,256,2,128,0,16,0,0,2,3,5,2,0,1,1,2,1,1,0,0,0
3284,3,zeros-la-3-2,zeros-la-3,261,3284,3,580,256,4,64,4,0,2,32,4,64,256,2,128,0,16,2,0,2,3,4,3,0,1,1,2,1,1,0,0,0
3296,4,zeros-la-3-2,zeros-la-3,262,3296,4,582,256,4,64,8,64,2,32,128,2,256,4,0,0,16,0,2,0,4,3,2,1,1,1,2,1,1,0,0,0
3296,3,zeros-la-3-2,zeros-la-3,263,3296,3,586,256,4,64,8,64,2,32,128,2,256,4,4,0,16,2,0,0,3,3,3,1,1,1,2,1,1,0,0,0
3304,3,zeros-la-3-2,zeros-la-3,264,3304,3,588,256,4,64,8,64,2,32,128,2,0,0,256,8,2,0,16,2,3,4,1,2,1,1,2,1,1,0,0,0
3308,3,zeros-la-3-2,zeros-la-3,265,3308,3,590,256,4,64,8,64,4,32,128,2,0,2,256,8,0,0,16,2,3,3,2,2,1,1,2,1,1,0,0,0
3316,3,zeros-la-3-2,zeros-la-3,266,3316,3,592,256,8,64,8,64,0,32,128,2,0,2,256,8,2,0,16,2,3,4,0,3,1,1,2,1,1,0,0,0
3316,2,zeros-la-3-2,zeros-la-3,267,3316,2,594,256,8,64,8,64,32,128,2,2,2,256,8,0,2,16,2,0,2,5,0,3,1,1,2,1,1,0,0,0
3320,2,zeros-la-3-2,zeros-la-3,268,3320,2,596,256,8,64,8,64,32,128,2,2,4,256,8,0,2,16,2,0,2,4,1,3,1,1,2,1,1,0,0,0
3324,2,zeros-la-3-2,zeros-la-3,269,3324,2,600,256,8,64,8,64,32,128,4,0,4,256,8,4,2,16,2,0,2,2,3,3,1,1,2,1,1,0,0,0
3324,1,zeros-la-3-2,zeros-la-3,270,3324,1,604,256,8,64,8,64,32,128,4,4,4,256,8,0,2,16,2,4,1,2,4,3,1,1,2,1,1,0,0,0
3332,1,zeros-la-3-2,zeros-la-3,271,3332,1,606,256,8,64,8,64,0,32,128,8,2,4,256,8,2,16,2,4,1,3,2,4,1,1,2,1,1,0,0,0
3352,2,zeros-la-3-2,zeros-la-3,272,3352,2,608,256,8,64,8,64,4,32,128,16,0,4,256,4,0,16,2,2,2,2,3,2,2,1,2,1,1,0,0,0
3356,2,zeros-la-3-2,zeros-la-3,273,3356,2,610,256,8,64,8,64,4,32,128,16,4,256,4,2,16,4,0,0,2,1,4,2,2,1,2,1,1,0,0,0
3364,2,zeros-la-3-2,zeros-la-3,274,3364,2,612,256,0,64,2,0,8,32,8,64,8,256,128,16,16,4,4,2,2,2,2,3,2,1,2,1,1,0,0,0
3380,2,zeros-la-3-2,zeros-la-3,275,3380,2,614,256,16,64,2,64,16,32,8,16,0,256,128,2,0,4,4,2,2,3,2,1,3,1,2,1,1,0,0,0
3416,3,zeros-la-3-2,zeros-la-3,276,3416,3,616,256,0,64,2,0,0,32,8,64,2,256,128,16,32,4,4,4,3,2,3,1,1,2,2,1,1,0,0,0
3424,3,zeros-la-3-2,zeros-la-3,277,3424,3,618,256,64,2,0,2,32,8,64,0,2,256,128,16,32,8,4,0,3,3,1,2,1,2,2,1,1,0,0,0
3428,3,zeros-la-3-2,zeros-la-3,278,3428,3,620,256,0,0,64,4,0,32,8,64,2,256,128,16,2,32,8,4,3,2,2,2,1,2,2,1,1,0,0,0
3432,3,zeros-la-3-2,zeros-la-3,279,3432,3,622,256,4,32,64,4,0,256,8,64,0,32,128,16,2,0,8,4,3,1,3,2,1,2,2,1,1,0,0,0
3432,2,zeros-la-3-2,zeros-la-3,280,3432,2,624,256,4,32,64,4,2,256,8,64,0,32,128,16,0,2,8,4,2,2,3,2,1,2,2,1,1,0,0,0
3432,1,zeros-la-3-2,zeros-la-3,281,3432,1,626,256,4,32,64,4,2,256,8,64,0,32,128,16,2,2,8,4,1,3,3,2,1,2,2,1,1,0,0,0
3436,1,zeros-la-3-2,zeros-la-3,282,3436,1,628,256,4,32,64,4,4,256,8,64,0,32,128,16,2,2,8,4,1,2,4,2,1,2,2,1,1,0,0,0
3444,1,zeros-la-3-2,zeros-la-3,283,3444,1,630,256,2,32,64,4,0,256,8,64,8,32,128,16,2,2,8,4,1,3,2,3,1,2,2,1,1,0,0,0
3448,1,zeros-la-3-2,zeros-la-3,284,3448,1,632,256,2,32,64,4,256,8,64,0,8,32,128,16,4,8,4,2,1,2,3,3,1,2,2,1,1,0,0,0
3576,1,zeros-la-3-2,zeros-la-3,285,3576,1,634,256,2,32,128,4,256,8,128,16,8,32,4,2,4,8,2,0,1,3,3,3,1,2,0,2,1,0,0,0
3832,1,zeros-la-3-2,zeros-la-3,286,3832,1,636,256,2,32,256,4,256,8,4,16,8,32,2,2,4,8,2,0,1,4,3,3,1,2,0,0,2,0,0,0
3836,1,zeros-la-3-2,zeros-la-3,287,3836,1,638,256,2,32,256,4,256,8,4,16,8,32,4,2,4,8,2,0,1,3,4,3,1,2,0,0,2,0,0,0
3844,1,zeros-la-3-2,zeros-la-3,288,3844,1,640,256,2,32,256,4,256,8,8,16,8,32,2,2,4,8,0,2,1,4,2,4,1,2,0,0,2,0,0,0
3864,2,zeros-la-3-2,zeros-la-3,289,3864,2,642,256,2,32,256,4,256,16,16,0,8,32,4,2,4,8,2,0,2,3,3,2,2,2,0,0,2,0,0,0
3864,1,zeros-la-3-2,zeros-la-3,290,3864,1,644,256,2,32,256,2,256,16,16,0,8,32,4,4,4,8,2,2,1,4,3,2,2,2,0,0,2,0,0,0
3908,3,zeros-la-3-2,zeros-la-3,291,3908,3,646,256,2,32,256,2,0,0,256,32,0,8,32,8,2,4,8,4,3,3,2,3,0,3,0,0,2,0,0,0
4424,4,zeros-la-3-2,zeros-la-3,292,4424,4,648,512,0,0,0,2,2,32,512,32,0,8,32,8,4,4,8,4,4,2,3,3,0,3,0,0,0,1,0,0
4432,4,zeros-la-3-2,zeros-la-3,293,4432,4,650,512,2,0,2,0,2,32,512,32,8,32,8,0,8,8,4,0,4,3,1,4,0,3,0,0,0,1,0,0
4516,6,zeros-la-3-2,zeros-la-3,294,4516,6,652,512,0,0,2,0,0,2,512,0,4,64,8,0,16,8,4,32,6,2,2,2,1,1,1,0,0,1,0,0
4516,5,zeros-la-3-2,zeros-la-3,295,4516,5,654,512,4,2,2,32,16,64,512,0,0,8,8,0,0,0,4,2,5,3,2,2,1,1,1,0,0,1,0,0
4536,6,zeros-la-3-2,zeros-la-3,296,4536,6,656,512,4,4,32,2,16,64,512,0,16,0,0,0,4,2,0,0,6,2,3,0,2,1,1,0,0,1,0,0
4568,6,zeros-la-3-2,zeros-la-3,297,4568,6,658,512,4,4,32,2,32,64,512,0,4,2,2,0,0,0,0,0,6,3,3,0,0,2,1,0,0,1,0,0
4580,7,zeros-la-3-2,zeros-la-3,298,4580,7,662,512,8,32,2,0,32,64,512,0,4,4,0,0,0,0,0,4,7,1,3,1,0,2,1,0,0,1,0,0
4588,7,zeros-la-3-2,zeros-la-3,299,4588,7,664,512,2,8,32,2,0,32,64,512,0,0,0,8,0,0,0,4,7,2,1,2,0,2,1,0,0,1,0,0
4588,6,zeros-la-3-2,zeros-la-3,300,4588,6,666,512,0,0,2,2,0,0,0,512,0,8,32,8,2,32,64,4,6,3,1,2,0,2,1,0,0,1,0,0
4592,6,zeros-la-3-2,zeros-la-3,301,4592,6,668,512,4,2,0,0,512,0,0,0,8,32,8,0,2,32,64,4,6,2,2,2,0,2,1,0,0,1,0,0
4656,6,zeros-la-3-2,zeros-la-3,302,4656,6,670,512,4,0,0,0,512,0,2,0,8,2,8,0,2,64,64,4,6,3,2,2,0,0,2,0,0,1,0,0
4784,6,zeros-la-3-2,zeros-la-3,303,4784,6,672,512,4,0,0,0,512,2,0,0,8,2,8,2,2,128,4,0,6,4,2,2,0,0,0,1,0,1,0,0
4788,6,zeros-la-3-2,zeros-la-3,304,4788,6,674,512,4,4,8,2,512,128,4,0,8,0,0,0,2,0,0,2,6,3,3,2,0,0,0,1,0,1,0,0
4800,7,zeros-la-3-2,zeros-la-3,305,4800,7,676,512,0,8,8,2,0,512,128,4,0,0,2,8,0,0,0,4,7,2,2,3,0,0,0,1,0,1,0,0
4816,7,zeros-la-3-2,zeros-la-3,306,4816,7,678,512,0,2,16,2,0,512,128,4,0,0,2,8,0,0,0,4,7,3,2,1,1,0,0,1,0,1,0,0
4816,6,zeros-la-3-2,zeros-la-3,307,4816,6,680,512,2,16,2,0,512,128,4,0,2,8,0,0,4,0,0,2,6,4,2,1,1,0,0,1,0,1,0,0
4816,5,zeros-la-3-2,zeros-la-3,308,4816,5,682,512,2,16,2,2,512,128,4,0,2,8,0,2,4,0,0,0,5,5,2,1,1,0,0,1,0,1,0,0
4820,5,zeros-la-3-2,zeros-la-3,309,4820,5,684,512,0,2,16,4,0,512,128,4,0,2,8,2,0,0,2,4,5,4,3,1,1,0,0,1,0,1,0,0
4828,5,zeros-la-3-2,zeros-la-3,310,4828,5,686,512,0,0,16,0,0,2,128,8,0,512,8,2,2,2,2,4,5,5,1,2,1,0,0,1,0,1,0,0
4832,5,zeros-la-3-2,zeros-la-3,311,4832,5,688,512,0,0,0,16,2,2,128,8,0,512,8,2,0,2,4,4,5,4,2,2,1,0,0,1,0,1,0,0
4844,6,zeros-la-3-2,zeros-la-3,312,4844,6,690,512,16,0,0,0,4,128,8,0,512,8,2,0,2,8,2,0,6,3,1,3,1,0,0,1,0,1,0,0
4864,7,zeros-la-3-2,zeros-la-3,313,4864,7,692,512,16,128,8,2,4,16,4,0,512,0,0,0,2,0,0,0,7,2,2,1,2,0,0,1,0,1,0,0
4864,6,zeros-la-3-2,zeros-la-3,314,4864,6,694,512,16,0,2,0,4,0,0,0,512,128,8,0,2,16,4,2,6,3,2,1,2,0,0,1,0,1,0,0
4864,5,zeros-la-3-2,zeros-la-3,315,4864,5,696,512,16,128,2,2,4,16,8,0,512,0,4,0,2,0,2,0,5,4,2,1,2,0,0,1,0,1,0,0
4872,6,zeros-la-3-2,zeros-la-3,316,4872,6,698,512,0,16,128,4,0,4,16,8,2,0,512,4,0,0,0,4,6,1,4,1,2,0,0,1,0,1,0,0
4880,6,zeros-la-3-2,zeros-la-3,317,4880,6,700,512,0,0,0,0,2,0,128,4,0,16,16,8,2,4,512,8,6,2,2,2,2,0,0,1,0,1,0,0
4900,7,zeros-la-3-2,zeros-la-3,318,4900,7,702,512,2,0,0,0,0,0,128,0,0,16,16,4,4,4,512,16,7,1,3,0,3,0,0,1,0,1,0,0
4940,8,zeros-la-3-2,zeros-la-3,319,4940,8,704,512,2,0,0,2,128,0,0,0,32,4,0,0,8,512,16,0,8,2,1,1,1,1,0,1,0,1,0,0
4944,8,zeros-la-3-2,zeros-la-3,320,4944,8,706,512,4,0,0,2,128,0,0,0,32,4,0,0,8,512,16,0,8,1,2,1,1,1,0,1,0,1,0,0
4944,7,zeros-la-3-2,zeros-la-3,321,4944,7,708,512,4,4,16,2,128,512,0,0,32,0,0,0,8,0,0,2,7,2,2,1,1,1,0,1,0,1,0,0
4952,7,zeros-la-3-2,zeros-la-3,322,4952,7,710,512,8,16,2,2,128,512,0,0,32,0,0,0,8,2,0,0,7,3,0,2,1,1,0,1,0,1,0,0
4956,7,zeros-la-3-2,zeros-la-3,323,4956,7,714,512,8,16,4,0,128,512,0,4,32,0,0,0,8,2,0,0,7,1,2,2,1,1,0,1,0,1,0,0
4956,6,zeros-la-3-2,zeros-la-3,324,4956,6,716,512,8,16,4,0,128,512,4,0,32,0,0,2,8,2,0,0,6,2,2,2,1,1,0,1,0,1,0,0
4956,5,zeros-la-3-2,zeros-la-3,325,4956,5,718,512,8,16,4,2,128,512,4,0,32,2,0,0,8,2,0,0,5,3,2,2,1,1,0,1,0,1,0,0
4968,6,zeros-la-3-2,zeros-la-3,326,4968,6,720,512,8,0,0,2,128,16,0,0,32,512,0,0,8,4,8,2,6,2,1,3,1,1,0,1,0,1,0,0
4972,6,zeros-la-3-2,zeros-la-3,327,4972,6,724,512,8,16,8,4,128,512,0,0,32,4,0,0,8,0,4,0,6,0,3,3,1,1,0,1,0,1,0,0
4972,5,zeros-la-3-2,zeros-la-3,328,4972,5,726,512,8,16,8,4,128,512,0,0,32,4,0,0,8,4,2,0,5,1,3,3,1,1,0,1,0,1,0,0
4980,5,zeros-la-3-2,zeros-la-3,329,4980,5,728,512,8,16,8,4,128,512,2,0,32,8,2,0,8,0,0,0,5,2,1,4,1,1,0,1,0,1,0,0
4984,5,zeros-la-3-2,zeros-la-3,330,4984,5,730,512,8,0,0,2,128,16,0,0,32,512,8,0,8,8,4,4,5,1,2,4,1,1,0,1,0,1,0,0
5008,6,zeros-la-3-2,zeros-la-3,331,5008,6,734,512,0,0,8,2,0,0,128,16,0,32,512,8,0,4,16,8,6,1,1,3,2,1,0,1,0,1,0,0
5024,6,zeros-la-3-2,zeros-la-3,332,5024,6,736,512,0,0,8,0,0,2,128,2,0,32,512,16,0,4,16,16,6,2,1,1,3,1,0,1,0,1,0,0
5056,6,zeros-la-3-2,zeros-la-3,333,5056,6,738,512,0,0,0,8,2,2,128,2,0,32,512,16,0,0,4,32,6,3,1,1,1,2,0,1,0,1,0,0
5060,6,zeros-la-3-2,zeros-la-3,334,5060,6,740,512,8,0,0,0,4,128,2,2,32,512,16,0,4,32,0,0,6,2,2,1,1,2,0,1,0,1,0,0
5060,5,zeros-la-3-2,zeros-la-3,335,5060,5,742,512,8,128,2,2,4,512,16,0,32,32,2,0,4,0,0,0,5,3,2,1,1,2,0,1,0,1,0,0
5128,6,zeros-la-3-2,zeros-la-3,336,5128,6,744,512,8,128,4,0,4,512,16,0,64,2,0,0,4,0,0,2,6,2,3,1,1,0,1,1,0,1,0,0
5128,5,zeros-la-3-2,zeros-la-3,337,5128,5,746,512,0,8,128,4,0,4,512,16,0,2,64,2,0,0,4,2,5,3,3,1,1,0,1,1,0,1,0,0
5132,5,zeros-la-3-2,zeros-la-3,338,5132,5,748,512,0,2,128,0,0,8,512,4,0,4,64,16,0,2,4,4,5,2,4,1,1,0,1,1,0,1,0,0
5140,5,zeros-la-3-2,zeros-la-3,339,5140,5,750,512,0,2,2,128,0,8,512,4,0,4,64,16,0,0,2,8,5,3,2,2,1,0,1,1,0,1,0,0
5144,5,zeros-la-3-2,zeros-la-3,340,5144,5,754,512,4,128,0,0,8,512,4,0,4,64,16,4,2,8,0,0,5,1,4,2,1,0,1,1,0,1,0,0
5144,4,zeros-la-3-2,zeros-la-3,341,5144,4,758,512,4,0,4,128,0,8,512,4,4,64,16,4,0,0,2,8,4,1,5,2,1,0,1,1,0,1,0,0
5160,5,zeros-la-3-2,zeros-la-3,342,5160,5,760,512,8,8,4,128,2,64,512,8,0,0,16,8,0,0,2,0,5,2,1,4,1,0,1,1,0,1,0,0
5176,5,zeros-la-3-2,zeros-la-3,343,5176,5,764,512,8,8,4,128,2,64,512,16,0,0,16,0,4,0,2,0,5,2,2,2,2,0,1,1,0,1,0,0
5192,5,zeros-la-3-2,zeros-la-3,344,5192,5,768,512,0,16,4,128,2,64,512,16,0,0,0,16,0,4,4,2,5,2,3,0,3,0,1,1,0,1,0,0
5224,5,zeros-la-3-2,zeros-la-3,345,5224,5,770,512,0,0,0,2,0,16,4,128,0,64,512,32,2,4,4,2,5,3,3,0,1,1,1,1,0,1,0,0
5224,4,zeros-la-3-2,zeros-la-3,346,5224,4,772,512,2,16,4,2,0,64,512,128,0,4,4,32,0,0,2,2,4,4,3,0,1,1,1,1,0,1,0,0
5236,5,zeros-la-3-2,zeros-la-3,347,5236,5,774,512,2,16,4,2,0,64,512,128,0,2,8,32,0,0,0,4,5,3,2,1,1,1,1,1,0,1,0,0
5236,4,zeros-la-3-2,zeros-la-3,348,5236,4,776,512,2,0,0,2,0,16,4,128,0,64,512,32,2,2,8,4,4,4,2,1,1,1,1,1,0,1,0,0
5244,5,zeros-la-3-2,zeros-la-3,349,5244,5,778,512,2,0,0,4,0,16,4,128,0,64,512,32,0,4,8,4,5,1,4,1,1,1,1,1,0,1,0,0
5244,4,zeros-la-3-2,zeros-la-3,350,5244,4,780,512,0,0,0,4,0,16,4,128,2,64,512,32,2,4,8,4,4,2,4,1,1,1,1,1,0,1,0,0
5248,4,zeros-la-3-2,zeros-la-3,351,5248,4,782,512,0,0,0,4,2,16,4,128,0,64,512,32,4,4,8,4,4,1,5,1,1,1,1,1,0,1,0,0
5256,4,zeros-la-3-2,zeros-la-3,352,5256,4,784,512,0,0,0,4,2,16,4,128,0,64,512,32,2,8,8,4,4,2,3,2,1,1,1,1,0,1,0,0
5260,4,zeros-la-3-2,zeros-la-3,353,5260,4,786,512,4,16,4,4,0,64,512,128,0,8,8,32,2,0,0,4,4,1,4,2,1,1,1,1,0,1,0,0
5284,5,zeros-la-3-2,zeros-la-3,354,5284,5,788,512,0,4,16,8,2,64,512,128,0,0,16,32,0,0,2,4,5,2,2,1,2,1,1,1,0,1,0,0
5284,4,zeros-la-3-2,zeros-la-3,355,5284,4,790,512,2,4,16,8,2,64,512,128,0,0,16,32,0,0,2,4,4,3,2,1,2,1,1,1,0,1,0,0
5288,4,zeros-la-3-2,zeros-la-3,356,5288,4,792,512,4,4,16,8,0,64,512,128,0,2,16,32,0,0,2,4,4,2,3,1,2,1,1,1,0,1,0,0
5296,4,zeros-la-3-2,zeros-la-3,357,5296,4,794,512,8,16,8,0,64,512,128,0,2,16,32,0,2,4,0,2,4,3,1,2,2,1,1,1,0,1,0,0
5300,4,zeros-la-3-2,zeros-la-3,358,5300,4,796,512,0,16,2,0,8,512,8,0,64,16,128,0,4,4,32,2,4,2,2,2,2,1,1,1,0,1,0,0
5300,3,zeros-la-3-2,zeros-la-3,359,5300,3,798,512,8,16,2,2,64,512,8,0,4,16,128,0,2,4,32,0,3,3,2,2,2,1,1,1,0,1,0,0
5304,3,zeros-la-3-2,zeros-la-3,360,5304,3,800,512,2,8,16,4,0,64,512,8,0,4,16,128,0,2,4,32,3,2,3,2,2,1,1,1,0,1,0,0
5304,2,zeros-la-3-2,zeros-la-3,361,5304,2,802,512,2,8,16,4,2,64,512,8,0,4,16,128,0,2,4,32,2,3,3,2,2,1,1,1,0,1,0,0
5308,2,zeros-la-3-2,zeros-la-3,362,5308,2,804,512,4,8,16,4,0,64,512,8,0,4,16,128,2,2,4,32,2,2,4,2,2,1,1,1,0,1,0,0
5312,2,zeros-la-3-2,zeros-la-3,363,5312,2,808,512,4,8,16,4,64,512,8,0,4,16,128,0,4,4,32,4,2,0,6,2,2,1,1,1,0,1,0,0
5328,3,zeros-la-3-2,zeros-la-3,364,5328,3,810,512,4,8,16,8,64,512,8,0,8,16,128,0,2,4,32,0,3,1,2,4,2,1,1,1,0,1,0,0
5328,2,zeros-la-3-2,zeros-la-3,365,5328,2,812,512,4,8,16,8,2,64,512,8,0,8,16,128,0,2,4,32,2,2,2,4,2,1,1,1,0,1,0,0
5328,1,zeros-la-3-2,zeros-la-3,366,5328,1,814,512,4,8,16,8,2,64,512,8,0,8,16,128,2,2,4,32,1,3,2,4,2,1,1,1,0,1,0,0
5348,2,zeros-la-3-2,zeros-la-3,367,5348,2,816,512,4,8,16,16,4,64,512,128,2,8,16,32,0,2,4,0,2,2,3,2,3,1,1,1,0,1,0,0
5356,2,zeros-la-3-2,zeros-la-3,368,5356,2,818,512,2,8,16,0,0,64,512,16,8,8,16,128,2,2,4,32,2,3,1,3,3,1,1,1,0,1,0,0
5376,3,zeros-la-3-2,zeros-la-3,369,5376,3,820,512,0,2,8,16,0,64,512,16,0,16,16,128,2,4,4,32,3,2,2,1,4,1,1,1,0,1,0,0
5408,3,zeros-la-3-2,zeros-la-3,370,5408,3,824,512,2,2,8,32,0,64,512,128,4,16,16,32,0,4,4,0,3,2,3,1,2,2,1,1,0,1,0,0
5452,5,zeros-la-3-2,zeros-la-3,371,5452,5,826,512,4,8,32,0,64,512,128,2,4,32,32,0,8,0,0,0,5,1,2,2,0,3,1,1,0,1,0,0
5516,5,zeros-la-3-2,zeros-la-3,372,5516,5,828,512,0,4,8,32,64,512,128,2,0,0,4,64,0,0,2,8,5,2,2,2,0,1,2,1,0,1,0,0
5516,4,zeros-la-3-2,zeros-la-3,373,5516,4,830,512,2,0,8,32,0,0,128,2,0,4,4,64,64,512,2,8,4,3,2,2,0,1,2,1,0,1,0,0
5524,4,zeros-la-3-2,zeros-la-3,374,5524,4,832,512,2,8,32,2,128,2,0,0,8,64,0,0,64,512,2,8,4,4,0,3,0,1,2,1,0,1,0,0
5524,3,zeros-la-3-2,zeros-la-3,375,5524,3,834,512,2,8,32,2,0,0,128,2,2,0,8,64,64,512,2,8,3,5,0,3,0,1,2,1,0,1,0,0
5532,4,zeros-la-3-2,zeros-la-3,376,5532,4,836,512,4,8,32,4,64,512,128,64,2,0,8,8,0,0,2,0,4,2,2,3,0,1,2,1,0,1,0,0
5548,4,zeros-la-3-2,zeros-la-3,377,5548,4,838,512,4,8,32,4,64,512,128,64,2,16,0,0,2,0,2,0,4,3,2,1,1,1,2,1,0,1,0,0
5552,4,zeros-la-3-2,zeros-la-3,378,5552,4,840,512,4,8,32,4,64,512,128,64,0,0,2,16,0,0,2,4,4,2,3,1,1,1,2,1,0,1,0,0
5556,4,zeros-la-3-2,zeros-la-3,379,5556,4,842,512,0,0,0,4,2,0,32,64,4,8,128,16,64,512,4,4,4,1,4,1,1,1,2,1,0,1,0,0
5564,4,zeros-la-3-2,zeros-la-3,380,5564,4,844,512,4,0,2,0,2,32,64,0,4,8,128,16,64,512,8,0,4,2,2,2,1,1,2,1,0,1,0,0
5564,3,zeros-la-3-2,zeros-la-3,381,5564,3,846,512,0,0,4,2,0,2,32,64,4,8,128,16,2,64,512,8,3,3,2,2,1,1,2,1,0,1,0,0
5564,2,zeros-la-3-2,zeros-la-3,382,5564,2,848,512,4,2,0,2,2,32,64,0,4,8,128,16,2,64,512,8,2,4,2,2,1,1,2,1,0,1,0,0
5568,2,zeros-la-3-2,zeros-la-3,383,5568,2,850,512,0,0,4,4,2,2,32,64,4,8,128,16,2,64,512,8,2,3,3,2,1,1,2,1,0,1,0,0
5580,3,zeros-la-3-2,zeros-la-3,384,5580,3,852,512,8,2,0,0,4,32,64,0,4,8,128,16,2,64,512,8,3,2,2,3,1,1,2,1,0,1,0,0
5588,3,zeros-la-3-2,zeros-la-3,385,5588,3,854,512,2,2,0,0,8,32,64,0,8,8,128,16,2,64,512,8,3,3,0,4,1,1,2,1,0,1,0,0
5608,4,zeros-la-3-2,zeros-la-3,386,5608,4,856,512,2,0,0,4,0,8,32,64,0,16,128,16,2,64,512,8,4,2,1,2,2,1,2,1,0,1,0,0
5612,4,zeros-la-3-2,zeros-la-3,387,5612,4,860,512,4,8,32,4,0,16,128,64,0,64,512,16,4,0,0,8,4,0,3,2,2,1,2,1,0,1,0,0
5620,4,zeros-la-3-2,zeros-la-3,388,5620,4,862,512,8,8,32,4,2,16,128,64,0,64,512,16,0,0,0,8,4,1,1,3,2,1,2,1,0,1,0,0
5636,4,zeros-la-3-2,zeros-la-3,389,5636,4,864,512,0,16,32,4,2,16,128,64,2,64,512,16,0,0,0,8,4,2,1,1,3,1,2,1,0,1,0,0
5672,5,zeros-la-3-2,zeros-la-3,390,5672,5,866,512,4,32,32,4,0,64,128,64,2,0,512,16,0,0,0,8,5,1,2,1,1,2,2,1,0,1,0,0
5736,5,zeros-la-3-2,zeros-la-3,391,5736,5,868,512,0,4,64,4,0,64,128,64,0,2,512,16,2,0,0,8,5,2,2,1,1,0,3,1,0,1,0,0
5736,4,zeros-la-3-2,zeros-la-3,392,5736,4,870,512,0,2,0,4,0,4,64,64,0,64,128,16,2,2,512,8,4,3,2,1,1,0,3,1,0,1,0,0
5868,5,zeros-la-3-2,zeros-la-3,393,5868,5,872,512,2,4,0,0,4,128,0,0,64,128,16,2,4,512,8,0,5,2,3,1,1,0,1,2,0,1,0,0
6124,5,zeros-la-3-2,zeros-la-3,394,6124,5,874,512,2,0,0,0,4,4,0,2,64,256,16,0,4,512,8,2,5,3,3,1,1,0,1,0,1,1,0,0
6132,5,zeros-la-3-2,zeros-la-3,395,6132,5,876,512,2,0,0,0,8,2,0,2,64,256,16,0,4,512,8,2,5,4,1,2,1,0,1,0,1,1,0,0
6136,5,zeros-la-3-2,zeros-la-3,396,6136,5,880,512,2,0,4,0,8,4,0,0,64,256,16,0,4,512,8,2,5,2,3,2,1,0,1,0,1,1,0,0
6136,4,zeros-la-3-2,zeros-la-3,397,6136,4,884,512,2,4,4,0,8,4,0,0,64,256,16,0,4,512,8,2,4,2,4,2,1,0,1,0,1,1,0,0
6144,4,zeros-la-3-2,zeros-la-3,398,6144,4,886,512,2,0,2,0,8,8,4,0,64,256,16,0,4,512,8,2,4,3,2,3,1,0,1,0,1,1,0,0
6164,5,zeros-la-3-2,zeros-la-3,399,6164,5,888,512,0,2,0,4,0,0,16,4,0,64,256,16,4,512,8,2,5,2,3,1,2,0,1,0,1,1,0,0
6172,5,zeros-la-3-2,zeros-la-3,400,6172,5,890,512,4,2,16,8,2,64,256,16,0,512,8,2,0,0,0,0,5,3,1,2,2,0,1,0,1,1,0,0
6172,4,zeros-la-3-2,zeros-la-3,401,6172,4,892,512,4,2,16,8,2,64,256,16,2,512,8,2,0,0,0,0,4,4,1,2,2,0,1,0,1,1,0,0
6176,4,zeros-la-3-2,zeros-la-3,402,6176,4,896,512,0,4,0,0,0,2,16,8,4,64,256,16,4,512,8,2,4,2,3,2,2,0,1,0,1,1,0,0
6184,4,zeros-la-3-2,zeros-la-3,403,6184,4,898,512,8,4,16,8,0,2,256,16,0,64,8,2,0,512,0,2,4,3,1,3,2,0,1,0,1,1,0,0
6188,4,zeros-la-3-2,zeros-la-3,404,6188,4,900,512,8,4,16,8,0,2,256,16,0,64,8,4,0,512,0,2,4,2,2,3,2,0,1,0,1,1,0,0
6188,3,zeros-la-3-2,zeros-la-3,405,6188,3,902,512,8,4,16,8,2,256,16,0,64,8,4,0,512,2,0,2,3,3,2,3,2,0,1,0,1,1,0,0
6220,3,zeros-la-3-2,zeros-la-3,406,6220,3,904,512,8,4,32,8,2,256,4,2,64,8,0,2,512,2,0,0,3,4,2,3,0,1,1,0,1,1,0,0
6224,3,zeros-la-3-2,zeros-la-3,407,6224,3,906,512,8,4,32,8,2,256,4,4,64,8,0,2,512,2,0,0,3,3,3,3,0,1,1,0,1,1,0,0
6232,3,zeros-la-3-2,zeros-la-3,408,6232,3,908,512,8,4,32,8,2,2,256,8,0,64,8,2,0,0,512,2,3,4,1,4,0,1,1,0,1,1,0,0
6236,3,zeros-la-3-2,zeros-la-3,409,6236,3,910,512,8,4,32,8,2,4,256,8,0,64,8,2,0,0,512,2,3,3,2,4,0,1,1,0,1,1,0,0
6264,5,zeros-la-3-2,zeros-la-3,410,6264,5,912,512,8,8,32,16,2,64,256,4,0,0,8,0,0,0,512,2,5,2,1,3,1,1,1,0,1,1,0,0
6264,4,zeros-la-3-2,zeros-la-3,411,6264,4,916,512,8,8,32,16,2,64,256,4,0,0,8,2,0,4,512,0,4,2,2,3,1,1,1,0,1,1,0,0
6280,4,zeros-la-3-2,zeros-la-3,412,6280,4,918,512,16,32,16,0,2,64,256,4,8,2,0,2,4,512,0,0,4,3,2,1,2,1,1,0,1,1,0,0
6284,4,zeros-la-3-2,zeros-la-3,413,6284,4,920,512,0,16,32,16,2,64,256,4,0,2,8,4,0,0,4,512,4,2,3,1,2,1,1,0,1,1,0,0
6292,4,zeros-la-3-2,zeros-la-3,414,6292,4,924,512,0,4,32,0,0,16,256,16,0,64,8,8,2,2,4,512,4,2,2,2,2,1,1,0,1,1,0,0
6312,5,zeros-la-3-2,zeros-la-3,415,6312,5,926,512,0,0,4,32,0,16,256,16,0,2,64,16,0,4,4,512,5,1,3,0,3,1,1,0,1,1,0,0
6344,5,zeros-la-3-2,zeros-la-3,416,6344,5,928,512,0,0,4,0,0,16,256,32,0,2,64,32,2,4,4,512,5,2,3,0,1,2,1,0,1,1,0,0
6408,5,zeros-la-3-2,zeros-la-3,417,6408,5,930,512,0,0,4,0,2,16,256,0,0,2,64,64,2,4,4,512,5,3,3,0,1,0,2,0,1,1,0,0
6544,6,zeros-la-3-2,zeros-la-3,418,6544,6,932,512,0,0,2,4,0,2,16,256,0,0,2,128,0,2,8,512,6,4,1,1,1,0,0,1,1,1,0,0
6544,5,zeros-la-3-2,zeros-la-3,419,6544,5,934,512,2,4,2,0,2,16,256,0,2,128,0,0,2,8,512,0,5,5,1,1,1,0,0,1,1,1,0,0
6552,6,zeros-la-3-2,zeros-la-3,420,6552,6,936,512,4,4,2,0,4,16,256,0,0,128,512,0,0,8,2,0,6,2,3,1,1,0,0,1,1,1,0,0
6560,6,zeros-la-3-2,zeros-la-3,421,6560,6,940,512,0,4,2,0,4,16,256,0,0,128,512,0,8,8,2,0,6,2,2,2,1,0,0,1,1,1,0,0
6576,6,zeros-la-3-2,zeros-la-3,422,6576,6,942,512,4,2,0,0,4,16,256,0,128,512,0,2,16,2,0,0,6,3,2,0,2,0,0,1,1,1,0,0
6584,6,zeros-la-3-2,zeros-la-3,423,6584,6,944,512,8,2,256,2,128,16,0,0,16,512,0,0,0,2,0,2,6,4,0,1,2,0,0,1,1,1,0,0
6588,6,zeros-la-3-2,zeros-la-3,424,6588,6,946,512,8,2,256,2,0,0,128,16,2,0,16,512,0,0,0,4,6,3,1,1,2,0,0,1,1,1,0,0
6588,5,zeros-la-3-2,zeros-la-3,425,6588,5,948,512,8,2,256,2,128,16,0,0,2,16,512,0,4,0,2,0,5,4,1,1,2,0,0,1,1,1,0,0
6620,5,zeros-la-3-2,zeros-la-3,426,6620,5,950,512,8,0,2,0,128,0,256,0,2,2,512,0,4,32,2,2,5,5,1,1,0,1,0,1,1,1,0,0
6628,6,zeros-la-3-2,zeros-la-3,427,6628,6,952,512,8,2,2,0,128,256,0,0,4,512,0,0,4,32,4,0,6,2,3,1,0,1,0,1,1,1,0,0
6636,6,zeros-la-3-2,zeros-la-3,428,6636,6,954,512,0,2,0,0,8,256,0,2,128,512,2,0,8,32,4,0,6,3,1,2,0,1,0,1,1,1,0,0
6636,5,zeros-la-3-2,zeros-la-3,429,6636,5,956,512,2,2,0,0,8,256,0,0,128,512,2,0,8,32,4,2,5,4,1,2,0,1,0,1,1,1,0,0
6636,4,zeros-la-3-2,zeros-la-3,430,6636,4,958,512,2,2,2,2,8,256,4,0,128,512,0,0,8,32,0,2,4,5,1,2,0,1,0,1,1,1,0,0
6644,5,zeros-la-3-2,zeros-la-3,431,6644,5,962,512,4,4,0,4,8,256,4,0,128,512,0,0,8,32,2,0,5,1,4,2,0,1,0,1,1,1,0,0
6644,4,zeros-la-3-2,zeros-la-3,432,6644,4,966,512,4,4,4,4,8,256,2,0,128,512,0,0,8,32,4,0,4,1,5,2,0,1,0,1,1,1,0,0
6660,5,zeros-la-3-2,zeros-la-3,433,6660,5,968,512,8,8,2,0,8,256,2,0,128,512,0,0,8,32,4,0,5,2,1,4,0,1,0,1,1,1,0,0
6680,6,zeros-la-3-2,zeros-la-3,434,6680,6,970,512,16,8,4,2,128,256,4,0,8,512,0,0,0,32,0,0,6,1,2,2,1,1,0,1,1,1,0,0
6688,6,zeros-la-3-2,zeros-la-3,435,6688,6,972,512,16,8,8,2,128,256,0,0,8,512,0,0,2,32,0,0,6,2,0,3,1,1,0,1,1,1,0,0
6704,6,zeros-la-3-2,zeros-la-3,436,6704,6,974,512,16,16,2,0,128,256,0,0,8,512,0,2,2,32,0,0,6,3,0,1,2,1,0,1,1,1,0,0
6736,6,zeros-la-3-2,zeros-la-3,437,6736,6,976,512,32,2,0,0,128,256,0,0,8,512,2,2,2,32,0,0,6,4,0,1,0,2,0,1,1,1,0,0
6736,5,zeros-la-3-2,zeros-la-3,438,6736,5,978,512,32,2,0,0,128,256,0,0,8,512,0,2,2,32,2,2,5,5,0,1,0,2,0,1,1,1,0,0
6740,5,zeros-la-3-2,zeros-la-3,439,6740,5,980,512,32,2,2,4,128,256,0,0,8,512,2,0,2,32,0,0,5,4,1,1,0,2,0,1,1,1,0,0
6744,5,zeros-la-3-2,zeros-la-3,440,6744,5,982,512,32,4,4,0,128,256,0,2,8,512,2,0,2,32,0,0,5,3,2,1,0,2,0,1,1,1,0,0
6752,5,zeros-la-3-2,zeros-la-3,441,6752,5,984,512,32,8,0,0,128,256,2,0,8,512,2,2,2,32,0,0,5,4,0,2,0,2,0,1,1,1,0,0
6756,5,zeros-la-3-2,zeros-la-3,442,6756,5,986,512,32,8,0,2,128,256,2,0,8,512,4,0,2,32,0,0,5,3,1,2,0,2,0,1,1,1,0,0
6756,4,zeros-la-3-2,zeros-la-3,443,6756,4,988,512,0,32,8,2,0,128,256,2,2,8,512,4,0,0,2,32,4,4,1,2,0,2,0,1,1,1,0,0
6760,4,zeros-la-3-2,zeros-la-3,444,6760,4,990,512,2,32,8,4,0,128,256,4,0,8,512,32,0,2,2,0,4,3,2,2,0,2,0,1,1,1,0,0
6768,4,zeros-la-3-2,zeros-la-3,445,6768,4,992,512,2,32,8,8,0,128,256,32,0,8,512,0,0,2,2,2,4,4,0,3,0,2,0,1,1,1,0,0
6788,5,zeros-la-3-2,zeros-la-3,446,6788,5,994,512,0,2,32,16,0,128,256,32,0,0,8,512,0,2,2,4,5,3,1,1,1,2,0,1,1,1,0,0
6792,5,zeros-la-3-2,zeros-la-3,447,6792,5,996,512,0,2,32,16,0,128,256,32,2,0,8,512,0,0,4,4,5,2,2,1,1,2,0,1,1,1,0,0
6800,5,zeros-la-3-2,zeros-la-3,448,6800,5,998,512,2,2,32,16,0,128,256,32,0,2,8,512,0,0,0,8,5,3,0,2,1,2,0,1,1,1,0,0
6800,4,zeros-la-3-2,zeros-la-3,449,6800,4,1002,512,0,4,0,16,0,2,32,32,0,128,256,512,2,2,8,8,4,3,1,2,1,2,0,1,1,1,0,0
6884,6,zeros-la-3-2,zeros-la-3,450,6884,6,1004,512,0,0,4,16,0,0,2,64,0,128,256,512,0,2,4,16,6,2,2,0,2,0,1,1,1,1,0,0
6884,5,zeros-la-3-2,zeros-la-3,451,6884,5,1006,512,2,128,4,16,0,2,2,64,0,0,256,512,0,0,4,16,5,3,2,0,2,0,1,1,1,1,0,0
6884,4,zeros-la-3-2,zeros-la-3,452,6884,4,1008,512,0,0,4,16,0,0,2,64,2,128,256,512,2,2,4,16,4,4,2,0,2,0,1,1,1,1,0,0
6888,4,zeros-la-3-2,zeros-la-3,453,6888,4,1010,512,4,128,4,16,0,2,2,64,2,0,256,512,0,0,4,16,4,3,3,0,2,0,1,1,1,1,0,0
6892,4,zeros-la-3-2,zeros-la-3,454,6892,4,1012,512,4,128,4,16,0,0,4,64,0,2,256,512,2,0,4,16,4,2,4,0,2,0,1,1,1,1,0,0
6900,4,zeros-la-3-2,zeros-la-3,455,6900,4,1014,512,4,128,8,16,2,2,256,64,0,0,4,512,0,0,2,16,4,3,2,1,2,0,1,1,1,1,0,0
6904,4,zeros-la-3-2,zeros-la-3,456,6904,4,1016,512,4,128,8,16,0,4,256,64,0,0,4,512,2,0,2,16,4,2,3,1,2,0,1,1,1,1,0,0
6908,4,zeros-la-3-2,zeros-la-3,457,6908,4,1018,512,4,128,8,16,4,256,64,0,4,512,0,0,4,16,2,0,4,1,4,1,2,0,1,1,1,1,0,0
6924,5,zeros-la-3-2,zeros-la-3,458,6924,5,1020,512,0,128,0,0,2,256,8,0,8,512,64,0,8,16,2,16,5,2,0,3,2,0,1,1,1,1,0,0
6940,5,zeros-la-3-2,zeros-la-3,459,6940,5,1022,512,0,128,0,2,0,256,8,0,2,512,64,0,16,16,2,16,5,3,0,1,3,0,1,1,1,1,0,0
6972,5,zeros-la-3-2,zeros-la-3,460,6972,5,1024,512,0,2,128,2,0,0,256,8,0,2,512,64,0,32,2,16,5,4,0,1,1,1,1,1,1,1,0,0
6976,5,zeros-la-3-2,zeros-la-3,461,6976,5,1028,512,0,4,128,2,0,32,256,8,0,0,512,64,4,0,2,16,5,2,2,1,1,1,1,1,1,1,0,0
6976,4,zeros-la-3-2,zeros-la-3,462,6976,4,1030,512,4,4,128,2,0,32,256,8,0,0,512,64,2,0,2,16,4,3,2,1,1,1,1,1,1,1,0,0
6988,5,zeros-la-3-2,zeros-la-3,463,6988,5,1032,512,0,8,128,2,0,32,256,8,0,0,512,64,0,2,4,16,5,2,1,2,1,1,1,1,1,1,0,0
6988,4,zeros-la-3-2,zeros-la-3,464,6988,4,1034,512,0,8,128,2,0,32,256,8,0,0,512,64,2,2,4,16,4,3,1,2,1,1,1,1,1,1,0,0
6992,4,zeros-la-3-2,zeros-la-3,465,6992,4,1036,512,8,128,2,0,32,256,8,0,512,64,0,0,4,4,16,2,4,2,2,2,1,1,1,1,1,1,0,0
7000,4,zeros-la-3-2,zeros-la-3,466,7000,4,1038,512,8,128,2,2,32,256,8,0,512,64,0,0,8,16,2,0,4,3,0,3,1,1,1,1,1,1,0,0
7004,4,zeros-la-3-2,zeros-la-3,467,7004,4,1040,512,8,128,4,0,32,256,8,2,512,64,0,0,8,16,2,0,4,2,1,3,1,1,1,1,1,1,0,0
7004,3,zeros-la-3-2,zeros-la-3,468,7004,3,1042,512,8,128,4,2,32,256,8,0,512,64,2,0,8,16,0,2,3,3,1,3,1,1,1,1,1,1,0,0
7008,3,zeros-la-3-2,zeros-la-3,469,7008,3,1044,512,8,128,4,4,32,256,8,0,512,64,2,0,8,16,2,0,3,2,2,3,1,1,1,1,1,1,0,0
7016,3,zeros-la-3-2,zeros-la-3,470,7016,3,1046,512,8,128,8,2,32,256,8,0,512,64,2,0,8,16,2,0,3,3,0,4,1,1,1,1,1,1,0,0
7036,4,zeros-la-3-2,zeros-la-3,471,7036,4,1048,512,8,128,2,0,32,256,0,0,512,64,16,0,8,16,4,2,4,2,1,2,2,1,1,1,1,1,0,0
7036,3,zeros-la-3-2,zeros-la-3,472,7036,3,1050,512,8,128,2,2,32,256,16,2,512,64,4,0,8,16,0,0,3,3,1,2,2,1,1,1,1,1,0,0
7040,3,zeros-la-3-2,zeros-la-3,473,7040,3,1052,512,8,128,2,0,32,256,2,0,512,64,16,0,8,16,4,4,3,2,2,2,2,1,1,1,1,1,0,0
7048,3,zeros-la-3-2,zeros-la-3,474,7048,3,1054,512,8,128,2,0,32,256,2,0,512,64,16,0,8,16,8,2,3,3,0,3,2,1,1,1,1,1,0,0
7052,3,zeros-la-3-2,zeros-la-3,475,7052,3,1056,512,8,128,4,2,32,256,16,0,512,64,8,2,8,16,0,0,3,2,1,3,2,1,1,1,1,1,0,0
7056,3,zeros-la-3-2,zeros-la-3,476,7056,3,1058,512,8,128,4,4,32,256,16,2,512,64,8,0,8,16,0,0,3,1,2,3,2,1,1,1,1,1,0,0
7064,3,zeros-la-3-2,zeros-la-3,477,7064,3,1060,512,8,128,8,0,32,256,16,2,512,64,8,0,8,16,2,0,3,2,0,4,2,1,1,1,1,1,0,0
7064,2,zeros-la-3-2,zeros-la-3,478,7064,2,1062,512,8,128,8,0,32,256,16,0,512,64,8,2,8,16,2,2,2,3,0,4,2,1,1,1,1,1,0,0
7068,2,zeros-la-3-2,zeros-la-3,479,7068,2,1064,512,8,128,8,2,32,256,16,0,512,64,8,2,8,16,4,0,2,2,1,4,2,1,1,1,1,1,0,0
7072,2,zeros-la-3-2,zeros-la-3,480,7072,2,1066,512,8,128,8,2,32,256,16,0,512,64,8,0,8,16,4,4,2,1,2,4,2,1,1,1,1,1,0,0
7080,2,zeros-la-3-2,zeros-la-3,481,7080,2,1070,512,8,128,8,2,32,256,16,0,512,64,8,0,8,16,8,4,2,1,1,5,2,1,1,1,1,1,0,0
7096,2,zeros-la-3-2,zeros-la-3,482,7096,2,1072,512,8,128,0,2,32,256,8,0,512,64,16,2,8,16,16,4,2,2,1,3,3,1,1,1,1,1,0,0
7132,3,zeros-la-3-2,zeros-la-3,483,7132,3,1074,512,8,128,8,4,32,256,32,4,512,64,0,0,8,16,2,0,3,1,2,3,1,2,1,1,1,1,0,0
7140,3,zeros-la-3-2,zeros-la-3,484,7140,3,1078,512,8,128,8,8,32,256,32,0,512,64,2,4,8,16,0,0,3,1,1,4,1,2,1,1,1,1,0,0
7140,2,zeros-la-3-2,zeros-la-3,485,7140,2,1080,512,8,128,8,8,32,256,32,4,512,64,2,0,8,16,2,0,2,2,1,4,1,2,1,1,1,1,0,0
7156,2,zeros-la-3-2,zeros-la-3,486,7156,2,1082,512,8,128,16,0,32,256,32,4,512,64,2,0,8,16,2,2,2,3,1,2,2,2,1,1,1,1,0,0
7160,2,zeros-la-3-2,zeros-la-3,487,7160,2,1084,512,8,128,16,4,32,256,32,2,512,64,4,0,8,16,0,2,2,2,2,2,2,2,1,1,1,1,0,0
7164,2,zeros-la-3-2,zeros-la-3,488,7164,2,1086,512,8,128,16,4,32,256,32,4,512,64,4,2,8,16,0,0,2,1,3,2,2,2,1,1,1,1,0,0
7172,2,zeros-la-3-2,zeros-la-3,489,7172,2,1088,512,8,128,16,8,32,256,32,2,512,64,4,0,8,16,0,2,2,2,1,3,2,2,1,1,1,1,0,0
7176,2,zeros-la-3-2,zeros-la-3,490,7176,2,1090,512,8,128,0,2,32,256,16,0,512,64,32,8,8,16,4,4,2,1,2,3,2,2,1,1,1,1,0,0
7184,2,zeros-la-3-2,zeros-la-3,491,7184,2,1092,512,2,8,128,2,0,32,256,16,512,64,32,8,0,8,16,8,2,2,0,4,2,2,1,1,1,1,0,0
7200,2,zeros-la-3-2,zeros-la-3,492,7200,2,1096,512,0,8,128,0,4,32,256,2,2,64,32,16,512,8,16,16,2,2,1,2,3,2,1,1,1,1,0,0
7232,2,zeros-la-3-2,zeros-la-3,493,7232,2,1098,512,0,8,128,2,4,32,256,0,2,64,32,2,512,8,16,32,2,3,1,2,1,3,1,1,1,1,0,0
7232,1,zeros-la-3-2,zeros-la-3,494,7232,1,1100,512,0,8,128,2,2,4,32,256,2,64,32,2,512,8,16,32,1,4,1,2,1,3,1,1,1,1,0,0
7300,2,zeros-la-3-2,zeros-la-3,495,7300,2,1102,512,0,8,2,2,0,4,128,256,4,64,64,2,512,8,16,32,2,3,2,2,1,1,2,1,1,1,0,0
7432,3,zeros-la-3-2,zeros-la-3,496,7432,3,1104,512,0,0,8,4,0,4,128,256,2,4,128,2,512,8,16,32,3,2,3,2,1,1,0,2,1,1,0,0
7696,4,zeros-la-3-2,zeros-la-3,497,7696,4,1108,512,2,8,8,4,512,8,256,256,4,0,16,2,0,0,0,32,4,2,2,3,1,1,0,0,2,1,0,0
7712,4,zeros-la-3-2,zeros-la-3,498,7712,4,1110,512,0,0,0,4,2,2,8,256,512,0,256,2,4,16,16,32,4,3,2,1,2,1,0,0,2,1,0,0
7748,5,zeros-la-3-2,zeros-la-3,499,7748,5,1112,512,4,0,0,2,4,8,256,0,512,256,2,0,4,32,32,0,5,2,3,1,0,2,0,0,2,1,0,0
7756,5,zeros-la-3-2,zeros-la-3,500,7756,5,1114,512,8,8,256,2,512,256,2,0,4,32,32,0,0,2,0,0,5,3,1,2,0,2,0,0,2,1,0,0
7836,6,zeros-la-3-2,zeros-la-3,501,7836,6,1116,512,0,16,256,2,0,512,256,2,0,0,4,64,2,0,0,2,6,4,1,0,1,0,1,0,2,1,0,0
7840,6,zeros-la-3-2,zeros-la-3,502,7840,6,1118,512,16,256,2,0,512,256,2,0,4,64,0,0,4,0,2,0,6,3,2,0,1,0,1,0,2,1,0,0
8364,8,zeros-la-3-2,zeros-la-3,503,8364,8,1120,512,0,0,0,0,16,2,0,0,512,512,2,0,8,64,4,0,8,2,1,1,1,0,1,0,0,2,0,0
9388,8,zeros-la-3-2,zeros-la-3,504,9388,8,1124,1024,0,0,4,0,16,2,0,0,1024,2,0,0,8,64,4,0,8,2,2,1,1,0,1,0,0,0,1,0
9400,9,zeros-la-3-2,zeros-la-3,505,9400,9,1126,1024,0,0,0,2,16,0,0,0,1024,4,0,0,8,64,8,0,9,1,1,2,1,0,1,0,0,0,1,0
9400,8,zeros-la-3-2,zeros-la-3,506,9400,8,1128,1024,0,0,0,2,0,2,0,16,0,0,1024,4,0,8,64,8,8,2,1,2,1,0,1,0,0,0,1,0
9400,7,zeros-la-3-2,zeros-la-3,507,9400,7,1130,1024,2,0,0,2,2,16,0,0,1024,4,0,0,8,64,8,0,7,3,1,2,1,0,1,0,0,0,1,0
9404,7,zeros-la-3-2,zeros-la-3,508,9404,7,1132,1024,4,16,8,2,1024,4,0,0,8,64,2,0,0,0,0,0,7,2,2,2,1,0,1,0,0,0,1,0
9404,6,zeros-la-3-2,zeros-la-3,509,9404,6,1134,1024,4,16,8,2,1024,4,2,0,8,64,2,0,0,0,0,0,6,3,2,2,1,0,1,0,0,0,1,0
9408,6,zeros-la-3-2,zeros-la-3,510,9408,6,1136,1024,4,16,8,2,1024,4,4,0,8,64,0,0,0,2,0,0,6,2,3,2,1,0,1,0,0,0,1,0
9408,5,zeros-la-3-2,zeros-la-3,511,9408,5,1138,1024,4,16,8,2,1024,4,4,0,8,64,0,0,2,2,0,0,5,3,3,2,1,0,1,0,0,0,1,0
9420,6,zeros-la-3-2,zeros-la-3,512,9420,6,1140,1024,4,16,8,2,1024,8,0,0,8,64,0,0,4,0,0,2,6,2,2,3,1,0,1,0,0,0,1,0
9424,6,zeros-la-3-2,zeros-la-3,513,9424,6,1142,1024,4,0,0,0,1024,16,2,0,8,8,0,0,4,64,8,4,6,1,3,3,1,0,1,0,0,0,1,0
9440,6,zeros-la-3-2,zeros-la-3,514,9440,6,1144,1024,4,2,0,0,1024,16,2,0,16,0,0,0,4,64,8,4,6,2,3,1,2,0,1,0,0,0,1,0
9440,5,zeros-la-3-2,zeros-la-3,515,9440,5,1146,1024,4,0,0,0,1024,2,0,2,16,16,2,0,4,64,8,4,5,3,3,1,2,0,1,0,0,0,1,0
9476,6,zeros-la-3-2,zeros-la-3,516,9476,6,1148,1024,4,0,2,0,1024,4,0,0,32,2,0,0,4,64,8,4,6,2,4,1,0,1,1,0,0,0,1,0
9476,5,zeros-la-3-2,zeros-la-3,517,9476,5,1150,1024,4,4,2,4,1024,2,8,0,32,64,2,0,4,0,0,0,5,3,4,1,0,1,1,0,0,0,1,0
9484,5,zeros-la-3-2,zeros-la-3,518,9484,5,1152,1024,8,2,4,0,1024,2,8,0,32,64,2,2,4,0,0,0,5,4,2,2,0,1,1,0,0,0,1,0
9488,5,zeros-la-3-2,zeros-la-3,519,9488,5,1154,1024,8,4,4,2,1024,64,8,0,32,0,2,0,4,0,0,2,5,3,3,2,0,1,1,0,0,0,1,0
9496,5,zeros-la-3-2,zeros-la-3,520,9496,5,1156,1024,8,8,2,2,1024,64,8,0,32,2,0,0,4,2,0,0,5,4,1,3,0,1,1,0,0,0,1,0
9516,6,zeros-la-3-2,zeros-la-3,521,9516,6,1158,1024,16,4,0,0,1024,64,8,0,32,2,0,2,4,2,0,0,6,3,2,1,1,1,1,0,0,0,1,0
9520,6,zeros-la-3-2,zeros-la-3,522,9520,6,1160,1024,16,0,0,2,1024,4,0,0,32,64,0,0,4,4,8,2,6,2,3,1,1,1,1,0,0,0,1,0
9528,6,zeros-la-3-2,zeros-la-3,523,9528,6,1162,1024,16,2,0,0,1024,4,0,0,32,64,0,2,8,8,2,0,6,3,1,2,1,1,1,0,0,0,1,0
9528,5,zeros-la-3-2,zeros-la-3,524,9528,5,1164,1024,16,2,0,0,1024,4,0,0,32,64,0,2,8,8,2,2,5,4,1,2,1,1,1,0,0,0,1,0
9532,5,zeros-la-3-2,zeros-la-3,525,9532,5,1166,1024,16,2,2,4,1024,4,0,0,32,64,2,0,8,8,0,0,5,3,2,2,1,1,1,0,0,0,1,0
9552,6,zeros-la-3-2,zeros-la-3,526,9552,6,1168,1024,16,4,4,0,1024,4,0,0,32,64,2,0,16,0,0,2,6,2,3,0,2,1,1,0,0,0,1,0
9560,6,zeros-la-3-2,zeros-la-3,527,9560,6,1170,1024,16,0,0,0,1024,0,0,2,32,8,4,0,16,64,2,2,6,3,1,1,2,1,1,0,0,0,1,0
9564,6,zeros-la-3-2,zeros-la-3,528,9564,6,1172,1024,16,8,4,4,1024,64,2,0,32,2,0,0,16,0,0,0,6,2,2,1,2,1,1,0,0,0,1,0
9572,6,zeros-la-3-2,zeros-la-3,529,9572,6,1174,1024,2,16,8,8,0,1024,64,2,0,0,32,2,0,0,0,16,6,3,0,2,2,1,1,0,0,0,1,0
9588,6,zeros-la-3-2,zeros-la-3,530,9588,6,1176,1024,2,16,16,0,1024,64,2,0,32,2,2,0,16,0,0,0,6,4,0,0,3,1,1,0,0,0,1,0
9624,7,zeros-la-3-2,zeros-la-3,531,9624,7,1178,1024,2,32,0,0,1024,64,2,0,32,4,0,0,16,2,0,0,7,3,1,0,1,2,1,0,0,0,1,0
9624,6,zeros-la-3-2,zeros-la-3,532,9624,6,1182,1024,2,32,0,0,1024,64,0,0,32,4,4,0,16,2,2,0,6,3,2,0,1,2,1,0,0,0,1,0
9636,7,zeros-la-3-2,zeros-la-3,533,9636,7,1184,1024,0,0,2,32,0,2,1024,64,0,0,32,8,0,0,16,4,7,2,1,1,1,2,1,0,0,0,1,0
9636,6,zeros-la-3-2,zeros-la-3,534,9636,6,1186,1024,0,2,2,32,0,2,1024,64,0,0,32,8,0,0,16,4,6,3,1,1,1,2,1,0,0,0,1,0
9640,6,zeros-la-3-2,zeros-la-3,535,9640,6,1188,1024,0,0,4,32,0,2,1024,64,0,0,32,8,2,0,16,4,6,2,2,1,1,2,1,0,0,0,1,0
9640,5,zeros-la-3-2,zeros-la-3,536,9640,5,1190,1024,2,2,4,32,0,0,1024,64,0,0,32,8,0,2,16,4,5,3,2,1,1,2,1,0,0,0,1,0
9644,5,zeros-la-3-2,zeros-la-3,537,9644,5,1192,1024,2,4,4,32,0,0,1024,64,2,0,32,8,0,0,16,4,5,2,3,1,1,2,1,0,0,0,1,0
9648,5,zeros-la-3-2,zeros-la-3,538,9648,5,1194,1024,0,0,4,32,0,2,1024,64,0,0,32,8,4,4,16,4,5,1,4,1,1,2,1,0,0,0,1,0
9648,4,zeros-la-3-2,zeros-la-3,539,9648,4,1196,1024,0,0,4,32,0,0,1024,64,2,2,32,8,4,4,16,4,4,2,4,1,1,2,1,0,0,0,1,0
9660,5,zeros-la-3-2,zeros-la-3,540,9660,5,1198,1024,4,32,0,0,1024,64,2,0,4,32,8,0,8,16,4,0,5,1,3,2,1,2,1,0,0,0,1,0
9660,4,zeros-la-3-2,zeros-la-3,541,9660,4,1200,1024,4,32,0,0,1024,64,2,0,4,32,8,2,8,16,4,0,4,2,3,2,1,2,1,0,0,0,1,0
9660,3,zeros-la-3-2,zeros-la-3,542,9660,3,1202,1024,0,0,4,32,0,1024,64,2,4,32,8,2,2,8,16,4,3,3,3,2,1,2,1,0,0,0,1,0
9664,3,zeros-la-3-2,zeros-la-3,543,9664,3,1206,1024,4,1024,4,32,2,32,64,4,0,8,8,4,0,0,16,4,3,1,5,2,1,2,1,0,0,0,1,0
9680,3,zeros-la-3-2,zeros-la-3,544,9680,3,1208,1024,4,1024,4,32,2,32,64,4,2,0,16,4,0,0,16,4,3,2,5,0,2,2,1,0,0,0,1,0
9724,5,zeros-la-3-2,zeros-la-3,545,9724,5,1210,1024,0,0,2,0,0,0,4,32,4,1024,64,4,4,32,32,8,5,1,4,1,0,3,1,0,0,0,1,0
9788,5,zeros-la-3-2,zeros-la-3,546,9788,5,1212,1024,2,0,0,2,0,0,4,32,4,1024,64,4,0,4,64,8,5,2,4,1,0,1,2,0,0,0,1,0
9916,5,zeros-la-3-2,zeros-la-3,547,9916,5,1214,1024,0,0,0,2,0,2,0,32,2,1024,4,4,4,4,128,8,5,3,4,1,0,1,0,1,0,0,1,0
9932,6,zeros-la-3-2,zeros-la-3,548,9932,6,1216,1024,0,0,0,2,0,0,2,32,2,2,1024,8,0,8,128,8,6,4,0,3,0,1,0,1,0,0,1,0
9936,6,zeros-la-3-2,zeros-la-3,549,9936,6,1218,1024,2,0,0,0,2,32,0,0,4,1024,8,2,8,128,8,0,6,3,1,3,0,1,0,1,0,0,1,0
9956,7,zeros-la-3-2,zeros-la-3,550,9956,7,1220,1024,0,0,2,0,4,32,0,0,4,1024,0,0,8,128,16,2,7,2,2,1,1,1,0,1,0,0,1,0
9964,7,zeros-la-3-2,zeros-la-3,551,9964,7,1224,1024,8,32,2,2,8,1024,16,0,0,128,0,0,4,0,0,0,7,2,1,2,1,1,0,1,0,0,1,0
9980,7,zeros-la-3-2,zeros-la-3,552,9980,7,1226,1024,16,32,2,2,4,1024,16,0,0,128,2,0,0,0,0,0,7,3,1,0,2,1,0,1,0,0,1,0
9984,7,zeros-la-3-2,zeros-la-3,553,9984,7,1228,1024,16,32,4,0,4,1024,16,0,128,2,0,0,2,0,0,0,7,2,2,0,2,1,0,1,0,0,1,0
9984,6,zeros-la-3-2,zeros-la-3,554,9984,6,1230,1024,0,16,32,4,0,4,1024,16,0,0,128,2,2,0,0,2,6,3,2,0,2,1,0,1,0,0,1,0
9988,6,zeros-la-3-2,zeros-la-3,555,9988,6,1232,1024,0,0,2,0,0,0,32,4,0,16,1024,16,2,4,128,4,6,2,3,0,2,1,0,1,0,0,1,0
9988,5,zeros-la-3-2,zeros-la-3,556,9988,5,1234,1024,0,0,2,0,0,2,32,4,0,16,1024,16,2,4,128,4,5,3,3,0,2,1,0,1,0,0,1,0
9988,4,zeros-la-3-2,zeros-la-3,557,9988,4,1236,1024,2,2,2,4,0,16,32,16,2,4,1024,4,0,0,128,0,4,4,3,0,2,1,0,1,0,0,1,0
9992,4,zeros-la-3-2,zeros-la-3,558,9992,4,1238,1024,2,0,2,0,0,2,32,4,0,16,1024,16,4,4,128,4,4,3,4,0,2,1,0,1,0,0,1,0
10004,5,zeros-la-3-2,zeros-la-3,559,10004,5,1240,1024,0,0,2,4,0,2,32,4,0,16,1024,16,0,8,128,4,5,2,3,1,2,1,0,1,0,0,1,0
10012,5,zeros-la-3-2,zeros-la-3,560,10012,5,1242,1024,0,2,2,8,0,16,32,16,0,8,1024,4,2,0,128,0,5,3,1,2,2,1,0,1,0,0,1,0
10016,5,zeros-la-3-2,zeros-la-3,561,10016,5,1244,1024,0,2,4,8,0,16,32,16,0,8,1024,4,0,0,2,128,5,2,2,2,2,1,0,1,0,0,1,0
10016,4,zeros-la-3-2,zeros-la-3,562,10016,4,1246,1024,2,2,4,8,0,16,32,16,0,8,1024,4,0,0,2,128,4,3,2,2,2,1,0,1,0,0,1,0
10020,4,zeros-la-3-2,zeros-la-3,563,10020,4,1248,1024,0,4,4,8,0,16,32,16,0,8,1024,4,2,0,2,128,4,2,3,2,2,1,0,1,0,0,1,0
10032,5,zeros-la-3-2,zeros-la-3,564,10032,5,1250,1024,0,0,8,8,2,16,32,16,0,8,1024,4,0,0,4,128,5,1,2,3,2,1,0,1,0,0,1,0
10048,5,zeros-la-3-2,zeros-la-3,565,10048,5,1252,1024,2,0,0,16,2,16,32,16,0,8,1024,4,0,0,4,128,5,2,2,1,3,1,0,1,0,0,1,0
10084,6,zeros-la-3-2,zeros-la-3,566,10084,6,1254,1024,2,0,0,0,0,0,32,32,0,16,1024,4,4,8,4,128,6,1,3,1,1,2,0,1,0,0,1,0
10148,6,zeros-la-3-2,zeros-la-3,567,10148,6,1256,1024,2,0,0,0,64,0,0,0,16,1024,4,2,4,8,4,128,6,2,3,1,1,0,1,1,0,0,1,0
10156,6,zeros-la-3-2,zeros-la-3,568,10156,6,1258,1024,2,0,0,0,64,0,2,0,16,1024,0,2,4,8,8,128,6,3,1,2,1,0,1,1,0,0,1,0
10172,6,zeros-la-3-2,zeros-la-3,569,10172,6,1260,1024,0,0,0,2,0,0,64,2,2,16,1024,2,0,4,16,128,6,4,1,0,2,0,1,1,0,0,1,0
10172,5,zeros-la-3-2,zeros-la-3,570,10172,5,1262,1024,2,0,2,0,64,2,0,0,2,16,1024,2,4,16,128,0,5,5,1,0,2,0,1,1,0,0,1,0
10204,5,zeros-la-3-2,zeros-la-3,571,10204,5,1264,1024,2,2,2,2,64,32,1024,0,2,0,128,0,4,2,0,0,5,6,1,0,0,1,1,1,0,0,1,0
10212,6,zeros-la-3-2,zeros-la-3,572,10212,6,1266,1024,0,0,4,4,0,64,32,1024,0,0,2,128,2,0,4,2,6,3,3,0,0,1,1,1,0,0,1,0
10220,6,zeros-la-3-2,zeros-la-3,573,10220,6,1268,1024,8,0,0,0,64,32,1024,2,2,128,0,0,2,4,2,0,6,4,1,1,0,1,1,1,0,0,1,0
10224,6,zeros-la-3-2,zeros-la-3,574,10224,6,1270,1024,0,0,0,2,8,32,0,0,64,128,1024,0,4,4,2,2,6,3,2,1,0,1,1,1,0,0,1,0
10228,6,zeros-la-3-2,zeros-la-3,575,10228,6,1274,1024,8,32,1024,4,64,128,2,0,4,4,4,0,0,0,0,0,6,1,4,1,0,1,1,1,0,0,1,0
10228,5,zeros-la-3-2,zeros-la-3,576,10228,5,1276,1024,0,0,2,0,8,32,1024,0,64,128,2,0,4,4,4,4,5,2,4,1,0,1,1,1,0,0,1,0
10244,6,zeros-la-3-2,zeros-la-3,577,10244,6,1278,1024,0,2,0,2,0,8,32,1024,0,64,128,2,0,0,8,8,6,3,0,3,0,1,1,1,0,0,1,0
10264,7,zeros-la-3-2,zeros-la-3,578,10264,7,1280,1024,4,0,2,0,8,32,1024,0,64,128,2,0,16,0,0,0,7,2,1,1,1,1,1,1,0,0,1,0
10264,6,zeros-la-3-2,zeros-la-3,579,10264,6,1282,1024,4,2,0,0,8,0,2,0,64,32,1024,0,16,128,2,0,6,3,1,1,1,1,1,1,0,0,1,0
10264,5,zeros-la-3-2,zeros-la-3,580,10264,5,1284,1024,4,2,2,2,8,32,1024,0,64,128,2,0,16,0,0,0,5,4,1,1,1,1,1,1,0,0,1,0
10268,5,zeros-la-3-2,zeros-la-3,581,10268,5,1286,1024,4,4,2,2,8,32,1024,0,64,128,2,0,16,0,0,0,5,3,2,1,1,1,1,1,0,0,1,0
10280,6,zeros-la-3-2,zeros-la-3,582,10280,6,1288,1024,8,4,2,0,8,32,1024,0,64,128,2,0,16,0,0,0,6,2,1,2,1,1,1,1,0,0,1,0
10296,6,zeros-la-3-2,zeros-la-3,583,10296,6,1290,1024,16,4,2,0,64,32,1024,0,16,128,2,0,0,2,0,0,6,3,1,0,2,1,1,1,0,0,1,0
10296,5,zeros-la-3-2,zeros-la-3,584,10296,5,1292,1024,0,4,0,0,16,32,2,0,64,128,1024,2,16,2,2,0,5,4,1,0,2,1,1,1,0,0,1,0
10300,5,zeros-la-3-2,zeros-la-3,585,10300,5,1294,1024,4,2,0,0,16,32,2,0,64,128,1024,2,16,4,0,0,5,3,2,0,2,1,1,1,0,0,1,0
10300,4,zeros-la-3-2,zeros-la-3,586,10300,4,1296,1024,4,2,0,0,16,32,2,2,64,128,1024,2,16,4,0,0,4,4,2,0,2,1,1,1,0,0,1,0
10304,4,zeros-la-3-2,zeros-la-3,587,10304,4,1298,1024,4,2,0,0,16,32,0,2,64,128,2,0,16,4,1024,4,4,3,3,0,2,1,1,1,0,0,1,0
10304,3,zeros-la-3-2,zeros-la-3,588,10304,3,1300,1024,4,2,0,2,16,32,2,0,64,128,2,0,16,4,1024,4,3,4,3,0,2,1,1,1,0,0,1,0
10308,3,zeros-la-3-2,zeros-la-3,589,10308,3,1302,1024,4,4,0,2,16,32,2,0,64,128,2,0,16,4,1024,4,3,3,4,0,2,1,1,1,0,0,1,0
10316,3,zeros-la-3-2,zeros-la-3,590,10316,3,1304,1024,8,2,0,0,16,32,2,0,64,128,2,2,16,4,1024,4,3,4,2,1,2,1,1,1,0,0,1,0
10320,3,zeros-la-3-2,zeros-la-3,591,10320,3,1306,1024,0,0,8,2,2,16,32,2,0,64,128,4,16,4,1024,4,3,3,3,1,2,1,1,1,0,0,1,0
10332,4,zeros-la-3-2,zeros-la-3,592,10332,4,1308,1024,0,0,8,0,2,16,32,0,2,64,128,4,16,4,1024,8,4,2,2,2,2,1,1,1,0,0,1,0
10336,4,zeros-la-3-2,zeros-la-3,593,10336,4,1310,1024,4,16,8,4,16,64,32,8,0,4,128,0,0,2,1024,0,4,1,3,2,2,1,1,1,0,0,1,0
10336,3,zeros-la-3-2,zeros-la-3,594,10336,3,1312,1024,0,16,8,2,0,64,32,0,4,4,128,4,16,2,1024,8,3,2,3,2,2,1,1,1,0,0,1,0
10344,3,zeros-la-3-2,zeros-la-3,595,10344,3,1314,1024,16,8,2,2,64,32,0,0,8,128,4,0,16,2,1024,8,3,3,1,3,2,1,1,1,0,0,1,0
10348,3,zeros-la-3-2,zeros-la-3,596,10348,3,1318,1024,16,8,4,0,64,32,4,0,8,128,4,0,16,2,1024,8,3,1,3,3,2,1,1,1,0,0,1,0
10356,3,zeros-la-3-2,zeros-la-3,597,10356,3,1320,1024,16,8,8,8,64,32,4,0,8,128,1024,0,16,2,0,2,3,2,1,4,2,1,1,1,0,0,1,0
10376,4,zeros-la-3-2,zeros-la-3,598,10376,4,1322,1024,16,16,8,0,64,32,4,0,8,128,1024,0,16,4,0,2,4,1,2,2,3,1,1,1,0,0,1,0
10408,4,zeros-la-3-2,zeros-la-3,599,10408,4,1326,1024,0,0,32,8,0,64,32,4,4,8,128,1024,0,16,4,2,4,1,3,2,1,2,1,1,0,0,1,0
10472,4,zeros-la-3-2,zeros-la-3,600,10472,4,1328,1024,4,64,64,8,0,8,128,4,0,16,4,1024,2,0,0,2,4,2,3,2,1,0,2,1,0,0,1,0
10604,5,zeros-la-3-2,zeros-la-3,601,10604,5,1330,1024,4,128,8,0,8,128,4,0,16,4,1024,0,4,2,0,0,5,1,4,2,1,0,0,2,0,0,1,0
10860,5,zeros-la-3-2,zeros-la-3,602,10860,5,1332,1024,4,256,8,0,8,4,4,0,16,2,1024,0,4,0,0,2,5,2,4,2,1,0,0,0,1,0,1,0
10868,5,zeros-la-3-2,zeros-la-3,603,10868,5,1334,1024,4,256,8,2,8,8,0,0,16,2,1024,0,4,2,0,0,5,3,2,3,1,0,0,0,1,0,1,0
10872,5,zeros-la-3-2,zeros-la-3,604,10872,5,1336,1024,4,0,0,0,8,256,0,0,16,8,8,2,4,4,1024,2,5,2,3,3,1,0,0,0,1,0,1,0
10896,6,zeros-la-3-2,zeros-la-3,605,10896,6,1338,1024,4,0,0,0,8,256,0,2,16,16,2,0,8,1024,2,0,6,3,1,2,2,0,0,0,1,0,1,0
10928,6,zeros-la-3-2,zeros-la-3,606,10928,6,1340,1024,4,0,0,0,8,256,2,0,32,2,0,2,8,1024,2,0,6,4,1,2,0,1,0,0,1,0,1,0
10932,6,zeros-la-3-2,zeros-la-3,607,10932,6,1342,1024,4,0,0,2,8,256,0,0,32,2,0,0,8,1024,4,2,6,3,2,2,0,1,0,0,1,0,1,0
10936,6,zeros-la-3-2,zeros-la-3,608,10936,6,1344,1024,4,0,0,0,8,256,0,0,32,2,2,0,8,1024,4,4,6,2,3,2,0,1,0,0,1,0,1,0
10948,7,zeros-la-3-2,zeros-la-3,609,10948,7,1346,1024,0,2,0,4,0,0,8,256,0,0,32,4,0,8,1024,8,7,1,2,3,0,1,0,0,1,0,1,0
10948,6,zeros-la-3-2,zeros-la-3,610,10948,6,1348,1024,0,0,0,4,0,0,8,256,2,2,32,4,0,8,1024,8,6,2,2,3,0,1,0,0,1,0,1,0
10952,6,zeros-la-3-2,zeros-la-3,611,10952,6,1350,1024,2,0,0,4,0,0,8,256,0,4,32,4,0,8,1024,8,6,1,3,3,0,1,0,0,1,0,1,0
10952,5,zeros-la-3-2,zeros-la-3,612,10952,5,1352,1024,0,0,2,4,0,0,8,256,0,4,32,4,2,8,1024,8,5,2,3,3,0,1,0,0,1,0,1,0
10952,4,zeros-la-3-2,zeros-la-3,613,10952,4,1354,1024,2,4,2,4,0,8,8,256,2,0,32,4,0,0,1024,8,4,3,3,3,0,1,0,0,1,0,1,0
10956,4,zeros-la-3-2,zeros-la-3,614,10956,4,1356,1024,4,4,2,4,0,8,8,256,0,2,32,4,0,0,1024,8,4,2,4,3,0,1,0,0,1,0,1,0
10980,5,zeros-la-3-2,zeros-la-3,615,10980,5,1358,1024,0,8,2,4,0,0,16,256,2,2,32,4,0,0,1024,8,5,3,2,2,1,1,0,0,1,0,1,0
10984,5,zeros-la-3-2,zeros-la-3,616,10984,5,1360,1024,8,2,4,0,16,256,0,0,4,32,4,2,1024,8,0,0,5,2,3,2,1,1,0,0,1,0,1,0
10992,5,zeros-la-3-2,zeros-la-3,617,10992,5,1362,1024,8,2,0,0,16,256,0,2,4,32,0,0,1024,8,8,2,5,3,1,3,1,1,0,0,1,0,1,0
11008,5,zeros-la-3-2,zeros-la-3,618,11008,5,1364,1024,8,2,0,0,16,256,2,0,4,32,2,0,1024,16,2,0,5,4,1,1,2,1,0,0,1,0,1,0
11012,5,zeros-la-3-2,zeros-la-3,619,11012,5,1366,1024,8,2,2,0,16,256,0,0,4,32,2,0,1024,16,4,0,5,3,2,1,2,1,0,0,1,0,1,0
11016,5,zeros-la-3-2,zeros-la-3,620,11016,5,1368,1024,8,4,0,2,16,256,0,0,4,32,2,0,1024,16,4,0,5,2,3,1,2,1,0,0,1,0,1,0
11016,4,zeros-la-3-2,zeros-la-3,621,11016,4,1370,1024,8,4,2,2,16,256,4,0,4,32,2,0,1024,16,0,0,4,3,3,1,2,1,0,0,1,0,1,0
11020,4,zeros-la-3-2,zeros-la-3,622,11020,4,1372,1024,8,4,4,2,16,256,4,0,4,32,2,0,1024,16,0,0,4,2,4,1,2,1,0,0,1,0,1,0
11028,4,zeros-la-3-2,zeros-la-3,623,11028,4,1374,1024,8,8,2,0,16,256,4,0,4,32,2,2,1024,16,0,0,4,3,2,2,2,1,0,0,1,0,1,0
11048,5,zeros-la-3-2,zeros-la-3,624,11048,5,1376,1024,16,2,2,0,16,256,4,0,4,32,4,0,1024,16,0,0,5,2,3,0,3,1,0,0,1,0,1,0
11088,6,zeros-la-3-2,zeros-la-3,625,11088,6,1378,1024,0,2,0,0,32,256,0,2,4,32,2,0,1024,16,8,0,6,3,1,1,1,2,0,0,1,0,1,0
11088,5,zeros-la-3-2,zeros-la-3,626,11088,5,1380,1024,0,0,0,2,0,32,256,2,0,4,32,2,2,1024,16,8,5,4,1,1,1,2,0,0,1,0,1,0
11092,5,zeros-la-3-2,zeros-la-3,627,11092,5,1384,1024,0,0,0,0,0,32,256,2,4,4,32,4,2,1024,16,8,5,2,3,1,1,2,0,0,1,0,1,0
11100,5,zeros-la-3-2,zeros-la-3,628,11100,5,1386,1024,0,2,0,0,0,32,256,2,0,8,32,4,2,1024,16,8,5,3,1,2,1,2,0,0,1,0,1,0
11100,4,zeros-la-3-2,zeros-la-3,629,11100,4,1388,1024,2,0,0,2,0,32,256,2,0,8,32,4,2,1024,16,8,4,4,1,2,1,2,0,0,1,0,1,0
11108,5,zeros-la-3-2,zeros-la-3,630,11108,5,1392,1024,0,4,0,0,0,32,256,4,0,8,32,4,4,1024,16,8,5,0,4,2,1,2,0,0,1,0,1,0
11116,5,zeros-la-3-2,zeros-la-3,631,11116,5,1394,1024,4,4,256,8,2,32,32,8,0,8,16,0,0,1024,0,0,5,1,2,3,1,2,0,0,1,0,1,0
11188,6,zeros-la-3-2,zeros-la-3,632,11188,6,1396,1024,0,8,256,8,0,2,64,8,0,2,8,16,0,0,0,1024,6,2,0,4,1,0,1,0,1,0,1,0
11208,7,zeros-la-3-2,zeros-la-3,633,11208,7,1398,1024,0,2,0,0,0,0,256,16,0,8,64,16,0,4,8,1024,7,1,1,2,2,0,1,0,1,0,1,0
11240,7,zeros-la-3-2,zeros-la-3,634,11240,7,1400,1024,0,0,0,0,0,2,256,2,0,8,64,32,0,4,8,1024,7,2,1,2,0,1,1,0,1,0,1,0
11240,6,zeros-la-3-2,zeros-la-3,635,11240,6,1402,1024,0,2,0,0,0,2,256,2,0,8,64,32,0,4,8,1024,6,3,1,2,0,1,1,0,1,0,1,0
11244,6,zeros-la-3-2,zeros-la-3,636,11244,6,1404,1024,2,0,0,0,0,4,256,2,0,8,64,32,0,4,8,1024,6,2,2,2,0,1,1,0,1,0,1,0
11244,5,zeros-la-3-2,zeros-la-3,637,11244,5,1406,1024,0,0,2,2,0,4,256,2,0,8,64,32,0,4,8,1024,5,3,2,2,0,1,1,0,1,0,1,0
11248,5,zeros-la-3-2,zeros-la-3,638,11248,5,1408,1024,4,0,0,0,4,256,2,0,8,64,32,0,4,8,1024,2,5,2,3,2,0,1,1,0,1,0,1,0
11256,5,zeros-la-3-2,zeros-la-3,639,11256,5,1410,1024,8,256,2,2,8,64,32,0,4,8,1024,0,0,0,0,2,5,3,1,3,0,1,1,0,1,0,1,0
11276,6,zeros-la-3-2,zeros-la-3,640,11276,6,1412,1024,0,0,0,2,0,256,2,0,16,64,32,0,4,8,1024,4,6,2,2,1,1,1,1,0,1,0,1,0
11276,5,zeros-la-3-2,zeros-la-3,641,11276,5,1414,1024,16,256,2,2,4,64,32,4,0,8,1024,0,2,0,0,0,5,3,2,1,1,1,1,0,1,0,1,0
11280,5,zeros-la-3-2,zeros-la-3,642,11280,5,1416,1024,0,16,256,4,4,64,32,4,2,0,8,1024,0,0,0,2,5,2,3,1,1,1,1,0,1,0,1,0
11288,5,zeros-la-3-2,zeros-la-3,643,11288,5,1418,1024,4,16,256,8,2,64,32,1024,0,0,8,2,0,2,0,0,5,3,1,2,1,1,1,0,1,0,1,0
11288,4,zeros-la-3-2,zeros-la-3,644,11288,4,1420,1024,4,16,256,8,2,64,32,1024,2,2,8,2,0,0,0,0,4,4,1,2,1,1,1,0,1,0,1,0
11292,4,zeros-la-3-2,zeros-la-3,645,11292,4,1422,1024,4,16,256,8,4,64,32,1024,0,2,8,2,0,0,0,2,4,3,2,2,1,1,1,0,1,0,1,0
11304,5,zeros-la-3-2,zeros-la-3,646,11304,5,1426,1024,8,16,256,8,0,64,32,1024,0,2,8,4,0,0,0,4,5,1,2,3,1,1,1,0,1,0,1,0
11312,5,zeros-la-3-2,zeros-la-3,647,11312,5,1430,1024,8,16,256,8,4,64,32,1024,0,2,8,8,0,0,0,0,5,1,1,4,1,1,1,0,1,0,1,0
11328,5,zeros-la-3-2,zeros-la-3,648,11328,5,1432,1024,8,16,256,8,4,64,32,1024,0,0,2,16,0,0,0,2,5,2,1,2,2,1,1,0,1,0,1,0
11328,4,zeros-la-3-2,zeros-la-3,649,11328,4,1434,1024,8,16,256,8,4,64,32,1024,2,16,0,0,2,0,0,2,4,3,1,2,2,1,1,0,1,0,1,0
11332,4,zeros-la-3-2,zeros-la-3,650,11332,4,1436,1024,8,16,256,8,4,64,32,1024,4,16,0,2,2,0,0,0,4,2,2,2,2,1,1,0,1,0,1,0
11340,4,zeros-la-3-2,zeros-la-3,651,11340,4,1438,1024,8,16,256,8,8,64,32,1024,2,16,0,2,0,0,0,2,4,3,0,3,2,1,1,0,1,0,1,0
11360,5,zeros-la-3-2,zeros-la-3,652,11360,5,1440,1024,16,16,256,8,2,64,32,1024,0,16,0,4,0,0,2,0,5,2,1,1,3,1,1,0,1,0,1,0
11392,5,zeros-la-3-2,zeros-la-3,653,11392,5,1442,1024,0,32,256,8,2,64,32,1024,0,0,16,4,0,2,0,2,5,3,1,1,1,2,1,0,1,0,1,0
11396,5,zeros-la-3-2,zeros-la-3,654,11396,5,1444,1024,0,32,256,8,2,64,32,1024,0,0,16,4,2,0,0,4,5,2,2,1,1,2,1,0,1,0,1,0
11408,6,zeros-la-3-2,zeros-la-3,655,11408,6,1446,1024,0,0,0,0,0,2,256,8,0,32,32,1024,4,64,16,8,6,1,1,2,1,2,1,0,1,0,1,0
11472,6,zeros-la-3-2,zeros-la-3,656,11472,6,1448,1024,0,0,0,2,0,2,256,8,0,0,64,1024,4,64,16,8,6,2,1,2,1,0,2,0,1,0,1,0
11472,5,zeros-la-3-2,zeros-la-3,657,11472,5,1452,1024,4,0,0,2,0,2,256,8,0,0,64,1024,4,64,16,8,5,2,2,2,1,0,2,0,1,0,1,0
11480,5,zeros-la-3-2,zeros-la-3,658,11480,5,1454,1024,8,2,256,2,2,64,64,8,0,0,16,1024,0,0,0,8,5,3,0,3,1,0,2,0,1,0,1,0
11608,5,zeros-la-3-2,zeros-la-3,659,11608,5,1456,1024,8,2,256,2,2,2,128,8,0,0,16,1024,0,0,0,8,5,4,0,3,1,0,0,1,1,0,1,0
11612,5,zeros-la-3-2,zeros-la-3,660,11612,5,1460,1024,0,0,0,2,0,4,256,8,8,0,128,1024,2,4,16,8,5,2,2,3,1,0,0,1,1,0,1,0
11620,5,zeros-la-3-2,zeros-la-3,661,11620,5,1462,1024,2,0,0,2,0,0,256,8,8,0,128,1024,2,8,16,8,5,3,0,4,1,0,0,1,1,0,1,0
11624,5,zeros-la-3-2,zeros-la-3,662,11624,5,1464,1024,0,0,0,4,0,2,256,8,0,8,128,1024,2,8,16,8,5,2,1,4,1,0,0,1,1,0,1,0
11640,5,zeros-la-3-2,zeros-la-3,663,11640,5,1466,1024,0,0,2,4,0,0,256,8,0,2,128,1024,2,16,16,8,5,3,1,2,2,0,0,1,1,0,1,0
11672,5,zeros-la-3-2,zeros-la-3,664,11672,5,1468,1024,0,0,2,4,2,0,256,8,0,2,128,1024,0,2,32,8,5,4,1,2,0,1,0,1,1,0,1,0
11672,4,zeros-la-3-2,zeros-la-3,665,11672,4,1470,1024,2,4,0,0,2,256,8,0,2,128,1024,0,2,32,8,2,4,5,1,2,0,1,0,1,1,0,1,0
11680,5,zeros-la-3-2,zeros-la-3,666,11680,5,1472,1024,4,4,8,2,4,256,1024,0,0,128,8,0,2,32,0,0,5,2,3,2,0,1,0,1,1,0,1,0
11688,5,zeros-la-3-2,zeros-la-3,667,11688,5,1476,1024,8,8,2,0,4,256,1024,0,128,8,0,0,2,32,4,0,5,2,2,3,0,1,0,1,1,0,1,0
11704,5,zeros-la-3-2,zeros-la-3,668,11704,5,1478,1024,0,2,16,2,0,4,256,1024,0,0,128,8,0,2,32,4,5,3,2,1,1,1,0,1,1,0,1,0
11704,4,zeros-la-3-2,zeros-la-3,669,11704,4,1480,1024,0,0,16,2,2,2,256,1024,0,4,128,8,0,2,32,4,4,4,2,1,1,1,0,1,1,0,1,0
11708,4,zeros-la-3-2,zeros-la-3,670,11708,4,1482,1024,16,2,0,0,4,256,1024,0,4,128,8,2,2,32,4,0,4,3,3,1,1,1,0,1,1,0,1,0
11716,4,zeros-la-3-2,zeros-la-3,671,11716,4,1484,1024,0,2,0,0,16,256,1024,2,8,128,8,0,2,32,4,2,4,4,1,2,1,1,0,1,1,0,1,0
11720,4,zeros-la-3-2,zeros-la-3,672,11720,4,1486,1024,2,2,0,0,16,256,1024,0,8,128,8,0,2,32,4,4,4,3,2,2,1,1,0,1,1,0,1,0
11732,5,zeros-la-3-2,zeros-la-3,673,11732,5,1488,1024,0,0,0,4,0,16,256,1024,2,8,128,8,0,2,32,8,5,2,1,3,1,1,0,1,1,0,1,0
11748,5,zeros-la-3-2,zeros-la-3,674,11748,5,1490,1024,0,2,0,0,0,16,256,4,0,8,128,1024,2,2,32,16,5,3,1,1,2,1,0,1,1,0,1,0
11748,4,zeros-la-3-2,zeros-la-3,675,11748,4,1492,1024,2,2,256,4,0,16,128,1024,0,8,32,16,0,2,0,2,4,4,1,1,2,1,0,1,1,0,1,0
11756,5,zeros-la-3-2,zeros-la-3,676,11756,5,1494,1024,0,4,256,4,0,16,128,1024,0,8,32,16,2,0,0,4,5,1,3,1,2,1,0,1,1,0,1,0
11756,4,zeros-la-3-2,zeros-la-3,677,11756,4,1496,1024,2,4,256,4,0,16,128,1024,2,8,32,16,0,0,0,4,4,2,3,1,2,1,0,1,1,0,1,0
11760,4,zeros-la-3-2,zeros-la-3,678,11760,4,1498,1024,0,0,2,4,0,4,256,1024,0,16,128,16,4,8,32,4,4,1,4,1,2,1,0,1,1,0,1,0
11760,3,zeros-la-3-2,zeros-la-3,679,11760,3,1500,1024,0,2,2,4,0,4,256,1024,0,16,128,16,4,8,32,4,3,2,4,1,2,1,0,1,1,0,1,0
11764,3,zeros-la-3-2,zeros-la-3,680,11764,3,1502,1024,4,4,0,2,4,256,1024,0,16,128,16,0,4,8,32,4,3,1,5,1,2,1,0,1,1,0,1,0
11772,3,zeros-la-3-2,zeros-la-3,681,11772,3,1504,1024,0,4,2,0,8,256,1024,0,16,128,16,2,4,8,32,4,3,2,3,2,2,1,0,1,1,0,1,0
11772,2,zeros-la-3-2,zeros-la-3,682,11772,2,1506,1024,4,2,0,0,8,256,1024,2,16,128,16,2,4,8,32,4,2,3,3,2,2,1,0,1,1,0,1,0
11776,2,zeros-la-3-2,zeros-la-3,683,11776,2,1508,1024,4,2,0,2,8,256,1024,0,16,128,16,4,4,8,32,4,2,2,4,2,2,1,0,1,1,0,1,0
11780,2,zeros-la-3-2,zeros-la-3,684,11780,2,1510,1024,4,4,0,0,8,256,1024,2,16,128,16,4,4,8,32,4,2,1,5,2,2,1,0,1,1,0,1,0
11788,2,zeros-la-3-2,zeros-la-3,685,11788,2,1514,1024,8,0,4,0,8,256,1024,2,16,128,16,4,4,8,32,4,2,1,4,3,2,1,0,1,1,0,1,0
11812,3,zeros-la-3-2,zeros-la-3,686,11812,3,1516,1024,0,0,4,0,16,256,1024,2,16,128,16,2,4,8,32,8,3,2,2,2,3,1,0,1,1,0,1,0
11848,4,zeros-la-3-2,zeros-la-3,687,11848,4,1518,1024,0,2,4,0,0,256,1024,0,32,128,16,4,4,8,32,8,4,1,3,2,1,2,0,1,1,0,1,0
11848,3,zeros-la-3-2,zeros-la-3,688,11848,3,1520,1024,32,2,4,4,4,256,1024,8,2,128,16,0,0,8,32,0,3,2,3,2,1,2,0,1,1,0,1,0
11856,3,zeros-la-3-2,zeros-la-3,689,11856,3,1522,1024,0,32,2,8,4,256,1024,8,0,2,128,16,2,0,8,32,3,3,1,3,1,2,0,1,1,0,1,0
11872,3,zeros-la-3-2,zeros-la-3,690,11872,3,1524,1024,0,0,2,2,0,32,1024,16,4,256,128,16,2,2,8,32,3,4,1,1,2,2,0,1,1,0,1,0
11904,3,zeros-la-3-2,zeros-la-3,691,11904,3,1526,1024,0,0,2,0,2,32,1024,2,4,256,128,32,2,2,8,32,3,5,1,1,0,3,0,1,1,0,1,0
11968,3,zeros-la-3-2,zeros-la-3,692,11968,3,1528,1024,0,0,2,0,2,32,1024,2,4,256,128,2,2,2,8,64,3,6,1,1,0,1,1,1,1,0,1,0
11972,3,zeros-la-3-2,zeros-la-3,693,11972,3,1530,1024,2,0,0,2,2,32,1024,2,4,256,128,2,4,8,64,0,3,5,2,1,0,1,1,1,1,0,1,0
11988,5,zeros-la-3-2,zeros-la-3,694,11988,5,1532,1024,0,0,0,0,2,32,1024,0,4,256,128,2,8,8,64,4,5,2,2,2,0,1,1,1,1,0,1,0
12004,5,zeros-la-3-2,zeros-la-3,695,12004,5,1534,1024,2,0,0,0,2,32,1024,0,4,256,128,2,16,64,4,0,5,3,2,0,1,1,1,1,1,0,1,0
12008,5,zeros-la-3-2,zeros-la-3,696,12008,5,1536,1024,0,0,2,0,4,32,1024,0,4,256,128,0,16,64,4,2,5,2,3,0,1,1,1,1,1,0,1,0
12016,5,zeros-la-3-2,zeros-la-3,697,12016,5,1538,1024,0,0,2,0,2,32,1024,0,8,256,128,0,16,64,4,2,5,3,1,1,1,1,1,1,1,0,1,0
12016,4,zeros-la-3-2,zeros-la-3,698,12016,4,1540,1024,2,0,0,0,2,32,1024,0,8,256,128,2,16,64,4,2,4,4,1,1,1,1,1,1,1,0,1,0
12024,5,zeros-la-3-2,zeros-la-3,699,12024,5,1542,1024,0,0,0,0,4,32,1024,0,8,256,128,2,16,64,4,4,5,1,3,1,1,1,1,1,1,0,1,0
12032,5,zeros-la-3-2,zeros-la-3,700,12032,5,1544,1024,2,0,0,0,4,32,1024,0,8,256,128,2,16,64,8,0,5,2,1,2,1,1,1,1,1,0,1,0
12032,4,zeros-la-3-2,zeros-la-3,701,12032,4,1546,1024,2,0,0,0,4,32,1024,2,8,256,128,2,16,64,8,0,4,3,1,2,1,1,1,1,1,0,1,0
12036,4,zeros-la-3-2,zeros-la-3,702,12036,4,1548,1024,2,0,0,0,4,32,1024,0,8,256,128,2,16,64,8,4,4,2,2,2,1,1,1,1,1,0,1,0
12036,3,zeros-la-3-2,zeros-la-3,703,12036,3,1550,1024,2,0,0,2,4,32,1024,0,8,256,128,2,16,64,8,4,3,3,2,2,1,1,1,1,1,0,1,0
12040,3,zeros-la-3-2,zeros-la-3,704,12040,3,1552,1024,4,0,0,2,4,32,1024,0,8,256,128,2,16,64,8,4,3,2,3,2,1,1,1,1,1,0,1,0
12052,4,zeros-la-3-2,zeros-la-3,705,12052,4,1556,1024,8,32,1024,4,8,256,128,4,16,64,8,0,0,4,0,0,4,0,3,3,1,1,1,1,1,0,1,0
12076,5,zeros-la-3-2,zeros-la-3,706,12076,5,1558,1024,0,32,2,0,0,256,1024,0,16,64,128,0,16,4,8,8,5,1,1,2,2,1,1,1,1,0,1,0
12092,5,zeros-la-3-2,zeros-la-3,707,12092,5,1560,1024,32,2,2,0,256,1024,0,0,16,64,128,0,16,4,16,0,5,2,1,0,3,1,1,1,1,0,1,0
12096,5,zeros-la-3-2,zeros-la-3,708,12096,5,1562,1024,32,4,0,0,256,1024,0,0,16,64,128,0,16,4,16,2,5,1,2,0,3,1,1,1,1,0,1,0
12128,5,zeros-la-3-2,zeros-la-3,709,12128,5,1566,1024,32,4,128,2,256,1024,16,0,32,64,0,0,0,4,0,4,5,1,3,0,1,2,1,1,1,0,1,0
12136,5,zeros-la-3-2,zeros-la-3,710,12136,5,1568,1024,32,4,128,2,256,1024,16,0,32,64,0,0,8,0,0,2,5,2,1,1,1,2,1,1,1,0,1,0
12140,5,zeros-la-3-2,zeros-la-3,711,12140,5,1572,1024,32,0,0,0,256,4,4,0,32,1024,128,0,8,64,16,4,5,0,3,1,1,2,1,1,1,0,1,0
12148,5,zeros-la-3-2,zeros-la-3,712,12148,5,1574,1024,0,0,2,32,0,0,256,8,0,32,1024,128,8,64,16,4,5,1,1,2,1,2,1,1,1,0,1,0
12148,4,zeros-la-3-2,zeros-la-3,713,12148,4,1576,1024,0,0,2,32,2,0,256,8,0,32,1024,128,8,64,16,4,4,2,1,2,1,2,1,1,1,0,1,0
12148,3,zeros-la-3-2,zeros-la-3,714,12148,3,1580,1024,0,0,2,32,0,4,256,8,2,32,1024,128,8,64,16,4,3,2,2,2,1,2,1,1,1,0,1,0
12148,2,zeros-la-3-2,zeros-la-3,715,12148,2,1584,1024,0,4,2,32,0,4,256,8,2,32,1024,128,8,64,16,4,2,2,3,2,1,2,1,1,1,0,1,0
12148,1,zeros-la-3-2,zeros-la-3,716,12148,1,1586,1024,0,4,2,32,2,4,256,8,2,32,1024,128,8,64,16,4,1,3,3,2,1,2,1,1,1,0,1,0
12160,2,zeros-la-3-2,zeros-la-3,717,12160,2,1588,1024,0,0,2,32,2,8,256,8,4,32,1024,128,8,64,16,4,2,2,2,3,1,2,1,1,1,0,1,0
12160,1,zeros-la-3-2,zeros-la-3,718,12160,1,1592,1024,4,0,2,32,2,8,256,8,4,32,1024,128,8,64,16,4,1,2,3,3,1,2,1,1,1,0,1,0
12160,0,zeros-la-3-2,zeros-la-3,719,12160,0,1594,1024,4,2,2,32,2,8,256,8,4,32,1024,128,8,64,16,4,0,3,3,3,1,2,1,1,1,0,1,0
12164,0,zeros-la-3-2,zeros-la-3,720,12164,0,1596,1024,2,4,4,32,2,8,256,8,4,32,1024,128,8,64,16,4,0,2,4,3,1,2,1,1,1,0,1,0
12172,0,zeros-la-3-2,zeros-la-3,721,12172,0,1598,1024,2,8,32,2,2,8,256,8,4,32,1024,128,8,64,16,4,0,3,2,4,1,2,1,1,1,0,1,0
12192,1,zeros-la-3-2,zeros-la-3,722,12192,1,1600,1024,4,16,32,2,4,32,256,8,8,64,1024,128,2,0,16,4,1,2,3,2,2,2,1,1,1,0,1,0
12200,1,zeros-la-3-2,zeros-la-3,723,12200,1,1602,1024,8,16,32,2,8,32,256,8,2,64,1024,128,2,0,16,4,1,3,1,3,2,2,1,1,1,0,1,0
12220,2,zeros-la-3-2,zeros-la-3,724,12220,2,1604,1024,16,16,32,2,4,32,256,8,2,64,1024,128,0,0,16,4,2,2,2,1,3,2,1,1,1,0,1,0
12252,2,zeros-la-3-2,zeros-la-3,725,12252,2,1606,1024,32,32,2,2,4,32,256,8,2,64,1024,128,16,4,0,0,2,3,2,1,1,3,1,1,1,0,1,0
12320,3,zeros-la-3-2,zeros-la-3,726,12320,3,1608,1024,0,0,64,4,4,32,256,8,2,64,1024,128,0,2,16,4,3,2,3,1,1,1,2,1,1,0,1,0
12320,2,zeros-la-3-2,zeros-la-3,727,12320,2,1610,1024,4,32,64,4,2,64,256,8,0,2,1024,128,2,0,16,4,2,3,3,1,1,1,2,1,1,0,1,0
12324,2,zeros-la-3-2,zeros-la-3,728,12324,2,1612,1024,4,32,64,4,4,64,256,8,2,2,1024,128,0,0,16,4,2,2,4,1,1,1,2,1,1,0,1,0
12328,2,zeros-la-3-2,zeros-la-3,729,12328,2,1614,1024,4,32,64,4,4,64,256,8,2,4,1024,128,0,0,16,4,2,1,5,1,1,1,2,1,1,0,1,0
12328,1,zeros-la-3-2,zeros-la-3,730,12328,1,1616,1024,4,32,64,4,4,64,256,8,2,4,1024,128,16,4,2,0,1,2,5,1,1,1,2,1,1,0,1,0
12344,2,zeros-la-3-2,zeros-la-3,731,12344,2,1618,1024,8,32,64,4,2,64,256,8,16,8,1024,128,0,0,2,2,2,3,1,3,1,1,2,1,1,0,1,0
12348,2,zeros-la-3-2,zeros-la-3,732,12348,2,1620,1024,8,32,64,4,2,64,256,8,16,8,1024,128,4,0,2,0,2,2,2,3,1,1,2,1,1,0,1,0
12348,1,zeros-la-3-2,zeros-la-3,733,12348,1,1622,1024,8,32,64,4,2,64,256,8,16,8,1024,128,4,0,2,2,1,3,2,3,1,1,2,1,1,0,1,0
12352,1,zeros-la-3-2,zeros-la-3,734,12352,1,1624,1024,8,32,64,4,2,64,256,8,16,8,1024,128,2,0,4,4,1,2,3,3,1,1,2,1,1,0,1,0
12352,0,zeros-la-3-2,zeros-la-3,735,12352,0,1626,1024,8,32,64,4,2,64,256,8,16,8,1024,128,2,2,4,4,0,3,3,3,1,1,2,1,1,0,1,0
12364,1,zeros-la-3-2,zeros-la-3,736,12364,1,1628,1024,8,32,64,4,2,64,256,8,16,8,1024,128,4,8,2,0,1,2,2,4,1,1,2,1,1,0,1,0
12380,1,zeros-la-3-2,zeros-la-3,737,12380,1,1630,1024,8,32,64,4,2,64,256,8,16,16,1024,128,4,2,2,0,1,3,2,2,2,1,2,1,1,0,1,0
12416,2,zeros-la-3-2,zeros-la-3,738,12416,2,1632,1024,8,32,64,4,2,64,256,8,0,32,1024,128,0,2,4,4,2,2,3,2,0,2,2,1,1,0,1,0
12416,1,zeros-la-3-2,zeros-la-3,739,12416,1,1634,1024,0,32,64,4,2,64,256,8,8,32,1024,128,2,2,4,4,1,3,3,2,0,2,2,1,1,0,1,0
12428,2,zeros-la-3-2,zeros-la-3,740,12428,2,1636,1024,32,64,4,0,2,64,256,8,8,32,1024,128,4,8,2,0,2,2,2,3,0,2,2,1,1,0,1,0
12556,2,zeros-la-3-2,zeros-la-3,741,12556,2,1638,1024,32,128,4,8,2,32,256,128,8,8,1024,2,4,0,2,0,2,3,2,3,0,2,0,2,1,0,1,0
12572,2,zeros-la-3-2,zeros-la-3,742,12572,2,1640,1024,32,128,4,8,2,32,256,128,0,16,1024,2,0,2,4,2,2,4,2,1,1,2,0,2,1,0,1,0
12576,2,zeros-la-3-2,zeros-la-3,743,12576,2,1642,1024,0,128,4,2,0,32,256,8,32,16,1024,128,2,2,4,4,2,3,3,1,1,2,0,2,1,0,1,0
12588,3,zeros-la-3-2,zeros-la-3,744,12588,3,1646,1024,128,4,2,0,32,256,8,4,32,16,1024,128,4,8,0,0,3,1,3,2,1,2,0,2,1,0,1,0
12652,3,zeros-la-3-2,zeros-la-3,745,12652,3,1648,1024,0,4,0,0,128,256,2,2,64,16,8,4,4,8,1024,128,3,2,3,2,1,0,1,2,1,0,1,0
12656,3,zeros-la-3-2,zeros-la-3,746,12656,3,1650,1024,0,2,0,4,0,128,256,4,64,16,8,4,4,8,1024,128,3,1,4,2,1,0,1,2,1,0,1,0
12664,3,zeros-la-3-2,zeros-la-3,747,12664,3,1654,1024,0,2,0,4,0,128,256,4,64,16,8,8,4,8,1024,128,3,1,3,3,1,0,1,2,1,0,1,0
12680,3,zeros-la-3-2,zeros-la-3,748,12680,3,1656,1024,0,0,2,4,0,128,256,4,2,64,16,16,4,8,1024,128,3,2,3,1,2,0,1,2,1,0,1,0
12712,3,zeros-la-3-2,zeros-la-3,749,12712,3,1658,1024,0,0,2,4,0,128,256,4,2,2,64,32,4,8,1024,128,3,3,3,1,0,1,1,2,1,0,1,0
12720,3,zeros-la-3-2,zeros-la-3,750,12720,3,1660,1024,0,2,2,0,0,128,256,8,2,2,64,32,4,8,1024,128,3,4,1,2,0,1,1,2,1,0,1,0
12728,4,zeros-la-3-2,zeros-la-3,751,12728,4,1662,1024,4,0,0,2,128,256,8,0,4,64,32,0,4,8,1024,128,4,1,3,2,0,1,1,2,1,0,1,0
12736,4,zeros-la-3-2,zeros-la-3,752,12736,4,1664,1024,0,0,0,2,4,256,8,0,128,64,32,2,8,8,1024,128,4,2,1,3,0,1,1,2,1,0,1,0
12752,4,zeros-la-3-2,zeros-la-3,753,12752,4,1666,1024,2,0,0,0,4,256,8,0,128,64,32,2,16,1024,128,2,4,3,1,1,1,1,1,2,1,0,1,0
12752,3,zeros-la-3-2,zeros-la-3,754,12752,3,1670,1024,4,0,0,2,0,4,256,8,128,64,32,2,16,1024,128,2,3,3,2,1,1,1,1,2,1,0,1,0
12752,2,zeros-la-3-2,zeros-la-3,755,12752,2,1672,1024,4,2,2,0,4,256,8,0,128,64,32,2,16,1024,128,2,2,4,2,1,1,1,1,2,1,0,1,0
12764,3,zeros-la-3-2,zeros-la-3,756,12764,3,1674,1024,8,2,2,4,128,256,8,0,16,64,32,0,2,1024,128,0,3,3,1,2,1,1,1,2,1,0,1,0
12768,3,zeros-la-3-2,zeros-la-3,757,12768,3,1676,1024,0,8,4,4,0,128,256,8,2,16,64,32,0,2,1024,128,3,2,2,2,1,1,1,2,1,0,1,0
12776,3,zeros-la-3-2,zeros-la-3,758,12776,3,1678,1024,0,0,8,8,0,128,256,8,2,16,64,32,2,2,1024,128,3,3,0,3,1,1,1,2,1,0,1,0
12796,4,zeros-la-3-2,zeros-la-3,759,12796,4,1682,1024,4,0,0,16,0,128,256,8,2,16,64,32,0,4,1024,128,4,1,2,1,2,1,1,2,1,0,1,0
12796,3,zeros-la-3-2,zeros-la-3,760,12796,3,1686,1024,4,128,256,16,2,16,64,8,0,4,1024,32,4,0,0,128,3,1,3,1,2,1,1,2,1,0,1,0
12796,2,zeros-la-3-2,zeros-la-3,761,12796,2,1688,1024,4,128,256,16,2,16,64,8,0,4,1024,32,0,2,4,128,2,2,3,1,2,1,1,2,1,0,1,0
12796,1,zeros-la-3-2,zeros-la-3,762,12796,1,1690,1024,2,128,256,16,0,16,64,8,4,4,1024,32,2,2,4,128,1,3,3,1,2,1,1,2,1,0,1,0
12808,2,zeros-la-3-2,zeros-la-3,763,12808,2,1692,1024,2,128,256,16,0,16,64,8,0,8,1024,32,2,4,4,128,2,2,2,2,2,1,1,2,1,0,1,0
12812,2,zeros-la-3-2,zeros-la-3,764,12812,2,1694,1024,2,128,256,16,0,16,64,8,0,8,1024,32,4,4,4,128,2,1,3,2,2,1,1,2,1,0,1,0
12820,2,zeros-la-3-2,zeros-la-3,765,12820,2,1698,1024,2,128,256,16,16,64,8,0,8,1024,32,0,8,4,128,4,2,1,2,3,2,1,1,2,1,0,1,0
12836,2,zeros-la-3-2,zeros-la-3,766,12836,2,1700,1024,0,128,256,2,2,64,8,0,16,1024,32,16,16,4,128,4,2,2,2,1,3,1,1,2,1,0,1,0
12868,2,zeros-la-3-2,zeros-la-3,767,12868,2,1704,1024,4,128,256,0,0,64,8,2,2,1024,32,16,32,4,128,4,2,2,3,1,1,2,1,2,1,0,1,0
12868,1,zeros-la-3-2,zeros-la-3,768,12868,1,1706,1024,0,4,128,256,2,64,8,2,2,1024,32,16,32,4,128,4,1,3,3,1,1,2,1,2,1,0,1,0
12872,1,zeros-la-3-2,zeros-la-3,769,12872,1,1708,1024,4,4,128,256,32,64,8,2,2,1024,32,16,0,4,128,4,1,2,4,1,1,2,1,2,1,0,1,0
12880,1,zeros-la-3-2,zeros-la-3,770,12880,1,1712,1024,8,128,256,0,32,64,8,2,2,1024,32,16,4,128,4,4,1,2,3,2,1,2,1,2,1,0,1,0
12888,1,zeros-la-3-2,zeros-la-3,771,12888,1,1714,1024,2,8,128,256,32,64,8,2,2,1024,32,16,0,4,128,8,1,3,1,3,1,2,1,2,1,0,1,0
12888,0,zeros-la-3-2,zeros-la-3,772,12888,0,1716,1024,2,8,128,256,2,64,8,2,32,1024,32,16,2,4,128,8,0,4,1,3,1,2,1,2,1,0,1,0
12892,0,zeros-la-3-2,zeros-la-3,773,12892,0,1718,1024,4,8,128,256,32,64,8,2,2,1024,32,16,2,4,128,8,0,3,2,3,1,2,1,2,1,0,1,0
12896,0,zeros-la-3-2,zeros-la-3,774,12896,0,1720,1024,2,8,128,256,4,64,8,2,32,1024,32,16,4,4,128,8,0,2,3,3,1,2,1,2,1,0,1,0
12904,0,zeros-la-3-2,zeros-la-3,775,12904,0,1722,1024,2,8,128,256,4,64,8,2,32,1024,32,16,2,8,128,8,0,3,1,4,1,2,1,2,1,0,1,0
0,13,zeros-la-3-3,zeros-la-3,0,0,13,6,2,0,0,0,2,0,0,0,0,0,0,0,2,0,0,0,2,13,3,0,0,0,0,0,0,0,0,0,0
4,13,zeros-la-3-3,zeros-la-3,1,4,13,8,4,0,0,0,4,0,0,2,2,0,0,0,0,0,0,0,0,13,2,1,0,0,0,0,0,0,0,0,0
8,13,zeros-la-3-3,zeros-la-3,2,8,13,10,4,0,0,0,4,0,0,0,4,0,0,0,0,0,2,0,0,13,1,2,0,0,0,0,0,0,0,0,0
16,13,zeros-la-3-3,zeros-la-3,3,16,13,12,8,0,0,0,0,0,0,0,0,0,0,2,0,0,2,0,8,13,2,0,1,0,0,0,0,0,0,0,0
16,12,zeros-la-3-3,zeros-la-3,4,16,12,14,8,0,2,2,8,0,0,0,0,0,0,0,2,0,0,0,0,12,3,0,1,0,0,0,0,0,0,0,0
20,12,zeros-la-3-3,zeros-la-3,5,20,12,16,8,0,0,4,8,2,0,0,0,0,0,0,2,0,0,0,0,12,2,1,1,0,0,0,0,0,0,0,0
20,11,zeros-la-3-3,zeros-la-3,6,20,11,18,8,4,8,0,0,2,0,0,0,2,0,0,0,0,0,0,2,11,3,1,1,0,0,0,0,0,0,0,0
24,11,zeros-la-3-3,zeros-la-3,7,24,11,20,8,4,8,0,2,4,0,0,0,0,0,0,0,0,0,2,0,11,2,2,1,0,0,0,0,0,0,0,0
32,11,zeros-la-3-3,zeros-la-3,8,32,11,22,8,8,8,2,2,0,0,0,0,0,0,0,0,0,2,0,0,11,3,0,2,0,0,0,0,0,0,0,0
52,12,zeros-la-3-3,zeros-la-3,9,52,12,26,16,0,0,16,4,0,0,0,0,0,4,0,0,0,0,0,2,12,1,2,0,1,0,0,0,0,0,0,0
52,11,zeros-la-3-3,zeros-la-3,10,52,11,28,16,0,4,16,4,0,0,0,2,0,0,0,0,2,0,0,0,11,2,2,0,1,0,0,0,0,0,0,0
52,10,zeros-la-3-3,zeros-la-3,11,52,10,30,16,0,4,16,4,0,0,2,2,0,0,0,0,0,0,0,2,10,3,2,0,1,0,0,0,0,0,0,0
56,10,zeros-la-3-3,zeros-la-3,12,56,10,34,16,0,4,16,4,0,0,2,4,0,0,0,0,0,4,0,0,10,1,4,0,1,0,0,0,0,0,0,0
72,11,zeros-la-3-3,zeros-la-3,13,72,11,36,16,2,8,16,8,0,0,2,0,0,0,0,0,0,0,0,0,11,2,0,2,1,0,0,0,0,0,0,0
72,10,zeros-la-3-3,zeros-la-3,14,72,10,38,16,2,8,16,8,2,0,0,0,0,0,0,0,0,2,0,0,10,3,0,2,1,0,0,0,0,0,0,0
76,10,zeros-la-3-3,zeros-la-3,15,76,10,40,16,4,8,16,8,0,2,0,0,2,0,0,0,0,0,0,0,10,2,1,2,1,0,0,0,0,0,0,0
76,9,zeros-la-3-3,zeros-la-3,16,76,9,42,16,4,8,16,8,2,2,0,0,0,2,0,0,0,0,0,0,9,3,1,2,1,0,0,0,0,0,0,0
80,9,zeros-la-3-3,zeros-la-3,17,80,9,44,16,4,8,16,8,4,0,0,0,2,0,0,2,0,0,0,0,9,2,2,2,1,0,0,0,0,0,0,0
88,9,zeros-la-3-3,zeros-la-3,18,88,9,46,16,8,8,16,8,2,0,0,2,2,0,0,0,0,0,0,0,9,3,0,3,1,0,0,0,0,0,0,0
108,10,zeros-la-3-3,zeros-la-3,19,108,10,48,16,0,16,16,8,0,0,2,4,0,0,0,2,0,0,0,0,10,2,1,1,2,0,0,0,0,0,0,0
140,10,zeros-la-3-3,zeros-la-3,20,140,10,50,32,0,0,32,8,0,0,2,4,0,2,0,2,0,0,0,0,10,3,1,1,0,1,0,0,0,0,0,0
144,10,zeros-la-3-3,zeros-la-3,21,144,10,52,32,0,0,32,8,0,0,2,4,0,0,0,4,0,0,2,0,10,2,2,1,0,1,0,0,0,0,0,0
156,11,zeros-la-3-3,zeros-la-3,22,156,11,54,32,0,0,32,8,0,0,4,8,0,0,0,0,0,0,0,2,11,1,1,2,0,1,0,0,0,0,0,0
156,10,zeros-la-3-3,zeros-la-3,23,156,10,56,32,0,0,32,8,0,0,4,8,0,0,2,0,0,0,0,2,10,2,1,2,0,1,0,0,0,0,0,0
172,10,zeros-la-3-3,zeros-la-3,24,172,10,58,32,0,2,32,16,0,0,4,2,0,0,2,0,0,0,0,0,10,3,1,0,1,1,0,0,0,0,0,0
172,9,zeros-la-3-3,zeros-la-3,25,172,9,60,32,2,2,32,16,0,0,4,2,0,0,0,2,0,0,0,0,9,4,1,0,1,1,0,0,0,0,0,0
176,9,zeros-la-3-3,zeros-la-3,26,176,9,62,32,4,32,16,0,4,2,2,0,2,0,0,0,0,0,0,0,9,3,2,0,1,1,0,0,0,0,0,0
180,9,zeros-la-3-3,zeros-la-3,27,180,9,64,32,4,32,16,0,4,4,0,0,2,0,2,0,0,0,0,0,9,2,3,0,1,1,0,0,0,0,0,0
192,10,zeros-la-3-3,zeros-la-3,28,192,10,66,32,4,32,16,0,8,2,0,0,4,0,0,0,0,0,0,0,10,1,2,1,1,1,0,0,0,0,0,0
192,9,zeros-la-3-3,zeros-la-3,29,192,9,68,32,0,4,32,16,0,0,8,2,0,0,2,4,0,0,0,0,9,2,2,1,1,1,0,0,0,0,0,0
192,8,zeros-la-3-3,zeros-la-3,30,192,8,70,32,0,4,32,16,0,0,8,2,0,0,2,4,2,0,0,0,8,3,2,1,1,1,0,0,0,0,0,0
192,7,zeros-la-3-3,zeros-la-3,31,192,7,72,32,4,32,16,2,8,2,0,0,2,4,0,0,2,0,0,0,7,4,2,1,1,1,0,0,0,0,0,0
196,7,zeros-la-3-3,zeros-la-3,32,196,7,76,32,0,0,0,0,4,32,0,4,8,2,0,0,4,4,16,2,7,2,4,1,1,1,0,0,0,0,0,0
204,7,zeros-la-3-3,zeros-la-3,33,204,7,78,32,0,0,0,0,0,4,32,4,0,2,8,2,0,8,16,2,7,3,2,2,1,1,0,0,0,0,0,0
208,7,zeros-la-3-3,zeros-la-3,34,208,7,80,32,0,0,0,0,0,4,32,2,0,2,8,4,0,8,16,4,7,2,3,2,1,1,0,0,0,0,0,0
216,7,zeros-la-3-3,zeros-la-3,35,216,7,82,32,0,4,32,2,0,2,8,8,0,8,16,0,0,0,2,0,7,3,1,3,1,1,0,0,0,0,0,0
232,7,zeros-la-3-3,zeros-la-3,36,232,7,84,32,4,32,2,0,2,16,0,2,8,16,0,0,2,0,0,0,7,4,1,1,2,1,0,0,0,0,0,0
264,7,zeros-la-3-3,zeros-la-3,37,264,7,86,32,4,0,0,2,2,0,0,0,8,32,0,0,2,32,2,2,7,5,1,1,0,2,0,0,0,0,0,0
332,8,zeros-la-3-3,zeros-la-3,38,332,8,88,64,4,64,2,4,2,2,0,0,8,0,0,0,2,0,0,0,8,4,2,1,0,0,1,0,0,0,0,0
336,8,zeros-la-3-3,zeros-la-3,39,336,8,90,64,4,64,2,4,4,0,0,0,8,0,0,0,2,0,0,2,8,3,3,1,0,0,1,0,0,0,0,0
344,8,zeros-la-3-3,zeros-la-3,40,344,8,92,64,0,0,0,2,8,0,0,0,8,0,0,4,2,64,2,2,8,4,1,2,0,0,1,0,0,0,0,0
360,8,zeros-la-3-3,zeros-la-3,41,360,8,94,64,16,64,2,2,2,0,2,4,0,0,0,2,0,0,0,0,8,5,1,0,1,0,1,0,0,0,0,0
368,9,zeros-la-3-3,zeros-la-3,42,368,9,96,64,0,16,64,4,0,0,4,4,0,2,0,2,0,0,0,0,9,2,3,0,1,0,1,0,0,0,0,0
380,10,zeros-la-3-3,zeros-la-3,43,380,10,98,64,0,16,64,4,0,0,0,8,0,0,0,4,0,0,0,2,10,1,2,1,1,0,1,0,0,0,0,0
380,9,zeros-la-3-3,zeros-la-3,44,380,9,100,64,0,16,64,4,0,0,0,8,0,0,0,4,0,0,2,2,9,2,2,1,1,0,1,0,0,0,0,0
384,9,zeros-la-3-3,zeros-la-3,45,384,9,102,64,16,64,4,0,8,0,0,2,4,0,0,0,4,0,0,0,9,1,3,1,1,0,1,0,0,0,0,0
392,9,zeros-la-3-3,zeros-la-3,46,392,9,104,64,0,0,0,0,16,0,2,0,8,0,0,0,8,64,4,2,9,2,1,2,1,0,1,0,0,0,0,0
408,9,zeros-la-3-3,zeros-la-3,47,408,9,106,64,16,64,2,2,16,0,4,0,0,0,0,0,0,0,0,2,9,3,1,0,2,0,1,0,0,0,0,0
444,10,zeros-la-3-3,zeros-la-3,48,444,10,108,64,0,2,0,0,0,0,0,0,0,0,2,0,32,64,4,4,10,2,2,0,0,1,1,0,0,0,0,0
452,10,zeros-la-3-3,zeros-la-3,49,452,10,110,64,2,0,0,0,2,0,0,0,2,0,0,0,32,64,8,0,10,3,0,1,0,1,1,0,0,0,0,0
456,10,zeros-la-3-3,zeros-la-3,50,456,10,112,64,0,0,0,2,2,0,0,0,4,0,0,0,32,64,8,0,10,2,1,1,0,1,1,0,0,0,0,0
456,9,zeros-la-3-3,zeros-la-3,51,456,9,114,64,0,0,0,2,0,2,0,2,0,0,0,4,0,32,64,8,9,3,1,1,0,1,1,0,0,0,0,0
460,9,zeros-la-3-3,zeros-la-3,52,460,9,116,64,0,0,0,2,0,0,0,4,0,0,0,4,2,32,64,8,9,2,2,1,0,1,1,0,0,0,0,0
468,9,zeros-la-3-3,zeros-la-3,53,468,9,118,64,2,0,0,0,0,0,0,2,0,0,0,8,2,32,64,8,9,3,0,2,0,1,1,0,0,0,0,0
488,10,zeros-la-3-3,zeros-la-3,54,488,10,122,64,0,0,0,0,0,0,0,4,0,0,0,2,4,32,64,16,10,1,2,0,1,1,1,0,0,0,0,0
488,9,zeros-la-3-3,zeros-la-3,55,488,9,124,64,0,0,0,2,4,0,0,0,2,0,0,0,4,32,64,16,9,2,2,0,1,1,1,0,0,0,0,0
488,8,zeros-la-3-3,zeros-la-3,56,488,8,128,64,4,0,0,2,0,0,0,4,0,0,0,2,4,32,64,16,8,2,3,0,1,1,1,0,0,0,0,0
496,8,zeros-la-3-3,zeros-la-3,57,496,8,132,64,0,0,0,2,0,0,0,4,0,0,4,2,8,32,64,16,8,2,2,1,1,1,1,0,0,0,0,0
496,7,zeros-la-3-3,zeros-la-3,58,496,7,134,64,2,0,0,0,4,0,0,2,4,2,0,0,8,32,64,16,7,3,2,1,1,1,1,0,0,0,0,0
504,7,zeros-la-3-3,zeros-la-3,59,504,7,136,64,0,0,2,0,2,0,0,0,8,2,0,2,8,32,64,16,7,4,0,2,1,1,1,0,0,0,0,0
520,7,zeros-la-3-3,zeros-la-3,60,520,7,138,64,2,0,0,0,0,0,0,0,2,2,2,2,16,32,64,16,7,5,0,0,2,1,1,0,0,0,0,0
528,8,zeros-la-3-3,zeros-la-3,61,528,8,140,64,0,0,0,2,0,0,0,0,2,0,4,4,16,32,64,16,8,2,2,0,2,1,1,0,0,0,0,0
536,8,zeros-la-3-3,zeros-la-3,62,536,8,142,64,2,0,0,2,0,0,0,0,2,8,0,0,16,32,64,16,8,3,0,1,2,1,1,0,0,0,0,0
540,8,zeros-la-3-3,zeros-la-3,63,540,8,146,64,0,0,0,4,0,0,0,0,4,8,0,2,16,32,64,16,8,1,2,1,2,1,1,0,0,0,0,0
540,7,zeros-la-3-3,zeros-la-3,64,540,7,148,64,4,0,0,0,0,0,2,0,4,8,2,0,16,32,64,16,7,2,2,1,2,1,1,0,0,0,0,0
552,8,zeros-la-3-3,zeros-la-3,65,552,8,150,64,8,8,4,16,16,32,64,0,0,2,0,0,0,0,0,0,8,1,1,2,2,1,1,0,0,0,0,0
568,8,zeros-la-3-3,zeros-la-3,66,568,8,152,64,0,16,4,16,0,16,32,64,0,0,0,2,0,2,0,0,8,2,1,0,3,1,1,0,0,0,0,0
600,8,zeros-la-3-3,zeros-la-3,67,600,8,156,64,0,32,4,16,0,2,32,64,4,0,0,2,0,0,0,0,8,2,2,0,1,2,1,0,0,0,0,0
600,7,zeros-la-3-3,zeros-la-3,68,600,7,158,64,4,32,4,16,0,2,32,64,0,0,0,2,2,0,0,0,7,3,2,0,1,2,1,0,0,0,0,0
600,6,zeros-la-3-3,zeros-la-3,69,600,6,160,64,4,32,4,16,2,32,64,0,2,0,0,2,2,0,0,0,6,4,2,0,1,2,1,0,0,0,0,0
668,7,zeros-la-3-3,zeros-la-3,70,668,7,164,64,4,64,4,16,4,4,64,2,2,0,0,0,0,0,0,0,7,2,4,0,1,0,2,0,0,0,0,0
676,7,zeros-la-3-3,zeros-la-3,71,676,7,166,64,4,64,4,16,8,64,2,0,2,0,0,0,0,2,0,0,7,3,2,1,1,0,2,0,0,0,0,0
804,7,zeros-la-3-3,zeros-la-3,72,804,7,168,128,4,128,4,16,8,2,2,0,2,0,0,0,0,2,0,0,7,4,2,1,1,0,0,1,0,0,0,0
808,7,zeros-la-3-3,zeros-la-3,73,808,7,170,128,4,128,4,16,8,4,2,0,2,0,0,0,2,0,0,0,7,3,3,1,1,0,0,1,0,0,0,0
812,7,zeros-la-3-3,zeros-la-3,74,812,7,172,128,4,128,4,16,8,4,2,0,4,0,0,0,0,0,0,2,7,2,4,1,1,0,0,1,0,0,0,0
812,6,zeros-la-3-3,zeros-la-3,75,812,6,174,128,2,0,0,0,4,0,0,0,8,128,4,16,4,4,2,2,6,3,4,1,1,0,0,1,0,0,0,0
824,7,zeros-la-3-3,zeros-la-3,76,824,7,176,128,2,0,0,0,4,2,0,0,8,128,4,16,8,4,0,0,7,2,3,2,1,0,0,1,0,0,0,0
840,7,zeros-la-3-3,zeros-la-3,77,840,7,178,128,0,0,0,0,2,2,2,0,4,128,0,0,16,4,4,16,7,3,3,0,2,0,0,1,0,0,0,0
852,8,zeros-la-3-3,zeros-la-3,78,852,8,180,128,0,0,0,0,4,2,0,0,4,128,0,2,16,8,16,0,8,2,2,1,2,0,0,1,0,0,0,0
860,8,zeros-la-3-3,zeros-la-3,79,860,8,184,128,0,0,0,0,0,2,4,0,8,128,0,0,16,8,16,2,8,2,1,2,2,0,0,1,0,0,0,0
860,7,zeros-la-3-3,zeros-la-3,80,860,7,186,128,0,0,0,0,0,2,0,2,8,128,4,0,16,8,16,2,7,3,1,2,2,0,0,1,0,0,0,0
864,7,zeros-la-3-3,zeros-la-3,81,864,7,188,128,0,2,0,0,0,0,0,4,0,8,128,4,16,8,16,2,7,2,2,2,2,0,0,1,0,0,0,0
888,8,zeros-la-3-3,zeros-la-3,82,888,8,190,128,0,0,0,2,0,0,0,0,0,2,128,8,16,16,16,2,8,3,0,1,3,0,0,1,0,0,0,0
920,8,zeros-la-3-3,zeros-la-3,83,920,8,192,128,0,0,0,2,0,0,2,0,0,2,128,8,0,16,32,2,8,4,0,1,1,1,0,1,0,0,0,0
920,7,zeros-la-3-3,zeros-la-3,84,920,7,194,128,0,0,2,2,0,0,0,2,0,2,128,8,0,16,32,2,7,5,0,1,1,1,0,1,0,0,0,0
924,7,zeros-la-3-3,zeros-la-3,85,924,7,196,128,4,0,0,0,2,2,0,0,2,128,8,0,16,32,2,0,7,4,1,1,1,1,0,1,0,0,0,0
928,7,zeros-la-3-3,zeros-la-3,86,928,7,198,128,0,0,0,4,2,0,0,4,0,2,128,8,0,16,32,2,7,3,2,1,1,1,0,1,0,0,0,0
936,7,zeros-la-3-3,zeros-la-3,87,936,7,200,128,2,2,128,8,0,16,32,8,0,0,0,2,0,0,2,0,7,4,0,2,1,1,0,1,0,0,0,0
952,7,zeros-la-3-3,zeros-la-3,88,952,7,202,128,0,0,0,0,2,0,128,0,0,2,32,16,2,16,2,2,7,5,0,0,2,1,0,1,0,0,0,0
956,7,zeros-la-3-3,zeros-la-3,89,956,7,206,128,0,0,0,0,0,4,2,128,0,2,32,16,0,2,16,4,7,3,2,0,2,1,0,1,0,0,0,0
960,7,zeros-la-3-3,zeros-la-3,90,960,7,208,128,0,0,0,2,0,0,2,128,0,4,32,16,0,4,16,4,7,2,3,0,2,1,0,1,0,0,0,0
968,7,zeros-la-3-3,zeros-la-3,91,968,7,212,128,0,8,2,2,0,0,32,128,0,0,16,16,4,0,0,4,7,2,2,1,2,1,0,1,0,0,0,0
1012,9,zeros-la-3-3,zeros-la-3,92,1012,9,214,128,8,4,0,0,32,128,0,0,32,2,0,0,8,0,0,0,9,1,1,2,0,2,0,1,0,0,0,0
1076,9,zeros-la-3-3,zeros-la-3,93,1076,9,216,128,8,4,0,0,64,128,0,0,8,2,0,0,0,0,2,0,9,2,1,2,0,0,1,1,0,0,0,0
1076,8,zeros-la-3-3,zeros-la-3,94,1076,8,218,128,0,0,8,4,0,0,64,128,0,0,8,2,2,0,0,2,8,3,1,2,0,0,1,1,0,0,0,0
1080,8,zeros-la-3-3,zeros-la-3,95,1080,8,220,128,8,4,0,0,64,128,2,0,8,2,0,0,4,0,0,0,8,2,2,2,0,0,1,1,0,0,0,0
1080,7,zeros-la-3-3,zeros-la-3,96,1080,7,222,128,8,0,0,0,64,4,0,2,8,128,0,0,4,2,2,0,7,3,2,2,0,0,1,1,0,0,0,0
1084,7,zeros-la-3-3,zeros-la-3,97,1084,7,224,128,8,0,0,0,64,4,2,0,8,128,2,0,4,4,0,0,7,2,3,2,0,0,1,1,0,0,0,0
1092,7,zeros-la-3-3,zeros-la-3,98,1092,7,228,128,8,4,0,0,64,4,2,0,8,128,2,0,8,0,0,0,7,2,2,3,0,0,1,1,0,0,0,0
1120,9,zeros-la-3-3,zeros-la-3,99,1120,9,230,128,8,8,4,2,64,128,0,0,16,0,0,0,0,0,0,0,9,1,1,2,1,0,1,1,0,0,0,0
1120,8,zeros-la-3-3,zeros-la-3,100,1120,8,232,128,0,0,0,0,8,0,0,0,64,8,2,0,16,128,4,2,8,2,1,2,1,0,1,1,0,0,0,0
1120,7,zeros-la-3-3,zeros-la-3,101,1120,7,234,128,8,8,2,2,64,128,4,0,16,0,0,0,0,0,2,0,7,3,1,2,1,0,1,1,0,0,0,0
1140,8,zeros-la-3-3,zeros-la-3,102,1140,8,236,128,0,0,16,4,0,64,128,4,0,0,0,16,0,2,0,2,8,2,2,0,2,0,1,1,0,0,0,0
1148,8,zeros-la-3-3,zeros-la-3,103,1148,8,238,128,2,0,0,0,0,0,0,8,0,64,16,16,0,2,128,2,8,3,0,1,2,0,1,1,0,0,0,0
1180,8,zeros-la-3-3,zeros-la-3,104,1180,8,240,128,0,0,0,2,0,2,0,8,0,0,64,32,0,2,128,2,8,4,0,1,0,1,1,1,0,0,0,0
1184,8,zeros-la-3-3,zeros-la-3,105,1184,8,242,128,0,4,64,2,0,0,128,8,0,2,0,32,0,0,0,2,8,3,1,1,0,1,1,1,0,0,0,0
1184,7,zeros-la-3-3,zeros-la-3,106,1184,7,244,128,4,64,2,0,128,8,0,0,2,32,0,2,2,0,0,0,7,4,1,1,0,1,1,1,0,0,0,0
1188,7,zeros-la-3-3,zeros-la-3,107,1188,7,246,128,0,0,0,0,4,64,0,0,128,8,0,2,4,32,2,2,7,3,2,1,0,1,1,1,0,0,0,0
1192,7,zeros-la-3-3,zeros-la-3,108,1192,7,248,128,4,64,2,4,128,8,0,2,4,32,0,0,0,0,0,0,7,2,3,1,0,1,1,1,0,0,0,0
1192,6,zeros-la-3-3,zeros-la-3,109,1192,6,250,128,0,2,0,0,4,64,0,0,128,8,0,4,4,32,2,2,6,3,3,1,0,1,1,1,0,0,0,0
1196,6,zeros-la-3-3,zeros-la-3,110,1196,6,252,128,2,2,0,0,4,64,0,0,128,8,4,0,4,32,4,0,6,2,4,1,0,1,1,1,0,0,0,0
1204,6,zeros-la-3-3,zeros-la-3,111,1204,6,254,128,2,2,8,0,4,64,2,0,128,8,0,0,4,32,0,0,6,3,2,2,0,1,1,1,0,0,0,0
1208,6,zeros-la-3-3,zeros-la-3,112,1208,6,256,128,4,8,2,0,4,64,2,0,128,8,0,0,4,32,0,0,6,2,3,2,0,1,1,1,0,0,0,0
1220,7,zeros-la-3-3,zeros-la-3,113,1220,7,258,128,8,8,4,0,128,64,0,0,4,8,0,0,0,32,0,2,7,1,2,3,0,1,1,1,0,0,0,0
1236,7,zeros-la-3-3,zeros-la-3,114,1236,7,260,128,16,4,0,0,128,64,0,0,4,8,2,0,32,2,0,0,7,2,2,1,1,1,1,1,0,0,0,0
1236,6,zeros-la-3-3,zeros-la-3,115,1236,6,262,128,16,4,2,0,128,64,0,0,4,8,0,2,32,2,0,0,6,3,2,1,1,1,1,1,0,0,0,0
1236,5,zeros-la-3-3,zeros-la-3,116,1236,5,264,128,16,4,2,2,128,64,0,0,4,8,2,0,32,2,0,0,5,4,2,1,1,1,1,1,0,0,0,0
1240,5,zeros-la-3-3,zeros-la-3,117,1240,5,268,128,0,16,4,4,0,0,128,64,0,4,8,2,0,4,32,2,5,2,4,1,1,1,1,1,0,0,0,0
1248,5,zeros-la-3-3,zeros-la-3,118,1248,5,270,128,16,8,0,2,128,64,0,0,4,8,2,0,4,32,2,0,5,3,2,2,1,1,1,1,0,0,0,0
1260,6,zeros-la-3-3,zeros-la-3,119,1260,6,272,128,0,8,2,0,16,64,0,0,128,8,0,0,8,32,4,2,6,2,1,3,1,1,1,1,0,0,0,0
1260,5,zeros-la-3-3,zeros-la-3,120,1260,5,276,128,16,8,2,2,128,64,4,0,8,8,0,0,4,32,0,0,5,2,2,3,1,1,1,1,0,0,0,0
1280,6,zeros-la-3-3,zeros-la-3,121,1280,6,278,128,0,16,8,4,2,128,64,4,0,0,0,16,0,0,4,32,6,1,3,1,2,1,1,1,0,0,0,0
1288,6,zeros-la-3-3,zeros-la-3,122,1288,6,280,128,2,16,8,8,0,128,64,16,0,0,4,32,0,0,0,2,6,2,1,2,2,1,1,1,0,0,0,0
1304,6,zeros-la-3-3,zeros-la-3,123,1304,6,282,128,0,2,16,16,0,128,64,16,0,0,4,32,0,0,2,2,6,3,1,0,3,1,1,1,0,0,0,0
1336,6,zeros-la-3-3,zeros-la-3,124,1336,6,284,128,0,2,16,0,0,0,64,32,0,2,4,32,0,128,2,2,6,4,1,0,1,2,1,1,0,0,0,0
1404,7,zeros-la-3-3,zeros-la-3,125,1404,7,286,128,0,0,16,0,0,0,64,0,0,4,4,64,2,128,2,2,7,3,2,0,1,0,2,1,0,0,0,0
1416,8,zeros-la-3-3,zeros-la-3,126,1416,8,288,128,0,0,0,16,0,0,0,64,2,0,8,64,0,2,128,4,8,2,1,1,1,0,2,1,0,0,0,0
1544,8,zeros-la-3-3,zeros-la-3,127,1544,8,292,128,2,2,8,16,0,0,128,128,0,0,0,4,0,4,0,0,8,2,2,1,1,0,0,2,0,0,0,0
1804,9,zeros-la-3-3,zeros-la-3,128,1804,9,294,256,0,4,8,16,0,0,0,256,0,0,2,4,0,0,0,4,9,1,3,1,1,0,0,0,1,0,0,0
1812,9,zeros-la-3-3,zeros-la-3,129,1812,9,298,256,0,4,8,16,4,0,2,256,0,0,0,8,0,0,0,0,9,1,2,2,1,0,0,0,1,0,0,0
1812,8,zeros-la-3-3,zeros-la-3,130,1812,8,300,256,4,8,16,0,4,2,256,0,8,0,0,0,0,0,0,2,8,2,2,2,1,0,0,0,1,0,0,0
1820,8,zeros-la-3-3,zeros-la-3,131,1820,8,302,256,8,8,16,2,8,2,256,0,2,0,0,0,0,0,0,0,8,3,0,3,1,0,0,0,1,0,0,0
1836,8,zeros-la-3-3,zeros-la-3,132,1836,8,306,256,16,8,16,2,2,2,256,0,0,0,0,0,0,0,4,0,8,3,1,1,2,0,0,0,1,0,0,0
1840,8,zeros-la-3-3,zeros-la-3,133,1840,8,308,256,16,8,16,2,4,256,0,0,0,0,0,0,4,2,0,0,8,2,2,1,2,0,0,0,1,0,0,0
1848,8,zeros-la-3-3,zeros-la-3,134,1848,8,310,256,16,8,16,2,8,256,0,0,0,2,0,0,0,0,2,0,8,3,0,2,2,0,0,0,1,0,0,0
1848,7,zeros-la-3-3,zeros-la-3,135,1848,7,312,256,16,8,16,2,8,256,2,0,0,2,0,0,0,2,0,0,7,4,0,2,2,0,0,0,1,0,0,0
1848,6,zeros-la-3-3,zeros-la-3,136,1848,6,314,256,16,8,16,2,0,8,256,2,0,0,0,2,0,0,2,2,6,5,0,2,2,0,0,0,1,0,0,0
1872,8,zeros-la-3-3,zeros-la-3,137,1872,8,318,256,16,16,16,4,0,0,256,4,0,4,2,0,0,0,0,0,8,1,3,0,3,0,0,0,1,0,0,0
1880,8,zeros-la-3-3,zeros-la-3,138,1880,8,320,256,16,16,16,8,0,4,256,0,0,0,2,0,0,0,2,0,8,2,1,1,3,0,0,0,1,0,0,0
1884,8,zeros-la-3-3,zeros-la-3,139,1884,8,322,256,0,0,0,0,0,0,16,0,2,16,256,0,16,4,4,8,8,1,2,1,3,0,0,0,1,0,0,0
1892,8,zeros-la-3-3,zeros-la-3,140,1892,8,324,256,0,2,0,0,0,0,0,16,0,2,16,256,0,16,8,8,8,2,0,2,3,0,0,0,1,0,0,0
1908,8,zeros-la-3-3,zeros-la-3,141,1908,8,326,256,2,0,0,0,16,2,0,0,2,16,256,0,16,16,0,0,8,3,0,0,4,0,0,0,1,0,0,0
1940,8,zeros-la-3-3,zeros-la-3,142,1940,8,328,256,0,0,0,2,0,0,16,2,0,2,16,256,2,0,0,32,8,4,0,0,2,1,0,0,1,0,0,0
1976,9,zeros-la-3-3,zeros-la-3,143,1976,9,330,256,0,0,2,0,0,0,0,4,0,0,0,256,2,2,32,32,9,3,1,0,0,2,0,0,1,0,0,0
2044,10,zeros-la-3-3,zeros-la-3,144,2044,10,332,256,0,0,0,2,0,0,2,4,0,0,0,256,0,0,4,64,10,2,2,0,0,0,1,0,1,0,0,0
2044,9,zeros-la-3-3,zeros-la-3,145,2044,9,334,256,0,0,0,2,0,0,2,4,0,0,0,256,2,0,4,64,9,3,2,0,0,0,1,0,1,0,0,0
2044,8,zeros-la-3-3,zeros-la-3,146,2044,8,336,256,2,0,2,2,0,0,4,4,0,0,0,256,0,0,2,64,8,4,2,0,0,0,1,0,1,0,0,0
2056,9,zeros-la-3-3,zeros-la-3,147,2056,9,338,256,0,0,2,4,0,0,2,8,0,0,0,256,0,0,2,64,9,3,1,1,0,0,1,0,1,0,0,0
2060,9,zeros-la-3-3,zeros-la-3,148,2060,9,340,256,0,0,4,4,0,0,2,8,0,0,0,256,0,2,0,64,9,2,2,1,0,0,1,0,1,0,0,0
2068,9,zeros-la-3-3,zeros-la-3,149,2068,9,342,256,0,0,0,8,0,0,2,8,0,0,2,256,0,0,2,64,9,3,0,2,0,0,1,0,1,0,0,0
2088,10,zeros-la-3-3,zeros-la-3,150,2088,10,344,256,0,2,0,0,0,0,0,16,0,0,2,256,0,0,4,64,10,2,1,0,1,0,1,0,1,0,0,0
2088,9,zeros-la-3-3,zeros-la-3,151,2088,9,346,256,0,2,2,16,2,0,4,256,0,0,0,64,0,0,0,0,9,3,1,0,1,0,1,0,1,0,0,0
2092,9,zeros-la-3-3,zeros-la-3,152,2092,9,348,256,0,0,4,16,0,2,4,256,0,0,0,64,0,2,0,0,9,2,2,0,1,0,1,0,1,0,0,0
2104,10,zeros-la-3-3,zeros-la-3,153,2104,10,350,256,0,0,0,0,2,0,0,16,0,0,0,256,0,4,8,64,10,1,1,1,1,0,1,0,1,0,0,0
2104,9,zeros-la-3-3,zeros-la-3,154,2104,9,352,256,0,0,0,2,0,0,2,16,0,0,0,256,0,4,8,64,9,2,1,1,1,0,1,0,1,0,0,0
2104,8,zeros-la-3-3,zeros-la-3,155,2104,8,354,256,2,0,0,2,0,0,2,16,0,0,0,256,0,4,8,64,8,3,1,1,1,0,1,0,1,0,0,0
2108,8,zeros-la-3-3,zeros-la-3,156,2108,8,356,256,0,0,0,4,0,0,2,16,0,2,0,256,0,4,8,64,8,2,2,1,1,0,1,0,1,0,0,0
2108,7,zeros-la-3-3,zeros-la-3,157,2108,7,358,256,4,0,0,2,2,16,0,0,2,256,0,0,4,8,64,0,7,3,2,1,1,0,1,0,1,0,0,0
2112,7,zeros-la-3-3,zeros-la-3,158,2112,7,360,256,4,16,64,2,4,256,0,0,4,8,0,0,0,2,0,0,7,2,3,1,1,0,1,0,1,0,0,0
2112,6,zeros-la-3-3,zeros-la-3,159,2112,6,362,256,4,16,64,2,0,2,4,256,0,0,4,8,0,0,0,2,6,3,3,1,1,0,1,0,1,0,0,0
2120,6,zeros-la-3-3,zeros-la-3,160,2120,6,364,256,4,16,64,2,0,2,8,256,0,0,0,8,0,0,2,2,6,4,1,2,1,0,1,0,1,0,0,0
2120,5,zeros-la-3-3,zeros-la-3,161,2120,5,366,256,0,0,2,2,0,0,64,256,0,16,8,8,4,2,2,2,5,5,1,2,1,0,1,0,1,0,0,0
2144,7,zeros-la-3-3,zeros-la-3,162,2144,7,368,256,4,0,0,0,64,256,0,0,16,16,2,0,4,4,2,0,7,2,3,0,2,0,1,0,1,0,0,0
2184,8,zeros-la-3-3,zeros-la-3,163,2184,8,370,256,4,2,0,0,64,256,0,0,32,2,0,0,8,2,0,0,8,3,1,1,0,1,1,0,1,0,0,0
2188,8,zeros-la-3-3,zeros-la-3,164,2188,8,372,256,4,2,0,0,64,2,0,0,32,256,0,0,8,4,0,0,8,2,2,1,0,1,1,0,1,0,0,0
2192,8,zeros-la-3-3,zeros-la-3,165,2192,8,374,256,4,4,0,0,64,256,0,0,32,4,0,0,8,2,0,0,8,1,3,1,0,1,1,0,1,0,0,0
2200,8,zeros-la-3-3,zeros-la-3,166,2200,8,376,256,0,0,0,8,0,0,64,256,0,0,32,4,2,0,8,2,8,2,1,2,0,1,1,0,1,0,0,0
2200,7,zeros-la-3-3,zeros-la-3,167,2200,7,378,256,0,0,0,8,0,2,64,256,0,0,32,4,0,2,8,2,7,3,1,2,0,1,1,0,1,0,0,0
2204,7,zeros-la-3-3,zeros-la-3,168,2204,7,380,256,0,0,0,8,0,0,64,256,2,0,32,4,0,4,8,2,7,2,2,2,0,1,1,0,1,0,0,0
2204,6,zeros-la-3-3,zeros-la-3,169,2204,6,384,256,2,4,64,8,4,0,32,256,0,0,8,4,0,0,0,2,6,2,3,2,0,1,1,0,1,0,0,0
2204,5,zeros-la-3-3,zeros-la-3,170,2204,5,386,256,0,0,0,8,0,0,64,256,2,2,32,4,4,4,8,2,5,3,3,2,0,1,1,0,1,0,0,0
2216,6,zeros-la-3-3,zeros-la-3,171,2216,6,388,256,8,0,0,0,64,256,0,0,4,32,4,2,8,8,2,0,6,2,2,3,0,1,1,0,1,0,0,0
2232,6,zeros-la-3-3,zeros-la-3,172,2232,6,390,256,8,0,0,0,64,256,2,0,4,32,4,2,16,2,0,0,6,3,2,1,1,1,1,0,1,0,0,0
2232,5,zeros-la-3-3,zeros-la-3,173,2232,5,392,256,8,256,2,2,64,32,4,2,4,2,0,0,16,0,0,0,5,4,2,1,1,1,1,0,1,0,0,0
2236,5,zeros-la-3-3,zeros-la-3,174,2236,5,394,256,0,8,256,4,64,32,4,2,0,0,4,2,0,2,0,16,5,3,3,1,1,1,1,0,1,0,0,0
2248,6,zeros-la-3-3,zeros-la-3,175,2248,6,396,256,64,8,256,4,0,32,8,4,2,2,0,16,0,0,0,0,6,2,2,2,1,1,1,0,1,0,0,0
2252,6,zeros-la-3-3,zeros-la-3,176,2252,6,398,256,64,8,256,4,32,8,4,0,4,16,2,0,0,0,0,0,6,1,3,2,1,1,1,0,1,0,0,0
2268,6,zeros-la-3-3,zeros-la-3,177,2268,6,400,256,64,16,256,4,32,16,4,0,4,0,2,0,0,0,2,0,6,2,3,0,2,1,1,0,1,0,0,0
2304,7,zeros-la-3-3,zeros-la-3,178,2304,7,404,256,64,32,256,4,32,0,4,0,4,0,4,0,4,0,0,0,7,0,5,0,0,2,1,0,1,0,0,0
2320,8,zeros-la-3-3,zeros-la-3,179,2320,8,406,256,0,2,0,0,64,0,0,0,32,0,256,0,8,32,8,4,8,1,1,2,0,2,1,0,1,0,0,0
2320,7,zeros-la-3-3,zeros-la-3,180,2320,7,410,256,64,2,256,4,32,32,8,0,8,0,0,4,0,0,0,0,7,1,2,2,0,2,1,0,1,0,0,0
2384,7,zeros-la-3-3,zeros-la-3,181,2384,7,412,256,64,2,256,4,64,8,0,0,8,4,0,0,0,0,2,0,7,2,2,2,0,0,2,0,1,0,0,0
2512,7,zeros-la-3-3,zeros-la-3,182,2512,7,416,256,128,2,256,4,8,8,2,0,0,4,0,0,0,0,4,0,7,2,3,2,0,0,0,1,1,0,0,0
2528,7,zeros-la-3-3,zeros-la-3,183,2528,7,418,256,128,2,256,4,16,2,2,0,4,0,0,0,4,0,0,0,7,3,3,0,1,0,0,1,1,0,0,0
2532,7,zeros-la-3-3,zeros-la-3,184,2532,7,420,256,128,2,256,4,0,0,16,4,0,0,0,4,0,0,2,4,7,2,4,0,1,0,0,1,1,0,0,0
2548,8,zeros-la-3-3,zeros-la-3,185,2548,8,422,256,128,2,256,8,0,0,16,8,0,0,2,0,0,0,2,0,8,3,0,2,1,0,0,1,1,0,0,0
2568,9,zeros-la-3-3,zeros-la-3,186,2568,9,424,256,0,2,0,0,0,0,256,0,0,0,16,0,128,2,4,16,9,2,1,0,2,0,0,1,1,0,0,0
2572,9,zeros-la-3-3,zeros-la-3,187,2572,9,426,256,0,0,0,0,2,0,256,0,0,0,16,0,128,4,4,16,9,1,2,0,2,0,0,1,1,0,0,0
2580,9,zeros-la-3-3,zeros-la-3,188,2580,9,428,256,0,0,0,0,0,0,2,256,0,0,2,16,0,128,8,16,9,2,0,1,2,0,0,1,1,0,0,0
2616,10,zeros-la-3-3,zeros-la-3,189,2616,10,430,256,0,128,4,256,0,0,8,32,0,0,0,0,2,0,0,0,10,1,1,1,0,1,0,1,1,0,0,0
2616,9,zeros-la-3-3,zeros-la-3,190,2616,9,432,256,2,128,4,256,2,0,8,32,0,0,0,0,0,0,0,0,9,2,1,1,0,1,0,1,1,0,0,0
2620,9,zeros-la-3-3,zeros-la-3,191,2620,9,434,256,4,128,4,256,0,0,8,32,0,0,0,0,0,0,2,0,9,1,2,1,0,1,0,1,1,0,0,0
2620,8,zeros-la-3-3,zeros-la-3,192,2620,8,436,256,4,128,4,256,2,0,8,32,0,0,2,0,0,0,0,0,8,2,2,1,0,1,0,1,1,0,0,0
2620,7,zeros-la-3-3,zeros-la-3,193,2620,7,438,256,4,128,4,256,2,8,32,0,2,0,0,0,0,0,2,0,7,3,2,1,0,1,0,1,1,0,0,0
2624,7,zeros-la-3-3,zeros-la-3,194,2624,7,440,256,4,128,4,256,4,8,32,0,0,0,2,0,0,0,0,2,7,2,3,1,0,1,0,1,1,0,0,0
2632,7,zeros-la-3-3,zeros-la-3,195,2632,7,444,256,0,0,4,0,0,0,4,0,0,128,32,256,8,8,2,2,7,2,2,2,0,1,0,1,1,0,0,0
2652,8,zeros-la-3-3,zeros-la-3,196,2652,8,446,256,4,0,2,0,4,0,0,0,128,32,256,0,16,4,0,0,8,1,3,0,1,1,0,1,1,0,0,0
2660,8,zeros-la-3-3,zeros-la-3,197,2660,8,450,256,4,0,0,0,8,0,0,0,128,32,2,0,16,4,256,0,8,1,2,1,1,1,0,1,1,0,0,0
2660,7,zeros-la-3-3,zeros-la-3,198,2660,7,452,256,0,0,0,4,0,0,0,8,2,128,32,2,0,16,4,256,7,2,2,1,1,1,0,1,1,0,0,0
2660,6,zeros-la-3-3,zeros-la-3,199,2660,6,454,256,4,2,0,0,8,0,0,0,2,128,32,2,16,4,256,0,6,3,2,1,1,1,0,1,1,0,0,0
2660,5,zeros-la-3-3,zeros-la-3,200,2660,5,456,256,4,2,0,2,8,0,0,0,2,128,32,2,16,4,256,0,5,4,2,1,1,1,0,1,1,0,0,0
2664,5,zeros-la-3-3,zeros-la-3,201,2664,5,458,256,0,0,4,4,0,0,2,8,2,128,32,2,0,16,4,256,5,3,3,1,1,1,0,1,1,0,0,0
2672,5,zeros-la-3-3,zeros-la-3,202,2672,5,460,256,0,2,0,8,0,0,2,8,2,128,32,2,0,16,4,256,5,4,1,2,1,1,0,1,1,0,0,0
2688,5,zeros-la-3-3,zeros-la-3,203,2688,5,462,256,2,2,2,16,2,128,32,2,0,16,4,256,0,0,0,0,5,5,1,0,2,1,0,1,1,0,0,0
2692,5,zeros-la-3-3,zeros-la-3,204,2692,5,464,256,2,0,0,0,0,2,2,16,0,128,32,2,4,16,4,256,5,4,2,0,2,1,0,1,1,0,0,0
2696,5,zeros-la-3-3,zeros-la-3,205,2696,5,466,256,2,0,0,0,4,16,0,2,128,32,2,0,4,16,4,256,5,3,3,0,2,1,0,1,1,0,0,0
2696,4,zeros-la-3-3,zeros-la-3,206,2696,4,468,256,2,0,2,0,4,16,0,0,128,32,2,2,4,16,4,256,4,4,3,0,2,1,0,1,1,0,0,0
2704,5,zeros-la-3-3,zeros-la-3,207,2704,5,470,256,4,0,0,0,4,16,0,2,128,32,4,0,4,16,4,256,5,1,5,0,2,1,0,1,1,0,0,0
2720,6,zeros-la-3-3,zeros-la-3,208,2720,6,472,256,0,2,0,0,8,16,0,0,128,32,0,2,4,16,8,256,6,2,1,2,2,1,0,1,1,0,0,0
2720,5,zeros-la-3-3,zeros-la-3,209,2720,5,474,256,0,2,2,0,8,16,0,0,128,32,0,2,4,16,8,256,5,3,1,2,2,1,0,1,1,0,0,0
2724,5,zeros-la-3-3,zeros-la-3,210,2724,5,476,256,4,2,0,0,8,16,0,0,128,32,2,0,4,16,8,256,5,2,2,2,2,1,0,1,1,0,0,0
2724,4,zeros-la-3-3,zeros-la-3,211,2724,4,478,256,4,2,0,0,8,16,0,2,128,32,2,0,4,16,8,256,4,3,2,2,2,1,0,1,1,0,0,0
2724,3,zeros-la-3-3,zeros-la-3,212,2724,3,480,256,4,2,2,0,8,16,0,0,128,32,2,2,4,16,8,256,3,4,2,2,2,1,0,1,1,0,0,0
2732,4,zeros-la-3-3,zeros-la-3,213,2732,4,482,256,0,0,4,4,0,0,8,16,2,128,32,4,4,16,8,256,4,1,4,2,2,1,0,1,1,0,0,0
2740,4,zeros-la-3-3,zeros-la-3,214,2740,4,484,256,8,0,0,0,8,16,2,0,2,128,32,4,4,16,8,256,4,2,2,3,2,1,0,1,1,0,0,0
2756,4,zeros-la-3-3,zeros-la-3,215,2756,4,486,256,16,16,2,4,2,128,32,256,4,16,8,0,0,0,0,2,4,3,2,1,3,1,0,1,1,0,0,0
2788,4,zeros-la-3-3,zeros-la-3,216,2788,4,488,256,0,32,2,4,2,128,32,256,0,4,16,8,2,0,0,2,4,4,2,1,1,2,0,1,1,0,0,0
2792,4,zeros-la-3-3,zeros-la-3,217,2792,4,490,256,32,2,4,2,2,128,32,256,4,16,8,0,4,0,0,0,4,3,3,1,1,2,0,1,1,0,0,0
2800,4,zeros-la-3-3,zeros-la-3,218,2800,4,494,256,0,0,0,0,32,2,4,4,2,128,32,2,8,16,8,256,4,3,2,2,1,2,0,1,1,0,0,0
2808,4,zeros-la-3-3,zeros-la-3,219,2808,4,496,256,0,0,0,0,2,32,2,8,2,128,32,2,8,16,8,256,4,4,0,3,1,2,0,1,1,0,0,0
2812,4,zeros-la-3-3,zeros-la-3,220,2812,4,498,256,2,0,0,0,0,32,2,8,4,128,32,2,8,16,8,256,4,3,1,3,1,2,0,1,1,0,0,0
2812,3,zeros-la-3-3,zeros-la-3,221,2812,3,500,256,0,0,2,2,0,32,2,8,4,128,32,2,8,16,8,256,3,4,1,3,1,2,0,1,1,0,0,0
2816,3,zeros-la-3-3,zeros-la-3,222,2816,3,502,256,4,0,0,0,32,2,8,2,4,128,32,2,8,16,8,256,3,3,2,3,1,2,0,1,1,0,0,0
2816,2,zeros-la-3-3,zeros-la-3,223,2816,2,504,256,0,2,0,4,32,2,8,2,4,128,32,2,8,16,8,256,2,4,2,3,1,2,0,1,1,0,0,0
2824,3,zeros-la-3-3,zeros-la-3,224,2824,3,506,256,0,0,2,0,32,4,8,4,4,128,32,4,8,16,8,256,3,1,4,3,1,2,0,1,1,0,0,0
2832,3,zeros-la-3-3,zeros-la-3,225,2832,3,508,256,0,0,2,0,32,4,8,2,4,128,32,8,8,16,8,256,3,2,2,4,1,2,0,1,1,0,0,0
2832,2,zeros-la-3-3,zeros-la-3,226,2832,2,510,256,32,4,2,2,4,128,8,8,8,16,32,256,2,0,8,0,2,3,2,4,1,2,0,1,1,0,0,0
2852,3,zeros-la-3-3,zeros-la-3,227,2852,3,512,256,0,32,4,4,2,4,128,16,8,16,32,256,0,0,2,8,3,2,3,2,2,2,0,1,1,0,0,0
2860,3,zeros-la-3-3,zeros-la-3,228,2860,3,516,256,0,4,32,8,2,4,128,16,8,16,32,256,0,0,2,8,3,2,2,3,2,2,0,1,1,0,0,0
2868,3,zeros-la-3-3,zeros-la-3,229,2868,3,518,256,0,2,32,8,0,0,128,16,2,8,32,256,8,16,2,8,3,3,0,4,2,2,0,1,1,0,0,0
2868,2,zeros-la-3-3,zeros-la-3,230,2868,2,520,256,2,2,32,8,8,8,128,16,0,16,32,256,2,0,2,8,2,4,0,4,2,2,0,1,1,0,0,0
2892,4,zeros-la-3-3,zeros-la-3,231,2892,4,522,256,4,32,8,2,16,128,16,0,16,32,256,0,4,8,0,0,4,1,2,2,3,2,0,1,1,0,0,0
2924,4,zeros-la-3-3,zeros-la-3,232,2924,4,524,256,0,32,0,0,4,128,8,0,32,32,16,2,4,8,256,2,4,2,2,2,1,3,0,1,1,0,0,0
2988,4,zeros-la-3-3,zeros-la-3,233,2988,4,528,256,0,0,0,32,4,4,128,8,0,64,16,2,4,8,256,2,4,2,3,2,1,1,1,1,1,0,0,0
3000,5,zeros-la-3-3,zeros-la-3,234,3000,5,532,256,0,4,0,0,0,4,128,32,0,64,16,8,8,8,256,4,5,0,3,3,1,1,1,1,1,0,0,0
3008,5,zeros-la-3-3,zeros-la-3,235,3008,5,534,256,0,2,0,0,0,8,128,32,0,64,16,8,8,8,256,4,5,1,1,4,1,1,1,1,1,0,0,0
3024,5,zeros-la-3-3,zeros-la-3,236,3024,5,536,256,2,0,0,0,8,128,32,0,64,16,8,2,16,256,4,0,5,2,1,2,2,1,1,1,1,0,0,0
3024,4,zeros-la-3-3,zeros-la-3,237,3024,4,538,256,2,128,32,2,8,16,8,0,64,256,4,0,16,2,0,0,4,3,1,2,2,1,1,1,1,0,0,0
3024,3,zeros-la-3-3,zeros-la-3,238,3024,3,540,256,2,128,32,2,8,16,8,0,64,256,4,0,16,2,0,2,3,4,1,2,2,1,1,1,1,0,0,0
3028,3,zeros-la-3-3,zeros-la-3,239,3028,3,542,256,2,128,32,2,0,8,16,8,2,64,256,4,0,0,16,4,3,3,2,2,2,1,1,1,1,0,0,0
3040,4,zeros-la-3-3,zeros-la-3,240,3040,4,544,256,0,0,32,0,0,128,16,2,2,8,256,8,4,64,16,8,4,2,1,3,2,1,1,1,1,0,0,0
3056,4,zeros-la-3-3,zeros-la-3,241,3056,4,546,256,0,2,32,0,0,128,16,0,2,8,256,2,4,64,16,16,4,3,1,1,3,1,1,1,1,0,0,0
3056,3,zeros-la-3-3,zeros-la-3,242,3056,3,548,256,2,2,32,0,0,128,16,0,2,8,256,2,4,64,16,16,3,4,1,1,3,1,1,1,1,0,0,0
3060,3,zeros-la-3-3,zeros-la-3,243,3060,3,550,256,0,2,32,2,0,128,16,0,4,8,256,2,4,64,16,16,3,3,2,1,3,1,1,1,1,0,0,0
3072,4,zeros-la-3-3,zeros-la-3,244,3072,4,552,256,8,2,32,4,0,128,16,16,0,8,256,0,2,64,16,0,4,2,1,2,3,1,1,1,1,0,0,0
3072,3,zeros-la-3-3,zeros-la-3,245,3072,3,554,256,0,2,32,0,2,128,16,0,8,8,256,4,2,64,16,16,3,3,1,2,3,1,1,1,1,0,0,0
3120,4,zeros-la-3-3,zeros-la-3,246,3120,4,556,256,0,0,2,32,2,2,128,16,0,16,256,4,0,2,64,32,4,4,1,0,2,2,1,1,1,0,0,0
3124,4,zeros-la-3-3,zeros-la-3,247,3124,4,558,256,0,0,2,32,2,4,128,16,0,16,256,4,0,2,64,32,4,3,2,0,2,2,1,1,1,0,0,0
3124,3,zeros-la-3-3,zeros-la-3,248,3124,3,560,256,0,2,2,32,0,4,128,16,0,16,256,4,2,2,64,32,3,4,2,0,2,2,1,1,1,0,0,0
3132,4,zeros-la-3-3,zeros-la-3,249,3132,4,562,256,4,32,0,0,4,128,16,0,16,256,4,2,4,64,32,0,4,1,4,0,2,2,1,1,1,0,0,0
3140,4,zeros-la-3-3,zeros-la-3,250,3140,4,564,256,0,32,0,0,8,128,16,0,16,256,4,2,4,64,32,2,4,2,2,1,2,2,1,1,1,0,0,0
3144,4,zeros-la-3-3,zeros-la-3,251,3144,4,566,256,8,32,16,4,16,128,4,0,4,256,32,2,0,64,0,0,4,1,3,1,2,2,1,1,1,0,0,0
3144,3,zeros-la-3-3,zeros-la-3,252,3144,3,570,256,8,32,16,4,16,128,4,4,4,256,32,2,64,0,0,0,3,1,4,1,2,2,1,1,1,0,0,0
3152,3,zeros-la-3-3,zeros-la-3,253,3152,3,572,256,8,32,16,4,16,128,8,2,4,256,32,2,64,0,0,0,3,2,2,2,2,2,1,1,1,0,0,0
3156,3,zeros-la-3-3,zeros-la-3,254,3156,3,574,256,8,0,0,2,16,32,16,0,4,128,8,4,64,256,32,4,3,1,3,2,2,2,1,1,1,0,0,0
3164,3,zeros-la-3-3,zeros-la-3,255,3164,3,576,256,8,32,16,2,16,128,8,8,4,256,32,0,64,0,0,2,3,2,1,3,2,2,1,1,1,0,0,0
3180,3,zeros-la-3-3,zeros-la-3,256,3180,3,578,256,8,32,16,2,16,128,16,2,4,256,32,0,64,2,0,0,3,3,1,1,3,2,1,1,1,0,0,0
3216,4,zeros-la-3-3,zeros-la-3,257,3216,4,580,256,8,32,32,4,16,128,32,0,4,256,2,0,64,2,0,0,4,2,2,1,1,3,1,1,1,0,0,0
3280,4,zeros-la-3-3,zeros-la-3,258,3280,4,582,256,8,32,0,2,16,128,0,0,4,256,64,0,64,2,2,4,4,3,2,1,1,1,2,1,1,0,0,0
3284,4,zeros-la-3-3,zeros-la-3,259,3284,4,584,256,0,8,32,2,0,0,16,128,2,4,256,64,0,64,4,4,4,2,3,1,1,1,2,1,1,0,0,0
3292,4,zeros-la-3-3,zeros-la-3,260,3292,4,586,256,8,32,2,0,16,128,0,2,2,4,256,64,64,8,0,0,4,3,1,2,1,1,2,1,1,0,0,0
3292,3,zeros-la-3-3,zeros-la-3,261,3292,3,588,256,0,8,32,2,0,16,128,2,2,4,256,64,0,2,64,8,3,4,1,2,1,1,2,1,1,0,0,0
3292,2,zeros-la-3-3,zeros-la-3,262,3292,2,590,256,2,8,32,2,0,16,128,2,2,4,256,64,0,2,64,8,2,5,1,2,1,1,2,1,1,0,0,0
3300,3,zeros-la-3-3,zeros-la-3,263,3300,3,592,256,4,8,32,4,2,16,128,64,0,4,256,8,0,2,64,0,3,2,3,2,1,1,2,1,1,0,0,0
3300,2,zeros-la-3-3,zeros-la-3,264,3300,2,594,256,0,8,32,0,2,16,128,4,4,4,256,64,2,2,64,8,2,3,3,2,1,1,2,1,1,0,0,0
3300,1,zeros-la-3-3,zeros-la-3,265,3300,1,596,256,0,8,32,2,2,16,128,4,4,4,256,64,2,2,64,8,1,4,3,2,1,1,2,1,1,0,0,0
3312,2,zeros-la-3-3,zeros-la-3,266,3312,2,598,256,8,32,2,0,2,16,128,4,8,256,64,0,4,64,8,2,2,3,2,3,1,1,2,1,1,0,0,0
3312,1,zeros-la-3-3,zeros-la-3,267,3312,1,600,256,8,32,2,2,2,16,128,4,8,256,64,0,4,64,8,2,1,4,2,3,1,1,2,1,1,0,0,0
3316,1,zeros-la-3-3,zeros-la-3,268,3316,1,602,256,2,8,32,4,2,16,128,4,0,8,256,64,4,64,8,2,1,3,3,3,1,1,2,1,1,0,0,0
3328,2,zeros-la-3-3,zeros-la-3,269,3328,2,604,256,4,8,32,8,4,16,128,64,2,8,256,2,0,64,8,0,2,2,2,4,1,1,2,1,1,0,0,0
3336,2,zeros-la-3-3,zeros-la-3,270,3336,2,606,256,8,8,32,8,2,16,128,64,0,8,256,2,2,64,8,0,2,3,0,5,1,1,2,1,1,0,0,0
3352,2,zeros-la-3-3,zeros-la-3,271,3352,2,608,256,0,16,32,8,2,16,128,64,0,8,256,2,2,2,64,8,2,4,0,3,2,1,2,1,1,0,0,0
3388,3,zeros-la-3-3,zeros-la-3,272,3388,3,610,256,4,32,32,8,0,8,128,64,0,2,256,2,2,0,64,8,3,3,1,3,0,2,2,1,1,0,0,0
3452,3,zeros-la-3-3,zeros-la-3,273,3452,3,612,256,4,64,8,0,8,128,64,2,2,256,2,0,2,64,8,0,3,4,1,3,0,0,3,1,1,0,0,0
3452,2,zeros-la-3-3,zeros-la-3,274,3452,2,614,256,2,4,64,8,8,128,64,2,0,2,256,2,0,2,64,8,2,5,1,3,0,0,3,1,1,0,0,0
3588,4,zeros-la-3-3,zeros-la-3,275,3588,4,616,256,0,0,2,0,0,4,128,8,2,128,256,4,8,4,64,8,4,2,3,3,0,0,1,2,1,0,0,0
3588,3,zeros-la-3-3,zeros-la-3,276,3588,3,618,256,0,0,2,2,0,4,128,8,2,128,256,4,8,4,64,8,3,3,3,3,0,0,1,2,1,0,0,0
3592,3,zeros-la-3-3,zeros-la-3,277,3592,3,620,256,4,0,0,2,4,128,8,0,2,128,256,4,8,4,64,8,3,2,4,3,0,0,1,2,1,0,0,0
3856,4,zeros-la-3-3,zeros-la-3,278,3856,4,622,256,2,0,0,0,8,0,8,2,2,256,256,4,8,4,64,8,4,3,2,4,0,0,1,0,2,0,0,0
4384,5,zeros-la-3-3,zeros-la-3,279,4384,5,624,512,0,0,2,2,0,0,16,2,0,2,512,4,8,4,64,8,5,4,2,2,1,0,1,0,0,1,0,0
4388,5,zeros-la-3-3,zeros-la-3,280,4388,5,626,512,8,2,2,4,0,4,16,4,0,2,512,8,0,0,64,0,5,3,3,2,1,0,1,0,0,1,0,0
4392,5,zeros-la-3-3,zeros-la-3,281,4392,5,628,512,0,8,4,4,0,4,16,4,0,2,512,8,0,0,2,64,5,2,4,2,1,0,1,0,0,1,0,0
4400,5,zeros-la-3-3,zeros-la-3,282,4400,5,630,512,0,0,4,0,2,8,16,8,0,4,512,8,0,2,2,64,5,3,2,3,1,0,1,0,0,1,0,0
4416,5,zeros-la-3-3,zeros-la-3,283,4416,5,632,512,0,2,4,0,0,8,16,0,0,4,512,16,2,2,2,64,5,4,2,1,2,0,1,0,0,1,0,0
4416,4,zeros-la-3-3,zeros-la-3,284,4416,4,636,512,2,2,4,16,0,8,16,64,0,4,512,4,0,2,2,0,4,4,3,1,2,0,1,0,0,1,0,0
4424,5,zeros-la-3-3,zeros-la-3,285,4424,5,638,512,4,4,16,2,8,16,64,0,4,512,4,0,4,0,0,0,5,1,5,1,2,0,1,0,0,1,0,0
4432,5,zeros-la-3-3,zeros-la-3,286,4432,5,640,512,4,4,16,2,8,16,64,0,8,512,4,0,0,0,0,2,5,2,3,2,2,0,1,0,0,1,0,0
4440,5,zeros-la-3-3,zeros-la-3,287,4440,5,642,512,8,16,2,0,8,16,64,0,8,512,4,0,2,0,2,0,5,3,1,3,2,0,1,0,0,1,0,0
4444,5,zeros-la-3-3,zeros-la-3,288,4444,5,644,512,2,8,16,2,0,8,16,64,0,8,512,4,0,0,0,4,5,2,2,3,2,0,1,0,0,1,0,0
4500,7,zeros-la-3-3,zeros-la-3,289,4500,7,646,512,2,16,32,2,0,8,512,64,0,2,0,8,0,0,0,0,7,3,0,2,1,1,1,0,0,1,0,0
4500,6,zeros-la-3-3,zeros-la-3,290,4500,6,648,512,2,16,32,2,0,8,512,64,0,0,2,8,2,0,0,0,6,4,0,2,1,1,1,0,0,1,0,0
4504,6,zeros-la-3-3,zeros-la-3,291,4504,6,650,512,4,16,32,2,2,8,512,64,0,0,2,8,0,0,0,0,6,3,1,2,1,1,1,0,0,1,0,0
4504,5,zeros-la-3-3,zeros-la-3,292,4504,5,652,512,4,16,32,2,2,8,512,64,2,8,0,0,0,0,2,0,5,4,1,2,1,1,1,0,0,1,0,0
4524,6,zeros-la-3-3,zeros-la-3,293,4524,6,654,512,4,16,32,2,4,16,512,64,0,0,2,0,0,2,0,0,6,3,2,0,2,1,1,0,0,1,0,0
4564,7,zeros-la-3-3,zeros-la-3,294,4564,7,656,512,8,32,32,2,0,2,512,64,0,0,2,0,2,0,0,0,7,4,0,1,0,2,1,0,0,1,0,0
4628,7,zeros-la-3-3,zeros-la-3,295,4628,7,658,512,0,8,64,2,0,2,512,64,0,0,2,2,0,0,0,2,7,5,0,1,0,0,2,0,0,1,0,0
4632,7,zeros-la-3-3,zeros-la-3,296,4632,7,660,512,2,0,0,0,0,0,64,2,0,8,512,64,0,2,2,4,7,4,1,1,0,0,2,0,0,1,0,0
4636,7,zeros-la-3-3,zeros-la-3,297,4636,7,662,512,0,0,2,2,0,0,64,2,0,8,512,64,0,0,4,4,7,3,2,1,0,0,2,0,0,1,0,0
4648,8,zeros-la-3-3,zeros-la-3,298,4648,8,664,512,4,0,0,0,64,2,0,2,8,512,64,0,8,0,0,0,8,2,1,2,0,0,2,0,0,1,0,0
4664,8,zeros-la-3-3,zeros-la-3,299,4664,8,666,512,0,0,0,0,4,0,0,0,64,2,2,0,16,512,64,2,8,3,1,0,1,0,2,0,0,1,0,0
4668,8,zeros-la-3-3,zeros-la-3,300,4668,8,668,512,0,0,0,0,2,0,0,4,0,0,64,4,16,512,64,2,8,2,2,0,1,0,2,0,0,1,0,0
4804,9,zeros-la-3-3,zeros-la-3,301,4804,9,670,512,0,0,0,0,0,2,0,0,2,0,0,8,16,512,128,2,9,3,0,1,1,0,0,1,0,1,0,0
4804,8,zeros-la-3-3,zeros-la-3,302,4804,8,672,512,2,0,0,0,2,0,0,0,2,8,0,0,16,512,128,2,8,4,0,1,1,0,0,1,0,1,0,0
4808,8,zeros-la-3-3,zeros-la-3,303,4808,8,674,512,0,0,0,2,2,0,0,0,4,8,0,0,16,512,128,2,8,3,1,1,1,0,0,1,0,1,0,0
4808,7,zeros-la-3-3,zeros-la-3,304,4808,7,676,512,2,0,0,2,2,0,0,0,4,8,0,0,16,512,128,2,7,4,1,1,1,0,0,1,0,1,0,0
4816,8,zeros-la-3-3,zeros-la-3,305,4816,8,678,512,4,8,128,4,4,512,0,0,16,0,0,2,0,0,0,0,8,1,3,1,1,0,0,1,0,1,0,0
4824,8,zeros-la-3-3,zeros-la-3,306,4824,8,680,512,8,8,128,4,16,512,0,2,0,0,0,2,0,0,0,0,8,2,1,2,1,0,0,1,0,1,0,0
4840,8,zeros-la-3-3,zeros-la-3,307,4840,8,682,512,0,16,128,4,0,16,512,2,2,0,0,2,0,0,0,0,8,3,1,0,2,0,0,1,0,1,0,0
4876,9,zeros-la-3-3,zeros-la-3,308,4876,9,684,512,0,0,0,0,0,2,0,0,0,0,128,4,2,32,512,4,9,2,2,0,0,1,0,1,0,1,0,0
4884,9,zeros-la-3-3,zeros-la-3,309,4884,9,686,512,0,0,0,0,0,0,0,0,2,2,128,0,2,32,512,8,9,3,0,1,0,1,0,1,0,1,0,0
4888,9,zeros-la-3-3,zeros-la-3,310,4888,9,688,512,0,0,0,0,2,0,0,0,0,0,4,128,2,32,512,8,9,2,1,1,0,1,0,1,0,1,0,0
4892,9,zeros-la-3-3,zeros-la-3,311,4892,9,690,512,0,0,0,0,0,0,0,2,0,0,4,128,4,32,512,8,9,1,2,1,0,1,0,1,0,1,0,0
4892,8,zeros-la-3-3,zeros-la-3,312,4892,8,692,512,0,0,0,0,2,0,0,0,4,128,0,2,4,32,512,8,8,2,2,1,0,1,0,1,0,1,0,0
4900,8,zeros-la-3-3,zeros-la-3,313,4900,8,694,512,0,0,0,0,0,2,0,0,2,128,0,2,8,32,512,8,8,3,0,2,0,1,0,1,0,1,0,0
4900,7,zeros-la-3-3,zeros-la-3,314,4900,7,696,512,2,0,0,0,2,0,0,0,2,128,2,0,8,32,512,8,7,4,0,2,0,1,0,1,0,1,0,0
4900,6,zeros-la-3-3,zeros-la-3,315,4900,6,698,512,2,0,0,0,2,0,2,0,2,128,2,0,8,32,512,8,6,5,0,2,0,1,0,1,0,1,0,0
4908,7,zeros-la-3-3,zeros-la-3,316,4908,7,700,512,0,0,0,2,2,0,0,0,4,128,4,0,8,32,512,8,7,2,2,2,0,1,0,1,0,1,0,0
4908,6,zeros-la-3-3,zeros-la-3,317,4908,6,702,512,2,0,0,2,0,0,0,2,0,4,128,4,8,32,512,8,6,3,2,2,0,1,0,1,0,1,0,0
4912,6,zeros-la-3-3,zeros-la-3,318,4912,6,704,512,0,0,0,0,0,0,2,4,2,4,128,4,8,32,512,8,6,2,3,2,0,1,0,1,0,1,0,0
4920,6,zeros-la-3-3,zeros-la-3,319,4920,6,708,512,0,0,0,4,0,0,2,0,2,4,128,8,8,32,512,8,6,2,2,3,0,1,0,1,0,1,0,0
4920,5,zeros-la-3-3,zeros-la-3,320,4920,5,710,512,4,0,0,2,2,0,0,0,2,4,128,8,8,32,512,8,5,3,2,3,0,1,0,1,0,1,0,0
4940,6,zeros-la-3-3,zeros-la-3,321,4940,6,712,512,0,0,0,0,4,0,0,2,4,4,128,2,8,32,512,16,6,2,3,1,1,1,0,1,0,1,0,0
4952,7,zeros-la-3-3,zeros-la-3,322,4952,7,714,512,0,0,0,0,0,2,0,0,8,4,128,4,8,32,512,16,7,1,2,2,1,1,0,1,0,1,0,0
4952,6,zeros-la-3-3,zeros-la-3,323,4952,6,716,512,0,0,0,2,2,0,0,0,8,4,128,4,8,32,512,16,6,2,2,2,1,1,0,1,0,1,0,0
4952,5,zeros-la-3-3,zeros-la-3,324,4952,5,718,512,2,0,0,0,2,0,2,0,8,4,128,4,8,32,512,16,5,3,2,2,1,1,0,1,0,1,0,0
4972,6,zeros-la-3-3,zeros-la-3,325,4972,6,720,512,2,0,0,0,0,0,2,0,4,4,128,4,16,32,512,16,6,2,3,0,2,1,0,1,0,1,0,0
4980,6,zeros-la-3-3,zeros-la-3,326,4980,6,722,512,0,0,0,2,0,0,0,2,2,8,128,4,16,32,512,16,6,3,1,1,2,1,0,1,0,1,0,0
4984,6,zeros-la-3-3,zeros-la-3,327,4984,6,724,512,0,0,0,0,2,0,0,4,2,8,128,4,16,32,512,16,6,2,2,1,2,1,0,1,0,1,0,0
4996,7,zeros-la-3-3,zeros-la-3,328,4996,7,726,512,0,0,2,0,0,0,0,0,4,8,128,8,16,32,512,16,7,1,1,2,2,1,0,1,0,1,0,0
4996,6,zeros-la-3-3,zeros-la-3,329,4996,6,728,512,0,0,0,0,0,0,2,2,4,8,128,8,16,32,512,16,6,2,1,2,2,1,0,1,0,1,0,0
5000,6,zeros-la-3-3,zeros-la-3,330,5000,6,730,512,0,0,0,0,0,0,2,4,4,8,128,8,16,32,512,16,6,1,2,2,2,1,0,1,0,1,0,0
5000,5,zeros-la-3-3,zeros-la-3,331,5000,5,732,512,0,0,2,0,0,0,2,4,4,8,128,8,16,32,512,16,5,2,2,2,2,1,0,1,0,1,0,0
5004,5,zeros-la-3-3,zeros-la-3,332,5004,5,734,512,4,8,4,4,16,32,128,8,0,0,512,16,2,0,0,0,5,1,3,2,2,1,0,1,0,1,0,0
5012,5,zeros-la-3-3,zeros-la-3,333,5012,5,736,512,0,4,8,8,16,32,128,8,2,0,512,16,0,0,0,2,5,2,1,3,2,1,0,1,0,1,0,0
5028,5,zeros-la-3-3,zeros-la-3,334,5028,5,738,512,16,4,8,16,2,32,128,16,0,0,512,2,2,0,0,0,5,3,1,1,3,1,0,1,0,1,0,0
5064,6,zeros-la-3-3,zeros-la-3,335,5064,6,740,512,16,4,8,32,4,32,128,2,0,0,512,0,0,2,0,0,6,2,2,1,1,2,0,1,0,1,0,0
5064,5,zeros-la-3-3,zeros-la-3,336,5064,5,742,512,16,4,8,32,4,32,128,2,0,0,2,512,0,0,0,2,5,3,2,1,1,2,0,1,0,1,0,0
5064,4,zeros-la-3-3,zeros-la-3,337,5064,4,744,512,16,4,8,32,4,32,128,2,2,512,2,0,2,0,0,0,4,4,2,1,1,2,0,1,0,1,0,0
5068,4,zeros-la-3-3,zeros-la-3,338,5068,4,746,512,0,0,2,0,16,4,8,0,4,32,128,32,4,512,2,2,4,3,3,1,1,2,0,1,0,1,0,0
5076,4,zeros-la-3-3,zeros-la-3,339,5076,4,748,512,0,0,2,2,0,4,8,0,16,32,128,32,8,512,2,2,4,4,1,2,1,2,0,1,0,1,0,0
5084,5,zeros-la-3-3,zeros-la-3,340,5084,5,750,512,4,0,2,0,4,8,0,0,16,32,128,32,8,512,4,0,5,1,3,2,1,2,0,1,0,1,0,0
5092,5,zeros-la-3-3,zeros-la-3,341,5092,5,752,512,8,8,2,32,16,32,128,0,8,512,4,0,0,0,2,0,5,2,1,3,1,2,0,1,0,1,0,0
5108,5,zeros-la-3-3,zeros-la-3,342,5108,5,754,512,0,16,2,32,0,16,32,128,0,8,512,4,0,0,2,2,5,3,1,1,2,2,0,1,0,1,0,0
5140,5,zeros-la-3-3,zeros-la-3,343,5140,5,756,512,2,0,2,32,0,0,32,128,0,32,512,4,0,8,2,2,5,4,1,1,0,3,0,1,0,1,0,0
5148,6,zeros-la-3-3,zeros-la-3,344,5148,6,758,512,0,0,4,32,0,0,32,128,2,32,512,4,0,0,8,4,6,1,3,1,0,3,0,1,0,1,0,0
5156,6,zeros-la-3-3,zeros-la-3,345,5156,6,760,512,2,0,4,0,0,0,32,32,0,0,512,128,2,32,8,8,6,2,1,2,0,3,0,1,0,1,0,0
5160,6,zeros-la-3-3,zeros-la-3,346,5160,6,762,512,0,0,4,0,0,0,32,32,2,0,512,128,4,32,8,8,6,1,2,2,0,3,0,1,0,1,0,0
5240,7,zeros-la-3-3,zeros-la-3,347,5240,7,764,512,0,2,0,4,0,0,0,64,0,2,512,128,0,4,32,16,7,2,2,0,1,1,1,1,0,1,0,0
5244,7,zeros-la-3-3,zeros-la-3,348,5244,7,766,512,0,4,512,4,0,4,32,64,0,0,0,128,0,2,0,16,7,1,3,0,1,1,1,1,0,1,0,0
5252,7,zeros-la-3-3,zeros-la-3,349,5252,7,768,512,0,8,512,4,2,2,32,64,0,0,0,128,0,0,0,16,7,2,1,1,1,1,1,1,0,1,0,0
5256,7,zeros-la-3-3,zeros-la-3,350,5256,7,770,512,8,512,4,0,4,32,64,2,128,0,0,0,16,0,0,0,7,1,2,1,1,1,1,1,0,1,0,0
5256,6,zeros-la-3-3,zeros-la-3,351,5256,6,772,512,8,512,4,0,4,32,64,2,128,0,0,0,16,2,0,0,6,2,2,1,1,1,1,1,0,1,0,0
5256,5,zeros-la-3-3,zeros-la-3,352,5256,5,774,512,8,512,4,0,4,32,64,2,128,2,0,0,16,2,0,0,5,3,2,1,1,1,1,1,0,1,0,0
5260,5,zeros-la-3-3,zeros-la-3,353,5260,5,776,512,8,0,0,0,4,512,0,0,128,32,4,2,16,4,64,2,5,2,3,1,1,1,1,1,0,1,0,0
5264,5,zeros-la-3-3,zeros-la-3,354,5264,5,778,512,8,512,4,4,4,32,64,0,128,4,2,0,16,0,0,0,5,1,4,1,1,1,1,1,0,1,0,0
5272,5,zeros-la-3-3,zeros-la-3,355,5272,5,780,512,8,512,8,2,4,32,64,0,128,4,2,0,16,0,0,0,5,2,2,2,1,1,1,1,0,1,0,0
5272,4,zeros-la-3-3,zeros-la-3,356,5272,4,782,512,8,0,0,2,4,512,8,0,128,32,64,0,16,4,2,2,4,3,2,2,1,1,1,1,0,1,0,0
5276,4,zeros-la-3-3,zeros-la-3,357,5276,4,784,512,8,2,0,0,4,512,8,2,128,32,64,0,16,4,4,0,4,2,3,2,1,1,1,1,0,1,0,0
5284,4,zeros-la-3-3,zeros-la-3,358,5284,4,786,512,0,0,8,2,4,512,8,2,0,128,32,64,2,0,16,8,4,3,1,3,1,1,1,1,0,1,0,0
5304,5,zeros-la-3-3,zeros-la-3,359,5304,5,788,512,4,512,16,4,2,128,32,64,0,0,16,8,0,2,0,0,5,2,2,1,2,1,1,1,0,1,0,0
5304,4,zeros-la-3-3,zeros-la-3,360,5304,4,790,512,2,0,0,0,0,512,16,4,4,128,32,64,2,2,16,8,4,3,2,1,2,1,1,1,0,1,0,0
5308,4,zeros-la-3-3,zeros-la-3,361,5308,4,792,512,2,0,0,0,512,16,4,0,4,128,32,64,4,16,8,2,4,2,3,1,2,1,1,1,0,1,0,0
5316,4,zeros-la-3-3,zeros-la-3,362,5316,4,794,512,2,16,4,64,512,128,32,2,8,16,8,0,0,2,0,0,4,3,1,2,2,1,1,1,0,1,0,0
5316,3,zeros-la-3-3,zeros-la-3,363,5316,3,796,512,0,16,0,2,2,128,4,0,512,16,32,64,8,2,8,2,3,4,1,2,2,1,1,1,0,1,0,0
5316,2,zeros-la-3-3,zeros-la-3,364,5316,2,798,512,16,2,2,0,2,128,4,0,512,16,32,64,8,2,8,2,2,5,1,2,2,1,1,1,0,1,0,0
5320,2,zeros-la-3-3,zeros-la-3,365,5320,2,802,512,0,0,16,4,4,2,128,4,512,16,32,64,8,2,8,2,2,3,3,2,2,1,1,1,0,1,0,0
5320,1,zeros-la-3-3,zeros-la-3,366,5320,1,804,512,2,0,16,4,4,2,128,4,512,16,32,64,8,2,8,2,1,4,3,2,2,1,1,1,0,1,0,0
5328,1,zeros-la-3-3,zeros-la-3,367,5328,1,806,512,2,2,16,8,4,16,128,64,512,2,32,2,8,0,8,2,1,5,1,3,2,1,1,1,0,1,0,0
5348,2,zeros-la-3-3,zeros-la-3,368,5348,2,808,512,4,16,8,2,4,16,128,64,512,2,32,2,16,2,0,0,2,4,2,1,3,1,1,1,0,1,0,0
5392,4,zeros-la-3-3,zeros-la-3,369,5392,4,810,512,0,0,0,2,8,0,8,2,512,32,128,64,16,4,32,2,4,3,1,2,1,2,1,1,0,1,0,0
5408,4,zeros-la-3-3,zeros-la-3,370,5408,4,812,512,2,0,0,2,16,2,0,0,512,32,128,64,16,4,32,2,4,4,1,0,2,2,1,1,0,1,0,0
5408,3,zeros-la-3-3,zeros-la-3,371,5408,3,814,512,2,0,0,0,16,2,2,2,512,32,128,64,16,4,32,2,3,5,1,0,2,2,1,1,0,1,0,0
5412,3,zeros-la-3-3,zeros-la-3,372,5412,3,816,512,0,0,0,2,2,16,2,4,512,32,128,64,16,4,32,2,3,4,2,0,2,2,1,1,0,1,0,0
5412,2,zeros-la-3-3,zeros-la-3,373,5412,2,818,512,2,16,2,2,512,32,128,4,16,4,32,64,2,0,0,2,2,5,2,0,2,2,1,1,0,1,0,0
5420,3,zeros-la-3-3,zeros-la-3,374,5420,3,820,512,0,2,16,4,512,32,128,4,16,4,32,64,0,0,2,4,3,2,4,0,2,2,1,1,0,1,0,0
5428,3,zeros-la-3-3,zeros-la-3,375,5428,3,822,512,0,0,16,2,0,2,128,8,512,32,32,64,16,4,2,4,3,3,2,1,2,2,1,1,0,1,0,0
5492,3,zeros-la-3-3,zeros-la-3,376,5492,3,824,512,16,2,0,0,2,128,8,2,512,64,64,0,16,4,2,4,3,4,2,1,2,0,2,1,0,1,0,0
5620,3,zeros-la-3-3,zeros-la-3,377,5620,3,828,512,16,2,0,0,2,128,8,2,512,128,0,4,16,4,2,4,3,4,3,1,2,0,0,2,0,1,0,0
5884,4,zeros-la-3-3,zeros-la-3,378,5884,4,830,512,16,0,0,2,2,2,0,0,512,256,8,2,16,4,2,8,4,5,1,2,2,0,0,0,1,1,0,0
5888,4,zeros-la-3-3,zeros-la-3,379,5888,4,834,512,16,0,0,4,2,2,0,0,512,256,8,4,16,4,2,8,4,3,3,2,2,0,0,0,1,1,0,0
5896,4,zeros-la-3-3,zeros-la-3,380,5896,4,836,512,16,2,8,8,2,256,2,8,512,4,0,0,16,0,2,0,4,4,1,3,2,0,0,0,1,1,0,0
5916,5,zeros-la-3-3,zeros-la-3,381,5916,5,838,512,16,0,0,0,2,2,0,0,512,256,8,2,16,4,4,16,5,3,2,1,3,0,0,0,1,1,0,0
5928,6,zeros-la-3-3,zeros-la-3,382,5928,6,840,512,0,0,0,16,0,2,0,4,512,256,8,2,0,16,8,16,6,2,1,2,3,0,0,0,1,1,0,0
5944,6,zeros-la-3-3,zeros-la-3,383,5944,6,844,512,0,0,0,16,0,2,0,4,4,256,0,2,512,16,16,16,6,2,2,0,4,0,0,0,1,1,0,0
5944,5,zeros-la-3-3,zeros-la-3,384,5944,5,846,512,0,0,0,16,2,2,0,4,4,256,0,2,512,16,16,16,5,3,2,0,4,0,0,0,1,1,0,0
5980,6,zeros-la-3-3,zeros-la-3,385,5980,6,850,512,16,0,0,0,4,4,0,4,4,256,2,0,512,32,16,0,6,1,4,0,2,1,0,0,1,1,0,0
5988,6,zeros-la-3-3,zeros-la-3,386,5988,6,852,512,16,0,0,2,8,4,0,0,4,256,2,0,512,32,16,0,6,2,2,1,2,1,0,0,1,1,0,0
5988,5,zeros-la-3-3,zeros-la-3,387,5988,5,854,512,16,2,0,0,8,4,0,2,4,256,2,0,512,32,16,0,5,3,2,1,2,1,0,0,1,1,0,0
5988,4,zeros-la-3-3,zeros-la-3,388,5988,4,856,512,16,2,2,2,8,4,16,0,4,256,0,0,512,32,0,2,4,4,2,1,2,1,0,0,1,1,0,0
5992,4,zeros-la-3-3,zeros-la-3,389,5992,4,858,512,16,4,2,0,8,4,16,0,4,256,0,2,512,32,2,0,4,3,3,1,2,1,0,0,1,1,0,0
6000,4,zeros-la-3-3,zeros-la-3,390,6000,4,860,512,16,0,0,0,8,8,2,2,4,256,16,0,512,32,2,2,4,4,1,2,2,1,0,0,1,1,0,0
6024,6,zeros-la-3-3,zeros-la-3,391,6024,6,862,512,16,0,0,2,16,4,0,0,4,256,16,0,512,32,4,0,6,1,3,0,3,1,0,0,1,1,0,0
6056,6,zeros-la-3-3,zeros-la-3,392,6056,6,864,512,0,0,2,0,32,4,0,0,4,256,16,0,512,32,4,2,6,2,3,0,1,2,0,0,1,1,0,0
6056,5,zeros-la-3-3,zeros-la-3,393,6056,5,866,512,32,4,2,2,4,256,16,0,512,32,4,0,0,2,0,0,5,3,3,0,1,2,0,0,1,1,0,0
6060,5,zeros-la-3-3,zeros-la-3,394,6060,5,870,512,0,32,4,4,0,4,256,16,0,512,32,4,0,0,4,2,5,1,5,0,1,2,0,0,1,1,0,0
6068,5,zeros-la-3-3,zeros-la-3,395,6068,5,872,512,32,8,2,0,4,256,16,0,512,32,4,0,4,2,0,0,5,2,3,1,1,2,0,0,1,1,0,0
6068,4,zeros-la-3-3,zeros-la-3,396,6068,4,874,512,32,8,2,0,4,256,16,0,512,32,4,0,4,2,2,0,4,3,3,1,1,2,0,0,1,1,0,0
6072,4,zeros-la-3-3,zeros-la-3,397,6072,4,876,512,32,8,2,2,4,256,16,0,512,32,4,0,4,4,0,0,4,2,4,1,1,2,0,0,1,1,0,0
6084,5,zeros-la-3-3,zeros-la-3,398,6084,5,878,512,0,32,8,4,2,4,256,16,0,512,32,4,0,0,0,8,5,1,3,2,1,2,0,0,1,1,0,0
6084,4,zeros-la-3-3,zeros-la-3,399,6084,4,880,512,2,32,8,4,0,4,256,16,2,512,32,4,0,0,0,8,4,2,3,2,1,2,0,0,1,1,0,0
6088,4,zeros-la-3-3,zeros-la-3,400,6088,4,882,512,0,2,0,4,0,32,8,16,0,4,256,4,4,512,32,8,4,1,4,2,1,2,0,0,1,1,0,0
6088,3,zeros-la-3-3,zeros-la-3,401,6088,3,884,512,2,4,0,0,32,8,16,0,4,256,4,2,4,512,32,8,3,2,4,2,1,2,0,0,1,1,0,0
6096,3,zeros-la-3-3,zeros-la-3,402,6096,3,886,512,0,4,2,0,2,8,16,0,32,256,4,2,8,512,32,8,3,3,2,3,1,2,0,0,1,1,0,0
6096,2,zeros-la-3-3,zeros-la-3,403,6096,2,888,512,0,4,2,2,2,8,16,0,32,256,4,2,8,512,32,8,2,4,2,3,1,2,0,0,1,1,0,0
6100,2,zeros-la-3-3,zeros-la-3,404,6100,2,890,512,4,4,2,0,2,8,16,0,32,256,4,2,8,512,32,8,2,3,3,3,1,2,0,0,1,1,0,0
6108,2,zeros-la-3-3,zeros-la-3,405,6108,2,892,512,2,0,8,2,0,2,8,16,32,256,4,2,8,512,32,8,2,4,1,4,1,2,0,0,1,1,0,0
6124,2,zeros-la-3-3,zeros-la-3,406,6124,2,896,512,0,0,4,2,2,2,16,16,32,256,4,2,8,512,32,8,2,4,2,2,2,2,0,0,1,1,0,0
6160,3,zeros-la-3-3,zeros-la-3,407,6160,3,898,512,4,2,2,0,4,32,0,0,32,256,4,2,8,512,32,8,3,3,3,2,0,3,0,0,1,1,0,0
6164,3,zeros-la-3-3,zeros-la-3,408,6164,3,900,512,4,4,0,0,4,32,0,2,32,256,4,2,8,512,32,8,3,2,4,2,0,3,0,0,1,1,0,0
6176,4,zeros-la-3-3,zeros-la-3,409,6176,4,904,512,8,4,4,4,32,32,32,8,8,256,0,0,0,512,4,0,4,0,4,3,0,3,0,0,1,1,0,0
6248,5,zeros-la-3-3,zeros-la-3,410,6248,5,906,512,8,8,4,0,64,32,8,2,8,256,0,0,512,4,0,0,5,1,2,4,0,1,1,0,1,1,0,0
6264,5,zeros-la-3-3,zeros-la-3,411,6264,5,908,512,0,0,16,4,64,32,8,2,2,0,8,256,0,0,512,4,5,2,2,2,1,1,1,0,1,1,0,0
6280,5,zeros-la-3-3,zeros-la-3,412,6280,5,910,512,64,32,16,4,2,0,16,2,0,2,512,256,0,0,0,4,5,3,2,0,2,1,1,0,1,1,0,0
6312,5,zeros-la-3-3,zeros-la-3,413,6312,5,912,512,0,0,0,4,0,2,0,2,64,32,32,256,2,2,512,4,5,4,2,0,0,2,1,0,1,1,0,0
6384,7,zeros-la-3-3,zeros-la-3,414,6384,7,914,512,2,0,0,4,0,0,0,4,0,64,64,256,0,4,512,4,7,1,4,0,0,0,2,0,1,1,0,0
6392,7,zeros-la-3-3,zeros-la-3,415,6392,7,916,512,0,0,0,0,0,2,0,8,0,64,64,256,2,4,512,4,7,2,2,1,0,0,2,0,1,1,0,0
6520,7,zeros-la-3-3,zeros-la-3,416,6520,7,918,512,0,0,2,0,0,0,2,8,0,0,128,256,2,4,512,4,7,3,2,1,0,0,0,1,1,1,0,0
6524,7,zeros-la-3-3,zeros-la-3,417,6524,7,920,512,2,4,4,8,0,0,128,256,0,2,512,4,0,0,0,0,7,2,3,1,0,0,0,1,1,1,0,0
6532,7,zeros-la-3-3,zeros-la-3,418,6532,7,922,512,2,2,8,8,0,0,128,256,0,2,512,4,0,0,0,0,7,3,1,2,0,0,0,1,1,1,0,0
6552,8,zeros-la-3-3,zeros-la-3,419,6552,8,924,512,0,0,4,16,0,0,128,256,0,2,512,4,0,0,0,2,8,2,2,0,1,0,0,1,1,1,0,0
6552,7,zeros-la-3-3,zeros-la-3,420,6552,7,926,512,0,2,4,16,2,0,128,256,0,0,512,4,0,0,0,2,7,3,2,0,1,0,0,1,1,1,0,0
6552,6,zeros-la-3-3,zeros-la-3,421,6552,6,928,512,0,2,4,16,0,2,128,256,2,0,512,4,0,0,0,2,6,4,2,0,1,0,0,1,1,1,0,0
6556,6,zeros-la-3-3,zeros-la-3,422,6556,6,930,512,2,4,4,16,0,0,128,256,0,0,512,4,0,0,2,2,6,3,3,0,1,0,0,1,1,1,0,0
6568,7,zeros-la-3-3,zeros-la-3,423,6568,7,932,512,0,2,8,16,0,0,128,256,0,0,512,4,2,0,0,4,7,2,2,1,1,0,0,1,1,1,0,0
6576,7,zeros-la-3-3,zeros-la-3,424,6576,7,934,512,2,2,8,16,0,2,128,256,0,0,512,8,0,0,0,0,7,3,0,2,1,0,0,1,1,1,0,0
6580,7,zeros-la-3-3,zeros-la-3,425,6580,7,936,512,2,4,8,16,0,0,128,256,0,0,512,8,0,2,0,0,7,2,1,2,1,0,0,1,1,1,0,0
6580,6,zeros-la-3-3,zeros-la-3,426,6580,6,938,512,2,4,8,16,0,2,128,256,0,0,512,8,2,0,0,0,6,3,1,2,1,0,0,1,1,1,0,0
6584,6,zeros-la-3-3,zeros-la-3,427,6584,6,940,512,4,4,8,16,0,2,128,256,2,0,512,8,0,0,0,0,6,2,2,2,1,0,0,1,1,1,0,0
6592,6,zeros-la-3-3,zeros-la-3,428,6592,6,942,512,2,8,8,16,0,2,128,256,0,2,512,8,0,0,0,0,6,3,0,3,1,0,0,1,1,1,0,0
6596,6,zeros-la-3-3,zeros-la-3,429,6596,6,944,512,2,8,8,16,0,4,128,256,0,2,512,8,0,0,0,0,6,2,1,3,1,0,0,1,1,1,0,0
6612,6,zeros-la-3-3,zeros-la-3,430,6612,6,946,512,0,2,16,16,0,4,128,256,0,2,512,8,0,0,0,2,6,3,1,1,2,0,0,1,1,1,0,0
6644,6,zeros-la-3-3,zeros-la-3,431,6644,6,948,512,2,32,2,0,4,128,256,0,2,512,8,0,2,0,0,0,6,4,1,1,0,1,0,1,1,1,0,0
6648,6,zeros-la-3-3,zeros-la-3,432,6648,6,950,512,0,0,0,0,2,32,2,0,4,128,256,0,4,512,8,2,6,3,2,1,0,1,0,1,1,1,0,0
6656,6,zeros-la-3-3,zeros-la-3,433,6656,6,952,512,0,0,0,2,0,32,2,0,2,128,256,0,8,512,8,2,6,4,0,2,0,1,0,1,1,1,0,0
6660,6,zeros-la-3-3,zeros-la-3,434,6660,6,956,512,0,0,4,0,0,32,2,0,2,128,256,0,8,512,8,4,6,2,2,2,0,1,0,1,1,1,0,0
6660,5,zeros-la-3-3,zeros-la-3,435,6660,5,958,512,4,0,0,2,32,2,0,0,2,128,256,0,8,512,8,4,5,3,2,2,0,1,0,1,1,1,0,0
6660,4,zeros-la-3-3,zeros-la-3,436,6660,4,960,512,0,2,4,2,0,0,32,2,0,2,128,256,8,512,8,4,4,4,2,2,0,1,0,1,1,1,0,0
6668,5,zeros-la-3-3,zeros-la-3,437,6668,5,962,512,8,4,4,4,0,512,32,256,0,0,128,4,2,0,8,0,5,1,4,2,0,1,0,1,1,1,0,0
6676,5,zeros-la-3-3,zeros-la-3,438,6676,5,964,512,8,8,4,0,512,32,256,2,128,4,0,0,2,8,0,0,5,2,2,3,0,1,0,1,1,1,0,0
6676,4,zeros-la-3-3,zeros-la-3,439,6676,4,966,512,8,8,0,0,512,32,0,2,128,4,4,0,2,8,256,2,4,3,2,3,0,1,0,1,1,1,0,0
6700,5,zeros-la-3-3,zeros-la-3,440,6700,5,968,512,16,0,0,0,512,32,2,2,128,8,0,0,2,8,256,2,5,4,0,2,1,1,0,1,1,1,0,0
6720,6,zeros-la-3-3,zeros-la-3,441,6720,6,972,512,16,4,0,0,512,0,0,0,128,32,2,0,2,16,256,4,6,2,2,0,2,1,0,1,1,1,0,0
6720,5,zeros-la-3-3,zeros-la-3,442,6720,5,974,512,16,4,0,0,512,0,0,0,128,32,2,2,2,16,256,4,5,3,2,0,2,1,0,1,1,1,0,0
6724,5,zeros-la-3-3,zeros-la-3,443,6724,5,976,512,0,2,16,4,0,0,0,512,0,128,32,4,2,16,256,4,5,2,3,0,2,1,0,1,1,1,0,0
6732,5,zeros-la-3-3,zeros-la-3,444,6732,5,978,512,2,2,16,4,0,128,32,512,0,16,256,8,0,0,0,2,5,3,1,1,2,1,0,1,1,1,0,0
6736,5,zeros-la-3-3,zeros-la-3,445,6736,5,980,512,0,4,16,4,0,128,32,512,0,16,256,8,0,2,0,2,5,2,2,1,2,1,0,1,1,1,0,0
6740,5,zeros-la-3-3,zeros-la-3,446,6740,5,982,512,0,4,16,4,0,128,32,512,0,16,256,8,0,0,2,4,5,1,3,1,2,1,0,1,1,1,0,0
6740,4,zeros-la-3-3,zeros-la-3,447,6740,4,984,512,4,16,4,0,128,32,512,0,16,256,8,0,2,4,2,0,4,2,3,1,2,1,0,1,1,1,0,0
6740,3,zeros-la-3-3,zeros-la-3,448,6740,3,986,512,0,4,16,4,2,128,32,512,0,16,256,8,0,2,4,2,3,3,3,1,2,1,0,1,1,1,0,0
6740,2,zeros-la-3-3,zeros-la-3,449,6740,2,988,512,2,4,16,4,0,128,32,512,0,16,256,8,2,2,4,2,2,4,3,1,2,1,0,1,1,1,0,0
6744,2,zeros-la-3-3,zeros-la-3,450,6744,2,990,512,2,4,16,4,128,32,512,2,16,256,8,0,4,4,2,0,2,3,4,1,2,1,0,1,1,1,0,0
6752,2,zeros-la-3-3,zeros-la-3,451,6752,2,992,512,2,4,16,4,128,32,512,2,16,256,8,0,8,2,0,2,2,4,2,2,2,1,0,1,1,1,0,0
6756,2,zeros-la-3-3,zeros-la-3,452,6756,2,994,512,2,4,2,0,128,32,16,0,16,256,512,4,8,2,8,4,2,3,3,2,2,1,0,1,1,1,0,0
6764,2,zeros-la-3-3,zeros-la-3,453,6764,2,996,512,2,4,2,0,128,32,16,0,16,256,512,2,8,2,8,8,2,4,1,3,2,1,0,1,1,1,0,0
6780,2,zeros-la-3-3,zeros-la-3,454,6780,2,998,512,2,4,2,2,128,32,16,0,16,256,512,2,8,2,16,0,2,5,1,1,3,1,0,1,1,1,0,0
6784,2,zeros-la-3-3,zeros-la-3,455,6784,2,1000,512,2,4,4,2,128,32,16,0,16,256,512,2,8,2,16,0,2,4,2,1,3,1,0,1,1,1,0,0
6788,2,zeros-la-3-3,zeros-la-3,456,6788,2,1002,512,2,4,4,0,128,32,16,2,16,256,512,0,8,2,16,4,2,3,3,1,3,1,0,1,1,1,0,0
6796,2,zeros-la-3-3,zeros-la-3,457,6796,2,1004,512,2,8,0,2,128,32,16,2,16,256,512,0,8,2,16,4,2,4,1,2,3,1,0,1,1,1,0,0
6800,2,zeros-la-3-3,zeros-la-3,458,6800,2,1006,512,2,8,16,4,128,32,512,4,16,256,16,2,8,2,0,0,2,3,2,2,3,1,0,1,1,1,0,0
6808,2,zeros-la-3-3,zeros-la-3,459,6808,2,1008,512,2,8,16,8,128,32,512,2,16,256,16,2,8,2,0,0,2,4,0,3,3,1,0,1,1,1,0,0
6808,1,zeros-la-3-3,zeros-la-3,460,6808,1,1010,512,2,8,16,8,128,32,512,2,16,256,16,2,8,2,0,2,1,5,0,3,3,1,0,1,1,1,0,0
6812,1,zeros-la-3-3,zeros-la-3,461,6812,1,1014,512,2,8,16,8,128,32,512,2,16,256,16,2,8,4,0,4,1,3,2,3,3,1,0,1,1,1,0,0
6820,1,zeros-la-3-3,zeros-la-3,462,6820,1,1016,512,2,8,16,8,128,32,512,2,16,256,16,2,8,8,2,0,1,4,0,4,3,1,0,1,1,1,0,0
6836,1,zeros-la-3-3,zeros-la-3,463,6836,1,1018,512,2,8,16,8,128,32,512,2,16,256,16,2,16,2,0,2,1,5,0,2,4,1,0,1,1,1,0,0
6840,1,zeros-la-3-3,zeros-la-3,464,6840,1,1020,512,2,8,16,8,128,32,512,2,16,256,16,2,2,0,16,4,1,4,1,2,4,1,0,1,1,1,0,0
6876,2,zeros-la-3-3,zeros-la-3,465,6876,2,1022,512,2,8,16,8,128,32,512,4,16,256,32,4,2,0,2,0,2,3,2,2,2,2,0,1,1,1,0,0
6884,2,zeros-la-3-3,zeros-la-3,466,6884,2,1024,512,2,8,16,8,128,32,512,8,16,256,32,0,2,2,2,0,2,4,0,3,2,2,0,1,1,1,0,0
6888,2,zeros-la-3-3,zeros-la-3,467,6888,2,1026,512,2,8,16,8,128,32,512,8,0,16,256,32,2,0,2,4,2,3,1,3,2,2,0,1,1,1,0,0
6904,2,zeros-la-3-3,zeros-la-3,468,6904,2,1030,512,2,8,16,16,128,32,512,32,2,16,256,4,0,0,2,4,2,3,2,1,3,2,0,1,1,1,0,0
6936,2,zeros-la-3-3,zeros-la-3,469,6936,2,1032,512,2,2,8,32,128,32,512,32,2,16,256,4,0,0,2,4,2,4,2,1,1,3,0,1,1,1,0,0
6940,2,zeros-la-3-3,zeros-la-3,470,6940,2,1034,512,0,4,8,32,128,32,512,32,2,16,256,4,2,0,2,4,2,3,3,1,1,3,0,1,1,1,0,0
7016,4,zeros-la-3-3,zeros-la-3,471,7016,4,1036,512,128,4,8,64,4,32,512,8,0,16,256,0,0,0,2,2,4,2,2,2,1,1,1,1,1,1,0,0
7020,4,zeros-la-3-3,zeros-la-3,472,7020,4,1038,512,128,4,8,64,4,32,512,8,16,256,0,0,4,0,0,2,4,1,3,2,1,1,1,1,1,1,0,0
7020,3,zeros-la-3-3,zeros-la-3,473,7020,3,1040,512,128,0,0,2,4,4,0,64,16,32,8,8,4,256,512,2,3,2,3,2,1,1,1,1,1,1,0,0
7044,4,zeros-la-3-3,zeros-la-3,474,7044,4,1042,512,128,2,2,0,8,64,0,0,16,32,16,0,4,256,512,2,4,3,1,1,2,1,1,1,1,1,0,0
7048,4,zeros-la-3-3,zeros-la-3,475,7048,4,1044,512,128,4,2,0,8,64,0,0,16,32,16,0,4,256,512,2,4,2,2,1,2,1,1,1,1,1,0,0
7048,3,zeros-la-3-3,zeros-la-3,476,7048,3,1046,512,128,4,2,2,8,64,16,0,16,32,512,0,4,256,2,0,3,3,2,1,2,1,1,1,1,1,0,0
7052,3,zeros-la-3-3,zeros-la-3,477,7052,3,1048,512,128,4,4,0,8,64,16,0,16,32,512,0,4,256,2,2,3,2,3,1,2,1,1,1,1,1,0,0
7064,4,zeros-la-3-3,zeros-la-3,478,7064,4,1050,512,128,8,0,2,8,64,16,0,16,32,512,0,4,256,4,0,4,1,2,2,2,1,1,1,1,1,0,0
7064,3,zeros-la-3-3,zeros-la-3,479,7064,3,1052,512,128,8,2,0,8,64,16,0,16,32,512,0,4,256,4,2,3,2,2,2,2,1,1,1,1,1,0,0
7064,2,zeros-la-3-3,zeros-la-3,480,7064,2,1054,512,128,8,2,2,8,64,16,0,16,32,512,2,4,256,4,0,2,3,2,2,2,1,1,1,1,1,0,0
7068,2,zeros-la-3-3,zeros-la-3,481,7068,2,1058,512,128,8,2,0,8,64,16,4,16,32,512,0,4,256,4,4,2,1,4,2,2,1,1,1,1,1,0,0
7076,2,zeros-la-3-3,zeros-la-3,482,7076,2,1060,512,128,8,2,0,8,64,16,0,16,32,512,2,4,256,4,8,2,2,2,3,2,1,1,1,1,1,0,0
7076,1,zeros-la-3-3,zeros-la-3,483,7076,1,1062,512,128,8,2,0,8,64,16,2,16,32,512,2,4,256,4,8,1,3,2,3,2,1,1,1,1,1,0,0
7080,1,zeros-la-3-3,zeros-la-3,484,7080,1,1066,512,128,8,2,4,8,64,16,0,16,32,512,4,4,256,4,8,1,1,4,3,2,1,1,1,1,1,0,0
7088,1,zeros-la-3-3,zeros-la-3,485,7088,1,1068,512,128,8,2,0,8,64,16,2,16,32,512,8,4,256,4,8,1,2,2,4,2,1,1,1,1,1,0,0
7104,1,zeros-la-3-3,zeros-la-3,486,7104,1,1070,512,128,8,2,2,8,64,16,16,16,32,512,0,4,256,4,2,1,3,2,2,3,1,1,1,1,1,0,0
7140,2,zeros-la-3-3,zeros-la-3,487,7140,2,1072,512,128,8,4,2,8,64,32,0,16,32,512,0,4,256,4,2,2,2,3,2,1,2,1,1,1,1,0,0
7144,2,zeros-la-3-3,zeros-la-3,488,7144,2,1074,512,128,8,4,4,8,64,32,2,16,32,512,0,4,256,4,0,2,1,4,2,1,2,1,1,1,1,0,0
7152,2,zeros-la-3-3,zeros-la-3,489,7152,2,1076,512,128,8,8,2,8,64,32,2,16,32,512,0,4,256,4,0,2,2,2,3,1,2,1,1,1,1,0,0
7156,2,zeros-la-3-3,zeros-la-3,490,7156,2,1078,512,128,8,8,0,8,64,32,2,16,32,512,0,4,256,4,4,2,1,3,3,1,2,1,1,1,1,0,0
7180,3,zeros-la-3-3,zeros-la-3,491,7180,3,1080,512,0,0,128,16,8,64,32,2,2,16,32,512,0,4,256,8,3,2,1,2,2,2,1,1,1,1,0,0
7244,3,zeros-la-3-3,zeros-la-3,492,7244,3,1082,512,8,64,128,16,2,16,64,2,0,4,256,512,0,0,2,8,3,3,1,2,2,0,2,1,1,1,0,0
7244,2,zeros-la-3-3,zeros-la-3,493,7244,2,1084,512,8,64,128,16,2,16,64,2,0,4,256,512,2,0,2,8,2,4,1,2,2,0,2,1,1,1,0,0
7248,2,zeros-la-3-3,zeros-la-3,494,7248,2,1086,512,2,0,128,16,0,64,64,2,8,16,256,512,4,4,2,8,2,3,2,2,2,0,2,1,1,1,0,0
7384,3,zeros-la-3-3,zeros-la-3,495,7384,3,1088,512,2,128,16,2,128,2,0,0,8,16,256,512,8,2,8,0,3,4,0,3,2,0,0,2,1,1,0,0
7400,3,zeros-la-3-3,zeros-la-3,496,7400,3,1090,512,0,128,0,0,2,2,16,2,128,16,256,2,16,2,8,512,3,5,0,1,3,0,0,2,1,1,0,0
7404,3,zeros-la-3-3,zeros-la-3,497,7404,3,1092,512,2,0,0,128,0,4,16,2,128,16,256,2,16,2,8,512,3,4,1,1,3,0,0,2,1,1,0,0
7404,2,zeros-la-3-3,zeros-la-3,498,7404,2,1094,512,0,0,2,128,2,4,16,2,128,16,256,2,16,2,8,512,2,5,1,1,3,0,0,2,1,1,0,0
7404,1,zeros-la-3-3,zeros-la-3,499,7404,1,1096,512,2,0,2,128,2,4,16,2,128,16,256,2,16,2,8,512,1,6,1,1,3,0,0,2,1,1,0,0
7412,2,zeros-la-3-3,zeros-la-3,500,7412,2,1098,512,4,4,2,128,128,16,16,4,16,2,256,512,0,2,8,0,2,3,3,1,3,0,0,2,1,1,0,0
7416,2,zeros-la-3-3,zeros-la-3,501,7416,2,1100,512,4,4,2,128,128,16,16,4,16,4,256,512,2,0,8,0,2,2,4,1,3,0,0,2,1,1,0,0
7456,3,zeros-la-3-3,zeros-la-3,502,7456,3,1102,512,0,8,2,128,0,128,32,4,16,4,256,512,2,0,2,8,3,3,2,2,1,1,0,2,1,1,0,0
7456,2,zeros-la-3-3,zeros-la-3,503,7456,2,1104,512,16,8,2,128,2,128,32,4,2,4,256,512,0,0,2,8,2,4,2,2,1,1,0,2,1,1,0,0
7460,2,zeros-la-3-3,zeros-la-3,504,7460,2,1106,512,16,8,2,128,4,128,32,4,0,4,256,512,0,2,2,8,2,3,3,2,1,1,0,2,1,1,0,0
7464,2,zeros-la-3-3,zeros-la-3,505,7464,2,1108,512,16,8,2,128,4,128,32,4,4,256,512,0,4,8,0,2,2,2,4,2,1,1,0,2,1,1,0,0
7472,2,zeros-la-3-3,zeros-la-3,506,7472,2,1110,512,0,8,2,0,16,128,2,128,4,256,32,4,8,8,512,2,2,3,2,3,1,1,0,2,1,1,0,0
7476,2,zeros-la-3-3,zeros-la-3,507,7476,2,1112,512,0,8,2,0,16,128,4,128,4,256,32,4,8,8,512,2,2,2,3,3,1,1,0,2,1,1,0,0
7492,2,zeros-la-3-3,zeros-la-3,508,7492,2,1114,512,8,2,0,2,16,128,4,128,4,256,32,4,16,512,2,0,2,3,3,1,2,1,0,2,1,1,0,0
7496,2,zeros-la-3-3,zeros-la-3,509,7496,2,1116,512,8,4,0,0,16,128,4,128,4,256,32,4,16,512,2,2,2,2,4,1,2,1,0,2,1,1,0,0
7496,1,zeros-la-3-3,zeros-la-3,510,7496,1,1120,512,8,4,4,128,16,128,32,4,4,256,2,2,16,512,4,0,1,2,5,1,2,1,0,2,1,1,0,0
7508,2,zeros-la-3-3,zeros-la-3,511,7508,2,1122,512,8,8,128,2,16,128,32,4,4,256,4,0,16,512,4,0,2,1,4,2,2,1,0,2,1,1,0,0
7524,2,zeros-la-3-3,zeros-la-3,512,7524,2,1124,512,16,128,2,0,16,128,32,4,4,256,4,2,16,512,4,0,2,2,4,0,3,1,0,2,1,1,0,0
7820,4,zeros-la-3-3,zeros-la-3,513,7820,4,1126,512,0,0,0,0,32,256,2,2,4,256,32,4,16,512,8,2,4,3,2,1,1,2,0,0,2,1,0,0
8332,4,zeros-la-3-3,zeros-la-3,514,8332,4,1128,512,0,0,2,0,32,0,2,2,4,512,32,4,16,512,8,2,4,4,2,1,1,2,0,0,0,2,0,0
8336,4,zeros-la-3-3,zeros-la-3,515,8336,4,1130,512,0,0,0,2,2,0,32,4,4,512,32,4,16,512,8,2,4,3,3,1,1,2,0,0,0,2,0,0
9432,6,zeros-la-3-3,zeros-la-3,516,9432,6,1132,1024,0,0,2,0,2,0,0,2,4,0,64,8,16,1024,8,2,6,4,1,2,1,0,1,0,0,0,1,0
9436,6,zeros-la-3-3,zeros-la-3,517,9436,6,1136,1024,2,4,0,0,4,0,0,0,4,64,8,0,16,1024,8,2,6,2,3,2,1,0,1,0,0,0,1,0
9460,7,zeros-la-3-3,zeros-la-3,518,9460,7,1138,1024,0,0,0,2,2,4,0,0,8,64,0,0,16,1024,16,2,7,3,1,1,2,0,1,0,0,0,1,0
9464,7,zeros-la-3-3,zeros-la-3,519,9464,7,1140,1024,0,0,0,0,2,4,2,0,8,64,0,0,16,1024,16,4,7,2,2,1,2,0,1,0,0,0,1,0
9464,6,zeros-la-3-3,zeros-la-3,520,9464,6,1142,1024,0,0,2,0,0,2,4,2,0,0,8,64,16,1024,16,4,6,3,2,1,2,0,1,0,0,0,1,0
9464,5,zeros-la-3-3,zeros-la-3,521,9464,5,1144,1024,2,0,0,0,2,4,2,0,8,64,0,2,16,1024,16,4,5,4,2,1,2,0,1,0,0,0,1,0
9468,5,zeros-la-3-3,zeros-la-3,522,9468,5,1146,1024,2,0,0,0,4,4,0,0,8,64,2,2,16,1024,16,4,5,3,3,1,2,0,1,0,0,0,1,0
9480,6,zeros-la-3-3,zeros-la-3,523,9480,6,1150,1024,2,0,0,0,8,0,0,4,8,64,4,0,16,1024,16,4,6,1,3,2,2,0,1,0,0,0,1,0
9504,7,zeros-la-3-3,zeros-la-3,524,9504,7,1152,1024,0,0,0,0,2,0,0,0,16,64,4,2,16,1024,16,8,7,2,1,1,3,0,1,0,0,0,1,0
9504,6,zeros-la-3-3,zeros-la-3,525,9504,6,1154,1024,0,0,0,0,2,2,0,0,16,64,4,2,16,1024,16,8,6,3,1,1,3,0,1,0,0,0,1,0
9508,6,zeros-la-3-3,zeros-la-3,526,9508,6,1156,1024,0,0,0,2,4,0,0,0,16,64,4,2,16,1024,16,8,6,2,2,1,3,0,1,0,0,0,1,0
9544,7,zeros-la-3-3,zeros-la-3,527,9544,7,1160,1024,0,4,0,0,0,0,0,0,4,64,4,4,32,1024,16,8,7,0,4,1,1,1,1,0,0,0,1,0
9544,6,zeros-la-3-3,zeros-la-3,528,9544,6,1162,1024,4,4,4,4,32,64,16,8,2,1024,0,0,0,0,0,0,6,1,4,1,1,1,1,0,0,0,1,0
9560,7,zeros-la-3-3,zeros-la-3,529,9560,7,1164,1024,0,0,8,8,32,64,16,8,0,0,2,1024,2,0,0,0,7,2,0,3,1,1,1,0,0,0,1,0
9576,7,zeros-la-3-3,zeros-la-3,530,9576,7,1166,1024,32,64,8,16,2,0,16,1024,0,0,2,0,0,0,0,2,7,3,0,1,2,1,1,0,0,0,1,0
9576,6,zeros-la-3-3,zeros-la-3,531,9576,6,1168,1024,32,64,8,16,0,2,16,1024,0,0,0,2,0,2,0,2,6,4,0,1,2,1,1,0,0,0,1,0
9580,6,zeros-la-3-3,zeros-la-3,532,9580,6,1170,1024,32,64,8,16,2,16,1024,0,2,0,2,0,4,0,0,0,6,3,1,1,2,1,1,0,0,0,1,0
9584,6,zeros-la-3-3,zeros-la-3,533,9584,6,1172,1024,32,64,8,16,4,16,1024,0,4,0,2,0,0,0,0,2,6,2,2,1,2,1,1,0,0,0,1,0
9592,6,zeros-la-3-3,zeros-la-3,534,9592,6,1174,1024,32,64,8,16,8,16,1024,2,0,2,2,0,0,0,0,0,6,3,0,2,2,1,1,0,0,0,1,0
9596,6,zeros-la-3-3,zeros-la-3,535,9596,6,1176,1024,32,64,8,16,8,16,1024,2,0,0,0,4,0,2,0,0,6,2,1,2,2,1,1,0,0,0,1,0
9596,5,zeros-la-3-3,zeros-la-3,536,9596,5,1178,1024,32,64,8,16,8,16,1024,2,2,2,0,4,0,0,0,0,5,3,1,2,2,1,1,0,0,0,1,0
9600,5,zeros-la-3-3,zeros-la-3,537,9600,5,1180,1024,32,64,8,16,8,16,1024,2,4,4,0,0,0,0,2,0,5,2,2,2,2,1,1,0,0,0,1,0
9608,5,zeros-la-3-3,zeros-la-3,538,9608,5,1184,1024,32,64,8,16,8,16,1024,2,8,0,0,0,2,0,0,4,5,2,1,3,2,1,1,0,0,0,1,0
9624,5,zeros-la-3-3,zeros-la-3,539,9624,5,1186,1024,32,64,8,16,16,16,1024,2,2,0,0,4,0,2,0,0,5,3,1,1,3,1,1,0,0,0,1,0
9656,5,zeros-la-3-3,zeros-la-3,540,9656,5,1188,1024,32,64,8,16,32,1024,2,0,2,4,0,0,2,0,0,2,5,4,1,1,1,2,1,0,0,0,1,0
9724,6,zeros-la-3-3,zeros-la-3,541,9724,6,1190,1024,64,64,8,16,4,1024,2,2,0,4,0,0,0,0,0,2,6,3,2,1,1,0,2,0,0,0,1,0
9856,7,zeros-la-3-3,zeros-la-3,542,9856,7,1192,1024,128,8,16,0,4,1024,4,0,4,2,0,0,2,0,0,0,7,2,3,1,1,0,0,1,0,0,1,0
9864,7,zeros-la-3-3,zeros-la-3,543,9864,7,1194,1024,128,8,16,0,8,1024,4,2,2,2,0,0,0,0,0,0,7,3,1,2,1,0,0,1,0,0,1,0
9864,6,zeros-la-3-3,zeros-la-3,544,9864,6,1198,1024,0,0,0,4,128,8,0,0,8,1024,16,0,2,2,4,2,6,3,2,2,1,0,0,1,0,0,1,0
9868,6,zeros-la-3-3,zeros-la-3,545,9868,6,1200,1024,0,0,2,4,0,0,128,8,0,8,1024,16,0,4,4,2,6,2,3,2,1,0,0,1,0,0,1,0
9876,6,zeros-la-3-3,zeros-la-3,546,9876,6,1204,1024,2,4,0,0,128,8,0,0,8,1024,16,4,8,2,0,0,6,2,2,3,1,0,0,1,0,0,1,0
9892,6,zeros-la-3-3,zeros-la-3,547,9892,6,1206,1024,2,4,16,4,128,8,0,0,16,1024,0,0,0,2,2,0,6,3,2,1,2,0,0,1,0,0,1,0
9896,6,zeros-la-3-3,zeros-la-3,548,9896,6,1208,1024,2,4,16,4,2,0,128,8,0,0,16,1024,0,0,0,4,6,2,3,1,2,0,0,1,0,0,1,0
9900,6,zeros-la-3-3,zeros-la-3,549,9900,6,1210,1024,0,2,0,4,0,0,16,8,0,0,128,1024,4,4,16,4,6,1,4,1,2,0,0,1,0,0,1,0
9900,5,zeros-la-3-3,zeros-la-3,550,9900,5,1212,1024,0,0,0,4,0,2,16,8,0,2,128,1024,4,4,16,4,5,2,4,1,2,0,0,1,0,0,1,0
9908,5,zeros-la-3-3,zeros-la-3,551,9908,5,1214,1024,2,0,0,4,0,2,16,8,0,2,128,1024,0,8,16,4,5,3,2,2,2,0,0,1,0,0,1,0
9912,5,zeros-la-3-3,zeros-la-3,552,9912,5,1218,1024,2,4,16,4,0,8,128,8,4,0,16,1024,0,0,0,4,5,1,4,2,2,0,0,1,0,0,1,0
9912,4,zeros-la-3-3,zeros-la-3,553,9912,4,1220,1024,2,4,16,4,8,128,8,0,4,16,1024,0,4,2,0,0,4,2,4,2,2,0,0,1,0,0,1,0
9920,4,zeros-la-3-3,zeros-la-3,554,9920,4,1222,1024,2,4,16,4,8,128,8,0,8,16,1024,0,0,2,0,2,4,3,2,3,2,0,0,1,0,0,1,0
9924,4,zeros-la-3-3,zeros-la-3,555,9924,4,1224,1024,2,4,16,4,0,8,128,8,2,8,16,1024,0,0,0,4,4,2,3,3,2,0,0,1,0,0,1,0
9944,5,zeros-la-3-3,zeros-la-3,556,9944,5,1226,1024,4,4,16,4,0,16,128,8,2,0,16,1024,0,0,0,4,5,1,4,1,3,0,0,1,0,0,1,0
9952,5,zeros-la-3-3,zeros-la-3,557,9952,5,1228,1024,0,8,16,4,0,16,128,8,0,2,16,1024,0,0,2,4,5,2,2,2,3,0,0,1,0,0,1,0
9952,4,zeros-la-3-3,zeros-la-3,558,9952,4,1230,1024,0,2,16,4,0,8,128,8,0,16,16,1024,0,2,2,4,4,3,2,2,3,0,0,1,0,0,1,0
9988,5,zeros-la-3-3,zeros-la-3,559,9988,5,1232,1024,0,2,16,4,2,8,128,8,0,0,32,1024,0,0,4,4,5,2,3,2,1,1,0,1,0,0,1,0
9988,4,zeros-la-3-3,zeros-la-3,560,9988,4,1234,1024,0,0,16,4,0,0,128,8,2,2,32,1024,2,8,4,4,4,3,3,2,1,1,0,1,0,0,1,0
10000,5,zeros-la-3-3,zeros-la-3,561,10000,5,1236,1024,0,2,16,4,0,0,128,8,0,4,32,1024,0,2,8,8,5,2,2,3,1,1,0,1,0,0,1,0
10000,4,zeros-la-3-3,zeros-la-3,562,10000,4,1238,1024,2,2,16,4,0,4,128,8,0,2,32,1024,0,0,8,8,4,3,2,3,1,1,0,1,0,0,1,0
10020,5,zeros-la-3-3,zeros-la-3,563,10020,5,1240,1024,0,4,16,4,0,4,128,8,0,2,32,1024,0,0,2,16,5,2,3,1,2,1,0,1,0,0,1,0
10028,5,zeros-la-3-3,zeros-la-3,564,10028,5,1242,1024,0,8,16,4,0,2,128,8,0,2,32,1024,0,0,2,16,5,3,1,2,2,1,0,1,0,0,1,0
10032,5,zeros-la-3-3,zeros-la-3,565,10032,5,1244,1024,0,8,16,4,0,4,128,8,0,0,32,1024,0,2,2,16,5,2,2,2,2,1,0,1,0,0,1,0
10036,5,zeros-la-3-3,zeros-la-3,566,10036,5,1246,1024,8,16,4,2,4,128,8,0,32,1024,0,0,4,16,0,0,5,1,3,2,2,1,0,1,0,0,1,0
10036,4,zeros-la-3-3,zeros-la-3,567,10036,4,1248,1024,8,16,4,2,4,128,8,0,32,1024,0,0,4,16,2,0,4,2,3,2,2,1,0,1,0,0,1,0
10036,3,zeros-la-3-3,zeros-la-3,568,10036,3,1252,1024,8,16,0,0,4,128,4,0,32,1024,8,4,4,16,2,2,3,2,4,2,2,1,0,1,0,0,1,0
10040,3,zeros-la-3-3,zeros-la-3,569,10040,3,1254,1024,8,16,2,0,4,128,4,0,32,1024,8,4,4,16,4,0,3,1,5,2,2,1,0,1,0,0,1,0
10040,2,zeros-la-3-3,zeros-la-3,570,10040,2,1256,1024,8,16,2,2,4,128,4,0,32,1024,8,0,4,16,4,4,2,2,5,2,2,1,0,1,0,0,1,0
10052,3,zeros-la-3-3,zeros-la-3,571,10052,3,1258,1024,2,8,16,4,0,4,128,4,0,32,1024,8,0,4,16,8,3,1,4,3,2,1,0,1,0,0,1,0
10076,4,zeros-la-3-3,zeros-la-3,572,10076,4,1262,1024,0,8,16,4,0,4,128,0,0,32,1024,8,2,4,16,16,4,1,3,2,3,1,0,1,0,0,1,0
10108,4,zeros-la-3-3,zeros-la-3,573,10108,4,1264,1024,0,8,16,4,0,0,4,128,0,32,1024,8,2,2,4,32,4,2,3,2,1,2,0,1,0,0,1,0
10112,4,zeros-la-3-3,zeros-la-3,574,10112,4,1266,1024,8,16,4,0,4,128,0,0,32,1024,8,2,4,4,32,0,4,1,4,2,1,2,0,1,0,0,1,0
10120,4,zeros-la-3-3,zeros-la-3,575,10120,4,1268,1024,0,8,16,4,0,0,4,128,32,1024,8,2,2,0,8,32,4,2,2,3,1,2,0,1,0,0,1,0
10136,4,zeros-la-3-3,zeros-la-3,576,10136,4,1270,1024,32,8,16,4,2,1024,4,128,2,0,16,2,0,0,0,32,4,3,2,1,2,2,0,1,0,0,1,0
10140,4,zeros-la-3-3,zeros-la-3,577,10140,4,1274,1024,0,0,0,4,4,0,16,128,32,8,4,2,4,1024,16,32,4,1,4,1,2,2,0,1,0,0,1,0
10140,3,zeros-la-3-3,zeros-la-3,578,10140,3,1276,1024,4,2,0,0,4,16,128,0,32,8,4,2,4,1024,16,32,3,2,4,1,2,2,0,1,0,0,1,0
10148,3,zeros-la-3-3,zeros-la-3,579,10148,3,1278,1024,0,2,0,0,8,16,128,2,32,8,4,2,4,1024,16,32,3,3,2,2,2,2,0,1,0,0,1,0
10152,3,zeros-la-3-3,zeros-la-3,580,10152,3,1280,1024,0,2,0,2,8,16,128,0,32,8,4,4,4,1024,16,32,3,2,3,2,2,2,0,1,0,0,1,0
10164,4,zeros-la-3-3,zeros-la-3,581,10164,4,1282,1024,4,0,0,2,8,16,128,0,32,8,8,0,4,1024,16,32,4,1,2,3,2,2,0,1,0,0,1,0
10180,4,zeros-la-3-3,zeros-la-3,582,10180,4,1284,1024,4,2,0,2,8,16,128,0,32,16,0,0,4,1024,16,32,4,2,2,1,3,2,0,1,0,0,1,0
10212,4,zeros-la-3-3,zeros-la-3,583,10212,4,1286,1024,4,2,0,0,8,2,0,0,32,32,128,2,4,1024,16,32,4,3,2,1,1,3,0,1,0,0,1,0
10276,4,zeros-la-3-3,zeros-la-3,584,10276,4,1288,1024,4,2,0,2,8,2,0,0,64,128,2,0,4,1024,16,32,4,4,2,1,1,1,1,1,0,0,1,0
10280,4,zeros-la-3-3,zeros-la-3,585,10280,4,1290,1024,4,4,0,0,8,2,0,2,64,128,2,0,4,1024,16,32,4,3,3,1,1,1,1,1,0,0,1,0
10292,5,zeros-la-3-3,zeros-la-3,586,10292,5,1292,1024,8,2,0,0,8,4,0,0,64,128,2,0,4,1024,16,32,5,2,2,2,1,1,1,1,0,0,1,0
10308,5,zeros-la-3-3,zeros-la-3,587,10308,5,1294,1024,16,2,2,32,64,4,16,0,4,128,0,0,2,1024,0,0,5,3,2,0,2,1,1,1,0,0,1,0
10312,5,zeros-la-3-3,zeros-la-3,588,10312,5,1296,1024,16,4,32,2,64,4,16,0,4,128,0,0,2,1024,0,0,5,2,3,0,2,1,1,1,0,0,1,0
10312,4,zeros-la-3-3,zeros-la-3,589,10312,4,1298,1024,16,4,32,2,64,4,16,0,4,128,0,2,2,1024,0,0,4,3,3,0,2,1,1,1,0,0,1,0
10324,5,zeros-la-3-3,zeros-la-3,590,10324,5,1300,1024,16,8,32,4,64,128,16,0,4,1024,2,0,2,0,0,0,5,2,2,1,2,1,1,1,0,0,1,0
10324,4,zeros-la-3-3,zeros-la-3,591,10324,4,1302,1024,16,8,32,4,64,128,16,0,4,1024,2,2,2,0,0,0,4,3,2,1,2,1,1,1,0,0,1,0
10328,4,zeros-la-3-3,zeros-la-3,592,10328,4,1304,1024,16,8,32,4,64,128,16,2,4,1024,4,0,2,0,0,0,4,2,3,1,2,1,1,1,0,0,1,0
10328,3,zeros-la-3-3,zeros-la-3,593,10328,3,1306,1024,16,8,32,4,64,128,16,2,4,1024,4,2,2,0,0,0,3,3,3,1,2,1,1,1,0,0,1,0
10332,3,zeros-la-3-3,zeros-la-3,594,10332,3,1308,1024,16,8,32,4,64,128,16,4,4,1024,4,2,2,0,0,0,3,2,4,1,2,1,1,1,0,0,1,0
10340,3,zeros-la-3-3,zeros-la-3,595,10340,3,1310,1024,16,8,32,8,64,128,16,2,4,1024,4,0,2,0,0,2,3,3,2,2,2,1,1,1,0,0,1,0
10344,3,zeros-la-3-3,zeros-la-3,596,10344,3,1312,1024,16,8,32,8,64,128,16,2,4,1024,4,0,4,0,0,2,3,2,3,2,2,1,1,1,0,0,1,0
10356,4,zeros-la-3-3,zeros-la-3,597,10356,4,1314,1024,0,0,0,0,16,8,32,2,64,128,16,8,8,1024,4,4,4,1,2,3,2,1,1,1,0,0,1,0
10364,4,zeros-la-3-3,zeros-la-3,598,10364,4,1316,1024,0,0,0,2,16,8,32,2,64,128,16,8,0,8,1024,8,4,2,0,4,2,1,1,1,0,0,1,0
10384,5,zeros-la-3-3,zeros-la-3,599,10384,5,1318,1024,16,8,32,4,64,128,16,16,0,8,1024,2,0,0,0,0,5,1,1,2,3,1,1,1,0,0,1,0
10416,5,zeros-la-3-3,zeros-la-3,600,10416,5,1320,1024,16,8,32,4,64,128,32,0,8,1024,2,0,0,0,2,0,5,2,1,2,1,2,1,1,0,0,1,0
10484,6,zeros-la-3-3,zeros-la-3,601,10484,6,1324,1024,0,0,0,4,16,8,0,0,64,128,64,0,8,1024,4,4,6,0,3,2,1,0,2,1,0,0,1,0
10492,6,zeros-la-3-3,zeros-la-3,602,10492,6,1326,1024,16,8,64,8,64,128,4,0,8,1024,0,0,2,0,0,0,6,1,1,3,1,0,2,1,0,0,1,0
10492,5,zeros-la-3-3,zeros-la-3,603,10492,5,1328,1024,16,8,64,8,64,128,4,0,8,1024,0,2,2,0,0,0,5,2,1,3,1,0,2,1,0,0,1,0
10492,4,zeros-la-3-3,zeros-la-3,604,10492,4,1330,1024,16,8,64,8,0,64,128,4,0,8,1024,2,0,0,2,2,4,3,1,3,1,0,2,1,0,0,1,0
10496,4,zeros-la-3-3,zeros-la-3,605,10496,4,1332,1024,16,8,64,8,0,64,128,4,0,8,1024,4,0,0,2,2,4,2,2,3,1,0,2,1,0,0,1,0
10504,4,zeros-la-3-3,zeros-la-3,606,10504,4,1334,1024,0,2,64,0,0,8,128,8,0,64,1024,8,16,8,2,2,4,3,0,4,1,0,2,1,0,0,1,0
10508,4,zeros-la-3-3,zeros-la-3,607,10508,4,1338,1024,2,64,0,0,8,128,8,0,64,1024,8,0,16,8,4,4,4,1,2,4,1,0,2,1,0,0,1,0
10516,4,zeros-la-3-3,zeros-la-3,608,10516,4,1340,1024,0,0,2,64,2,8,128,8,0,64,1024,8,0,16,8,8,4,2,0,5,1,0,2,1,0,0,1,0
10532,4,zeros-la-3-3,zeros-la-3,609,10532,4,1342,1024,0,0,2,64,2,8,128,8,0,64,1024,8,2,0,16,16,4,3,0,3,2,0,2,1,0,0,1,0
10552,5,zeros-la-3-3,zeros-la-3,610,10552,5,1344,1024,0,0,2,2,0,0,128,64,0,8,1024,16,4,64,16,16,5,2,1,1,3,0,2,1,0,0,1,0
10588,6,zeros-la-3-3,zeros-la-3,611,10588,6,1346,1024,0,0,0,4,0,0,128,64,0,8,1024,16,2,4,64,32,6,1,2,1,1,1,2,1,0,0,1,0
10588,5,zeros-la-3-3,zeros-la-3,612,10588,5,1348,1024,0,0,0,4,0,0,128,64,2,8,1024,16,2,4,64,32,5,2,2,1,1,1,2,1,0,0,1,0
10592,5,zeros-la-3-3,zeros-la-3,613,10592,5,1350,1024,0,0,0,4,2,0,128,64,0,8,1024,16,4,4,64,32,5,1,3,1,1,1,2,1,0,0,1,0
10600,5,zeros-la-3-3,zeros-la-3,614,10600,5,1352,1024,0,0,0,4,0,2,128,64,2,8,1024,16,0,8,64,32,5,2,1,2,1,1,2,1,0,0,1,0
10616,5,zeros-la-3-3,zeros-la-3,615,10616,5,1354,1024,0,0,0,4,0,0,128,64,2,2,1024,16,2,16,64,32,5,3,1,0,2,1,2,1,0,0,1,0
10620,5,zeros-la-3-3,zeros-la-3,616,10620,5,1356,1024,0,2,0,4,0,0,128,64,0,2,1024,16,4,16,64,32,5,2,2,0,2,1,2,1,0,0,1,0
10624,5,zeros-la-3-3,zeros-la-3,617,10624,5,1358,1024,4,4,128,4,2,16,1024,64,0,0,64,16,0,0,0,32,5,1,3,0,2,1,2,1,0,0,1,0
10632,5,zeros-la-3-3,zeros-la-3,618,10632,5,1360,1024,8,128,4,0,2,16,1024,64,64,16,0,0,32,0,0,2,5,2,1,1,2,1,2,1,0,0,1,0
10664,5,zeros-la-3-3,zeros-la-3,619,10664,5,1362,1024,8,0,0,0,2,2,0,0,64,128,4,64,32,32,1024,2,5,3,1,1,0,2,2,1,0,0,1,0
10732,6,zeros-la-3-3,zeros-la-3,620,10732,6,1364,1024,8,0,0,0,4,0,0,0,64,128,4,64,64,1024,2,2,6,2,2,1,0,0,3,1,0,0,1,0
10860,6,zeros-la-3-3,zeros-la-3,621,10860,6,1366,1024,8,128,4,64,4,1024,2,2,128,0,0,0,0,0,0,2,6,3,2,1,0,0,1,2,0,0,1,0
10864,6,zeros-la-3-3,zeros-la-3,622,10864,6,1368,1024,8,128,4,64,4,1024,4,0,128,0,2,0,2,0,0,0,6,2,3,1,0,0,1,2,0,0,1,0
10872,6,zeros-la-3-3,zeros-la-3,623,10872,6,1370,1024,8,128,8,64,4,1024,2,2,128,0,0,0,2,0,0,0,6,3,1,2,0,0,1,2,0,0,1,0
10872,5,zeros-la-3-3,zeros-la-3,624,10872,5,1372,1024,8,128,8,64,4,1024,2,2,128,0,0,0,2,2,0,0,5,4,1,2,0,0,1,2,0,0,1,0
10880,6,zeros-la-3-3,zeros-la-3,625,10880,6,1374,1024,8,128,8,64,4,1024,4,0,128,0,0,0,4,0,0,2,6,1,3,2,0,0,1,2,0,0,1,0
10880,5,zeros-la-3-3,zeros-la-3,626,10880,5,1376,1024,8,128,8,64,4,1024,4,2,128,0,0,0,4,0,0,2,5,2,3,2,0,0,1,2,0,0,1,0
10884,5,zeros-la-3-3,zeros-la-3,627,10884,5,1378,1024,8,0,0,2,4,0,0,0,128,128,8,64,4,1024,4,4,5,1,4,2,0,0,1,2,0,0,1,0
11148,6,zeros-la-3-3,zeros-la-3,628,11148,6,1380,1024,0,0,8,2,0,0,2,4,0,256,8,64,0,4,1024,8,6,2,2,3,0,0,1,0,1,0,1,0
11148,5,zeros-la-3-3,zeros-la-3,629,11148,5,1382,1024,8,2,0,0,2,4,0,0,256,8,64,0,4,1024,8,2,5,3,2,3,0,0,1,0,1,0,1,0
11148,4,zeros-la-3-3,zeros-la-3,630,11148,4,1384,1024,2,0,8,2,0,0,2,4,0,256,8,64,4,1024,8,2,4,4,2,3,0,0,1,0,1,0,1,0
11148,3,zeros-la-3-3,zeros-la-3,631,11148,3,1386,1024,0,2,8,2,0,2,2,4,0,256,8,64,4,1024,8,2,3,5,2,3,0,0,1,0,1,0,1,0
11152,3,zeros-la-3-3,zeros-la-3,632,11152,3,1390,1024,4,2,8,2,0,0,4,4,0,256,8,64,4,1024,8,2,3,3,4,3,0,0,1,0,1,0,1,0
11176,4,zeros-la-3-3,zeros-la-3,633,11176,4,1392,1024,8,2,8,2,0,256,4,4,0,1024,16,64,2,0,0,2,4,4,2,2,1,0,1,0,1,0,1,0
11188,5,zeros-la-3-3,zeros-la-3,634,11188,5,1394,1024,8,2,8,2,0,0,256,8,0,1024,16,64,0,0,2,4,5,3,1,3,1,0,1,0,1,0,1,0
11188,4,zeros-la-3-3,zeros-la-3,635,11188,4,1396,1024,0,0,8,2,0,0,256,8,2,2,16,64,8,1024,2,4,4,4,1,3,1,0,1,0,1,0,1,0
11192,4,zeros-la-3-3,zeros-la-3,636,11192,4,1398,1024,8,2,2,0,256,8,0,0,4,16,64,0,8,1024,2,4,4,3,2,3,1,0,1,0,1,0,1,0
11192,3,zeros-la-3-3,zeros-la-3,637,11192,3,1400,1024,8,2,2,4,256,8,64,0,4,16,2,0,8,1024,2,0,3,4,2,3,1,0,1,0,1,0,1,0
11196,3,zeros-la-3-3,zeros-la-3,638,11196,3,1402,1024,2,8,4,4,0,256,8,64,0,4,16,2,0,8,1024,2,3,3,3,3,1,0,1,0,1,0,1,0
11204,3,zeros-la-3-3,zeros-la-3,639,11204,3,1404,1024,0,2,8,8,0,256,8,64,0,4,16,2,2,8,1024,2,3,4,1,4,1,0,1,0,1,0,1,0
11224,4,zeros-la-3-3,zeros-la-3,640,11224,4,1406,1024,0,2,2,0,0,256,16,8,0,4,16,64,2,8,1024,4,4,3,2,2,2,0,1,0,1,0,1,0
11228,4,zeros-la-3-3,zeros-la-3,641,11228,4,1408,1024,4,0,0,2,256,16,8,0,4,16,64,0,2,8,1024,4,4,2,3,2,2,0,1,0,1,0,1,0
11228,3,zeros-la-3-3,zeros-la-3,642,11228,3,1412,1024,4,0,4,2,0,256,16,8,0,4,16,64,2,8,1024,4,3,2,4,2,2,0,1,0,1,0,1,0
11260,3,zeros-la-3-3,zeros-la-3,643,11260,3,1414,1024,0,2,0,2,0,256,4,8,4,4,32,64,2,8,1024,4,3,3,4,2,0,1,1,0,1,0,1,0
11272,4,zeros-la-3-3,zeros-la-3,644,11272,4,1416,1024,0,0,0,4,2,256,4,8,0,8,32,64,2,8,1024,4,4,2,3,3,0,1,1,0,1,0,1,0
11292,5,zeros-la-3-3,zeros-la-3,645,11292,5,1418,1024,4,256,4,4,0,16,32,8,0,0,1024,64,0,2,0,4,5,1,4,1,1,1,1,0,1,0,1,0
11300,5,zeros-la-3-3,zeros-la-3,646,11300,5,1420,1024,4,256,8,2,16,32,8,0,1024,64,0,0,2,4,0,0,5,2,2,2,1,1,1,0,1,0,1,0
11316,5,zeros-la-3-3,zeros-la-3,647,11316,5,1422,1024,4,256,16,2,16,32,0,0,1024,64,2,0,2,4,0,0,5,3,2,0,2,1,1,0,1,0,1,0
11316,4,zeros-la-3-3,zeros-la-3,648,11316,4,1424,1024,4,256,16,2,0,0,16,32,0,1024,64,2,2,0,2,4,4,4,2,0,2,1,1,0,1,0,1,0
11348,4,zeros-la-3-3,zeros-la-3,649,11348,4,1426,1024,4,256,32,2,2,1024,64,32,0,0,2,2,0,2,0,4,4,5,2,0,0,2,1,0,1,0,1,0
11348,3,zeros-la-3-3,zeros-la-3,650,11348,3,1428,1024,0,0,0,2,2,256,32,32,4,1024,64,2,2,2,2,4,3,6,2,0,0,2,1,0,1,0,1,0
11416,4,zeros-la-3-3,zeros-la-3,651,11416,4,1430,1024,2,0,2,0,2,256,64,0,4,1024,64,2,4,2,4,0,4,5,3,0,0,0,2,0,1,0,1,0
11556,6,zeros-la-3-3,zeros-la-3,652,11556,6,1432,1024,4,256,2,2,8,1024,128,2,0,2,4,0,0,0,0,0,6,4,2,1,0,0,0,1,1,0,1,0
11560,6,zeros-la-3-3,zeros-la-3,653,11560,6,1434,1024,0,0,0,2,0,256,2,0,4,1024,128,0,8,2,4,4,6,3,3,1,0,0,0,1,1,0,1,0
11568,6,zeros-la-3-3,zeros-la-3,654,11568,6,1436,1024,2,0,0,0,256,2,2,0,4,1024,128,0,8,2,8,0,6,4,1,2,0,0,0,1,1,0,1,0
11568,5,zeros-la-3-3,zeros-la-3,655,11568,5,1438,1024,2,0,0,0,256,2,2,0,4,1024,128,2,8,2,8,0,5,5,1,2,0,0,0,1,1,0,1,0
11568,4,zeros-la-3-3,zeros-la-3,656,11568,4,1440,1024,2,2,2,2,256,1024,128,0,4,2,8,2,8,0,0,0,4,6,1,2,0,0,0,1,1,0,1,0
11576,5,zeros-la-3-3,zeros-la-3,657,11576,5,1442,1024,4,4,0,2,256,1024,128,0,4,2,8,2,8,0,0,0,5,3,3,2,0,0,0,1,1,0,1,0
11580,5,zeros-la-3-3,zeros-la-3,658,11580,5,1444,1024,4,4,128,4,256,1024,8,0,4,2,0,0,8,2,0,0,5,2,4,2,0,0,0,1,1,0,1,0
11584,5,zeros-la-3-3,zeros-la-3,659,11584,5,1446,1024,4,2,0,0,256,4,0,0,4,1024,128,0,8,4,8,4,5,1,5,2,0,0,0,1,1,0,1,0
11584,4,zeros-la-3-3,zeros-la-3,660,11584,4,1448,1024,0,0,4,2,0,2,256,4,0,4,1024,128,8,4,8,4,4,2,5,2,0,0,0,1,1,0,1,0
11592,4,zeros-la-3-3,zeros-la-3,661,11592,4,1450,1024,0,0,4,2,2,0,256,4,0,2,1024,128,8,8,8,4,4,3,3,3,0,0,0,1,1,0,1,0
11608,4,zeros-la-3-3,zeros-la-3,662,11608,4,1452,1024,4,2,0,0,2,256,4,0,2,1024,128,0,16,8,4,2,4,4,3,1,1,0,0,1,1,0,1,0
11612,4,zeros-la-3-3,zeros-la-3,663,11612,4,1454,1024,0,2,0,0,4,256,4,0,4,1024,128,2,16,8,4,2,4,3,4,1,1,0,0,1,1,0,1,0
11624,5,zeros-la-3-3,zeros-la-3,664,11624,5,1456,1024,0,2,2,0,0,256,4,0,8,1024,128,0,16,8,4,4,5,2,3,2,1,0,0,1,1,0,1,0
11636,6,zeros-la-3-3,zeros-la-3,665,11636,6,1460,1024,0,4,0,4,0,0,256,4,0,8,1024,128,0,16,8,8,6,0,3,3,1,0,0,1,1,0,1,0
11660,7,zeros-la-3-3,zeros-la-3,666,11660,7,1462,1024,8,0,0,2,256,4,0,0,8,1024,128,0,16,16,0,0,7,1,1,2,2,0,0,1,1,0,1,0
11692,7,zeros-la-3-3,zeros-la-3,667,11692,7,1464,1024,8,2,0,0,256,4,0,2,8,1024,128,0,32,0,0,0,7,2,1,2,0,1,0,1,1,0,1,0
11692,6,zeros-la-3-3,zeros-la-3,668,11692,6,1466,1024,8,0,0,0,256,2,2,0,8,4,0,0,32,1024,128,2,6,3,1,2,0,1,0,1,1,0,1,0
11696,6,zeros-la-3-3,zeros-la-3,669,11696,6,1468,1024,0,0,2,8,0,0,256,4,0,0,8,4,32,1024,128,2,6,2,2,2,0,1,0,1,1,0,1,0
11704,6,zeros-la-3-3,zeros-la-3,670,11704,6,1470,1024,0,0,2,0,2,0,256,8,0,0,8,8,32,1024,128,2,6,3,0,3,0,1,0,1,1,0,1,0
11720,6,zeros-la-3-3,zeros-la-3,671,11720,6,1472,1024,0,2,2,0,0,0,256,0,2,0,8,16,32,1024,128,2,6,4,0,1,1,1,0,1,1,0,1,0
11720,5,zeros-la-3-3,zeros-la-3,672,11720,5,1474,1024,0,0,2,0,0,0,256,2,2,2,8,16,32,1024,128,2,5,5,0,1,1,1,0,1,1,0,1,0
11724,5,zeros-la-3-3,zeros-la-3,673,11724,5,1476,1024,2,0,0,2,256,2,0,0,4,8,16,0,32,1024,128,2,5,4,1,1,1,1,0,1,1,0,1,0
11728,5,zeros-la-3-3,zeros-la-3,674,11728,5,1478,1024,4,2,0,0,256,2,0,0,4,8,16,0,32,1024,128,2,5,3,2,1,1,1,0,1,1,0,1,0
11732,5,zeros-la-3-3,zeros-la-3,675,11732,5,1480,1024,4,4,16,2,256,8,128,0,4,1024,0,2,32,0,0,0,5,2,3,1,1,1,0,1,1,0,1,0
11736,5,zeros-la-3-3,zeros-la-3,676,11736,5,1482,1024,4,4,16,4,256,8,128,0,4,1024,0,2,32,0,0,0,5,1,4,1,1,1,0,1,1,0,1,0
11744,5,zeros-la-3-3,zeros-la-3,677,11744,5,1484,1024,8,16,4,0,256,8,128,2,4,1024,2,0,32,0,0,0,5,2,2,2,1,1,0,1,1,0,1,0
11744,4,zeros-la-3-3,zeros-la-3,678,11744,4,1486,1024,2,8,16,4,256,8,128,2,0,4,1024,2,0,0,0,32,4,3,2,2,1,1,0,1,1,0,1,0
11764,5,zeros-la-3-3,zeros-la-3,679,11764,5,1490,1024,2,16,16,4,256,4,128,4,4,0,1024,32,0,0,0,0,5,1,4,0,2,1,0,1,1,0,1,0
11796,5,zeros-la-3-3,zeros-la-3,680,11796,5,1492,1024,0,2,32,4,256,4,128,4,0,4,1024,32,2,0,0,0,5,2,4,0,0,2,0,1,1,0,1,0
11812,6,zeros-la-3-3,zeros-la-3,681,11812,6,1494,1024,0,0,0,0,0,2,32,0,256,2,128,8,2,8,1024,32,6,3,0,2,0,2,0,1,1,0,1,0
11816,6,zeros-la-3-3,zeros-la-3,682,11816,6,1498,1024,256,4,32,8,2,8,128,32,0,0,1024,0,0,0,4,0,6,1,2,2,0,2,0,1,1,0,1,0
11816,5,zeros-la-3-3,zeros-la-3,683,11816,5,1500,1024,256,4,32,8,2,8,128,32,0,0,2,1024,0,0,0,4,5,2,2,2,0,2,0,1,1,0,1,0
11816,4,zeros-la-3-3,zeros-la-3,684,11816,4,1504,1024,256,4,32,8,2,8,128,32,4,0,2,1024,0,0,0,4,4,2,3,2,0,2,0,1,1,0,1,0
11816,3,zeros-la-3-3,zeros-la-3,685,11816,3,1508,1024,0,0,4,8,256,0,32,32,2,4,128,1024,4,8,2,4,3,2,4,2,0,2,0,1,1,0,1,0
11816,2,zeros-la-3-3,zeros-la-3,686,11816,2,1510,1024,256,4,4,8,2,8,32,32,4,2,128,1024,0,0,2,4,2,3,4,2,0,2,0,1,1,0,1,0
11888,3,zeros-la-3-3,zeros-la-3,687,11888,3,1512,1024,2,256,8,8,0,2,8,64,4,2,128,1024,0,0,2,4,3,4,2,3,0,0,1,1,1,0,1,0
11908,4,zeros-la-3-3,zeros-la-3,688,11908,4,1514,1024,2,256,16,8,4,4,128,64,0,2,2,1024,0,0,0,4,4,3,3,1,1,0,1,1,1,0,1,0
11920,5,zeros-la-3-3,zeros-la-3,689,11920,5,1516,1024,2,256,16,8,8,128,64,0,4,1024,0,0,4,2,0,0,5,2,2,2,1,0,1,1,1,0,1,0
11928,5,zeros-la-3-3,zeros-la-3,690,11928,5,1518,1024,2,256,16,8,8,128,64,2,8,1024,0,0,0,2,0,0,5,3,0,3,1,0,1,1,1,0,1,0
11944,5,zeros-la-3-3,zeros-la-3,691,11944,5,1520,1024,2,256,16,8,16,128,64,2,0,1024,0,2,0,2,0,0,5,4,0,1,2,0,1,1,1,0,1,0
11944,4,zeros-la-3-3,zeros-la-3,692,11944,4,1524,1024,2,256,16,8,16,128,64,2,1024,2,0,0,2,0,0,4,4,4,1,1,2,0,1,1,1,0,1,0
11944,3,zeros-la-3-3,zeros-la-3,693,11944,3,1526,1024,2,0,0,0,16,256,2,8,1024,128,16,2,2,2,64,4,3,5,1,1,2,0,1,1,1,0,1,0
11948,3,zeros-la-3-3,zeros-la-3,694,11948,3,1528,1024,2,0,0,0,16,256,2,8,1024,128,16,2,4,64,4,2,3,4,2,1,2,0,1,1,1,0,1,0
11952,3,zeros-la-3-3,zeros-la-3,695,11952,3,1530,1024,2,0,0,0,16,256,2,2,1024,128,16,8,4,64,4,4,3,3,3,1,2,0,1,1,1,0,1,0
11964,4,zeros-la-3-3,zeros-la-3,696,11964,4,1532,1024,2,0,0,0,16,256,4,2,1024,128,16,8,4,64,8,0,4,2,2,2,2,0,1,1,1,0,1,0
11964,3,zeros-la-3-3,zeros-la-3,697,11964,3,1534,1024,2,0,0,2,16,256,4,0,1024,128,16,2,4,64,8,8,3,3,2,2,2,0,1,1,1,0,1,0
11984,4,zeros-la-3-3,zeros-la-3,698,11984,4,1536,1024,4,0,0,0,16,256,4,2,1024,128,16,2,4,64,16,0,4,2,3,0,3,0,1,1,1,0,1,0
12020,5,zeros-la-3-3,zeros-la-3,699,12020,5,1538,1024,4,256,4,4,16,128,32,0,1024,64,0,2,4,0,0,0,5,1,4,0,1,1,1,1,1,0,1,0
12028,5,zeros-la-3-3,zeros-la-3,700,12028,5,1540,1024,4,256,8,0,16,128,32,0,1024,64,2,2,4,0,0,0,5,2,2,1,1,1,1,1,1,0,1,0
12032,5,zeros-la-3-3,zeros-la-3,701,12032,5,1542,1024,0,4,256,8,0,16,128,32,0,1024,64,4,2,0,0,4,5,1,3,1,1,1,1,1,1,0,1,0
12040,5,zeros-la-3-3,zeros-la-3,702,12040,5,1544,1024,0,0,0,2,0,4,256,8,0,16,128,32,2,1024,64,8,5,2,1,2,1,1,1,1,1,0,1,0
12040,4,zeros-la-3-3,zeros-la-3,703,12040,4,1546,1024,0,0,2,2,0,4,256,8,0,16,128,32,2,1024,64,8,4,3,1,2,1,1,1,1,1,0,1,0
12044,4,zeros-la-3-3,zeros-la-3,704,12044,4,1548,1024,4,2,0,0,4,256,8,0,16,128,32,0,2,1024,64,8,4,2,2,2,1,1,1,1,1,0,1,0
12052,4,zeros-la-3-3,zeros-la-3,705,12052,4,1550,1024,8,2,8,8,16,256,32,0,2,128,64,0,0,1024,0,2,4,3,0,3,1,1,1,1,1,0,1,0
12068,4,zeros-la-3-3,zeros-la-3,706,12068,4,1552,1024,2,8,2,16,0,16,256,32,0,2,128,64,0,0,1024,2,4,4,0,1,2,1,1,1,1,0,1,0
12068,3,zeros-la-3-3,zeros-la-3,707,12068,3,1554,1024,2,8,2,16,0,16,256,32,0,2,128,64,0,2,1024,2,3,5,0,1,2,1,1,1,1,0,1,0
12072,3,zeros-la-3-3,zeros-la-3,708,12072,3,1556,1024,2,0,2,16,0,8,256,32,0,16,128,64,2,4,1024,2,3,4,1,1,2,1,1,1,1,0,1,0
12076,3,zeros-la-3-3,zeros-la-3,709,12076,3,1558,1024,2,0,2,16,0,8,256,32,0,16,128,64,4,4,1024,2,3,3,2,1,2,1,1,1,1,0,1,0
12088,4,zeros-la-3-3,zeros-la-3,710,12088,4,1560,1024,4,16,0,0,8,256,32,0,16,128,64,2,8,1024,2,0,4,2,1,2,2,1,1,1,1,0,1,0
12088,3,zeros-la-3-3,zeros-la-3,711,12088,3,1562,1024,4,16,0,2,8,256,32,0,16,128,64,2,8,1024,2,0,3,3,1,2,2,1,1,1,1,0,1,0
12092,3,zeros-la-3-3,zeros-la-3,712,12092,3,1564,1024,4,16,32,4,8,256,64,2,16,128,2,0,8,1024,0,0,3,2,2,2,2,1,1,1,1,0,1,0
12092,2,zeros-la-3-3,zeros-la-3,713,12092,2,1566,1024,4,16,32,4,8,256,64,2,16,128,2,0,8,1024,0,2,2,3,2,2,2,1,1,1,1,0,1,0
12096,2,zeros-la-3-3,zeros-la-3,714,12096,2,1568,1024,4,16,32,4,8,256,64,4,16,128,2,2,8,1024,0,0,2,2,3,2,2,1,1,1,1,0,1,0
12104,2,zeros-la-3-3,zeros-la-3,715,12104,2,1570,1024,4,16,0,0,8,256,32,2,16,128,64,8,8,1024,2,2,2,3,1,3,2,1,1,1,1,0,1,0
12108,2,zeros-la-3-3,zeros-la-3,716,12108,2,1572,1024,4,16,2,0,8,256,32,2,16,128,64,8,8,1024,4,0,2,2,2,3,2,1,1,1,1,0,1,0
12108,1,zeros-la-3-3,zeros-la-3,717,12108,1,1574,1024,4,16,2,0,8,256,32,2,16,128,64,8,8,1024,4,2,1,3,2,3,2,1,1,1,1,0,1,0
12108,0,zeros-la-3-3,zeros-la-3,718,12108,0,1578,1024,4,16,2,2,8,256,32,8,16,128,64,2,8,1024,4,4,0,3,3,3,2,1,1,1,1,0,1,0
12120,1,zeros-la-3-3,zeros-la-3,719,12120,1,1580,1024,4,16,4,0,8,256,32,8,16,128,64,2,8,1024,8,2,1,2,2,4,2,1,1,1,1,0,1,0
12124,1,zeros-la-3-3,zeros-la-3,720,12124,1,1584,1024,4,16,4,4,8,256,32,0,16,128,64,8,8,1024,8,4,1,0,4,4,2,1,1,1,1,0,1,0
12132,1,zeros-la-3-3,zeros-la-3,721,12132,1,1586,1024,4,16,8,0,8,256,32,2,16,128,64,8,8,1024,8,4,1,1,2,5,2,1,1,1,1,0,1,0
12132,0,zeros-la-3-3,zeros-la-3,722,12132,0,1588,1024,4,16,8,2,8,256,32,2,16,128,64,8,8,1024,8,4,0,2,2,5,2,1,1,1,1,0,1,0
12136,0,zeros-la-3-3,zeros-la-3,723,12136,0,1590,1024,4,16,8,2,8,256,32,4,16,128,64,8,8,1024,8,4,0,1,3,5,2,1,1,1,1,0,1,0
0,13,zeros-la-3-4,zeros-la-3,0,0,13,8,4,0,0,0,0,0,0,0,0,0,0,4,0,2,0,0,2,13,2,1,0,0,0,0,0,0,0,0,0
4,13,zeros-la-3-4,zeros-la-3,1,4,13,10,4,0,0,0,0,0,0,0,0,0,0,0,4,0,0,2,4,13,1,2,0,0,0,0,0,0,0,0,0
12,13,zeros-la-3-4,zeros-la-3,2,12,13,14,8,0,0,0,0,0,4,0,0,0,0,0,0,0,0,2,8,13,1,1,1,0,0,0,0,0,0,0,0
12,12,zeros-la-3-4,zeros-la-3,3,12,12,16,8,0,0,0,0,0,0,0,4,0,2,0,0,0,0,2,8,12,2,1,1,0,0,0,0,0,0,0,0
12,11,zeros-la-3-4,zeros-la-3,4,12,11,18,8,0,0,2,0,4,0,0,0,2,0,0,0,2,8,0,0,11,3,1,1,0,0,0,0,0,0,0,0
16,11,zeros-la-3-4,zeros-la-3,5,16,11,20,8,0,0,0,0,0,0,0,0,4,0,0,2,4,8,2,0,11,2,2,1,0,0,0,0,0,0,0,0
24,11,zeros-la-3-4,zeros-la-3,6,24,11,22,8,8,8,2,2,0,0,0,0,0,0,0,0,2,0,0,0,11,3,0,2,0,0,0,0,0,0,0,0
44,12,zeros-la-3-4,zeros-la-3,7,44,12,24,16,16,4,0,0,0,0,0,0,2,0,0,0,2,0,0,0,12,2,1,0,1,0,0,0,0,0,0,0
48,12,zeros-la-3-4,zeros-la-3,8,48,12,26,16,0,0,0,0,0,0,0,0,16,0,0,0,4,4,2,0,12,1,2,0,1,0,0,0,0,0,0,0
56,12,zeros-la-3-4,zeros-la-3,9,56,12,30,16,0,4,0,0,0,0,0,0,16,0,0,0,8,2,0,0,12,1,1,1,1,0,0,0,0,0,0,0
56,11,zeros-la-3-4,zeros-la-3,10,56,11,32,16,4,0,0,0,0,0,0,0,16,0,2,0,8,2,0,0,11,2,1,1,1,0,0,0,0,0,0,0
56,10,zeros-la-3-4,zeros-la-3,11,56,10,36,16,4,2,2,0,16,0,0,0,8,0,0,0,0,4,0,0,10,2,2,1,1,0,0,0,0,0,0,0
60,10,zeros-la-3-4,zeros-la-3,12,60,10,38,16,4,4,0,0,16,0,0,2,8,0,0,0,4,0,0,0,10,1,3,1,1,0,0,0,0,0,0,0
60,9,zeros-la-3-4,zeros-la-3,13,60,9,40,16,4,4,0,2,16,0,0,0,8,0,2,0,4,0,0,0,9,2,3,1,1,0,0,0,0,0,0,0
60,8,zeros-la-3-4,zeros-la-3,14,60,8,42,16,4,4,2,2,16,0,0,0,8,0,0,2,4,0,0,0,8,3,3,1,1,0,0,0,0,0,0,0
64,8,zeros-la-3-4,zeros-la-3,15,64,8,44,16,4,2,0,0,16,0,0,0,8,0,0,0,4,4,2,4,8,2,4,1,1,0,0,0,0,0,0,0
72,8,zeros-la-3-4,zeros-la-3,16,72,8,46,16,4,2,0,0,16,0,0,0,8,0,0,2,8,2,4,0,8,3,2,2,1,0,0,0,0,0,0,0
92,9,zeros-la-3-4,zeros-la-3,17,92,9,48,16,0,0,2,0,4,0,0,0,16,0,0,0,16,4,4,2,9,2,3,0,2,0,0,0,0,0,0,0
100,9,zeros-la-3-4,zeros-la-3,18,100,9,50,16,2,0,0,0,4,0,0,0,16,2,0,0,16,8,2,0,9,3,1,1,2,0,0,0,0,0,0,0
132,9,zeros-la-3-4,zeros-la-3,19,132,9,52,32,2,2,2,2,4,8,0,0,32,0,0,0,0,0,0,0,9,4,1,1,0,1,0,0,0,0,0,0
140,10,zeros-la-3-4,zeros-la-3,20,140,10,54,32,4,4,0,0,4,8,0,0,32,0,2,0,0,0,0,0,10,1,3,1,0,1,0,0,0,0,0,0
148,10,zeros-la-3-4,zeros-la-3,21,148,10,56,32,0,2,0,8,0,0,4,8,0,0,32,2,0,0,0,0,10,2,1,2,0,1,0,0,0,0,0,0
164,10,zeros-la-3-4,zeros-la-3,22,164,10,60,32,0,2,4,16,0,0,32,2,0,0,0,0,0,0,0,4,10,2,2,0,1,1,0,0,0,0,0,0
164,9,zeros-la-3-4,zeros-la-3,23,164,9,62,32,2,4,16,0,32,2,0,0,2,0,0,0,4,0,0,0,9,3,2,0,1,1,0,0,0,0,0,0
164,8,zeros-la-3-4,zeros-la-3,24,164,8,64,32,0,2,4,16,0,0,32,2,0,0,0,2,0,2,0,4,8,4,2,0,1,1,0,0,0,0,0,0
172,9,zeros-la-3-4,zeros-la-3,25,172,9,66,32,0,0,2,0,0,0,0,16,0,0,4,4,0,4,32,4,9,1,4,0,1,1,0,0,0,0,0,0
180,9,zeros-la-3-4,zeros-la-3,26,180,9,68,32,0,0,0,0,2,0,2,0,0,0,4,16,0,4,32,8,9,2,2,1,1,1,0,0,0,0,0,0
184,9,zeros-la-3-4,zeros-la-3,27,184,9,70,32,0,0,0,0,4,0,0,0,4,16,0,2,4,32,8,0,9,1,3,1,1,1,0,0,0,0,0,0
184,8,zeros-la-3-4,zeros-la-3,28,184,8,72,32,0,0,0,0,4,0,0,2,4,16,2,0,4,32,8,0,8,2,3,1,1,1,0,0,0,0,0,0
192,8,zeros-la-3-4,zeros-la-3,29,192,8,76,32,8,16,2,2,4,32,8,0,4,0,0,0,0,0,0,0,8,2,2,2,1,1,0,0,0,0,0,0
200,8,zeros-la-3-4,zeros-la-3,30,200,8,78,32,8,16,2,2,8,32,8,0,0,0,0,0,0,0,0,2,8,3,0,3,1,1,0,0,0,0,0,0
220,9,zeros-la-3-4,zeros-la-3,31,220,9,82,32,0,0,4,0,0,0,0,0,0,16,2,0,16,32,8,4,9,1,2,1,2,1,0,0,0,0,0,0
220,8,zeros-la-3-4,zeros-la-3,32,220,8,84,32,16,16,4,4,0,32,2,0,0,0,8,0,0,0,0,2,8,2,2,1,2,1,0,0,0,0,0,0
260,9,zeros-la-3-4,zeros-la-3,33,260,9,86,32,32,8,0,0,32,2,0,0,8,0,0,0,2,0,0,2,9,3,0,2,0,2,0,0,0,0,0,0
324,9,zeros-la-3-4,zeros-la-3,34,324,9,88,64,64,8,0,2,8,2,0,0,2,0,0,0,0,2,0,0,9,4,0,2,0,0,1,0,0,0,0,0
324,8,zeros-la-3-4,zeros-la-3,35,324,8,90,64,0,64,8,2,0,0,8,2,0,0,0,2,0,0,2,2,8,5,0,2,0,0,1,0,0,0,0,0
348,10,zeros-la-3-4,zeros-la-3,36,348,10,92,64,0,64,16,4,0,0,2,4,2,0,0,0,0,0,0,0,10,2,2,0,1,0,1,0,0,0,0,0
356,10,zeros-la-3-4,zeros-la-3,37,356,10,94,64,2,64,16,8,0,2,2,0,0,0,0,0,0,0,0,0,10,3,0,1,1,0,1,0,0,0,0,0
356,9,zeros-la-3-4,zeros-la-3,38,356,9,96,64,2,64,16,8,0,2,2,0,0,2,0,0,0,0,0,0,9,4,0,1,1,0,1,0,0,0,0,0
360,9,zeros-la-3-4,zeros-la-3,39,360,9,98,64,2,64,16,8,4,0,2,0,2,0,0,0,0,0,0,0,9,3,1,1,1,0,1,0,0,0,0,0
360,8,zeros-la-3-4,zeros-la-3,40,360,8,100,64,2,64,16,8,4,2,2,0,2,0,0,0,0,0,0,0,8,4,1,1,1,0,1,0,0,0,0,0
364,8,zeros-la-3-4,zeros-la-3,41,364,8,102,64,2,64,16,8,0,0,4,4,0,2,0,2,0,0,0,0,8,3,2,1,1,0,1,0,0,0,0,0
376,9,zeros-la-3-4,zeros-la-3,42,376,9,104,64,2,64,16,8,2,0,0,8,0,0,0,4,0,0,0,0,9,2,1,2,1,0,1,0,0,0,0,0
396,10,zeros-la-3-4,zeros-la-3,43,396,10,108,64,4,64,16,16,0,4,0,4,0,0,0,0,0,0,0,0,10,0,3,0,2,0,1,0,0,0,0,0
436,11,zeros-la-3-4,zeros-la-3,44,436,11,110,64,4,64,32,0,8,0,0,0,0,0,0,2,0,0,0,0,11,1,1,1,0,1,1,0,0,0,0,0
436,10,zeros-la-3-4,zeros-la-3,45,436,10,112,64,4,64,32,2,8,0,2,0,0,0,0,0,0,0,0,0,10,2,1,1,0,1,1,0,0,0,0,0
436,9,zeros-la-3-4,zeros-la-3,46,436,9,114,64,0,0,0,0,0,0,0,0,4,2,32,0,8,64,2,2,9,3,1,1,0,1,1,0,0,0,0,0
440,9,zeros-la-3-4,zeros-la-3,47,440,9,116,64,0,0,0,0,2,0,0,0,4,2,32,0,8,64,4,0,9,2,2,1,0,1,1,0,0,0,0,0
440,8,zeros-la-3-4,zeros-la-3,48,440,8,118,64,0,0,0,0,2,0,2,0,4,2,32,0,8,64,4,0,8,3,2,1,0,1,1,0,0,0,0,0
444,8,zeros-la-3-4,zeros-la-3,49,444,8,120,64,0,0,0,2,4,0,0,0,4,2,32,0,8,64,4,0,8,2,3,1,0,1,1,0,0,0,0,0
452,8,zeros-la-3-4,zeros-la-3,50,452,8,124,64,0,4,0,0,0,0,0,0,8,2,32,0,8,64,4,2,8,2,2,2,0,1,1,0,0,0,0,0
468,8,zeros-la-3-4,zeros-la-3,51,468,8,126,64,16,4,32,2,0,2,4,0,0,64,0,0,0,2,0,0,8,3,2,0,1,1,1,0,0,0,0,0
468,7,zeros-la-3-4,zeros-la-3,52,468,7,128,64,16,4,32,2,2,4,0,0,64,0,0,0,2,0,0,2,7,4,2,0,1,1,1,0,0,0,0,0
480,8,zeros-la-3-4,zeros-la-3,53,480,8,132,64,16,8,32,4,2,0,0,0,64,0,0,0,2,4,0,0,8,2,2,1,1,1,1,0,0,0,0,0
480,7,zeros-la-3-4,zeros-la-3,54,480,7,134,64,16,2,0,0,2,0,0,0,64,8,0,0,2,4,32,4,7,3,2,1,1,1,1,0,0,0,0,0
480,6,zeros-la-3-4,zeros-la-3,55,480,6,138,64,0,0,16,2,0,0,0,2,4,0,64,8,2,4,32,4,6,3,3,1,1,1,1,0,0,0,0,0
484,6,zeros-la-3-4,zeros-la-3,56,484,6,142,64,4,4,16,4,2,0,64,8,0,0,32,4,0,0,0,4,6,1,5,1,1,1,1,0,0,0,0,0
492,6,zeros-la-3-4,zeros-la-3,57,492,6,144,64,4,4,16,4,2,0,64,8,0,2,32,8,0,0,0,0,6,2,3,2,1,1,1,0,0,0,0,0
508,6,zeros-la-3-4,zeros-la-3,58,508,6,146,64,4,4,16,4,2,2,64,16,0,0,32,0,0,2,0,0,6,3,3,0,2,1,1,0,0,0,0,0
520,7,zeros-la-3-4,zeros-la-3,59,520,7,148,64,8,16,4,0,4,64,16,0,32,0,0,2,2,0,0,0,7,2,2,1,2,1,1,0,0,0,0,0
520,6,zeros-la-3-4,zeros-la-3,60,520,6,150,64,8,16,4,2,4,64,16,0,32,0,0,0,2,0,2,0,6,3,2,1,2,1,1,0,0,0,0,0
520,5,zeros-la-3-4,zeros-la-3,61,520,5,152,64,8,0,0,0,4,0,4,0,32,16,16,2,2,64,2,2,5,4,2,1,2,1,1,0,0,0,0,0
564,7,zeros-la-3-4,zeros-la-3,62,564,7,154,64,8,0,0,0,8,0,0,2,32,32,2,0,2,64,4,0,7,3,1,2,0,2,1,0,0,0,0,0
628,7,zeros-la-3-4,zeros-la-3,63,628,7,156,64,0,0,0,8,0,0,8,2,2,0,64,2,0,2,64,4,7,4,1,2,0,0,2,0,0,0,0,0
760,8,zeros-la-3-4,zeros-la-3,64,760,8,160,128,2,2,8,8,0,0,128,4,0,0,0,4,0,0,4,0,8,2,3,2,0,0,0,1,0,0,0,0
780,9,zeros-la-3-4,zeros-la-3,65,780,9,162,128,0,0,4,16,0,2,128,4,0,0,0,4,0,0,0,4,9,1,4,0,1,0,0,1,0,0,0,0
788,9,zeros-la-3-4,zeros-la-3,66,788,9,164,128,0,2,0,0,0,0,0,16,0,0,4,4,0,2,128,8,9,2,2,1,1,0,0,1,0,0,0,0
796,9,zeros-la-3-4,zeros-la-3,67,796,9,166,128,0,0,0,2,0,0,0,16,0,0,0,8,2,2,128,8,9,3,0,2,1,0,0,1,0,0,0,0
812,9,zeros-la-3-4,zeros-la-3,68,812,9,168,128,0,0,0,0,2,0,0,2,0,0,0,16,2,2,128,16,9,4,0,0,2,0,0,1,0,0,0,0
848,10,zeros-la-3-4,zeros-la-3,69,848,10,170,128,0,0,0,0,0,2,0,0,0,0,0,2,4,2,128,32,10,3,1,0,0,1,0,1,0,0,0,0
848,9,zeros-la-3-4,zeros-la-3,70,848,9,172,128,0,0,0,0,2,0,2,0,2,0,0,0,4,2,128,32,9,4,1,0,0,1,0,1,0,0,0,0
852,9,zeros-la-3-4,zeros-la-3,71,852,9,174,128,4,2,2,32,4,0,128,0,0,0,0,0,0,2,0,0,9,3,2,0,0,1,0,1,0,0,0,0
856,9,zeros-la-3-4,zeros-la-3,72,856,9,176,128,0,4,4,32,2,0,4,128,0,0,0,0,0,0,0,2,9,2,3,0,0,1,0,1,0,0,0,0
864,9,zeros-la-3-4,zeros-la-3,73,864,9,178,128,8,32,0,0,2,4,128,0,0,0,2,0,2,0,0,0,9,3,1,1,0,1,0,1,0,0,0,0
868,9,zeros-la-3-4,zeros-la-3,74,868,9,180,128,8,32,128,0,4,4,2,2,0,0,0,0,0,0,0,0,9,2,2,1,0,1,0,1,0,0,0,0
880,10,zeros-la-3-4,zeros-la-3,75,880,10,182,128,8,32,128,0,8,4,0,0,0,0,2,0,0,0,0,0,10,1,1,2,0,1,0,1,0,0,0,0
896,10,zeros-la-3-4,zeros-la-3,76,896,10,184,128,0,0,0,2,0,0,0,0,0,32,128,0,16,4,2,0,10,2,1,0,1,1,0,1,0,0,0,0
896,9,zeros-la-3-4,zeros-la-3,77,896,9,186,128,16,32,128,2,0,4,2,0,2,0,0,0,0,0,0,0,9,3,1,0,1,1,0,1,0,0,0,0
896,8,zeros-la-3-4,zeros-la-3,78,896,8,188,128,16,32,128,2,4,2,0,2,2,0,0,0,0,0,0,0,8,4,1,0,1,1,0,1,0,0,0,0
900,8,zeros-la-3-4,zeros-la-3,79,900,8,190,128,16,32,128,2,4,4,0,0,2,0,0,2,0,0,0,0,8,3,2,0,1,1,0,1,0,0,0,0
912,9,zeros-la-3-4,zeros-la-3,80,912,9,192,128,16,32,128,2,8,0,2,0,4,0,0,0,0,0,0,0,9,2,1,1,1,1,0,1,0,0,0,0
912,8,zeros-la-3-4,zeros-la-3,81,912,8,194,128,16,32,128,2,0,0,8,2,0,0,0,4,0,0,0,2,8,3,1,1,1,1,0,1,0,0,0,0
916,8,zeros-la-3-4,zeros-la-3,82,916,8,196,128,16,32,128,4,0,0,8,4,0,0,0,2,0,2,0,0,8,2,2,1,1,1,0,1,0,0,0,0
924,8,zeros-la-3-4,zeros-la-3,83,924,8,200,128,16,32,128,8,0,2,8,2,4,0,0,0,0,0,0,0,8,2,1,2,1,1,0,1,0,0,0,0
924,7,zeros-la-3-4,zeros-la-3,84,924,7,202,128,16,32,128,8,0,2,8,2,2,0,0,4,0,0,0,0,7,3,1,2,1,1,0,1,0,0,0,0
924,6,zeros-la-3-4,zeros-la-3,85,924,6,204,128,16,32,128,8,2,8,2,2,2,4,0,0,0,0,0,0,6,4,1,2,1,1,0,1,0,0,0,0
928,6,zeros-la-3-4,zeros-la-3,86,928,6,206,128,16,32,128,8,0,2,8,4,2,0,2,4,0,0,0,0,6,3,2,2,1,1,0,1,0,0,0,0
936,6,zeros-la-3-4,zeros-la-3,87,936,6,208,128,16,32,128,8,2,2,8,8,0,0,2,0,2,0,0,0,6,4,0,3,1,1,0,1,0,0,0,0
956,7,zeros-la-3-4,zeros-la-3,88,956,7,210,128,16,32,128,8,4,16,0,0,2,0,0,0,2,2,0,0,7,3,1,1,2,1,0,1,0,0,0,0
960,7,zeros-la-3-4,zeros-la-3,89,960,7,212,128,0,0,2,0,16,32,0,0,4,16,0,0,4,2,128,8,7,2,2,1,2,1,0,1,0,0,0,0
968,7,zeros-la-3-4,zeros-la-3,90,968,7,216,128,0,0,0,0,0,32,0,4,16,16,2,0,8,2,128,8,7,2,1,2,2,1,0,1,0,0,0,0
1000,7,zeros-la-3-4,zeros-la-3,91,1000,7,218,128,0,0,2,0,32,4,0,0,32,2,0,0,8,2,128,8,7,3,1,2,0,2,0,1,0,0,0,0
1068,8,zeros-la-3-4,zeros-la-3,92,1068,8,222,128,4,0,0,0,0,0,0,0,64,4,2,0,8,4,128,8,8,1,3,2,0,0,1,1,0,0,0,0
1076,8,zeros-la-3-4,zeros-la-3,93,1076,8,224,128,0,0,0,0,4,2,0,0,64,0,2,0,8,8,128,8,8,2,1,3,0,0,1,1,0,0,0,0
1092,8,zeros-la-3-4,zeros-la-3,94,1092,8,226,128,0,0,0,0,4,2,0,0,64,2,2,0,16,128,8,0,8,3,1,1,1,0,1,1,0,0,0,0
1096,8,zeros-la-3-4,zeros-la-3,95,1096,8,228,128,4,4,2,0,64,128,8,0,16,0,2,0,0,0,0,0,8,2,2,1,1,0,1,1,0,0,0,0
1096,7,zeros-la-3-4,zeros-la-3,96,1096,7,230,128,0,0,2,0,4,0,2,0,64,4,8,0,16,128,2,0,7,3,2,1,1,0,1,1,0,0,0,0
1100,7,zeros-la-3-4,zeros-la-3,97,1100,7,232,128,0,0,0,0,4,0,4,0,64,4,8,2,16,128,2,0,7,2,3,1,1,0,1,1,0,0,0,0
1108,7,zeros-la-3-4,zeros-la-3,98,1108,7,236,128,4,0,0,0,0,0,0,8,64,4,8,2,0,16,128,2,7,2,2,2,1,0,1,1,0,0,0,0
1112,7,zeros-la-3-4,zeros-la-3,99,1112,7,238,128,4,4,8,8,64,16,128,4,0,0,0,0,2,0,0,0,7,1,3,2,1,0,1,1,0,0,0,0
1136,8,zeros-la-3-4,zeros-la-3,100,1136,8,240,128,8,16,0,0,64,16,128,4,0,0,0,0,2,2,0,0,8,2,1,1,2,0,1,1,0,0,0,0
1168,8,zeros-la-3-4,zeros-la-3,101,1168,8,244,128,0,0,0,0,8,4,0,0,64,32,0,0,2,2,128,4,8,2,2,1,0,1,1,1,0,0,0,0
1172,8,zeros-la-3-4,zeros-la-3,102,1172,8,246,128,0,0,0,0,8,4,0,0,64,32,0,0,4,128,4,2,8,1,3,1,0,1,1,1,0,0,0,0
1172,7,zeros-la-3-4,zeros-la-3,103,1172,7,248,128,8,4,4,2,64,32,2,0,4,128,0,0,0,0,0,0,7,2,3,1,0,1,1,1,0,0,0,0
1180,7,zeros-la-3-4,zeros-la-3,104,1180,7,250,128,0,8,8,2,0,64,32,2,0,0,4,128,2,0,0,0,7,3,1,2,0,1,1,1,0,0,0,0
1196,7,zeros-la-3-4,zeros-la-3,105,1196,7,252,128,16,2,0,2,64,32,2,0,4,128,0,0,2,0,0,0,7,4,1,0,1,1,1,1,0,0,0,0
1200,7,zeros-la-3-4,zeros-la-3,106,1200,7,256,128,16,4,0,0,64,32,2,0,4,128,0,4,2,0,0,0,7,2,3,0,1,1,1,1,0,0,0,0
1200,6,zeros-la-3-4,zeros-la-3,107,1200,6,258,128,16,4,0,0,64,32,2,2,4,128,4,0,2,0,0,0,6,3,3,0,1,1,1,1,0,0,0,0
1204,6,zeros-la-3-4,zeros-la-3,108,1204,6,260,128,2,0,16,4,0,64,32,4,0,4,128,4,0,0,0,2,6,2,4,0,1,1,1,1,0,0,0,0
1212,6,zeros-la-3-4,zeros-la-3,109,1212,6,264,128,2,64,16,8,0,4,32,4,0,4,128,2,0,0,0,0,6,2,3,1,1,1,1,1,0,0,0,0
1212,5,zeros-la-3-4,zeros-la-3,110,1212,5,266,128,2,64,16,8,4,32,4,0,4,128,2,2,0,0,0,0,5,3,3,1,1,1,1,1,0,0,0,0
1216,5,zeros-la-3-4,zeros-la-3,111,1216,5,268,128,2,64,16,8,0,4,32,4,0,4,128,4,0,0,2,0,5,2,4,1,1,1,1,1,0,0,0,0
1232,6,zeros-la-3-4,zeros-la-3,112,1232,6,270,128,2,64,16,8,0,8,32,8,0,0,128,0,0,2,2,0,6,3,0,3,1,1,1,1,0,0,0,0
1248,6,zeros-la-3-4,zeros-la-3,113,1248,6,272,128,2,64,16,16,0,8,32,0,0,2,128,2,0,0,2,0,6,4,0,1,2,1,1,1,0,0,0,0
1280,6,zeros-la-3-4,zeros-la-3,114,1280,6,274,128,0,2,64,32,0,0,8,32,0,2,128,2,0,0,2,2,6,5,0,1,0,2,1,1,0,0,0,0
1352,8,zeros-la-3-4,zeros-la-3,115,1352,8,276,128,0,4,64,64,2,0,8,4,0,0,128,0,0,0,2,0,8,2,2,1,0,0,2,1,0,0,0,0
1480,8,zeros-la-3-4,zeros-la-3,116,1480,8,278,128,2,0,4,128,0,2,8,4,0,0,0,128,0,0,0,2,8,3,2,1,0,0,0,2,0,0,0,0
1480,7,zeros-la-3-4,zeros-la-3,117,1480,7,280,128,2,2,4,128,0,0,8,4,0,2,0,128,0,0,0,2,7,4,2,1,0,0,0,2,0,0,0,0
1484,7,zeros-la-3-4,zeros-la-3,118,1484,7,282,128,4,4,128,0,8,4,0,0,2,128,2,0,2,0,0,0,7,3,3,1,0,0,0,2,0,0,0,0
1492,7,zeros-la-3-4,zeros-la-3,119,1492,7,284,128,0,0,8,128,0,2,8,4,0,2,128,2,0,0,0,2,7,4,1,2,0,0,0,2,0,0,0,0
1516,9,zeros-la-3-4,zeros-la-3,120,1516,9,286,128,0,0,0,0,0,0,0,128,0,0,16,4,2,4,128,4,9,1,3,0,1,0,0,2,0,0,0,0
1524,9,zeros-la-3-4,zeros-la-3,121,1524,9,288,128,0,2,0,0,0,0,0,0,0,0,16,128,2,4,128,8,9,2,1,1,1,0,0,2,0,0,0,0
1524,8,zeros-la-3-4,zeros-la-3,122,1524,8,290,128,0,2,0,2,0,0,0,0,0,0,16,128,2,4,128,8,8,3,1,1,1,0,0,2,0,0,0,0
1528,8,zeros-la-3-4,zeros-la-3,123,1528,8,292,128,0,0,0,4,0,2,0,0,0,0,16,128,2,4,128,8,8,2,2,1,1,0,0,2,0,0,0,0
1528,7,zeros-la-3-4,zeros-la-3,124,1528,7,294,128,2,2,16,4,0,4,128,128,0,0,0,8,0,0,2,0,7,3,2,1,1,0,0,2,0,0,0,0
1788,8,zeros-la-3-4,zeros-la-3,125,1788,8,296,256,4,16,4,0,4,256,0,0,8,2,0,0,2,0,0,0,8,2,3,1,1,0,0,0,1,0,0,0
1796,8,zeros-la-3-4,zeros-la-3,126,1796,8,298,256,0,0,0,0,8,16,0,0,8,256,2,0,2,2,4,0,8,3,1,2,1,0,0,0,1,0,0,0
1800,8,zeros-la-3-4,zeros-la-3,127,1800,8,300,256,0,2,0,0,8,16,0,0,8,256,2,0,4,4,0,0,8,2,2,2,1,0,0,0,1,0,0,0
1808,8,zeros-la-3-4,zeros-la-3,128,1808,8,302,256,2,0,0,0,8,16,0,0,8,256,2,0,8,2,0,0,8,3,0,3,1,0,0,0,1,0,0,0
1824,8,zeros-la-3-4,zeros-la-3,129,1824,8,304,256,2,16,2,0,16,256,2,0,8,2,0,0,0,0,0,0,8,4,0,1,2,0,0,0,1,0,0,0
1828,8,zeros-la-3-4,zeros-la-3,130,1828,8,306,256,2,16,4,0,16,256,0,0,8,2,2,0,0,0,0,0,8,3,1,1,2,0,0,0,1,0,0,0
1832,8,zeros-la-3-4,zeros-la-3,131,1832,8,308,256,0,2,16,4,0,0,16,256,0,0,8,4,0,0,2,0,8,2,2,1,2,0,0,0,1,0,0,0
1864,8,zeros-la-3-4,zeros-la-3,132,1864,8,310,256,0,0,0,2,0,0,32,4,0,0,8,256,0,2,2,4,8,3,2,1,0,1,0,0,1,0,0,0
1868,8,zeros-la-3-4,zeros-la-3,133,1868,8,312,256,2,0,0,0,32,4,0,0,8,256,2,0,4,4,0,0,8,2,3,1,0,1,0,0,1,0,0,0
1876,8,zeros-la-3-4,zeros-la-3,134,1876,8,314,256,2,0,0,0,32,4,0,0,8,256,2,0,8,0,2,0,8,3,1,2,0,1,0,0,1,0,0,0
1896,9,zeros-la-3-4,zeros-la-3,135,1896,9,316,256,0,0,0,0,2,0,0,0,32,4,0,0,16,256,4,2,9,2,2,0,1,1,0,0,1,0,0,0
1896,8,zeros-la-3-4,zeros-la-3,136,1896,8,318,256,2,4,4,2,32,256,0,0,16,0,0,2,0,0,0,0,8,3,2,0,1,1,0,0,1,0,0,0
1900,8,zeros-la-3-4,zeros-la-3,137,1900,8,320,256,0,0,0,0,2,0,0,0,32,4,2,0,16,256,4,4,8,2,3,0,1,1,0,0,1,0,0,0
1908,8,zeros-la-3-4,zeros-la-3,138,1908,8,322,256,0,0,2,0,0,0,0,2,0,32,4,2,0,16,256,8,8,3,1,1,1,1,0,0,1,0,0,0
1912,8,zeros-la-3-4,zeros-la-3,139,1912,8,324,256,0,0,0,0,0,0,2,0,2,32,4,4,0,16,256,8,8,2,2,1,1,1,0,0,1,0,0,0
1920,8,zeros-la-3-4,zeros-la-3,140,1920,8,328,256,0,0,0,0,2,0,0,0,2,32,8,0,16,256,8,4,8,2,1,2,1,1,0,0,1,0,0,0
1940,9,zeros-la-3-4,zeros-la-3,141,1940,9,330,256,0,2,0,0,0,0,0,0,4,32,0,0,16,256,16,4,9,1,2,0,2,1,0,0,1,0,0,0
1940,8,zeros-la-3-4,zeros-la-3,142,1940,8,332,256,0,0,0,2,0,0,0,2,0,0,4,32,16,256,16,4,8,2,2,0,2,1,0,0,1,0,0,0
1944,8,zeros-la-3-4,zeros-la-3,143,1944,8,334,256,16,256,4,4,2,0,16,32,0,0,0,4,0,0,0,0,8,1,3,0,2,1,0,0,1,0,0,0
1952,8,zeros-la-3-4,zeros-la-3,144,1952,8,336,256,0,16,256,8,0,2,16,32,0,0,0,4,0,0,0,2,8,2,1,1,2,1,0,0,1,0,0,0
1952,7,zeros-la-3-4,zeros-la-3,145,1952,7,338,256,2,0,0,8,0,0,0,32,0,16,256,4,0,2,16,2,7,3,1,1,2,1,0,0,1,0,0,0
1952,6,zeros-la-3-4,zeros-la-3,146,1952,6,342,256,2,16,256,8,0,2,16,32,0,0,0,4,4,0,0,2,6,3,2,1,2,1,0,0,1,0,0,0
1952,5,zeros-la-3-4,zeros-la-3,147,1952,5,344,256,2,16,256,8,2,16,32,0,4,0,2,0,4,2,0,0,5,4,2,1,2,1,0,0,1,0,0,0
1996,7,zeros-la-3-4,zeros-la-3,148,1996,7,346,256,0,0,0,2,0,0,256,0,4,32,32,0,8,2,2,8,7,3,1,2,0,2,0,0,1,0,0,0
2064,8,zeros-la-3-4,zeros-la-3,149,2064,8,348,256,0,0,0,2,0,0,0,256,0,2,4,64,0,8,4,8,8,2,2,2,0,0,1,0,1,0,0,0
2072,8,zeros-la-3-4,zeros-la-3,150,2072,8,350,256,0,0,0,2,0,0,0,256,2,2,0,64,0,8,8,8,8,3,0,3,0,0,1,0,1,0,0,0
2092,9,zeros-la-3-4,zeros-la-3,151,2092,9,352,256,2,0,0,2,0,0,0,256,0,0,4,64,0,0,8,16,9,2,1,1,1,0,1,0,1,0,0,0
2096,9,zeros-la-3-4,zeros-la-3,152,2096,9,354,256,0,0,0,4,2,0,0,256,0,0,4,64,0,0,8,16,9,1,2,1,1,0,1,0,1,0,0,0
2096,8,zeros-la-3-4,zeros-la-3,153,2096,8,356,256,2,0,4,4,0,2,8,256,0,0,0,64,0,0,0,16,8,2,2,1,1,0,1,0,1,0,0,0
2104,8,zeros-la-3-4,zeros-la-3,154,2104,8,358,256,2,8,0,0,2,8,256,0,64,0,0,2,16,0,0,0,8,3,0,2,1,0,1,0,1,0,0,0
2124,9,zeros-la-3-4,zeros-la-3,155,2124,9,360,256,0,0,0,2,4,0,0,0,64,0,0,0,16,16,256,2,9,2,1,0,2,0,1,0,1,0,0,0
2128,9,zeros-la-3-4,zeros-la-3,156,2128,9,364,256,0,0,0,0,4,0,0,0,64,0,4,0,16,16,256,4,9,0,3,0,2,0,1,0,1,0,0,0
2160,9,zeros-la-3-4,zeros-la-3,157,2160,9,366,256,0,0,0,0,0,0,0,4,2,0,64,4,0,32,256,4,9,1,3,0,0,1,1,0,1,0,0,0
2168,9,zeros-la-3-4,zeros-la-3,158,2168,9,368,256,2,32,64,8,0,0,256,4,0,0,0,2,0,0,0,0,9,2,1,1,0,1,1,0,1,0,0,0
2168,8,zeros-la-3-4,zeros-la-3,159,2168,8,372,256,2,32,64,8,0,0,256,4,0,0,0,2,4,0,0,0,8,2,2,1,0,1,1,0,1,0,0,0
2168,7,zeros-la-3-4,zeros-la-3,160,2168,7,374,256,2,32,64,8,0,0,256,4,0,0,0,2,2,0,0,4,7,3,2,1,0,1,1,0,1,0,0,0
2168,6,zeros-la-3-4,zeros-la-3,161,2168,6,376,256,2,32,64,8,256,4,0,0,2,0,0,0,2,4,0,2,6,4,2,1,0,1,1,0,1,0,0,0
2180,7,zeros-la-3-4,zeros-la-3,162,2180,7,378,256,2,32,64,8,256,8,0,2,4,0,0,0,0,0,0,2,7,3,1,2,0,1,1,0,1,0,0,0
2184,7,zeros-la-3-4,zeros-la-3,163,2184,7,380,256,0,0,0,0,2,0,0,2,256,32,0,8,4,8,64,4,7,2,2,2,0,1,1,0,1,0,0,0
2184,6,zeros-la-3-4,zeros-la-3,164,2184,6,384,256,2,32,64,2,256,8,0,8,4,0,4,4,0,0,0,0,6,2,3,2,0,1,1,0,1,0,0,0
2208,7,zeros-la-3-4,zeros-la-3,165,2208,7,386,256,2,32,64,2,0,0,256,16,0,0,4,8,2,0,0,0,7,3,1,1,1,1,1,0,1,0,0,0
2212,7,zeros-la-3-4,zeros-la-3,166,2212,7,390,256,4,0,0,0,0,0,64,2,0,0,256,16,4,32,4,8,7,1,3,1,1,1,1,0,1,0,0,0
2220,7,zeros-la-3-4,zeros-la-3,167,2220,7,392,256,2,0,0,0,0,0,64,2,0,0,256,16,8,32,4,8,7,2,1,2,1,1,1,0,1,0,0,0
2220,6,zeros-la-3-4,zeros-la-3,168,2220,6,394,256,0,0,0,2,0,2,64,2,0,0,256,16,8,32,4,8,6,3,1,2,1,1,1,0,1,0,0,0
2220,5,zeros-la-3-4,zeros-la-3,169,2220,5,396,256,2,0,0,0,2,64,2,2,256,16,0,0,8,32,4,8,5,4,1,2,1,1,1,0,1,0,0,0
2224,5,zeros-la-3-4,zeros-la-3,170,2224,5,398,256,2,0,0,0,2,64,4,2,256,16,0,0,8,32,4,8,5,3,2,2,1,1,1,0,1,0,0,0
2236,6,zeros-la-3-4,zeros-la-3,171,2236,6,400,256,2,0,0,0,4,64,0,0,256,16,0,2,8,32,8,8,6,2,1,3,1,1,1,0,1,0,0,0
2252,6,zeros-la-3-4,zeros-la-3,172,2252,6,402,256,2,0,0,0,4,64,0,0,256,16,2,2,8,32,16,0,6,3,1,1,2,1,1,0,1,0,0,0
2256,6,zeros-la-3-4,zeros-la-3,173,2256,6,404,256,2,0,0,0,4,64,2,0,256,16,4,0,8,32,16,0,6,2,2,1,2,1,1,0,1,0,0,0
2256,5,zeros-la-3-4,zeros-la-3,174,2256,5,406,256,2,0,0,2,4,64,2,0,256,16,4,0,8,32,16,0,5,3,2,1,2,1,1,0,1,0,0,0
2260,5,zeros-la-3-4,zeros-la-3,175,2260,5,408,256,4,0,0,0,4,64,2,2,256,16,4,0,8,32,16,0,5,2,3,1,2,1,1,0,1,0,0,0
2268,5,zeros-la-3-4,zeros-la-3,176,2268,5,410,256,0,0,0,0,8,64,2,0,256,16,4,2,8,32,16,2,5,3,1,2,2,1,1,0,1,0,0,0
2272,5,zeros-la-3-4,zeros-la-3,177,2272,5,412,256,0,0,2,0,8,64,2,0,256,16,4,0,8,32,16,4,5,2,2,2,2,1,1,0,1,0,0,0
2276,5,zeros-la-3-4,zeros-la-3,178,2276,5,414,256,0,2,0,0,8,64,4,0,256,16,4,0,8,32,16,4,5,1,3,2,2,1,1,0,1,0,0,0
2276,4,zeros-la-3-4,zeros-la-3,179,2276,4,416,256,0,0,0,2,2,8,64,4,0,256,16,4,8,32,16,4,4,2,3,2,2,1,1,0,1,0,0,0
2316,5,zeros-la-3-4,zeros-la-3,180,2316,5,418,256,0,0,0,2,0,8,0,2,2,256,64,4,8,32,32,8,5,3,1,3,0,2,1,0,1,0,0,0
2380,5,zeros-la-3-4,zeros-la-3,181,2380,5,420,256,0,0,2,2,0,0,8,2,2,256,64,4,0,8,64,8,5,4,1,3,0,0,2,0,1,0,0,0
2512,6,zeros-la-3-4,zeros-la-3,182,2512,6,422,256,0,0,0,0,2,0,2,4,0,256,8,4,2,8,128,8,6,3,2,3,0,0,0,1,1,0,0,0
2524,7,zeros-la-3-4,zeros-la-3,183,2524,7,424,256,2,0,0,0,0,0,2,0,0,256,8,8,4,8,128,8,7,2,1,4,0,0,0,1,1,0,0,0
2540,7,zeros-la-3-4,zeros-la-3,184,2540,7,426,256,2,0,0,0,2,0,0,0,256,16,0,2,4,8,128,8,7,3,1,2,1,0,0,1,1,0,0,0
2544,7,zeros-la-3-4,zeros-la-3,185,2544,7,428,256,4,16,128,2,256,8,0,8,4,0,2,0,0,0,0,0,7,2,2,2,1,0,0,1,1,0,0,0
2560,7,zeros-la-3-4,zeros-la-3,186,2560,7,430,256,4,16,128,2,256,16,2,0,4,2,0,0,0,0,0,0,7,3,2,0,2,0,0,1,1,0,0,0
2592,7,zeros-la-3-4,zeros-la-3,187,2592,7,434,256,4,32,128,2,256,2,2,0,4,0,0,0,0,4,0,0,7,3,3,0,0,1,0,1,1,0,0,0
2592,6,zeros-la-3-4,zeros-la-3,188,2592,6,436,256,4,32,128,2,256,2,2,0,4,4,0,0,0,0,2,0,6,4,3,0,0,1,0,1,1,0,0,0
2604,7,zeros-la-3-4,zeros-la-3,189,2604,7,438,256,4,32,128,2,256,4,0,0,8,0,0,0,2,2,0,0,7,3,2,1,0,1,0,1,1,0,0,0
2608,7,zeros-la-3-4,zeros-la-3,190,2608,7,440,256,4,32,128,2,256,4,0,2,8,0,0,0,4,0,0,0,7,2,3,1,0,1,0,1,1,0,0,0
2612,7,zeros-la-3-4,zeros-la-3,191,2612,7,442,256,4,0,0,0,256,0,2,0,8,32,0,0,4,4,128,4,7,1,4,1,0,1,0,1,1,0,0,0
2620,7,zeros-la-3-4,zeros-la-3,192,2620,7,444,256,4,0,2,0,256,2,0,0,8,32,0,0,8,128,4,0,7,2,2,2,0,1,0,1,1,0,0,0
2636,7,zeros-la-3-4,zeros-la-3,193,2636,7,446,256,4,2,2,0,256,32,4,0,16,128,0,0,2,0,0,0,7,3,2,0,1,1,0,1,1,0,0,0
2640,7,zeros-la-3-4,zeros-la-3,194,2640,7,448,256,2,0,4,4,0,256,32,4,0,0,16,128,0,0,0,2,7,2,3,0,1,1,0,1,1,0,0,0
2648,7,zeros-la-3-4,zeros-la-3,195,2648,7,450,256,0,0,2,8,0,256,32,4,0,0,16,128,0,2,0,2,7,3,1,1,1,1,0,1,1,0,0,0
2652,7,zeros-la-3-4,zeros-la-3,196,2652,7,452,256,0,0,2,8,0,256,32,4,0,0,16,128,0,0,2,4,7,2,2,1,1,1,0,1,1,0,0,0
2652,6,zeros-la-3-4,zeros-la-3,197,2652,6,454,256,0,2,2,8,0,256,32,4,0,0,16,128,0,0,2,4,6,3,2,1,1,1,0,1,1,0,0,0
2652,5,zeros-la-3-4,zeros-la-3,198,2652,5,456,256,2,2,2,8,0,256,32,4,0,0,16,128,0,0,2,4,5,4,2,1,1,1,0,1,1,0,0,0
2656,5,zeros-la-3-4,zeros-la-3,199,2656,5,458,256,0,2,4,8,0,256,32,4,0,0,16,128,2,0,2,4,5,3,3,1,1,1,0,1,1,0,0,0
2660,5,zeros-la-3-4,zeros-la-3,200,2660,5,460,256,0,2,4,8,0,256,32,4,0,2,16,128,0,0,4,4,5,2,4,1,1,1,0,1,1,0,0,0
2660,4,zeros-la-3-4,zeros-la-3,201,2660,4,464,256,0,0,4,8,4,2,32,4,0,256,16,128,0,2,4,4,4,2,5,1,1,1,0,1,1,0,0,0
2668,4,zeros-la-3-4,zeros-la-3,202,2668,4,466,256,4,8,0,0,4,2,32,4,256,16,128,0,2,8,0,2,4,3,3,2,1,1,0,1,1,0,0,0
2676,4,zeros-la-3-4,zeros-la-3,203,2676,4,468,256,8,8,32,4,256,2,128,2,2,16,0,0,2,8,0,0,4,4,1,3,1,1,0,1,1,0,0,0
2692,4,zeros-la-3-4,zeros-la-3,204,2692,4,470,256,16,32,4,2,256,2,128,2,2,16,0,0,2,8,0,0,4,5,1,1,2,1,0,1,1,0,0,0
2700,5,zeros-la-3-4,zeros-la-3,205,2700,5,472,256,16,32,4,4,256,2,128,2,4,16,0,0,0,8,0,0,5,2,3,1,2,1,0,1,1,0,0,0
2708,5,zeros-la-3-4,zeros-la-3,206,2708,5,474,256,16,32,8,2,256,2,128,2,4,16,0,0,8,0,0,0,5,3,1,2,2,1,0,1,1,0,0,0
2708,4,zeros-la-3-4,zeros-la-3,207,2708,4,476,256,16,32,8,2,256,2,128,2,0,0,4,16,0,2,0,8,4,4,1,2,2,1,0,1,1,0,0,0
2716,5,zeros-la-3-4,zeros-la-3,208,2716,5,478,256,0,0,0,0,2,0,8,4,16,32,128,16,256,4,4,8,5,1,3,2,2,1,0,1,1,0,0,0
2724,5,zeros-la-3-4,zeros-la-3,209,2724,5,480,256,0,0,0,2,0,2,8,4,16,32,128,16,0,256,8,8,5,2,1,3,2,1,0,1,1,0,0,0
2740,5,zeros-la-3-4,zeros-la-3,210,2740,5,482,256,2,0,0,0,2,8,4,0,16,32,128,16,256,16,0,2,5,3,1,1,3,1,0,1,1,0,0,0
2744,5,zeros-la-3-4,zeros-la-3,211,2744,5,486,256,0,0,4,0,4,8,0,0,16,32,4,16,256,16,128,2,5,1,3,1,3,1,0,1,1,0,0,0
2752,5,zeros-la-3-4,zeros-la-3,212,2752,5,488,256,4,8,8,16,16,32,128,2,256,16,0,2,0,0,0,0,5,2,1,2,3,1,0,1,1,0,0,0
2768,5,zeros-la-3-4,zeros-la-3,213,2768,5,490,256,0,4,16,16,16,32,128,2,0,256,16,2,0,0,2,0,5,3,1,0,4,1,0,1,1,0,0,0
2800,5,zeros-la-3-4,zeros-la-3,214,2800,5,492,256,4,32,0,0,16,32,128,2,256,16,2,0,2,0,0,2,5,4,1,0,2,2,0,1,1,0,0,0
2868,6,zeros-la-3-4,zeros-la-3,215,2868,6,494,256,4,64,128,4,16,16,2,0,256,0,0,2,2,0,0,0,6,3,2,0,2,0,1,1,1,0,0,0
2868,5,zeros-la-3-4,zeros-la-3,216,2868,5,496,256,4,64,128,4,16,16,2,2,256,0,0,0,2,0,0,2,5,4,2,0,2,0,1,1,1,0,0,0
2908,7,zeros-la-3-4,zeros-la-3,217,2908,7,498,256,4,64,128,4,0,0,32,4,0,0,0,256,0,0,2,4,7,1,4,0,0,1,1,1,1,0,0,0
2908,6,zeros-la-3-4,zeros-la-3,218,2908,6,502,256,4,64,128,4,0,0,32,4,0,0,4,256,0,0,2,4,6,1,5,0,0,1,1,1,1,0,0,0
2916,6,zeros-la-3-4,zeros-la-3,219,2916,6,504,256,4,64,128,8,0,0,32,256,0,0,4,4,0,0,2,2,6,2,3,1,0,1,1,1,1,0,0,0
2928,7,zeros-la-3-4,zeros-la-3,220,2928,7,506,256,4,64,128,8,32,256,0,0,8,2,0,0,4,0,0,0,7,1,2,2,0,1,1,1,1,0,0,0
2928,6,zeros-la-3-4,zeros-la-3,221,2928,6,508,256,4,64,128,8,32,256,0,0,8,2,0,0,4,0,2,0,6,2,2,2,0,1,1,1,1,0,0,0
2928,5,zeros-la-3-4,zeros-la-3,222,2928,5,510,256,4,0,0,2,32,64,0,0,8,256,128,0,4,2,2,8,5,3,2,2,0,1,1,1,1,0,0,0
2932,5,zeros-la-3-4,zeros-la-3,223,2932,5,512,256,4,2,0,0,32,64,2,0,8,256,128,0,4,4,8,0,5,2,3,2,0,1,1,1,1,0,0,0
2940,5,zeros-la-3-4,zeros-la-3,224,2940,5,514,256,4,2,2,0,32,64,2,0,8,256,128,0,8,8,0,0,5,3,1,3,0,1,1,1,1,0,0,0
2960,6,zeros-la-3-4,zeros-la-3,225,2960,6,516,256,4,4,0,2,32,64,2,0,8,256,128,0,16,0,0,0,6,2,2,1,1,1,1,1,1,0,0,0
2968,6,zeros-la-3-4,zeros-la-3,226,2968,6,518,256,0,0,8,2,2,32,64,2,0,8,256,128,0,0,0,16,6,3,0,2,1,1,1,1,1,0,0,0
2972,6,zeros-la-3-4,zeros-la-3,227,2972,6,520,256,2,32,8,4,0,8,64,128,0,2,256,16,0,0,0,0,6,2,1,2,1,1,1,1,1,0,0,0
2972,5,zeros-la-3-4,zeros-la-3,228,2972,5,522,256,2,32,8,4,2,8,64,128,0,2,256,16,0,0,0,0,5,3,1,2,1,1,1,1,1,0,0,0
2972,4,zeros-la-3-4,zeros-la-3,229,2972,4,524,256,2,32,8,4,2,8,64,128,2,256,16,0,0,0,2,0,4,4,1,2,1,1,1,1,1,0,0,0
2972,3,zeros-la-3-4,zeros-la-3,230,2972,3,526,256,2,32,8,4,2,8,64,128,2,256,16,0,2,2,0,0,3,5,1,2,1,1,1,1,1,0,0,0
2980,4,zeros-la-3-4,zeros-la-3,231,2980,4,528,256,2,32,0,0,0,8,8,0,4,256,64,4,4,2,16,128,4,2,3,2,1,1,1,1,1,0,0,0
2988,4,zeros-la-3-4,zeros-la-3,232,2988,4,530,256,2,32,8,4,8,8,64,128,0,256,16,0,2,2,0,0,4,3,1,3,1,1,1,1,1,0,0,0
3008,5,zeros-la-3-4,zeros-la-3,233,3008,5,532,256,2,32,8,4,0,16,64,128,0,0,256,16,2,0,0,4,5,2,2,1,2,1,1,1,1,0,0,0
3012,5,zeros-la-3-4,zeros-la-3,234,3012,5,534,256,4,32,8,4,0,16,64,128,0,2,256,16,0,0,0,4,5,1,3,1,2,1,1,1,1,0,0,0
3012,4,zeros-la-3-4,zeros-la-3,235,3012,4,536,256,4,32,8,4,0,16,64,128,2,2,256,16,0,0,0,4,4,2,3,1,2,1,1,1,1,0,0,0
3016,4,zeros-la-3-4,zeros-la-3,236,3016,4,538,256,4,32,8,4,0,16,64,128,2,4,256,16,0,0,0,4,4,1,4,1,2,1,1,1,1,0,0,0
3016,3,zeros-la-3-4,zeros-la-3,237,3016,3,540,256,4,32,8,4,0,16,64,128,2,4,256,16,2,0,0,4,3,2,4,1,2,1,1,1,1,0,0,0
3020,3,zeros-la-3-4,zeros-la-3,238,3020,3,542,256,4,32,8,4,4,16,64,128,0,4,256,16,0,2,0,4,3,1,5,1,2,1,1,1,1,0,0,0
3028,3,zeros-la-3-4,zeros-la-3,239,3028,3,546,256,8,32,8,4,0,16,64,128,4,4,256,16,0,2,0,4,3,1,4,2,2,1,1,1,1,0,0,0
3036,3,zeros-la-3-4,zeros-la-3,240,3036,3,550,256,8,32,8,4,16,64,128,0,8,256,16,4,2,4,0,0,3,1,3,3,2,1,1,1,1,0,0,0
3044,3,zeros-la-3-4,zeros-la-3,241,3044,3,552,256,8,32,8,8,16,64,128,2,8,256,16,0,2,4,0,0,3,2,1,4,2,1,1,1,1,0,0,0
3060,3,zeros-la-3-4,zeros-la-3,242,3060,3,556,256,0,8,32,16,16,64,128,2,4,8,256,16,0,0,2,4,3,2,2,2,3,1,1,1,1,0,0,0
3060,2,zeros-la-3-4,zeros-la-3,243,3060,2,558,256,16,8,32,16,4,64,128,2,0,8,256,16,0,2,2,4,2,3,2,2,3,1,1,1,1,0,0,0
3064,2,zeros-la-3-4,zeros-la-3,244,3064,2,560,256,16,8,32,16,4,64,128,2,8,256,16,0,4,4,0,2,2,2,3,2,3,1,1,1,1,0,0,0
3072,2,zeros-la-3-4,zeros-la-3,245,3072,2,564,256,16,8,32,16,4,64,128,2,8,256,16,0,8,2,0,4,2,2,2,3,3,1,1,1,1,0,0,0
3088,2,zeros-la-3-4,zeros-la-3,246,3088,2,566,256,16,8,32,16,4,64,128,2,16,256,16,4,2,2,0,0,2,3,2,1,4,1,1,1,1,0,0,0
3092,2,zeros-la-3-4,zeros-la-3,247,3092,2,568,256,16,8,32,16,4,64,128,2,16,256,16,4,0,0,2,4,2,2,3,1,4,1,1,1,1,0,0,0
3100,2,zeros-la-3-4,zeros-la-3,248,3100,2,570,256,16,8,32,16,4,64,128,2,16,256,16,8,0,0,2,2,2,3,1,2,4,1,1,1,1,0,0,0
3104,2,zeros-la-3-4,zeros-la-3,249,3104,2,572,256,16,8,32,16,4,64,128,2,16,256,16,8,4,0,0,2,2,2,2,2,4,1,1,1,1,0,0,0
3104,1,zeros-la-3-4,zeros-la-3,250,3104,1,574,256,16,8,32,16,4,64,128,2,16,256,16,8,4,2,0,2,1,3,2,2,4,1,1,1,1,0,0,0
3108,1,zeros-la-3-4,zeros-la-3,251,3108,1,576,256,16,8,32,16,4,64,128,2,16,256,16,8,0,2,4,4,1,2,3,2,4,1,1,1,1,0,0,0
3116,1,zeros-la-3-4,zeros-la-3,252,3116,1,578,256,16,8,32,16,4,64,128,2,16,256,16,8,0,2,2,8,1,3,1,3,4,1,1,1,1,0,0,0
3132,1,zeros-la-3-4,zeros-la-3,253,3132,1,580,256,16,8,32,16,4,64,128,2,16,256,16,16,2,2,2,0,1,4,1,1,5,1,1,1,1,0,0,0
3132,0,zeros-la-3-4,zeros-la-3,254,3132,0,582,256,16,8,32,16,4,64,128,2,16,256,16,16,2,2,2,2,0,5,1,1,5,1,1,1,1,0,0,0
3172,2,zeros-la-3-4,zeros-la-3,255,3172,2,584,256,16,8,32,16,4,64,128,2,16,256,32,0,4,4,0,2,2,2,3,1,3,2,1,1,1,0,0,0
3180,2,zeros-la-3-4,zeros-la-3,256,3180,2,586,256,16,8,32,16,4,64,128,2,16,256,32,0,8,2,0,2,2,3,1,2,3,2,1,1,1,0,0,0
3184,2,zeros-la-3-4,zeros-la-3,257,3184,2,588,256,16,8,32,16,4,64,128,4,16,256,32,0,8,2,2,0,2,2,2,2,3,2,1,1,1,0,0,0
3184,1,zeros-la-3-4,zeros-la-3,258,3184,1,590,256,16,8,32,0,4,64,128,2,16,256,32,16,8,2,2,4,1,3,2,2,3,2,1,1,1,0,0,0
3188,1,zeros-la-3-4,zeros-la-3,259,3188,1,592,256,16,8,32,0,4,64,128,2,16,256,32,16,8,4,4,2,1,2,3,2,3,2,1,1,1,0,0,0
3196,1,zeros-la-3-4,zeros-la-3,260,3196,1,594,256,16,8,32,0,4,64,128,2,16,256,32,16,8,8,2,2,1,3,1,3,3,2,1,1,1,0,0,0
3216,2,zeros-la-3-4,zeros-la-3,261,3216,2,598,256,16,8,32,0,4,64,128,2,16,256,32,16,16,4,4,0,2,1,3,1,4,2,1,1,1,0,0,0
3248,2,zeros-la-3-4,zeros-la-3,262,3248,2,600,256,0,8,32,0,16,64,128,2,4,256,32,2,32,4,4,16,2,2,3,1,2,3,1,1,1,0,0,0
3256,2,zeros-la-3-4,zeros-la-3,263,3256,2,602,256,8,32,0,0,16,64,128,2,4,256,32,2,32,8,16,2,2,3,1,2,2,3,1,1,1,0,0,0
3260,2,zeros-la-3-4,zeros-la-3,264,3260,2,606,256,8,32,128,4,16,64,32,2,4,256,16,4,32,8,0,0,2,1,3,2,2,3,1,1,1,0,0,0
3260,1,zeros-la-3-4,zeros-la-3,265,3260,1,608,256,8,32,128,4,16,64,32,2,4,256,16,4,32,8,0,2,1,2,3,2,2,3,1,1,1,0,0,0
3260,0,zeros-la-3-4,zeros-la-3,266,3260,0,612,256,8,32,4,4,16,64,128,2,4,256,32,4,32,8,16,2,0,2,4,2,2,3,1,1,1,0,0,0
3268,0,zeros-la-3-4,zeros-la-3,267,3268,0,614,256,8,32,8,2,16,64,128,2,4,256,32,4,32,8,16,2,0,3,2,3,2,3,1,1,1,0,0,0
3272,0,zeros-la-3-4,zeros-la-3,268,3272,0,616,256,8,32,8,4,16,64,128,4,4,256,32,2,32,8,16,2,0,2,3,3,2,3,1,1,1,0,0,0
3284,1,zeros-la-3-4,zeros-la-3,269,3284,1,618,256,8,32,8,8,16,64,128,4,4,256,32,2,32,8,16,0,1,1,2,4,2,3,1,1,1,0,0,0
3300,1,zeros-la-3-4,zeros-la-3,270,3300,1,620,256,8,32,16,2,16,64,128,4,4,256,32,2,32,8,16,0,1,2,2,2,3,3,1,1,1,0,0,0
3300,0,zeros-la-3-4,zeros-la-3,271,3300,0,622,256,8,32,16,2,16,64,128,4,4,256,32,2,32,8,16,2,0,3,2,2,3,3,1,1,1,0,0,0
3304,0,zeros-la-3-4,zeros-la-3,272,3304,0,624,256,8,32,16,2,16,64,128,2,4,256,32,4,32,8,16,4,0,2,3,2,3,3,1,1,1,0,0,0
3316,1,zeros-la-3-4,zeros-la-3,273,3316,1,626,256,8,32,16,2,16,64,128,0,4,256,32,4,32,8,16,8,1,1,2,3,3,3,1,1,1,0,0,0
3316,0,zeros-la-3-4,zeros-la-3,274,3316,0,628,256,8,32,16,2,16,64,128,2,4,256,32,4,32,8,16,8,0,2,2,3,3,3,1,1,1,0,0,0
3320,0,zeros-la-3-4,zeros-la-3,275,3320,0,630,256,8,32,16,4,16,64,128,4,4,256,32,8,32,8,16,2,0,1,3,3,3,3,1,1,1,0,0,0
3328,0,zeros-la-3-4,zeros-la-3,276,3328,0,632,256,8,32,16,8,16,64,128,8,4,256,32,2,32,8,16,2,0,2,1,4,3,3,1,1,1,0,0,0
3348,1,zeros-la-3-4,zeros-la-3,277,3348,1,634,256,8,32,16,16,16,64,128,4,4,256,32,0,32,8,16,2,1,1,2,2,4,3,1,1,1,0,0,0
3380,1,zeros-la-3-4,zeros-la-3,278,3380,1,636,256,8,32,32,2,16,64,128,4,4,256,32,0,32,8,16,2,1,2,2,2,2,4,1,1,1,0,0,0
3444,1,zeros-la-3-4,zeros-la-3,279,3444,1,638,256,8,64,2,0,16,64,128,4,4,256,32,2,32,8,16,2,1,3,2,2,2,2,2,1,1,0,0,0
3576,2,zeros-la-3-4,zeros-la-3,280,3576,2,640,256,8,2,2,0,16,128,128,0,4,256,32,4,32,8,16,4,2,2,3,2,2,2,0,2,1,0,0,0
3836,3,zeros-la-3-4,zeros-la-3,281,3836,3,642,256,8,4,0,0,16,256,0,2,4,256,32,4,32,8,16,4,3,1,4,2,2,2,0,0,2,0,0,0
3836,2,zeros-la-3-4,zeros-la-3,282,3836,2,644,256,8,4,0,2,16,256,2,0,4,256,32,4,32,8,16,4,2,2,4,2,2,2,0,0,2,0,0,0
4356,3,zeros-la-3-4,zeros-la-3,283,4356,3,646,512,8,4,2,2,16,512,32,8,4,8,16,0,32,2,0,0,3,3,2,3,2,2,0,0,0,1,0,0
4360,3,zeros-la-3-4,zeros-la-3,284,4360,3,650,512,0,8,4,4,16,512,32,8,4,4,8,16,0,0,32,2,3,1,4,3,2,2,0,0,0,1,0,0
4376,4,zeros-la-3-4,zeros-la-3,285,4376,4,654,512,4,0,8,8,16,512,32,8,0,8,8,16,0,0,32,2,4,1,1,5,2,2,0,0,0,1,0,0
4408,5,zeros-la-3-4,zeros-la-3,286,4408,5,656,512,4,16,0,2,16,512,32,8,16,16,0,0,32,2,0,0,5,2,1,1,4,2,0,0,0,1,0,0
4440,5,zeros-la-3-4,zeros-la-3,287,4440,5,658,512,0,16,2,0,4,512,0,0,32,16,0,2,32,2,32,8,5,3,1,1,2,3,0,0,0,1,0,0
4504,5,zeros-la-3-4,zeros-la-3,288,4504,5,660,512,4,16,2,2,64,512,32,8,0,16,0,0,0,2,2,0,5,4,1,1,2,1,1,0,0,1,0,0
4512,6,zeros-la-3-4,zeros-la-3,289,4512,6,664,512,0,4,16,4,64,512,32,8,0,0,0,16,0,0,4,4,6,0,4,1,2,1,1,0,0,1,0,0
4520,6,zeros-la-3-4,zeros-la-3,290,4520,6,666,512,4,16,4,0,64,512,32,8,16,0,2,0,8,0,0,0,6,1,2,2,2,1,1,0,0,1,0,0
4520,5,zeros-la-3-4,zeros-la-3,291,4520,5,668,512,4,0,2,0,64,0,4,0,16,16,32,0,8,512,2,8,5,2,2,2,2,1,1,0,0,1,0,0
4552,5,zeros-la-3-4,zeros-la-3,292,4552,5,670,512,4,2,0,0,64,4,0,0,32,32,2,0,8,512,2,8,5,3,2,2,0,2,1,0,0,1,0,0
4556,5,zeros-la-3-4,zeros-la-3,293,4556,5,672,512,4,2,0,2,64,4,0,0,32,32,0,0,8,512,4,8,5,2,3,2,0,2,1,0,0,1,0,0
4624,6,zeros-la-3-4,zeros-la-3,294,4624,6,674,512,2,0,4,4,0,0,64,4,0,0,0,64,8,512,4,8,6,1,4,2,0,0,2,0,0,1,0,0
4632,6,zeros-la-3-4,zeros-la-3,295,4632,6,676,512,2,8,0,0,64,4,2,0,64,0,0,0,8,512,4,8,6,2,2,3,0,0,2,0,0,1,0,0
4760,6,zeros-la-3-4,zeros-la-3,296,4760,6,680,512,2,8,2,8,128,4,4,0,8,512,0,0,0,4,0,0,6,2,3,3,0,0,0,1,0,1,0,0
4768,6,zeros-la-3-4,zeros-la-3,297,4768,6,684,512,2,8,2,8,128,8,0,0,8,512,4,0,4,0,0,0,6,2,2,4,0,0,0,1,0,1,0,0
4768,5,zeros-la-3-4,zeros-la-3,298,4768,5,688,512,2,8,2,8,4,0,128,8,0,8,512,4,0,0,0,4,5,2,3,4,0,0,0,1,0,1,0,0
4808,7,zeros-la-3-4,zeros-la-3,299,4808,7,690,512,0,0,0,2,0,0,2,0,2,0,128,16,4,16,512,8,7,3,1,1,2,0,0,1,0,1,0,0
4808,6,zeros-la-3-4,zeros-la-3,300,4808,6,692,512,0,0,0,2,0,0,0,2,2,2,128,16,4,16,512,8,6,4,1,1,2,0,0,1,0,1,0,0
4812,6,zeros-la-3-4,zeros-la-3,301,4812,6,694,512,2,0,0,0,2,0,0,2,4,128,16,0,4,16,512,8,6,3,2,1,2,0,0,1,0,1,0,0
4824,7,zeros-la-3-4,zeros-la-3,302,4824,7,696,512,0,0,0,0,0,0,2,0,4,128,16,2,8,16,512,8,7,2,1,2,2,0,0,1,0,1,0,0
4824,6,zeros-la-3-4,zeros-la-3,303,4824,6,698,512,4,128,2,2,8,16,16,8,0,2,512,0,0,0,0,0,6,3,1,2,2,0,0,1,0,1,0,0
4860,7,zeros-la-3-4,zeros-la-3,304,4860,7,700,512,0,4,128,4,0,8,32,8,0,0,2,512,0,0,0,2,7,2,2,2,0,1,0,1,0,1,0,0
4860,6,zeros-la-3-4,zeros-la-3,305,4860,6,702,512,2,4,128,4,0,8,32,8,0,0,2,512,0,0,0,2,6,3,2,2,0,1,0,1,0,1,0,0
4860,5,zeros-la-3-4,zeros-la-3,306,4860,5,704,512,0,0,2,4,0,0,128,8,0,4,32,512,2,8,2,2,5,4,2,2,0,1,0,1,0,1,0,0
4864,5,zeros-la-3-4,zeros-la-3,307,4864,5,706,512,0,0,2,4,0,0,128,8,2,4,32,512,0,2,8,4,5,3,3,2,0,1,0,1,0,1,0,0
4864,4,zeros-la-3-4,zeros-la-3,308,4864,4,708,512,0,0,2,4,0,2,128,8,0,4,32,512,2,2,8,4,4,4,3,2,0,1,0,1,0,1,0,0
4868,4,zeros-la-3-4,zeros-la-3,309,4868,4,710,512,0,0,2,4,0,2,128,8,2,4,32,512,0,4,8,4,4,3,4,2,0,1,0,1,0,1,0,0
4876,4,zeros-la-3-4,zeros-la-3,310,4876,4,712,512,0,2,2,4,0,0,128,8,0,2,32,512,2,8,8,4,4,4,2,3,0,1,0,1,0,1,0,0
4896,5,zeros-la-3-4,zeros-la-3,311,4896,5,714,512,0,2,4,4,0,0,128,8,0,2,32,512,0,2,16,4,5,3,3,1,1,1,0,1,0,1,0,0
4904,5,zeros-la-3-4,zeros-la-3,312,4904,5,716,512,0,0,2,8,0,2,128,8,0,2,32,512,0,2,16,4,5,4,1,2,1,1,0,1,0,1,0,0
4924,6,zeros-la-3-4,zeros-la-3,313,4924,6,718,512,0,4,2,16,0,2,128,512,0,0,32,4,2,0,16,0,6,3,2,0,2,1,0,1,0,1,0,0
4924,5,zeros-la-3-4,zeros-la-3,314,4924,5,720,512,0,0,2,0,0,0,128,16,2,4,32,512,2,2,16,4,5,4,2,0,2,1,0,1,0,1,0,0
4928,5,zeros-la-3-4,zeros-la-3,315,4928,5,722,512,0,0,0,2,0,2,128,16,2,4,32,512,0,4,16,4,5,3,3,0,2,1,0,1,0,1,0,0
4936,5,zeros-la-3-4,zeros-la-3,316,4936,5,724,512,2,0,0,2,0,0,128,16,0,2,32,512,2,8,16,4,5,4,1,1,2,1,0,1,0,1,0,0
4940,5,zeros-la-3-4,zeros-la-3,317,4940,5,726,512,0,0,2,4,0,0,128,16,0,2,32,512,2,8,16,4,5,3,2,1,2,1,0,1,0,1,0,0
4940,4,zeros-la-3-4,zeros-la-3,318,4940,4,728,512,0,0,2,4,0,2,128,16,0,2,32,512,2,8,16,4,4,4,2,1,2,1,0,1,0,1,0,0
4944,4,zeros-la-3-4,zeros-la-3,319,4944,4,730,512,0,0,2,4,0,0,128,16,2,4,32,512,2,8,16,4,4,3,3,1,2,1,0,1,0,1,0,0
4948,4,zeros-la-3-4,zeros-la-3,320,4948,4,732,512,2,0,2,4,0,0,128,16,0,4,32,512,4,8,16,4,4,2,4,1,2,1,0,1,0,1,0,0
4952,4,zeros-la-3-4,zeros-la-3,321,4952,4,734,512,4,4,0,0,128,16,0,2,4,32,512,0,4,8,16,4,4,1,5,1,2,1,0,1,0,1,0,0
4960,4,zeros-la-3-4,zeros-la-3,322,4960,4,736,512,4,4,512,2,128,16,16,4,8,32,0,0,2,8,0,0,4,2,3,2,2,1,0,1,0,1,0,0
5000,5,zeros-la-3-4,zeros-la-3,323,5000,5,738,512,8,512,2,0,128,32,4,0,8,32,0,0,2,8,2,0,5,3,1,3,0,2,0,1,0,1,0,0
5064,5,zeros-la-3-4,zeros-la-3,324,5064,5,740,512,8,512,2,0,128,64,4,0,8,8,2,0,2,0,0,2,5,4,1,3,0,0,1,1,0,1,0,0
5084,6,zeros-la-3-4,zeros-la-3,325,5084,6,742,512,8,512,2,0,128,64,4,0,16,2,0,2,4,0,0,0,6,3,2,1,1,0,1,1,0,1,0,0
5088,6,zeros-la-3-4,zeros-la-3,326,5088,6,744,512,8,512,2,0,128,64,4,0,16,4,0,0,4,2,0,0,6,2,3,1,1,0,1,1,0,1,0,0
5088,5,zeros-la-3-4,zeros-la-3,327,5088,5,746,512,8,512,2,0,128,64,4,0,16,4,0,0,4,2,0,2,5,3,3,1,1,0,1,1,0,1,0,0
5092,5,zeros-la-3-4,zeros-la-3,328,5092,5,748,512,8,512,2,0,128,64,4,2,16,4,0,0,4,4,0,0,5,2,4,1,1,0,1,1,0,1,0,0
5100,5,zeros-la-3-4,zeros-la-3,329,5100,5,752,512,0,8,512,2,128,64,4,2,0,0,16,4,0,4,0,8,5,2,3,2,1,0,1,1,0,1,0,0
5104,5,zeros-la-3-4,zeros-la-3,330,5104,5,754,512,128,8,512,4,2,64,4,4,0,4,16,8,0,0,0,0,5,1,4,2,1,0,1,1,0,1,0,0
5112,5,zeros-la-3-4,zeros-la-3,331,5112,5,756,512,128,8,512,4,2,2,64,8,0,4,16,8,0,0,0,0,5,2,2,3,1,0,1,1,0,1,0,0
5116,5,zeros-la-3-4,zeros-la-3,332,5116,5,758,512,128,8,512,4,0,4,64,8,0,4,16,8,0,2,0,0,5,1,3,3,1,0,1,1,0,1,0,0
5140,6,zeros-la-3-4,zeros-la-3,333,5140,6,760,512,2,0,0,0,0,8,512,0,0,8,64,4,128,2,16,16,6,2,1,2,2,0,1,1,0,1,0,0
5172,6,zeros-la-3-4,zeros-la-3,334,5172,6,764,512,2,4,0,0,8,512,0,0,8,64,4,0,128,2,32,0,6,2,2,2,0,1,1,1,0,1,0,0
5188,6,zeros-la-3-4,zeros-la-3,335,5188,6,766,512,2,4,4,0,16,512,32,0,128,64,0,0,2,2,0,0,6,3,2,0,1,1,1,1,0,1,0,0
5200,7,zeros-la-3-4,zeros-la-3,336,5200,7,768,512,0,0,2,8,2,16,512,32,0,0,128,64,0,0,0,4,7,2,1,1,1,1,1,1,0,1,0,0
5200,6,zeros-la-3-4,zeros-la-3,337,5200,6,770,512,0,2,0,8,0,0,2,32,0,0,512,64,2,16,128,4,6,3,1,1,1,1,1,1,0,1,0,0
5200,5,zeros-la-3-4,zeros-la-3,338,5200,5,772,512,0,0,2,8,0,2,2,32,0,0,512,64,2,16,128,4,5,4,1,1,1,1,1,1,0,1,0,0
5204,5,zeros-la-3-4,zeros-la-3,339,5204,5,774,512,2,2,4,8,0,16,512,32,0,0,128,64,0,0,2,4,5,3,2,1,1,1,1,1,0,1,0,0
5208,5,zeros-la-3-4,zeros-la-3,340,5208,5,776,512,0,4,4,8,2,16,512,32,0,0,128,64,0,0,2,4,5,2,3,1,1,1,1,1,0,1,0,0
5216,5,zeros-la-3-4,zeros-la-3,341,5216,5,778,512,0,2,8,8,2,16,512,32,0,0,128,64,0,0,2,4,5,3,1,2,1,1,1,1,0,1,0,0
5232,5,zeros-la-3-4,zeros-la-3,342,5232,5,780,512,0,0,2,16,2,16,512,32,0,0,128,64,2,0,2,4,5,4,1,0,2,1,1,1,0,1,0,0
5236,5,zeros-la-3-4,zeros-la-3,343,5236,5,782,512,2,16,0,0,2,16,512,32,128,64,2,0,4,4,0,0,5,3,2,0,2,1,1,1,0,1,0,0
5272,6,zeros-la-3-4,zeros-la-3,344,5272,6,784,512,4,32,512,32,128,64,2,0,4,4,2,0,0,0,0,0,6,2,3,0,0,2,1,1,0,1,0,0
5276,6,zeros-la-3-4,zeros-la-3,345,5276,6,786,512,4,32,512,32,128,64,4,0,4,4,0,0,0,2,0,0,6,1,4,0,0,2,1,1,0,1,0,0
5284,6,zeros-la-3-4,zeros-la-3,346,5284,6,788,512,4,32,512,32,0,128,64,4,0,0,0,8,2,0,0,2,6,2,2,1,0,2,1,1,0,1,0,0
5288,6,zeros-la-3-4,zeros-la-3,347,5288,6,790,512,4,32,512,32,128,64,4,2,8,0,0,0,4,0,0,0,6,1,3,1,0,2,1,1,0,1,0,0
5288,5,zeros-la-3-4,zeros-la-3,348,5288,5,794,512,4,32,512,32,128,64,4,2,8,0,0,0,4,0,4,0,5,1,4,1,0,2,1,1,0,1,0,0
5296,5,zeros-la-3-4,zeros-la-3,349,5296,5,796,512,4,32,512,32,128,64,4,2,8,0,0,0,8,2,0,0,5,2,2,2,0,2,1,1,0,1,0,0
5312,5,zeros-la-3-4,zeros-la-3,350,5312,5,798,512,4,32,512,32,128,64,4,2,16,2,2,0,0,0,0,0,5,3,2,0,1,2,1,1,0,1,0,0
5316,5,zeros-la-3-4,zeros-la-3,351,5316,5,800,512,4,32,512,32,128,64,4,2,16,4,0,0,0,2,0,0,5,2,3,0,1,2,1,1,0,1,0,0
5316,4,zeros-la-3-4,zeros-la-3,352,5316,4,802,512,4,32,512,32,128,64,4,2,16,4,0,0,0,2,2,0,4,3,3,0,1,2,1,1,0,1,0,0
5320,4,zeros-la-3-4,zeros-la-3,353,5320,4,804,512,4,32,512,32,128,64,4,2,0,2,16,4,0,0,0,4,4,2,4,0,1,2,1,1,0,1,0,0
5328,4,zeros-la-3-4,zeros-la-3,354,5328,4,806,512,4,32,512,32,128,64,4,2,0,2,16,8,2,0,0,0,4,3,2,1,1,2,1,1,0,1,0,0
5328,3,zeros-la-3-4,zeros-la-3,355,5328,3,808,512,4,32,512,32,128,64,4,2,2,16,8,2,2,0,0,0,3,4,2,1,1,2,1,1,0,1,0,0
5336,4,zeros-la-3-4,zeros-la-3,356,5336,4,810,512,4,32,512,32,128,64,4,4,4,16,8,0,0,2,0,0,4,1,4,1,1,2,1,1,0,1,0,0
5344,4,zeros-la-3-4,zeros-la-3,357,5344,4,814,512,4,32,512,32,128,64,8,0,4,16,8,0,2,0,0,4,4,1,3,2,1,2,1,1,0,1,0,0
5360,4,zeros-la-3-4,zeros-la-3,358,5360,4,816,512,4,0,0,0,128,32,0,2,4,64,512,32,2,16,16,4,4,2,3,0,2,2,1,1,0,1,0,0
5392,4,zeros-la-3-4,zeros-la-3,359,5392,4,818,512,4,0,0,2,128,32,2,0,4,64,512,32,2,32,4,0,4,3,3,0,0,3,1,1,0,1,0,0
5392,3,zeros-la-3-4,zeros-la-3,360,5392,3,820,512,0,0,4,2,2,128,32,2,4,64,512,32,0,2,32,4,3,4,3,0,0,3,1,1,0,1,0,0
5396,3,zeros-la-3-4,zeros-la-3,361,5396,3,822,512,2,128,4,4,4,64,32,32,0,2,512,4,0,2,32,0,3,3,4,0,0,3,1,1,0,1,0,0
5468,4,zeros-la-3-4,zeros-la-3,362,5468,4,824,512,2,128,8,0,4,64,64,2,2,512,4,0,2,32,0,0,4,4,2,1,0,1,2,1,0,1,0,0
5596,4,zeros-la-3-4,zeros-la-3,363,5596,4,828,512,2,128,8,0,4,128,2,0,2,512,4,4,2,32,0,0,4,4,3,1,0,1,0,2,0,1,0,0
5856,5,zeros-la-3-4,zeros-la-3,364,5856,5,832,512,0,0,4,0,2,256,8,0,4,512,2,0,4,32,4,4,5,2,5,1,0,1,0,0,1,1,0,0
5864,5,zeros-la-3-4,zeros-la-3,365,5864,5,834,512,0,0,0,4,2,2,256,8,0,4,512,2,0,4,32,8,5,3,3,2,0,1,0,0,1,1,0,0
5868,5,zeros-la-3-4,zeros-la-3,366,5868,5,836,512,4,0,0,0,4,256,8,0,4,512,2,0,4,32,8,2,5,2,4,2,0,1,0,0,1,1,0,0
5884,6,zeros-la-3-4,zeros-la-3,367,5884,6,838,512,8,256,8,2,8,512,2,0,0,32,8,2,0,0,0,0,6,3,0,4,0,1,0,0,1,1,0,0
5904,7,zeros-la-3-4,zeros-la-3,368,5904,7,840,512,2,0,0,0,0,256,8,0,0,512,2,0,16,32,8,4,7,2,1,2,1,1,0,0,1,1,0,0
5904,6,zeros-la-3-4,zeros-la-3,369,5904,6,842,512,2,2,0,0,256,8,0,0,512,2,0,0,16,32,8,4,6,3,1,2,1,1,0,0,1,1,0,0
5904,5,zeros-la-3-4,zeros-la-3,370,5904,5,844,512,2,2,0,0,256,8,2,0,512,2,0,0,16,32,8,4,5,4,1,2,1,1,0,0,1,1,0,0
5908,5,zeros-la-3-4,zeros-la-3,371,5908,5,846,512,0,2,0,4,0,256,8,2,0,0,512,2,16,32,8,4,5,3,2,2,1,1,0,0,1,1,0,0
5912,5,zeros-la-3-4,zeros-la-3,372,5912,5,848,512,0,2,0,0,0,2,8,4,0,256,512,4,16,32,8,4,5,2,3,2,1,1,0,0,1,1,0,0
5924,6,zeros-la-3-4,zeros-la-3,373,5924,6,850,512,0,2,0,0,0,4,8,0,0,256,512,4,16,32,8,8,6,1,2,3,1,1,0,0,1,1,0,0
5924,5,zeros-la-3-4,zeros-la-3,374,5924,5,854,512,0,2,0,4,0,4,8,0,0,256,512,4,16,32,8,8,5,1,3,3,1,1,0,0,1,1,0,0
5932,5,zeros-la-3-4,zeros-la-3,375,5932,5,856,512,0,2,0,0,0,4,8,2,0,256,512,8,16,32,8,8,5,2,1,4,1,1,0,0,1,1,0,0
5948,5,zeros-la-3-4,zeros-la-3,376,5948,5,858,512,2,0,0,2,4,8,2,0,256,512,8,0,16,32,16,0,5,3,1,2,2,1,0,0,1,1,0,0
5952,5,zeros-la-3-4,zeros-la-3,377,5952,5,860,512,4,0,0,0,4,8,2,0,256,512,8,2,16,32,16,0,5,2,2,2,2,1,0,0,1,1,0,0
5960,5,zeros-la-3-4,zeros-la-3,378,5960,5,862,512,8,8,2,2,256,512,8,0,16,32,16,0,2,0,0,0,5,3,0,3,2,1,0,0,1,1,0,0
5980,6,zeros-la-3-4,zeros-la-3,379,5980,6,866,512,0,0,16,4,0,256,512,8,0,16,32,16,4,0,0,2,6,1,2,1,3,1,0,0,1,1,0,0
5980,5,zeros-la-3-4,zeros-la-3,380,5980,5,870,512,4,256,16,4,0,16,512,8,0,0,32,16,0,0,4,2,5,1,3,1,3,1,0,0,1,1,0,0
5980,4,zeros-la-3-4,zeros-la-3,381,5980,4,872,512,4,256,16,4,16,512,8,0,32,16,0,0,4,2,0,2,4,2,3,1,3,1,0,0,1,1,0,0
5984,4,zeros-la-3-4,zeros-la-3,382,5984,4,876,512,4,256,16,4,16,512,8,0,32,16,0,0,4,4,0,4,4,0,5,1,3,1,0,0,1,1,0,0
5992,4,zeros-la-3-4,zeros-la-3,383,5992,4,878,512,4,256,0,2,16,512,0,0,32,16,16,0,4,4,8,8,4,1,3,2,3,1,0,0,1,1,0,0
6048,6,zeros-la-3-4,zeros-la-3,384,6048,6,880,512,4,256,2,0,16,512,0,0,32,32,0,0,8,16,2,0,6,2,1,1,2,2,0,0,1,1,0,0
6052,6,zeros-la-3-4,zeros-la-3,385,6052,6,882,512,4,256,2,0,16,512,0,0,32,32,0,0,8,16,4,0,6,1,2,1,2,2,0,0,1,1,0,0
6116,6,zeros-la-3-4,zeros-la-3,386,6116,6,884,512,0,4,256,2,2,0,16,512,0,0,0,64,0,8,16,4,6,2,2,1,2,0,1,0,1,1,0,0
6148,6,zeros-la-3-4,zeros-la-3,387,6148,6,886,512,2,4,256,2,0,8,32,512,0,0,0,64,2,0,0,4,6,3,2,1,0,1,1,0,1,1,0,0
6152,6,zeros-la-3-4,zeros-la-3,388,6152,6,888,512,4,4,256,2,0,8,32,512,0,0,0,64,0,2,0,4,6,2,3,1,0,1,1,0,1,1,0,0
6160,6,zeros-la-3-4,zeros-la-3,389,6160,6,890,512,0,8,256,2,2,8,32,512,0,0,0,64,0,0,2,4,6,3,1,2,0,1,1,0,1,1,0,0
6176,6,zeros-la-3-4,zeros-la-3,390,6176,6,892,512,2,16,256,2,2,0,32,512,0,0,2,64,0,0,0,4,6,4,1,0,1,1,1,0,1,1,0,0
6176,5,zeros-la-3-4,zeros-la-3,391,6176,5,894,512,2,16,256,2,2,32,512,0,2,64,0,0,4,0,0,2,5,5,1,0,1,1,1,0,1,1,0,0
6184,6,zeros-la-3-4,zeros-la-3,392,6184,6,896,512,0,2,0,0,2,16,0,0,4,32,256,0,4,64,512,4,6,2,3,0,1,1,1,0,1,1,0,0
6184,5,zeros-la-3-4,zeros-la-3,393,6184,5,898,512,2,0,0,2,2,16,0,0,4,32,256,0,4,64,512,4,5,3,3,0,1,1,1,0,1,1,0,0
6196,6,zeros-la-3-4,zeros-la-3,394,6196,6,900,512,0,0,0,2,0,16,0,0,4,32,256,2,8,64,512,4,6,2,2,1,1,1,1,0,1,1,0,0
6200,6,zeros-la-3-4,zeros-la-3,395,6200,6,902,512,4,16,256,4,8,32,512,4,0,64,0,0,0,0,2,0,6,1,3,1,1,1,1,0,1,1,0,0
6208,6,zeros-la-3-4,zeros-la-3,396,6208,6,904,512,4,16,256,8,8,32,512,0,2,64,2,0,0,0,0,0,6,2,1,2,1,1,1,0,1,1,0,0
6208,5,zeros-la-3-4,zeros-la-3,397,6208,5,906,512,4,16,256,8,2,8,32,512,0,2,64,2,0,0,0,0,5,3,1,2,1,1,1,0,1,1,0,0
6208,4,zeros-la-3-4,zeros-la-3,398,6208,4,908,512,4,16,256,8,2,8,32,512,2,2,64,2,0,0,0,0,4,4,1,2,1,1,1,0,1,1,0,0
6212,4,zeros-la-3-4,zeros-la-3,399,6212,4,910,512,4,16,256,8,4,8,32,512,0,2,64,2,0,0,0,2,4,3,2,2,1,1,1,0,1,1,0,0
6224,5,zeros-la-3-4,zeros-la-3,400,6224,5,912,512,8,16,256,8,0,8,32,512,0,2,64,4,2,0,0,0,5,2,1,3,1,1,1,0,1,1,0,0
6224,4,zeros-la-3-4,zeros-la-3,401,6224,4,914,512,8,16,256,8,8,32,512,0,2,64,4,0,2,0,2,0,4,3,1,3,1,1,1,0,1,1,0,0
6244,5,zeros-la-3-4,zeros-la-3,402,6244,5,916,512,16,16,256,8,4,32,512,0,0,64,4,0,0,2,2,0,5,2,2,1,2,1,1,0,1,1,0,0
6280,6,zeros-la-3-4,zeros-la-3,403,6280,6,918,512,0,32,256,8,2,4,32,512,0,0,64,4,0,0,0,4,6,1,3,1,0,2,1,0,1,1,0,0
6288,6,zeros-la-3-4,zeros-la-3,404,6288,6,920,512,0,0,0,2,0,0,256,8,0,32,32,512,2,4,64,8,6,2,1,2,0,2,1,0,1,1,0,0
6352,6,zeros-la-3-4,zeros-la-3,405,6352,6,922,512,0,0,0,2,2,0,256,8,0,0,64,512,2,4,64,8,6,3,1,2,0,0,2,0,1,1,0,0
6484,7,zeros-la-3-4,zeros-la-3,406,6484,7,924,512,0,2,0,2,0,0,0,8,0,0,256,512,4,4,128,8,7,2,2,2,0,0,0,1,1,1,0,0
6496,8,zeros-la-3-4,zeros-la-3,407,6496,8,928,512,4,0,0,4,0,0,0,8,0,0,256,512,0,8,128,8,8,0,2,3,0,0,0,1,1,1,0,0
6504,8,zeros-la-3-4,zeros-la-3,408,6504,8,930,512,8,0,0,0,8,0,0,0,256,512,0,0,8,128,8,2,8,1,0,4,0,0,0,1,1,1,0,0
6520,8,zeros-la-3-4,zeros-la-3,409,6520,8,932,512,2,0,0,0,16,0,0,0,256,512,0,0,8,128,8,2,8,2,0,2,1,0,0,1,1,1,0,0
6520,7,zeros-la-3-4,zeros-la-3,410,6520,7,934,512,2,0,0,2,16,0,0,0,256,512,0,0,8,128,8,2,7,3,0,2,1,0,0,1,1,1,0,0
6524,7,zeros-la-3-4,zeros-la-3,411,6524,7,936,512,4,0,0,0,16,0,0,0,256,512,2,0,8,128,8,2,7,2,1,2,1,0,0,1,1,1,0,0
6524,6,zeros-la-3-4,zeros-la-3,412,6524,6,938,512,4,512,2,2,16,128,8,0,256,2,0,0,8,0,0,0,6,3,1,2,1,0,0,1,1,1,0,0
6528,6,zeros-la-3-4,zeros-la-3,413,6528,6,940,512,4,512,4,0,16,128,8,0,256,2,0,0,8,0,0,2,6,2,2,2,1,0,0,1,1,1,0,0
6528,5,zeros-la-3-4,zeros-la-3,414,6528,5,942,512,4,512,4,2,16,128,8,0,256,2,0,0,8,2,0,0,5,3,2,2,1,0,0,1,1,1,0,0
6532,5,zeros-la-3-4,zeros-la-3,415,6532,5,944,512,4,0,0,0,16,512,0,2,256,128,4,0,8,4,8,2,5,2,3,2,1,0,0,1,1,1,0,0
6536,5,zeros-la-3-4,zeros-la-3,416,6536,5,946,512,4,512,4,4,16,128,8,2,256,4,0,0,8,0,0,0,5,1,4,2,1,0,0,1,1,1,0,0
6544,5,zeros-la-3-4,zeros-la-3,417,6544,5,948,512,4,512,8,2,16,128,8,2,256,4,0,0,8,0,0,0,5,2,2,3,1,0,0,1,1,1,0,0
6564,6,zeros-la-3-4,zeros-la-3,418,6564,6,950,512,4,512,16,4,16,128,0,0,256,4,0,0,8,2,0,0,6,1,3,1,2,0,0,1,1,1,0,0
6564,5,zeros-la-3-4,zeros-la-3,419,6564,5,952,512,4,512,16,4,0,2,16,128,0,0,256,4,0,0,8,2,5,2,3,1,2,0,0,1,1,1,0,0
6596,5,zeros-la-3-4,zeros-la-3,420,6596,5,954,512,4,512,32,4,0,2,256,128,0,2,8,4,0,0,0,2,5,3,3,1,0,1,0,1,1,1,0,0
6600,5,zeros-la-3-4,zeros-la-3,421,6600,5,956,512,0,2,0,4,0,0,32,128,0,512,256,4,4,4,8,2,5,2,4,1,0,1,0,1,1,1,0,0
6608,5,zeros-la-3-4,zeros-la-3,422,6608,5,958,512,2,4,0,0,32,128,2,0,512,256,4,0,8,8,2,0,5,3,2,2,0,1,0,1,1,1,0,0
6608,4,zeros-la-3-4,zeros-la-3,423,6608,4,960,512,2,4,2,2,32,128,4,0,512,256,2,0,8,8,0,0,4,4,2,2,0,1,0,1,1,1,0,0
6628,5,zeros-la-3-4,zeros-la-3,424,6628,5,962,512,2,4,4,0,32,128,4,0,512,256,2,0,16,0,2,0,5,3,3,0,1,1,0,1,1,1,0,0
6640,6,zeros-la-3-4,zeros-la-3,425,6640,6,964,512,2,0,0,0,32,4,0,0,512,128,8,2,16,256,4,0,6,2,2,1,1,1,0,1,1,1,0,0
6640,5,zeros-la-3-4,zeros-la-3,426,6640,5,966,512,2,0,0,0,32,4,0,2,512,128,8,2,16,256,4,0,5,3,2,1,1,1,0,1,1,1,0,0
6644,5,zeros-la-3-4,zeros-la-3,427,6644,5,968,512,2,0,0,0,32,4,0,0,512,128,8,2,16,256,4,4,5,2,3,1,1,1,0,1,1,1,0,0
6652,5,zeros-la-3-4,zeros-la-3,428,6652,5,970,512,2,2,0,0,32,4,0,0,512,128,8,2,16,256,8,0,5,3,1,2,1,1,0,1,1,1,0,0
6668,5,zeros-la-3-4,zeros-la-3,429,6668,5,972,512,2,2,0,0,32,4,0,2,512,128,0,0,16,256,16,2,5,4,1,0,2,1,0,1,1,1,0,0
6672,5,zeros-la-3-4,zeros-la-3,430,6672,5,974,512,2,2,16,4,32,4,0,0,512,128,2,0,16,256,0,0,5,3,2,0,2,1,0,1,1,1,0,0
6676,5,zeros-la-3-4,zeros-la-3,431,6676,5,976,512,0,4,16,4,2,0,32,4,0,512,128,2,0,0,16,256,5,2,3,0,2,1,0,1,1,1,0,0
6684,5,zeros-la-3-4,zeros-la-3,432,6684,5,978,512,2,4,16,8,0,512,32,2,0,0,128,256,0,0,16,2,5,3,1,1,2,1,0,1,1,1,0,0
6684,4,zeros-la-3-4,zeros-la-3,433,6684,4,980,512,2,4,16,8,0,512,32,2,0,2,128,256,0,0,16,2,4,4,1,1,2,1,0,1,1,1,0,0
6684,3,zeros-la-3-4,zeros-la-3,434,6684,3,982,512,2,4,16,8,2,512,32,2,0,2,128,256,0,0,16,2,3,5,1,1,2,1,0,1,1,1,0,0
6688,3,zeros-la-3-4,zeros-la-3,435,6688,3,984,512,4,4,16,8,0,512,32,2,0,2,128,256,0,2,16,2,3,4,2,1,2,1,0,1,1,1,0,0
6696,3,zeros-la-3-4,zeros-la-3,436,6696,3,986,512,8,16,8,0,512,32,2,2,2,128,256,0,2,16,2,0,3,5,0,2,2,1,0,1,1,1,0,0
6700,3,zeros-la-3-4,zeros-la-3,437,6700,3,988,512,0,16,8,0,8,32,2,2,512,128,256,0,4,16,2,2,3,4,1,2,2,1,0,1,1,1,0,0
6708,4,zeros-la-3-4,zeros-la-3,438,6708,4,990,512,0,0,16,8,2,8,32,4,0,512,128,256,0,4,16,4,4,1,3,2,2,1,0,1,1,1,0,0
6708,3,zeros-la-3-4,zeros-la-3,439,6708,3,992,512,16,8,0,2,2,8,32,4,512,128,256,0,4,16,4,0,3,2,3,2,2,1,0,1,1,1,0,0
6724,3,zeros-la-3-4,zeros-la-3,440,6724,3,994,512,16,0,0,2,2,16,32,0,512,128,256,2,4,16,4,4,3,3,3,0,3,1,0,1,1,1,0,0
6732,3,zeros-la-3-4,zeros-la-3,441,6732,3,996,512,2,0,16,2,0,2,16,32,512,128,256,2,0,4,16,8,3,4,1,1,3,1,0,1,1,1,0,0
6764,3,zeros-la-3-4,zeros-la-3,442,6764,3,998,512,0,0,0,2,2,2,32,32,2,128,256,2,512,4,16,8,3,5,1,1,1,2,0,1,1,1,0,0
6832,4,zeros-la-3-4,zeros-la-3,443,6832,4,1000,512,0,0,0,2,2,0,4,64,2,128,256,2,512,4,16,8,4,4,2,1,1,0,1,1,1,1,0,0
6832,3,zeros-la-3-4,zeros-la-3,444,6832,3,1002,512,2,2,0,0,2,4,64,0,2,128,256,2,512,4,16,8,3,5,2,1,1,0,1,1,1,1,0,0
6836,3,zeros-la-3-4,zeros-la-3,445,6836,3,1004,512,4,0,0,2,2,4,64,0,2,128,256,2,512,4,16,8,3,4,3,1,1,0,1,1,1,1,0,0
6844,4,zeros-la-3-4,zeros-la-3,446,6844,4,1006,512,4,4,64,4,4,128,256,8,512,4,16,0,0,2,0,0,4,1,5,1,1,0,1,1,1,1,0,0
6852,4,zeros-la-3-4,zeros-la-3,447,6852,4,1010,512,8,64,4,4,4,128,256,8,512,4,16,0,2,0,0,0,4,1,4,2,1,0,1,1,1,1,0,0
6860,4,zeros-la-3-4,zeros-la-3,448,6860,4,1012,512,0,8,64,8,4,128,256,8,0,512,4,16,0,2,0,2,4,2,2,3,1,0,1,1,1,1,0,0
6876,4,zeros-la-3-4,zeros-la-3,449,6876,4,1014,512,4,8,64,16,2,128,256,16,0,512,4,2,0,2,0,0,4,3,2,1,2,0,1,1,1,1,0,0
6908,4,zeros-la-3-4,zeros-la-3,450,6908,4,1016,512,4,8,64,32,2,128,256,2,0,512,4,0,0,2,2,0,4,4,2,1,0,1,1,1,1,1,0,0
6912,4,zeros-la-3-4,zeros-la-3,451,6912,4,1018,512,4,8,64,32,2,128,256,2,0,0,512,4,0,0,2,4,4,3,3,1,0,1,1,1,1,1,0,0
6920,4,zeros-la-3-4,zeros-la-3,452,6920,4,1020,512,4,8,64,32,2,128,256,2,0,0,512,8,0,2,2,0,4,4,1,2,0,1,1,1,1,1,0,0
6924,4,zeros-la-3-4,zeros-la-3,453,6924,4,1022,512,4,8,64,32,2,128,256,2,0,0,512,8,0,0,2,4,4,3,2,2,0,1,1,1,1,1,0,0
6924,3,zeros-la-3-4,zeros-la-3,454,6924,3,1026,512,4,8,64,32,2,128,256,2,0,0,512,8,0,4,2,4,3,3,3,2,0,1,1,1,1,1,0,0
6924,2,zeros-la-3-4,zeros-la-3,455,6924,2,1028,512,4,8,64,32,2,128,256,2,0,0,512,8,2,4,2,4,2,4,3,2,0,1,1,1,1,1,0,0
6928,2,zeros-la-3-4,zeros-la-3,456,6928,2,1030,512,4,8,64,32,4,128,256,2,0,4,512,8,2,0,2,4,2,3,4,2,0,1,1,1,1,1,0,0
6932,2,zeros-la-3-4,zeros-la-3,457,6932,2,1034,512,4,8,64,32,4,128,256,2,4,512,8,4,4,4,0,0,2,1,6,2,0,1,1,1,1,1,0,0
6948,3,zeros-la-3-4,zeros-la-3,458,6948,3,1036,512,8,8,64,32,8,128,256,2,0,512,8,4,2,4,0,0,3,2,2,4,0,1,1,1,1,1,0,0
6964,3,zeros-la-3-4,zeros-la-3,459,6964,3,1038,512,0,16,64,32,8,128,256,2,0,512,8,4,2,0,2,4,3,3,2,2,1,1,1,1,1,1,0,0
6968,3,zeros-la-3-4,zeros-la-3,460,6968,3,1040,512,16,64,32,2,8,128,256,2,512,8,4,0,4,4,0,0,3,2,3,2,1,1,1,1,1,1,0,0
6972,3,zeros-la-3-4,zeros-la-3,461,6972,3,1042,512,16,64,0,0,8,128,32,2,512,8,256,0,4,4,4,4,3,1,4,2,1,1,1,1,1,1,0,0
6988,4,zeros-la-3-4,zeros-la-3,462,6988,4,1044,512,16,64,2,0,8,128,32,2,512,8,256,0,8,8,0,0,4,2,0,4,1,1,1,1,1,1,0,0
7004,4,zeros-la-3-4,zeros-la-3,463,7004,4,1046,512,16,2,0,0,8,64,2,0,512,128,32,0,8,16,256,2,4,3,0,2,2,1,1,1,1,1,0,0
7004,3,zeros-la-3-4,zeros-la-3,464,7004,3,1048,512,16,2,0,0,8,64,2,0,512,128,32,2,8,16,256,2,3,4,0,2,2,1,1,1,1,1,0,0
7008,3,zeros-la-3-4,zeros-la-3,465,7008,3,1050,512,16,2,2,4,8,64,32,0,512,128,256,0,8,16,2,0,3,3,1,2,2,1,1,1,1,1,0,0
7012,3,zeros-la-3-4,zeros-la-3,466,7012,3,1052,512,0,16,4,4,0,8,64,32,0,512,128,256,2,8,16,2,3,2,2,2,2,1,1,1,1,1,0,0
7020,3,zeros-la-3-4,zeros-la-3,467,7020,3,1054,512,0,2,16,8,0,8,64,32,0,512,128,256,2,8,16,2,3,3,0,3,2,1,1,1,1,1,0,0
7020,2,zeros-la-3-4,zeros-la-3,468,7020,2,1056,512,2,2,16,8,0,8,64,32,2,512,128,256,0,8,16,2,2,4,0,3,2,1,1,1,1,1,0,0
7024,2,zeros-la-3-4,zeros-la-3,469,7024,2,1058,512,0,4,16,8,0,8,64,32,2,512,128,256,2,8,16,2,2,3,1,3,2,1,1,1,1,1,0,0
7028,2,zeros-la-3-4,zeros-la-3,470,7028,2,1060,512,4,4,16,8,2,8,64,32,0,512,128,256,0,8,16,2,2,2,2,3,2,1,1,1,1,1,0,0
7036,2,zeros-la-3-4,zeros-la-3,471,7036,2,1064,512,0,8,16,8,2,8,64,32,0,512,128,256,4,8,16,2,2,2,1,4,2,1,1,1,1,1,0,0
7052,2,zeros-la-3-4,zeros-la-3,472,7052,2,1066,512,0,2,16,8,0,16,64,32,2,512,128,256,4,8,16,2,2,3,1,2,3,1,1,1,1,1,0,0
7052,1,zeros-la-3-4,zeros-la-3,473,7052,1,1068,512,2,2,16,8,4,16,64,32,2,512,128,256,0,8,16,2,1,4,1,2,3,1,1,1,1,1,0,0
7056,1,zeros-la-3-4,zeros-la-3,474,7056,1,1070,512,4,16,8,2,4,16,64,32,2,512,128,256,8,16,2,0,1,3,2,2,3,1,1,1,1,1,0,0
7096,2,zeros-la-3-4,zeros-la-3,475,7096,2,1072,512,8,32,8,2,2,512,64,32,8,16,128,256,2,0,2,0,2,4,0,3,1,2,1,1,1,1,0,0
7100,2,zeros-la-3-4,zeros-la-3,476,7100,2,1074,512,8,32,8,2,2,512,64,32,8,16,128,256,4,0,2,0,2,3,1,3,1,2,1,1,1,1,0,0
7100,1,zeros-la-3-4,zeros-la-3,477,7100,1,1076,512,8,2,8,0,2,32,64,2,8,512,128,32,4,16,2,256,1,4,1,3,1,2,1,1,1,1,0,0
7100,0,zeros-la-3-4,zeros-la-3,478,7100,0,1078,512,8,2,8,2,2,32,64,2,8,512,128,32,4,16,2,256,0,5,1,3,1,2,1,1,1,1,0,0
7104,0,zeros-la-3-4,zeros-la-3,479,7104,0,1080,512,8,2,8,4,2,32,64,32,8,512,128,256,4,16,2,2,0,4,2,3,1,2,1,1,1,1,0,0
7108,0,zeros-la-3-4,zeros-la-3,480,7108,0,1084,512,8,2,8,4,2,32,64,32,8,512,128,256,4,16,4,4,0,2,4,3,1,2,1,1,1,1,0,0
7116,0,zeros-la-3-4,zeros-la-3,481,7116,0,1086,512,8,2,8,4,2,32,64,32,8,512,128,256,2,4,16,8,0,3,2,4,1,2,1,1,1,1,0,0
4,14,zeros-la-3-5,zeros-la-3,0,4,14,6,4,0,0,0,0,0,0,0,0,4,0,0,0,0,0,0,2,14,1,1,0,0,0,0,0,0,0,0,0
4,13,zeros-la-3-5,zeros-la-3,1,4,13,8,4,4,0,0,2,0,0,0,0,0,2,0,0,0,0,0,0,13,2,1,0,0,0,0,0,0,0,0,0
4,12,zeros-la-3-5,zeros-la-3,2,4,12,10,4,0,0,4,2,2,0,0,0,0,0,0,2,0,0,0,0,12,3,1,0,0,0,0,0,0,0,0,0
8,12,zeros-la-3-5,zeros-la-3,3,8,12,12,4,0,0,0,0,0,0,0,0,2,0,0,0,2,0,4,4,12,2,2,0,0,0,0,0,0,0,0,0
12,12,zeros-la-3-5,zeros-la-3,4,12,12,14,4,0,0,0,2,0,0,0,0,0,0,0,0,4,0,4,4,12,1,3,0,0,0,0,0,0,0,0,0
20,12,zeros-la-3-5,zeros-la-3,5,20,12,16,8,2,0,0,0,0,0,0,0,0,0,2,0,8,4,0,0,12,2,1,1,0,0,0,0,0,0,0,0
20,11,zeros-la-3-5,zeros-la-3,6,20,11,18,8,0,0,0,2,0,0,0,0,0,0,2,2,0,0,8,4,11,3,1,1,0,0,0,0,0,0,0,0
24,11,zeros-la-3-5,zeros-la-3,7,24,11,20,8,0,0,0,2,0,0,0,0,0,0,0,4,0,2,8,4,11,2,2,1,0,0,0,0,0,0,0,0
32,11,zeros-la-3-5,zeros-la-3,8,32,11,22,8,0,0,0,0,2,0,0,0,0,0,0,2,0,2,8,8,11,3,0,2,0,0,0,0,0,0,0,0
48,11,zeros-la-3-5,zeros-la-3,9,48,11,24,16,0,0,0,0,2,0,0,2,0,0,0,2,0,0,2,16,11,4,0,0,1,0,0,0,0,0,0,0
52,11,zeros-la-3-5,zeros-la-3,10,52,11,26,16,0,0,0,0,0,2,0,4,0,0,0,2,0,0,2,16,11,3,1,0,1,0,0,0,0,0,0,0
52,10,zeros-la-3-5,zeros-la-3,11,52,10,28,16,0,2,2,4,0,0,0,2,0,0,0,16,0,0,0,2,10,4,1,0,1,0,0,0,0,0,0,0
56,10,zeros-la-3-5,zeros-la-3,12,56,10,30,16,4,4,0,0,2,2,0,0,16,0,0,0,2,0,0,0,10,3,2,0,1,0,0,0,0,0,0,0
68,11,zeros-la-3-5,zeros-la-3,13,68,11,32,16,0,0,0,8,0,2,0,4,0,0,0,16,0,0,0,2,11,2,1,1,1,0,0,0,0,0,0,0
68,10,zeros-la-3-5,zeros-la-3,14,68,10,34,16,0,0,0,8,0,0,0,4,0,0,2,16,0,2,0,2,10,3,1,1,1,0,0,0,0,0,0,0
68,9,zeros-la-3-5,zeros-la-3,15,68,9,36,16,0,0,0,8,0,0,0,4,2,0,0,16,0,2,2,2,9,4,1,1,1,0,0,0,0,0,0,0
68,8,zeros-la-3-5,zeros-la-3,16,68,8,38,16,0,0,0,8,0,0,0,4,0,2,0,16,2,2,2,2,8,5,1,1,1,0,0,0,0,0,0,0
76,9,zeros-la-3-5,zeros-la-3,17,76,9,40,16,0,0,0,8,0,0,0,4,2,0,2,16,0,0,4,4,9,2,3,1,1,0,0,0,0,0,0,0
88,10,zeros-la-3-5,zeros-la-3,18,88,10,42,16,8,0,0,0,4,0,0,0,4,16,0,0,8,2,0,0,10,1,2,2,1,0,0,0,0,0,0,0
96,10,zeros-la-3-5,zeros-la-3,19,96,10,44,16,8,16,0,0,8,2,0,0,8,0,0,0,0,0,2,0,10,2,0,3,1,0,0,0,0,0,0,0
112,10,zeros-la-3-5,zeros-la-3,20,112,10,46,16,16,16,2,0,8,2,2,0,0,0,0,0,0,0,0,0,10,3,0,1,2,0,0,0,0,0,0,0
148,11,zeros-la-3-5,zeros-la-3,21,148,11,48,32,0,0,32,2,0,0,8,4,0,0,0,0,0,2,0,0,11,2,1,1,0,1,0,0,0,0,0,0
148,10,zeros-la-3-5,zeros-la-3,22,148,10,52,32,0,0,0,0,0,0,0,4,0,0,32,2,0,2,8,4,10,2,2,1,0,1,0,0,0,0,0,0
148,9,zeros-la-3-5,zeros-la-3,23,148,9,54,32,0,2,0,0,4,0,0,0,32,2,0,0,2,8,4,0,9,3,2,1,0,1,0,0,0,0,0,0
152,9,zeros-la-3-5,zeros-la-3,24,152,9,56,32,4,4,4,0,32,8,2,0,2,0,0,0,0,0,0,0,9,2,3,1,0,1,0,0,0,0,0,0
160,9,zeros-la-3-5,zeros-la-3,25,160,9,58,32,8,4,0,0,32,8,2,2,2,0,0,0,0,0,0,0,9,3,1,2,0,1,0,0,0,0,0,0
164,9,zeros-la-3-5,zeros-la-3,26,164,9,60,32,0,0,8,4,0,32,8,4,0,0,0,2,2,0,0,0,9,2,2,2,0,1,0,0,0,0,0,0
188,10,zeros-la-3-5,zeros-la-3,27,188,10,62,32,2,32,16,8,0,0,0,2,2,0,0,0,0,0,0,0,10,3,0,1,1,1,0,0,0,0,0,0
192,10,zeros-la-3-5,zeros-la-3,28,192,10,64,32,4,32,16,8,0,0,0,2,2,0,0,0,0,0,0,0,10,2,1,1,1,1,0,0,0,0,0,0
192,9,zeros-la-3-5,zeros-la-3,29,192,9,66,32,4,32,16,8,2,0,0,0,2,0,0,0,0,0,0,2,9,3,1,1,1,1,0,0,0,0,0,0
196,9,zeros-la-3-5,zeros-la-3,30,196,9,68,32,4,32,16,8,4,0,0,2,0,2,0,0,0,0,0,0,9,2,2,1,1,1,0,0,0,0,0,0
204,9,zeros-la-3-5,zeros-la-3,31,204,9,70,32,8,32,16,8,0,2,0,2,0,0,0,2,0,0,0,0,9,3,0,2,1,1,0,0,0,0,0,0
208,9,zeros-la-3-5,zeros-la-3,32,208,9,72,32,8,32,16,8,2,0,0,4,0,0,0,2,0,0,0,0,9,2,1,2,1,1,0,0,0,0,0,0
208,8,zeros-la-3-5,zeros-la-3,33,208,8,74,32,8,32,16,8,0,0,2,4,0,0,2,2,0,0,0,0,8,3,1,2,1,1,0,0,0,0,0,0
212,8,zeros-la-3-5,zeros-la-3,34,212,8,76,32,8,32,16,8,0,0,2,4,2,0,0,4,0,0,0,0,8,2,2,2,1,1,0,0,0,0,0,0
220,8,zeros-la-3-5,zeros-la-3,35,220,8,78,32,8,32,16,8,2,0,2,8,0,0,0,0,0,0,0,2,8,3,0,3,1,1,0,0,0,0,0,0
236,8,zeros-la-3-5,zeros-la-3,36,236,8,80,32,8,32,16,16,2,0,2,2,0,0,0,0,0,0,2,0,8,4,0,1,2,1,0,0,0,0,0,0
272,9,zeros-la-3-5,zeros-la-3,37,272,9,82,32,8,32,32,0,4,2,0,0,0,0,0,2,2,0,0,0,9,3,1,1,0,2,0,0,0,0,0,0
336,9,zeros-la-3-5,zeros-la-3,38,336,9,84,64,8,64,0,0,4,2,0,0,2,0,0,0,2,0,0,2,9,4,1,1,0,0,1,0,0,0,0,0
340,9,zeros-la-3-5,zeros-la-3,39,340,9,86,64,0,0,0,0,8,0,2,0,4,64,0,0,4,2,0,2,9,3,2,1,0,0,1,0,0,0,0,0
348,9,zeros-la-3-5,zeros-la-3,40,348,9,88,64,8,64,2,2,8,2,0,0,0,0,0,0,0,2,0,0,9,4,0,2,0,0,1,0,0,0,0,0
368,10,zeros-la-3-5,zeros-la-3,41,368,10,90,64,0,0,0,0,0,0,0,0,2,64,0,0,16,4,2,2,10,3,1,0,1,0,1,0,0,0,0,0
372,10,zeros-la-3-5,zeros-la-3,42,372,10,92,64,0,0,0,0,0,0,0,0,0,2,2,64,0,16,4,4,10,2,2,0,1,0,1,0,0,0,0,0
384,11,zeros-la-3-5,zeros-la-3,43,384,11,94,64,0,0,2,0,0,0,0,0,4,64,0,0,16,8,0,0,11,1,1,1,1,0,1,0,0,0,0,0
384,10,zeros-la-3-5,zeros-la-3,44,384,10,96,64,4,64,2,2,16,8,0,0,0,0,0,0,0,0,0,0,10,2,1,1,1,0,1,0,0,0,0,0
384,9,zeros-la-3-5,zeros-la-3,45,384,9,98,64,4,64,2,2,16,8,2,0,0,0,0,0,0,0,0,0,9,3,1,1,1,0,1,0,0,0,0,0
388,9,zeros-la-3-5,zeros-la-3,46,388,9,100,64,4,64,4,2,16,8,2,0,0,0,0,0,0,0,0,0,9,2,2,1,1,0,1,0,0,0,0,0
388,8,zeros-la-3-5,zeros-la-3,47,388,8,102,64,0,2,0,0,0,0,0,0,4,64,4,0,16,8,2,2,8,3,2,1,1,0,1,0,0,0,0,0
392,8,zeros-la-3-5,zeros-la-3,48,392,8,104,64,2,0,2,0,0,0,0,0,4,64,4,0,16,8,4,0,8,2,3,1,1,0,1,0,0,0,0,0
400,8,zeros-la-3-5,zeros-la-3,49,400,8,106,64,2,0,0,0,2,0,0,0,4,64,2,0,16,8,8,0,8,3,1,2,1,0,1,0,0,0,0,0
404,8,zeros-la-3-5,zeros-la-3,50,404,8,108,64,0,0,0,0,4,0,0,0,4,64,2,2,16,8,8,0,8,2,2,2,1,0,1,0,0,0,0,0
424,9,zeros-la-3-5,zeros-la-3,51,424,9,110,64,0,0,0,0,0,0,0,4,0,4,64,4,2,0,16,16,9,1,3,0,2,0,1,0,0,0,0,0
432,9,zeros-la-3-5,zeros-la-3,52,432,9,112,64,0,0,0,0,0,0,0,0,0,2,64,8,2,4,16,16,9,2,1,1,2,0,1,0,0,0,0,0
464,9,zeros-la-3-5,zeros-la-3,53,464,9,114,64,0,0,0,0,0,0,0,0,2,64,8,0,2,4,32,2,9,3,1,1,0,1,1,0,0,0,0,0
468,9,zeros-la-3-5,zeros-la-3,54,468,9,116,64,2,0,0,0,0,0,0,0,0,64,8,0,4,4,32,2,9,2,2,1,0,1,1,0,0,0,0,0
476,9,zeros-la-3-5,zeros-la-3,55,476,9,118,64,2,0,0,0,0,0,2,0,64,8,0,0,8,32,2,0,9,3,0,2,0,1,1,0,0,0,0,0
476,8,zeros-la-3-5,zeros-la-3,56,476,8,120,64,0,0,0,2,0,2,0,2,0,0,64,8,0,8,32,2,8,4,0,2,0,1,1,0,0,0,0,0
480,8,zeros-la-3-5,zeros-la-3,57,480,8,122,64,2,0,0,0,4,0,0,0,64,8,0,0,8,32,2,2,8,3,1,2,0,1,1,0,0,0,0,0
480,7,zeros-la-3-5,zeros-la-3,58,480,7,124,64,2,0,0,0,4,2,0,0,64,8,0,0,8,32,2,2,7,4,1,2,0,1,1,0,0,0,0,0
480,6,zeros-la-3-5,zeros-la-3,59,480,6,126,64,2,2,2,2,4,8,0,0,64,32,0,0,8,0,0,2,6,5,1,2,0,1,1,0,0,0,0,0
488,7,zeros-la-3-5,zeros-la-3,60,488,7,128,64,4,4,2,0,4,8,0,0,64,32,0,0,8,2,0,0,7,2,3,2,0,1,1,0,0,0,0,0
496,7,zeros-la-3-5,zeros-la-3,61,496,7,130,64,0,4,0,0,8,8,0,0,64,32,0,0,8,2,2,2,7,3,1,3,0,1,1,0,0,0,0,0
516,8,zeros-la-3-5,zeros-la-3,62,516,8,132,64,4,0,0,0,16,0,0,0,64,32,2,0,8,4,2,0,8,2,2,1,1,1,1,0,0,0,0,0
520,8,zeros-la-3-5,zeros-la-3,63,520,8,134,64,4,0,0,0,16,0,0,2,64,32,0,0,8,4,4,0,8,1,3,1,1,1,1,0,0,0,0,0
528,8,zeros-la-3-5,zeros-la-3,64,528,8,136,64,4,0,0,0,16,2,0,0,64,32,0,2,8,8,0,0,8,2,1,2,1,1,1,0,0,0,0,0
544,8,zeros-la-3-5,zeros-la-3,65,544,8,138,64,2,0,0,4,0,0,16,2,0,64,32,2,0,0,0,16,8,3,1,0,2,1,1,0,0,0,0,0
548,8,zeros-la-3-5,zeros-la-3,66,548,8,140,64,2,64,16,4,2,0,32,4,0,0,0,16,0,0,0,0,8,2,2,0,2,1,1,0,0,0,0,0
560,9,zeros-la-3-5,zeros-la-3,67,560,9,142,64,2,0,0,0,0,0,0,0,0,0,16,8,4,64,32,16,9,1,1,1,2,1,1,0,0,0,0,0
560,8,zeros-la-3-5,zeros-la-3,68,560,8,144,64,0,0,0,0,2,0,0,0,2,0,16,8,4,64,32,16,8,2,1,1,2,1,1,0,0,0,0,0
564,8,zeros-la-3-5,zeros-la-3,69,564,8,146,64,0,0,0,0,2,0,0,0,4,0,16,8,4,64,32,16,8,1,2,1,2,1,1,0,0,0,0,0
572,8,zeros-la-3-5,zeros-la-3,70,572,8,148,64,0,0,0,0,0,0,0,2,2,0,16,8,8,64,32,16,8,2,0,2,2,1,1,0,0,0,0,0
572,7,zeros-la-3-5,zeros-la-3,71,572,7,150,64,0,0,0,2,2,0,0,0,2,16,8,0,8,64,32,16,7,3,0,2,2,1,1,0,0,0,0,0
572,6,zeros-la-3-5,zeros-la-3,72,572,6,152,64,0,0,0,2,0,0,2,2,0,2,16,8,8,64,32,16,6,4,0,2,2,1,1,0,0,0,0,0
576,6,zeros-la-3-5,zeros-la-3,73,576,6,154,64,8,2,2,4,0,64,16,8,0,0,32,16,0,0,0,2,6,3,1,2,2,1,1,0,0,0,0,0
580,6,zeros-la-3-5,zeros-la-3,74,580,6,156,64,8,4,4,0,64,16,8,0,32,16,0,0,2,0,2,0,6,2,2,2,2,1,1,0,0,0,0,0
592,7,zeros-la-3-5,zeros-la-3,75,592,7,158,64,2,0,8,8,0,64,16,8,0,0,32,16,0,0,0,4,7,1,1,3,2,1,1,0,0,0,0,0
608,7,zeros-la-3-5,zeros-la-3,76,608,7,160,64,2,64,8,16,0,0,16,16,0,0,32,4,2,0,0,0,7,2,1,1,3,1,1,0,0,0,0,0
640,7,zeros-la-3-5,zeros-la-3,77,640,7,162,64,2,64,8,16,32,2,0,0,32,4,0,0,2,0,0,0,7,3,1,1,1,2,1,0,0,0,0,0
704,7,zeros-la-3-5,zeros-la-3,78,704,7,164,64,0,0,0,0,2,64,0,0,64,2,0,2,2,4,8,16,7,4,1,1,1,0,2,0,0,0,0,0
708,7,zeros-la-3-5,zeros-la-3,79,708,7,166,64,0,0,0,0,2,64,0,0,64,4,0,2,2,4,8,16,7,3,2,1,1,0,2,0,0,0,0,0
716,7,zeros-la-3-5,zeros-la-3,80,716,7,168,64,0,0,0,0,2,0,0,0,64,64,2,2,2,8,8,16,7,4,0,2,1,0,2,0,0,0,0,0
864,9,zeros-la-3-5,zeros-la-3,81,864,9,170,128,0,0,0,0,0,0,2,2,0,0,128,4,0,2,16,16,9,3,1,0,2,0,0,1,0,0,0,0
900,10,zeros-la-3-5,zeros-la-3,82,900,10,172,128,0,0,0,0,2,0,0,4,0,0,128,4,0,0,2,32,10,2,2,0,0,1,0,1,0,0,0,0
908,10,zeros-la-3-5,zeros-la-3,83,908,10,174,128,0,0,0,0,0,0,0,0,0,2,128,8,2,0,2,32,10,3,0,1,0,1,0,1,0,0,0,0
908,9,zeros-la-3-5,zeros-la-3,84,908,9,176,128,0,0,0,0,0,0,0,0,0,2,128,8,2,2,2,32,9,4,0,1,0,1,0,1,0,0,0,0
912,9,zeros-la-3-5,zeros-la-3,85,912,9,180,128,4,0,0,0,0,0,0,0,0,2,128,8,0,2,4,32,9,2,2,1,0,1,0,1,0,0,0,0
916,9,zeros-la-3-5,zeros-la-3,86,916,9,182,128,0,0,2,0,0,0,0,0,0,0,128,8,4,4,4,32,9,1,3,1,0,1,0,1,0,0,0,0
924,9,zeros-la-3-5,zeros-la-3,87,924,9,184,128,0,0,0,2,0,0,0,0,2,0,128,8,0,4,8,32,9,2,1,2,0,1,0,1,0,0,0,0
924,8,zeros-la-3-5,zeros-la-3,88,924,8,188,128,2,0,0,0,0,0,0,0,2,128,8,0,4,8,32,4,8,2,2,2,0,1,0,1,0,0,0,0
928,8,zeros-la-3-5,zeros-la-3,89,928,8,190,128,4,128,8,4,4,8,32,0,0,0,0,2,0,0,0,0,8,1,3,2,0,1,0,1,0,0,0,0
936,8,zeros-la-3-5,zeros-la-3,90,936,8,192,128,0,0,0,0,0,0,0,2,0,128,8,4,8,8,32,2,8,2,1,3,0,1,0,1,0,0,0,0
952,8,zeros-la-3-5,zeros-la-3,91,952,8,194,128,0,0,0,0,0,0,2,2,0,128,8,4,0,16,32,2,8,3,1,1,1,1,0,1,0,0,0,0
956,8,zeros-la-3-5,zeros-la-3,92,956,8,196,128,0,0,0,2,0,0,0,4,0,128,8,4,0,16,32,2,8,2,2,1,1,1,0,1,0,0,0,0
964,8,zeros-la-3-5,zeros-la-3,93,964,8,198,128,0,0,0,0,0,0,0,2,0,128,8,8,2,16,32,2,8,3,0,2,1,1,0,1,0,0,0,0
980,8,zeros-la-3-5,zeros-la-3,94,980,8,200,128,0,0,0,0,2,0,2,0,128,16,0,0,2,16,32,2,8,4,0,0,2,1,0,1,0,0,0,0
1012,8,zeros-la-3-5,zeros-la-3,95,1012,8,202,128,0,0,0,0,2,0,2,0,128,0,2,0,2,32,32,2,8,5,0,0,0,2,0,1,0,0,0,0
1080,9,zeros-la-3-5,zeros-la-3,96,1080,9,204,128,0,2,0,0,0,0,0,4,0,0,128,2,0,2,64,2,9,4,1,0,0,0,1,1,0,0,0,0
1088,10,zeros-la-3-5,zeros-la-3,97,1088,10,206,128,0,4,128,4,0,0,64,4,0,0,0,0,0,0,2,0,10,1,3,0,0,0,1,1,0,0,0,0
1096,10,zeros-la-3-5,zeros-la-3,98,1096,10,208,128,0,0,0,0,0,0,128,0,2,0,64,0,0,4,2,8,10,2,1,1,0,0,1,1,0,0,0,0
1096,9,zeros-la-3-5,zeros-la-3,99,1096,9,210,128,0,0,0,0,0,2,0,128,0,0,2,64,0,4,2,8,9,3,1,1,0,0,1,1,0,0,0,0
1100,9,zeros-la-3-5,zeros-la-3,100,1100,9,212,128,0,0,0,0,2,0,0,128,0,2,0,64,0,4,4,8,9,2,2,1,0,0,1,1,0,0,0,0
1108,9,zeros-la-3-5,zeros-la-3,101,1108,9,214,128,0,0,2,0,0,0,2,128,0,0,2,64,0,0,8,8,9,3,0,2,0,0,1,1,0,0,0,0
1124,9,zeros-la-3-5,zeros-la-3,102,1124,9,216,128,0,0,0,2,0,0,2,128,0,0,2,64,2,0,0,16,9,4,0,0,1,0,1,1,0,0,0,0
1124,8,zeros-la-3-5,zeros-la-3,103,1124,8,218,128,2,0,0,0,2,128,2,0,2,64,0,0,2,16,0,0,8,5,0,0,1,0,1,1,0,0,0,0
1132,9,zeros-la-3-5,zeros-la-3,104,1132,9,220,128,4,128,2,0,4,64,0,0,2,16,0,0,0,0,0,0,9,2,2,0,1,0,1,1,0,0,0,0
1140,9,zeros-la-3-5,zeros-la-3,105,1140,9,224,128,8,128,2,0,2,64,0,0,0,16,0,0,4,0,0,0,9,2,1,1,1,0,1,1,0,0,0,0
1140,8,zeros-la-3-5,zeros-la-3,106,1140,8,228,128,0,8,128,2,0,0,2,64,0,0,0,16,0,4,0,4,8,2,2,1,1,0,1,1,0,0,0,0
1148,8,zeros-la-3-5,zeros-la-3,107,1148,8,230,128,0,8,128,2,0,0,2,64,0,0,0,16,2,0,0,8,8,3,0,2,1,0,1,1,0,0,0,0
1148,7,zeros-la-3-5,zeros-la-3,108,1148,7,232,128,0,0,2,2,0,0,0,64,0,0,128,16,2,8,2,8,7,4,0,2,1,0,1,1,0,0,0,0
1148,6,zeros-la-3-5,zeros-la-3,109,1148,6,234,128,2,8,2,2,0,2,128,64,0,0,2,16,0,0,0,8,6,5,0,2,1,0,1,1,0,0,0,0
1152,6,zeros-la-3-5,zeros-la-3,110,1152,6,236,128,0,2,8,4,2,2,128,64,0,0,2,16,0,0,0,8,6,4,1,2,1,0,1,1,0,0,0,0
1156,6,zeros-la-3-5,zeros-la-3,111,1156,6,238,128,2,4,8,4,0,0,128,64,0,0,2,16,0,0,2,8,6,3,2,2,1,0,1,1,0,0,0,0
1160,6,zeros-la-3-5,zeros-la-3,112,1160,6,240,128,0,0,0,4,0,0,8,64,0,2,128,16,2,4,4,8,6,2,3,2,1,0,1,1,0,0,0,0
1168,6,zeros-la-3-5,zeros-la-3,113,1168,6,242,128,0,0,0,4,0,0,8,64,0,2,128,16,2,2,8,8,6,3,1,3,1,0,1,1,0,0,0,0
1188,7,zeros-la-3-5,zeros-la-3,114,1188,7,244,128,0,0,0,4,0,0,8,64,0,2,128,16,2,0,4,16,7,2,2,1,2,0,1,1,0,0,0,0
1220,7,zeros-la-3-5,zeros-la-3,115,1220,7,246,128,2,0,0,0,0,0,8,4,0,0,128,64,2,2,4,32,7,3,2,1,0,1,1,1,0,0,0,0
1224,7,zeros-la-3-5,zeros-la-3,116,1224,7,250,128,0,0,4,2,0,0,8,4,0,0,128,64,0,4,4,32,7,1,4,1,0,1,1,1,0,0,0,0
1232,7,zeros-la-3-5,zeros-la-3,117,1232,7,252,128,4,2,0,2,8,4,0,0,128,64,0,0,8,32,0,0,7,2,2,2,0,1,1,1,0,0,0,0
1236,7,zeros-la-3-5,zeros-la-3,118,1236,7,254,128,4,4,0,2,8,4,0,0,128,64,0,0,8,32,0,0,7,1,3,2,0,1,1,1,0,0,0,0
1244,7,zeros-la-3-5,zeros-la-3,119,1244,7,256,128,4,0,0,0,8,8,0,2,128,64,0,0,8,32,0,2,7,2,1,3,0,1,1,1,0,0,0,0
1248,7,zeros-la-3-5,zeros-la-3,120,1248,7,258,128,4,2,0,0,8,8,0,0,128,64,0,0,8,32,0,4,7,1,2,3,0,1,1,1,0,0,0,0
1264,7,zeros-la-3-5,zeros-la-3,121,1264,7,262,128,4,2,0,0,16,0,0,0,128,64,4,0,8,32,4,0,7,1,3,1,1,1,1,1,0,0,0,0
1272,7,zeros-la-3-5,zeros-la-3,122,1272,7,264,128,4,0,0,0,16,2,0,0,128,64,2,0,8,32,8,0,7,2,1,2,1,1,1,1,0,0,0,0
1272,6,zeros-la-3-5,zeros-la-3,123,1272,6,266,128,0,0,2,4,0,0,16,2,0,128,64,2,0,8,32,8,6,3,1,2,1,1,1,1,0,0,0,0
1276,6,zeros-la-3-5,zeros-la-3,124,1276,6,268,128,0,128,2,4,0,8,16,4,0,0,64,8,0,0,32,2,6,2,2,2,1,1,1,1,0,0,0,0
1284,6,zeros-la-3-5,zeros-la-3,125,1284,6,270,128,2,0,2,0,0,0,16,8,0,128,64,8,0,8,32,2,6,3,0,3,1,1,1,1,0,0,0,0
1300,6,zeros-la-3-5,zeros-la-3,126,1300,6,272,128,0,0,2,0,0,0,16,2,0,128,64,16,2,8,32,2,6,4,0,1,2,1,1,1,0,0,0,0
1300,5,zeros-la-3-5,zeros-la-3,127,1300,5,274,128,2,128,2,2,0,8,16,16,2,0,64,2,0,0,32,0,5,5,0,1,2,1,1,1,0,0,0,0
1336,6,zeros-la-3-5,zeros-la-3,128,1336,6,276,128,2,128,4,0,8,32,0,2,2,64,2,0,32,0,0,0,6,4,1,1,0,2,1,1,0,0,0,0
1336,5,zeros-la-3-5,zeros-la-3,129,1336,5,280,128,4,2,128,4,0,8,32,2,0,2,64,2,0,0,0,32,5,4,2,1,0,2,1,1,0,0,0,0
1340,5,zeros-la-3-5,zeros-la-3,130,1340,5,282,128,4,2,128,4,0,8,32,4,2,2,64,32,0,0,0,0,5,3,3,1,0,2,1,1,0,0,0,0
1348,5,zeros-la-3-5,zeros-la-3,131,1348,5,284,128,4,2,128,8,2,8,32,32,2,2,64,0,0,0,0,0,5,4,1,2,0,2,1,1,0,0,0,0
1416,6,zeros-la-3-5,zeros-la-3,132,1416,6,286,128,4,2,128,8,0,2,8,64,2,0,4,64,0,0,0,0,6,3,2,2,0,0,2,1,0,0,0,0
1548,7,zeros-la-3-5,zeros-la-3,133,1548,7,288,128,0,0,0,0,0,0,128,0,4,2,8,8,2,4,4,128,7,2,3,2,0,0,0,2,0,0,0,0
1572,8,zeros-la-3-5,zeros-la-3,134,1572,8,290,128,0,0,0,2,0,0,0,128,0,4,2,16,0,2,8,128,8,3,1,1,1,0,0,2,0,0,0,0
1572,7,zeros-la-3-5,zeros-la-3,135,1572,7,292,128,0,4,2,2,0,2,8,128,2,0,0,16,0,0,0,128,7,4,1,1,1,0,0,2,0,0,0,0
1576,7,zeros-la-3-5,zeros-la-3,136,1576,7,296,128,4,4,0,0,2,8,128,0,2,16,0,4,128,0,0,0,7,2,3,1,1,0,0,2,0,0,0,0
1580,7,zeros-la-3-5,zeros-la-3,137,1580,7,298,128,4,4,128,4,4,8,0,0,128,16,0,0,0,2,0,0,7,1,4,1,1,0,0,2,0,0,0,0
1588,7,zeros-la-3-5,zeros-la-3,138,1588,7,300,128,0,8,128,4,0,0,4,8,0,0,128,16,0,0,2,2,7,2,2,2,1,0,0,2,0,0,0,0
1592,7,zeros-la-3-5,zeros-la-3,139,1592,7,302,128,0,8,128,4,2,0,4,8,0,0,128,16,0,0,0,4,7,1,3,2,1,0,0,2,0,0,0,0
1592,6,zeros-la-3-5,zeros-la-3,140,1592,6,306,128,0,0,0,4,0,0,128,8,4,0,4,16,2,8,128,4,6,1,4,2,1,0,0,2,0,0,0,0
1600,6,zeros-la-3-5,zeros-la-3,141,1600,6,310,128,0,0,0,4,0,0,128,8,0,4,8,16,2,8,128,4,6,1,3,3,1,0,0,2,0,0,0,0
1600,5,zeros-la-3-5,zeros-la-3,142,1600,5,312,128,2,4,128,4,0,8,8,8,0,0,128,16,0,0,2,4,5,2,3,3,1,0,0,2,0,0,0,0
1616,5,zeros-la-3-5,zeros-la-3,143,1616,5,314,128,2,4,128,4,0,0,8,16,0,2,128,16,0,0,2,4,5,3,3,1,2,0,0,2,0,0,0,0
1648,5,zeros-la-3-5,zeros-la-3,144,1648,5,316,128,2,4,128,4,0,2,8,32,0,0,128,4,2,0,2,0,5,4,3,1,0,1,0,2,0,0,0,0
1652,5,zeros-la-3-5,zeros-la-3,145,1652,5,318,128,4,4,128,4,2,2,8,32,0,0,128,4,0,0,2,0,5,3,4,1,0,1,0,2,0,0,0,0
1652,4,zeros-la-3-5,zeros-la-3,146,1652,4,320,128,4,4,128,4,2,2,8,32,0,0,128,4,0,0,2,2,4,4,4,1,0,1,0,2,0,0,0,0
1668,6,zeros-la-3-5,zeros-la-3,147,1668,6,322,128,0,8,128,4,0,4,8,32,0,2,128,4,0,0,0,4,6,1,4,2,0,1,0,2,0,0,0,0
1676,6,zeros-la-3-5,zeros-la-3,148,1676,6,324,128,0,0,0,2,0,8,128,4,0,4,8,32,0,2,128,8,6,2,2,3,0,1,0,2,0,0,0,0
1676,5,zeros-la-3-5,zeros-la-3,149,1676,5,326,128,0,0,0,2,0,8,128,4,0,4,8,32,2,2,128,8,5,3,2,3,0,1,0,2,0,0,0,0
1680,5,zeros-la-3-5,zeros-la-3,150,1680,5,328,128,0,0,0,2,0,8,128,4,0,4,8,32,2,4,128,8,5,2,3,3,0,1,0,2,0,0,0,0
1688,5,zeros-la-3-5,zeros-la-3,151,1688,5,330,128,2,0,0,2,0,0,128,4,0,8,8,32,2,8,128,8,5,3,1,4,0,1,0,2,0,0,0,0
1708,6,zeros-la-3-5,zeros-la-3,152,1708,6,332,128,0,2,0,2,0,0,128,4,0,0,8,32,4,16,128,8,6,2,2,2,1,1,0,2,0,0,0,0
1712,6,zeros-la-3-5,zeros-la-3,153,1712,6,334,128,2,0,0,4,0,0,128,4,0,0,8,32,4,16,128,8,6,1,3,2,1,1,0,2,0,0,0,0
1720,6,zeros-la-3-5,zeros-la-3,154,1720,6,336,128,0,2,0,0,0,0,128,8,2,0,8,32,4,16,128,8,6,2,1,3,1,1,0,2,0,0,0,0
1720,5,zeros-la-3-5,zeros-la-3,155,1720,5,338,128,2,2,128,8,4,16,8,32,0,0,128,8,0,0,0,2,5,3,1,3,1,1,0,2,0,0,0,0
1724,5,zeros-la-3-5,zeros-la-3,156,1724,5,340,128,4,128,8,2,4,16,8,32,128,8,0,0,2,0,0,0,5,2,2,3,1,1,0,2,0,0,0,0
1748,6,zeros-la-3-5,zeros-la-3,157,1748,6,344,128,8,128,16,2,128,16,0,32,2,8,0,0,0,0,4,0,6,2,1,2,2,1,0,2,0,0,0,0
1748,5,zeros-la-3-5,zeros-la-3,158,1748,5,346,128,8,128,16,2,0,128,16,32,2,0,2,8,0,0,0,4,5,3,1,2,2,1,0,2,0,0,0,0
2036,6,zeros-la-3-5,zeros-la-3,159,2036,6,348,256,8,256,32,2,2,0,2,32,0,0,0,8,0,0,2,4,6,4,1,2,0,2,0,0,1,0,0,0
2040,6,zeros-la-3-5,zeros-la-3,160,2040,6,350,256,8,256,32,2,2,2,4,32,0,0,0,8,0,0,0,4,6,3,2,2,0,2,0,0,1,0,0,0
2044,6,zeros-la-3-5,zeros-la-3,161,2044,6,352,256,8,256,32,2,4,4,32,0,8,0,0,0,4,0,0,2,6,2,3,2,0,2,0,0,1,0,0,0
2112,7,zeros-la-3-5,zeros-la-3,162,2112,7,356,256,8,0,0,4,4,0,0,0,8,256,0,0,4,4,64,4,7,0,5,2,0,0,1,0,1,0,0,0
2120,7,zeros-la-3-5,zeros-la-3,163,2120,7,358,256,0,2,8,4,0,0,0,4,0,0,8,256,0,8,64,4,7,1,3,3,0,0,1,0,1,0,0,0
2144,8,zeros-la-3-5,zeros-la-3,164,2144,8,360,256,0,2,16,8,0,8,64,256,0,0,0,4,0,0,0,2,8,2,1,2,1,0,1,0,1,0,0,0
2144,7,zeros-la-3-5,zeros-la-3,165,2144,7,362,256,0,2,16,8,2,8,64,256,0,0,0,4,0,0,0,2,7,3,1,2,1,0,1,0,1,0,0,0
2144,6,zeros-la-3-5,zeros-la-3,166,2144,6,364,256,2,2,16,8,2,8,64,256,0,0,0,4,0,0,0,2,6,4,1,2,1,0,1,0,1,0,0,0
2148,6,zeros-la-3-5,zeros-la-3,167,2148,6,366,256,0,4,16,8,2,8,64,256,0,0,2,4,0,0,0,2,6,3,2,2,1,0,1,0,1,0,0,0
2148,5,zeros-la-3-5,zeros-la-3,168,2148,5,368,256,2,4,16,8,0,8,64,256,0,0,2,4,0,0,2,2,5,4,2,2,1,0,1,0,1,0,0,0
2152,5,zeros-la-3-5,zeros-la-3,169,2152,5,370,256,2,4,16,8,0,8,64,256,0,0,4,4,2,0,0,2,5,3,3,2,1,0,1,0,1,0,0,0
2156,5,zeros-la-3-5,zeros-la-3,170,2156,5,374,256,4,4,16,8,0,8,64,256,0,0,4,4,0,4,0,2,5,1,5,2,1,0,1,0,1,0,0,0
2172,6,zeros-la-3-5,zeros-la-3,171,2172,6,376,256,8,16,8,0,8,64,256,0,8,2,0,0,4,2,0,0,6,2,1,4,1,0,1,0,1,0,0,0
2192,7,zeros-la-3-5,zeros-la-3,172,2192,7,378,256,16,16,8,0,8,64,256,0,4,4,0,2,0,0,0,0,7,1,2,2,2,0,1,0,1,0,0,0
2232,8,zeros-la-3-5,zeros-la-3,173,2232,8,380,256,32,8,0,0,8,64,256,0,8,2,0,0,0,0,0,2,8,2,0,3,0,1,1,0,1,0,0,0
2248,8,zeros-la-3-5,zeros-la-3,174,2248,8,382,256,32,8,256,2,16,64,0,0,0,2,0,2,0,0,0,0,8,3,0,1,1,1,1,0,1,0,0,0
2252,8,zeros-la-3-5,zeros-la-3,175,2252,8,384,256,32,8,256,4,16,64,0,2,0,2,0,0,0,0,0,0,8,2,1,1,1,1,1,0,1,0,0,0
2252,7,zeros-la-3-5,zeros-la-3,176,2252,7,386,256,32,8,256,4,0,16,64,2,0,0,0,2,0,0,0,2,7,3,1,1,1,1,1,0,1,0,0,0
2252,6,zeros-la-3-5,zeros-la-3,177,2252,6,388,256,32,8,256,4,16,64,2,0,2,0,0,0,2,0,0,2,6,4,1,1,1,1,1,0,1,0,0,0
2256,6,zeros-la-3-5,zeros-la-3,178,2256,6,390,256,32,8,256,4,16,64,2,2,4,2,0,0,0,0,0,0,6,3,2,1,1,1,1,0,1,0,0,0
2260,6,zeros-la-3-5,zeros-la-3,179,2260,6,392,256,32,8,256,4,0,16,64,4,0,2,4,2,0,0,0,0,6,2,3,1,1,1,1,0,1,0,0,0
2268,6,zeros-la-3-5,zeros-la-3,180,2268,6,396,256,32,8,256,8,4,16,64,2,0,2,4,0,0,0,0,0,6,2,2,2,1,1,1,0,1,0,0,0
2268,5,zeros-la-3-5,zeros-la-3,181,2268,5,398,256,32,8,256,8,4,16,64,2,2,0,2,4,0,0,0,0,5,3,2,2,1,1,1,0,1,0,0,0
2272,5,zeros-la-3-5,zeros-la-3,182,2272,5,402,256,32,8,256,8,4,16,64,2,4,4,0,0,0,0,4,0,5,1,4,2,1,1,1,0,1,0,0,0
2280,5,zeros-la-3-5,zeros-la-3,183,2280,5,404,256,0,0,0,2,0,8,256,0,32,16,64,8,8,4,4,2,5,2,2,3,1,1,1,0,1,0,0,0
2288,5,zeros-la-3-5,zeros-la-3,184,2288,5,406,256,2,0,0,0,8,256,0,2,32,16,64,8,8,8,2,0,5,3,0,4,1,1,1,0,1,0,0,0
2304,5,zeros-la-3-5,zeros-la-3,185,2304,5,408,256,2,0,0,2,0,8,256,2,32,16,64,8,0,0,16,2,5,4,0,2,2,1,1,0,1,0,0,0
2308,5,zeros-la-3-5,zeros-la-3,186,2308,5,410,256,0,0,0,0,0,2,256,4,2,8,64,8,32,16,16,2,5,3,1,2,2,1,1,0,1,0,0,0
2340,5,zeros-la-3-5,zeros-la-3,187,2340,5,412,256,0,0,0,0,0,2,256,4,2,8,64,8,2,32,32,2,5,4,1,2,0,2,1,0,1,0,0,0
2344,5,zeros-la-3-5,zeros-la-3,188,2344,5,414,256,2,0,0,0,0,2,256,4,0,8,64,8,4,32,32,2,5,3,2,2,0,2,1,0,1,0,0,0
2408,5,zeros-la-3-5,zeros-la-3,189,2408,5,416,256,2,0,0,0,2,256,4,0,8,64,8,2,4,64,2,0,5,4,2,2,0,0,2,0,1,0,0,0
2540,6,zeros-la-3-5,zeros-la-3,190,2540,6,420,256,0,0,0,4,4,0,4,0,8,256,8,0,4,128,2,2,6,2,4,2,0,0,0,1,1,0,0,0
2552,7,zeros-la-3-5,zeros-la-3,191,2552,7,422,256,0,0,0,4,0,2,0,8,0,8,256,8,0,4,128,4,7,1,3,3,0,0,0,1,1,0,0,0
2568,7,zeros-la-3-5,zeros-la-3,192,2568,7,424,256,2,0,0,0,0,2,0,4,0,8,256,16,0,4,128,4,7,2,3,1,1,0,0,1,1,0,0,0
2568,6,zeros-la-3-5,zeros-la-3,193,2568,6,426,256,2,2,256,4,2,8,128,16,0,4,0,4,0,0,0,0,6,3,3,1,1,0,0,1,1,0,0,0
2572,6,zeros-la-3-5,zeros-la-3,194,2572,6,428,256,0,0,0,0,2,2,0,4,0,8,256,16,4,4,128,4,6,2,4,1,1,0,0,1,1,0,0,0
2584,7,zeros-la-3-5,zeros-la-3,195,2584,7,432,256,0,0,4,0,0,0,4,4,0,8,256,16,0,8,128,4,7,0,4,2,1,0,0,1,1,0,0,0
2608,8,zeros-la-3-5,zeros-la-3,196,2608,8,434,256,0,16,8,4,0,2,256,16,0,0,128,4,0,0,0,0,8,1,2,1,2,0,0,1,1,0,0,0
2608,7,zeros-la-3-5,zeros-la-3,197,2608,7,436,256,0,16,8,4,0,2,256,16,0,2,128,4,0,0,0,0,7,2,2,1,2,0,0,1,1,0,0,0
2612,7,zeros-la-3-5,zeros-la-3,198,2612,7,438,256,0,0,0,0,0,0,8,4,2,16,256,16,0,4,128,4,7,1,3,1,2,0,0,1,1,0,0,0
2612,6,zeros-la-3-5,zeros-la-3,199,2612,6,440,256,2,16,8,4,0,4,256,16,2,0,128,4,0,0,0,0,6,2,3,1,2,0,0,1,1,0,0,0
2616,6,zeros-la-3-5,zeros-la-3,200,2616,6,442,256,4,16,8,4,0,4,256,16,2,0,128,4,0,0,0,0,6,1,4,1,2,0,0,1,1,0,0,0
2616,5,zeros-la-3-5,zeros-la-3,201,2616,5,444,256,4,16,8,4,2,4,256,16,2,0,128,4,0,0,0,0,5,2,4,1,2,0,0,1,1,0,0,0
2620,5,zeros-la-3-5,zeros-la-3,202,2620,5,446,256,2,0,0,0,0,0,8,4,4,16,256,16,4,4,128,4,5,1,5,1,2,0,0,1,1,0,0,0
2628,5,zeros-la-3-5,zeros-la-3,203,2628,5,448,256,0,0,0,2,0,2,8,4,4,16,256,16,0,8,128,4,5,2,3,2,2,0,0,1,1,0,0,0
2628,4,zeros-la-3-5,zeros-la-3,204,2628,4,452,256,2,0,0,4,2,8,4,0,4,16,256,16,8,128,4,0,4,2,4,2,2,0,0,1,1,0,0,0
2632,4,zeros-la-3-5,zeros-la-3,205,2632,4,454,256,4,8,4,4,4,16,256,16,8,128,4,0,0,0,0,2,4,1,5,2,2,0,0,1,1,0,0,0
2640,4,zeros-la-3-5,zeros-la-3,206,2640,4,456,256,4,8,8,0,4,16,256,16,8,128,4,0,2,0,0,2,4,2,3,3,2,0,0,1,1,0,0,0
2660,5,zeros-la-3-5,zeros-la-3,207,2660,5,458,256,4,16,0,2,4,16,256,16,8,128,4,0,4,0,0,0,5,1,4,1,3,0,0,1,1,0,0,0
2700,6,zeros-la-3-5,zeros-la-3,208,2700,6,462,256,8,32,256,2,8,128,4,16,4,0,4,0,0,0,0,0,6,1,3,2,1,1,0,1,1,0,0,0
2724,7,zeros-la-3-5,zeros-la-3,209,2724,7,464,256,0,0,0,0,0,0,0,2,16,32,256,2,4,128,8,16,7,2,1,1,2,1,0,1,1,0,0,0
2728,7,zeros-la-3-5,zeros-la-3,210,2728,7,466,256,16,32,256,4,4,128,8,16,0,0,0,0,0,0,2,0,7,1,2,1,2,1,0,1,1,0,0,0
2728,6,zeros-la-3-5,zeros-la-3,211,2728,6,468,256,16,32,256,4,4,128,8,16,2,0,0,0,2,0,0,0,6,2,2,1,2,1,0,1,1,0,0,0
2732,6,zeros-la-3-5,zeros-la-3,212,2732,6,470,256,0,2,0,0,16,0,0,0,4,32,256,4,4,128,8,16,6,1,3,1,2,1,0,1,1,0,0,0
2740,6,zeros-la-3-5,zeros-la-3,213,2740,6,472,256,0,0,0,0,2,2,0,0,16,32,256,4,8,128,8,16,6,2,1,2,2,1,0,1,1,0,0,0
2744,6,zeros-la-3-5,zeros-la-3,214,2744,6,474,256,0,2,0,0,0,0,0,4,16,32,256,4,8,128,8,16,6,1,2,2,2,1,0,1,1,0,0,0
2752,6,zeros-la-3-5,zeros-la-3,215,2752,6,476,256,2,0,0,0,0,2,0,0,16,32,256,8,8,128,8,16,6,2,0,3,2,1,0,1,1,0,0,0
2752,5,zeros-la-3-5,zeros-la-3,216,2752,5,478,256,2,2,256,8,16,32,8,16,8,128,0,0,0,2,0,0,5,3,0,3,2,1,0,1,1,0,0,0
2756,5,zeros-la-3-5,zeros-la-3,217,2756,5,482,256,4,256,8,0,16,32,8,16,8,128,0,0,2,0,4,0,5,1,2,3,2,1,0,1,1,0,0,0
2772,5,zeros-la-3-5,zeros-la-3,218,2772,5,484,256,4,256,16,16,16,32,4,0,8,128,0,0,2,0,2,0,5,2,2,1,3,1,0,1,1,0,0,0
2808,6,zeros-la-3-5,zeros-la-3,219,2808,6,488,256,4,256,32,4,16,32,4,0,8,128,0,0,4,0,0,0,6,0,4,1,1,2,0,1,1,0,0,0
2808,5,zeros-la-3-5,zeros-la-3,220,2808,5,490,256,4,0,0,0,16,256,0,0,8,32,32,2,4,128,4,4,5,1,4,1,1,2,0,1,1,0,0,0
2880,6,zeros-la-3-5,zeros-la-3,221,2880,6,492,256,4,0,0,0,16,256,0,0,8,64,2,0,4,128,8,2,6,2,2,2,1,0,1,1,1,0,0,0
2880,5,zeros-la-3-5,zeros-la-3,222,2880,5,494,256,4,256,2,2,16,64,8,2,8,128,0,0,4,0,0,0,5,3,2,2,1,0,1,1,1,0,0,0
2884,5,zeros-la-3-5,zeros-la-3,223,2884,5,496,256,4,256,4,0,16,64,8,2,8,128,0,0,4,0,2,0,5,2,3,2,1,0,1,1,1,0,0,0
2884,4,zeros-la-3-5,zeros-la-3,224,2884,4,498,256,4,256,4,2,16,64,8,2,8,128,2,0,4,0,0,0,4,3,3,2,1,0,1,1,1,0,0,0
2888,4,zeros-la-3-5,zeros-la-3,225,2888,4,500,256,4,256,4,4,16,64,8,0,8,128,2,0,4,0,0,2,4,2,4,2,1,0,1,1,1,0,0,0
2896,4,zeros-la-3-5,zeros-la-3,226,2896,4,502,256,0,4,256,8,0,16,64,8,0,8,128,2,0,2,4,2,4,3,2,3,1,0,1,1,1,0,0,0
2916,5,zeros-la-3-5,zeros-la-3,227,2916,5,504,256,0,4,256,0,2,16,64,0,0,8,128,16,0,2,4,4,5,2,3,1,2,0,1,1,1,0,0,0
2924,5,zeros-la-3-5,zeros-la-3,228,2924,5,506,256,0,0,4,256,0,2,16,64,2,8,128,16,0,0,2,8,5,3,1,2,2,0,1,1,1,0,0,0
2924,4,zeros-la-3-5,zeros-la-3,229,2924,4,508,256,4,256,0,2,2,16,64,0,2,8,128,16,2,8,0,0,4,4,1,2,2,0,1,1,1,0,0,0
2944,5,zeros-la-3-5,zeros-la-3,230,2944,5,510,256,4,256,64,2,4,16,128,16,2,16,0,2,0,0,0,0,5,3,2,0,3,0,1,1,1,0,0,0
2984,6,zeros-la-3-5,zeros-la-3,231,2984,6,512,256,8,256,64,2,2,32,128,16,0,0,2,2,0,0,0,0,6,4,0,1,1,1,1,1,1,0,0,0
2988,6,zeros-la-3-5,zeros-la-3,232,2988,6,516,256,8,256,64,2,2,32,128,16,0,0,0,4,0,0,4,0,6,2,2,1,1,1,1,1,1,0,0,0
2988,5,zeros-la-3-5,zeros-la-3,233,2988,5,518,256,8,256,64,2,2,32,128,16,2,0,0,4,0,0,0,4,5,3,2,1,1,1,1,1,1,0,0,0
3000,6,zeros-la-3-5,zeros-la-3,234,3000,6,520,256,0,0,2,0,0,0,0,2,8,256,64,16,4,32,128,8,6,2,1,2,1,1,1,1,1,0,0,0
3000,5,zeros-la-3-5,zeros-la-3,235,3000,5,522,256,8,256,2,2,4,32,64,16,0,2,128,8,0,0,0,0,5,3,1,2,1,1,1,1,1,0,0,0
3000,4,zeros-la-3-5,zeros-la-3,236,3000,4,524,256,8,256,2,2,4,32,64,16,2,2,128,8,0,0,0,0,4,4,1,2,1,1,1,1,1,0,0,0
3008,5,zeros-la-3-5,zeros-la-3,237,3008,5,526,256,8,256,4,0,4,32,64,16,4,128,8,0,0,0,0,2,5,1,3,2,1,1,1,1,1,0,0,0
3016,5,zeros-la-3-5,zeros-la-3,238,3016,5,530,256,8,256,4,16,8,32,64,2,0,128,8,0,0,4,0,0,5,1,2,3,1,1,1,1,1,0,0,0
3032,5,zeros-la-3-5,zeros-la-3,239,3032,5,534,256,16,256,4,16,0,32,64,2,0,128,8,4,0,4,0,0,5,1,3,1,2,1,1,1,1,0,0,0
3032,4,zeros-la-3-5,zeros-la-3,240,3032,4,536,256,16,256,4,16,0,32,64,2,2,128,8,4,0,0,0,4,4,2,3,1,2,1,1,1,1,0,0,0
3040,4,zeros-la-3-5,zeros-la-3,241,3040,4,538,256,0,2,0,0,0,256,4,16,16,32,64,2,2,128,8,8,4,3,1,2,2,1,1,1,1,0,0,0
3056,4,zeros-la-3-5,zeros-la-3,242,3056,4,540,256,0,0,0,2,0,256,4,16,16,32,64,2,2,2,128,16,4,4,1,0,3,1,1,1,1,0,0,0
3060,4,zeros-la-3-5,zeros-la-3,243,3060,4,542,256,2,0,0,0,256,4,16,0,16,32,64,2,4,128,16,2,4,3,2,0,3,1,1,1,1,0,0,0
3064,4,zeros-la-3-5,zeros-la-3,244,3064,4,544,256,2,0,2,0,256,4,16,0,16,32,64,0,4,128,16,4,4,2,3,0,3,1,1,1,1,0,0,0
3064,3,zeros-la-3-5,zeros-la-3,245,3064,3,548,256,2,0,2,0,256,4,16,0,16,32,64,4,4,128,16,4,3,2,4,0,3,1,1,1,1,0,0,0
3068,3,zeros-la-3-5,zeros-la-3,246,3068,3,550,256,0,0,0,4,2,256,4,16,16,32,64,4,4,128,16,4,3,1,5,0,3,1,1,1,1,0,0,0
3076,3,zeros-la-3-5,zeros-la-3,247,3076,3,552,256,0,2,0,0,2,256,4,4,16,32,64,16,4,128,16,8,3,2,3,1,3,1,1,1,1,0,0,0
3084,3,zeros-la-3-5,zeros-la-3,248,3084,3,554,256,0,0,2,2,0,2,256,8,16,32,64,16,4,128,16,8,3,3,1,2,3,1,1,1,1,0,0,0
3088,3,zeros-la-3-5,zeros-la-3,249,3088,3,558,256,0,0,4,4,0,2,256,8,16,32,64,16,4,128,16,8,3,1,3,2,3,1,1,1,1,0,0,0
3096,3,zeros-la-3-5,zeros-la-3,250,3096,3,560,256,0,0,0,8,2,2,256,8,16,32,64,16,4,128,16,8,3,2,1,3,3,1,1,1,1,0,0,0
3112,3,zeros-la-3-5,zeros-la-3,251,3112,3,562,256,2,0,0,0,2,2,256,16,16,32,64,16,4,128,16,8,3,3,1,1,4,1,1,1,1,0,0,0
3148,4,zeros-la-3-5,zeros-la-3,252,3148,4,564,256,0,2,0,0,4,2,256,0,16,32,64,32,4,128,16,8,4,2,2,1,2,2,1,1,1,0,0,0
3152,4,zeros-la-3-5,zeros-la-3,253,3152,4,566,256,4,4,256,32,16,32,64,8,4,128,16,0,2,0,0,0,4,1,3,1,2,2,1,1,1,0,0,0
3160,4,zeros-la-3-5,zeros-la-3,254,3160,4,568,256,8,256,32,0,16,32,64,8,4,128,16,0,2,0,2,0,4,2,1,2,2,2,1,1,1,0,0,0
3164,4,zeros-la-3-5,zeros-la-3,255,3164,4,570,256,8,256,32,0,16,32,64,8,4,128,16,0,4,0,0,2,4,1,2,2,2,2,1,1,1,0,0,0
3172,4,zeros-la-3-5,zeros-la-3,256,3172,4,572,256,8,256,32,8,16,32,64,2,8,128,16,0,0,0,0,2,4,2,0,3,2,2,1,1,1,0,0,0
3176,4,zeros-la-3-5,zeros-la-3,257,3176,4,574,256,0,0,0,2,8,256,32,0,16,32,64,8,8,128,16,4,4,1,1,3,2,2,1,1,1,0,0,0
3176,3,zeros-la-3-5,zeros-la-3,258,3176,3,576,256,8,256,32,2,16,32,64,8,8,128,16,4,0,2,0,0,3,2,1,3,2,2,1,1,1,0,0,0
3176,2,zeros-la-3-5,zeros-la-3,259,3176,2,578,256,0,256,0,2,8,32,32,2,16,128,64,8,8,2,16,4,2,3,1,3,2,2,1,1,1,0,0,0
3240,2,zeros-la-3-5,zeros-la-3,260,3240,2,580,256,0,2,256,2,0,8,64,2,16,128,64,8,8,2,16,4,2,4,1,3,2,0,2,1,1,0,0,0
3372,3,zeros-la-3-5,zeros-la-3,261,3372,3,582,256,0,2,0,0,2,8,256,4,16,128,128,8,8,2,16,4,3,3,2,3,2,0,0,2,1,0,0,0
3628,3,zeros-la-3-5,zeros-la-3,262,3628,3,584,256,2,0,0,2,2,8,256,4,16,256,8,0,8,2,16,4,3,4,2,3,2,0,0,0,2,0,0,0
3632,3,zeros-la-3-5,zeros-la-3,263,3632,3,586,256,0,0,0,4,2,8,256,4,2,16,256,8,8,2,16,4,3,3,3,3,2,0,0,0,2,0,0,0
4156,5,zeros-la-3-5,zeros-la-3,264,4156,5,590,512,4,8,512,8,8,16,16,8,0,2,0,4,0,4,0,0,5,1,3,4,2,0,0,0,0,1,0,0
4188,5,zeros-la-3-5,zeros-la-3,265,4188,5,592,512,4,8,512,8,0,8,32,8,0,0,2,4,0,0,2,4,5,2,3,4,0,1,0,0,0,1,0,0
4232,8,zeros-la-3-5,zeros-la-3,266,4232,8,594,512,4,16,512,16,0,0,32,8,0,0,4,2,0,0,0,0,8,1,2,1,2,1,0,0,0,1,0,0
4232,7,zeros-la-3-5,zeros-la-3,267,4232,7,596,512,4,16,512,16,32,8,0,0,4,2,0,0,0,0,2,0,7,2,2,1,2,1,0,0,0,1,0,0
4232,6,zeros-la-3-5,zeros-la-3,268,4232,6,598,512,4,16,512,16,0,0,32,8,0,2,4,2,0,0,0,2,6,3,2,1,2,1,0,0,0,1,0,0
4236,6,zeros-la-3-5,zeros-la-3,269,4236,6,600,512,4,16,512,16,2,2,32,8,0,0,4,4,0,0,0,0,6,2,3,1,2,1,0,0,0,1,0,0
4248,7,zeros-la-3-5,zeros-la-3,270,4248,7,602,512,4,16,512,16,0,4,32,8,2,0,0,8,0,0,0,0,7,1,2,2,2,1,0,0,0,1,0,0
4264,7,zeros-la-3-5,zeros-la-3,271,4264,7,604,512,4,16,512,16,2,4,32,16,0,0,0,0,0,0,2,0,7,2,2,0,3,1,0,0,0,1,0,0
4264,6,zeros-la-3-5,zeros-la-3,272,4264,6,606,512,4,16,512,16,2,4,32,16,0,2,0,0,2,0,0,0,6,3,2,0,3,1,0,0,0,1,0,0
4300,7,zeros-la-3-5,zeros-la-3,273,4300,7,610,512,0,0,0,0,4,16,0,0,4,4,512,0,4,2,32,32,7,1,4,0,1,2,0,0,0,1,0,0
4308,7,zeros-la-3-5,zeros-la-3,274,4308,7,612,512,0,0,0,0,0,16,2,0,4,4,512,0,8,2,32,32,7,2,2,1,1,2,0,0,0,1,0,0
4380,8,zeros-la-3-5,zeros-la-3,275,4380,8,614,512,0,0,0,0,16,2,2,0,8,512,0,0,8,2,64,0,8,3,0,2,1,0,1,0,0,1,0,0
4396,8,zeros-la-3-5,zeros-la-3,276,4396,8,616,512,16,2,2,0,16,512,64,0,0,2,0,0,2,0,0,0,8,4,0,0,2,0,1,0,0,1,0,0
4428,8,zeros-la-3-5,zeros-la-3,277,4428,8,618,512,2,0,0,0,0,2,0,0,32,512,2,0,2,2,64,0,8,5,0,0,0,1,1,0,0,1,0,0
4432,8,zeros-la-3-5,zeros-la-3,278,4432,8,620,512,0,0,0,2,2,0,0,2,0,32,512,2,0,0,4,64,8,4,1,0,0,1,1,0,0,1,0,0
4436,8,zeros-la-3-5,zeros-la-3,279,4436,8,624,512,0,4,0,0,0,0,0,2,0,0,512,4,2,32,4,64,8,2,3,0,0,1,1,0,0,1,0,0
4436,7,zeros-la-3-5,zeros-la-3,280,4436,7,626,512,0,0,0,0,0,2,0,2,0,4,512,4,2,32,4,64,7,3,3,0,0,1,1,0,0,1,0,0
4440,7,zeros-la-3-5,zeros-la-3,281,4440,7,628,512,0,0,0,0,4,2,0,0,4,512,4,0,2,32,4,64,7,2,4,0,0,1,1,0,0,1,0,0
4456,8,zeros-la-3-5,zeros-la-3,282,4456,8,630,512,0,2,0,0,0,2,0,0,8,512,0,0,2,32,8,64,8,3,0,2,0,1,1,0,0,1,0,0
4456,7,zeros-la-3-5,zeros-la-3,283,4456,7,632,512,0,0,0,2,2,0,0,2,0,0,8,512,2,32,8,64,7,4,0,2,0,1,1,0,0,1,0,0
4480,9,zeros-la-3-5,zeros-la-3,284,4480,9,634,512,0,0,0,0,0,0,0,4,0,2,0,512,4,32,16,64,9,1,2,0,1,1,1,0,0,1,0,0
4480,8,zeros-la-3-5,zeros-la-3,285,4480,8,638,512,0,0,0,0,4,0,0,4,0,2,0,512,4,32,16,64,8,1,3,0,1,1,1,0,0,1,0,0
4488,8,zeros-la-3-5,zeros-la-3,286,4488,8,640,512,0,2,0,0,0,0,0,8,0,0,2,512,4,32,16,64,8,2,1,1,1,1,1,0,0,1,0,0
4488,7,zeros-la-3-5,zeros-la-3,287,4488,7,642,512,4,2,2,8,0,32,16,512,0,2,0,64,0,0,0,0,7,3,1,1,1,1,1,0,0,1,0,0
4492,7,zeros-la-3-5,zeros-la-3,288,4492,7,644,512,0,4,4,8,0,32,16,512,0,0,2,64,0,0,2,0,7,2,2,1,1,1,1,0,0,1,0,0
4500,7,zeros-la-3-5,zeros-la-3,289,4500,7,646,512,8,8,0,2,32,16,512,0,2,64,0,0,2,0,0,0,7,3,0,2,1,1,1,0,0,1,0,0
4516,7,zeros-la-3-5,zeros-la-3,290,4516,7,648,512,0,0,16,2,0,32,16,512,0,2,2,64,0,0,0,2,7,4,0,0,2,1,1,0,0,1,0,0
4548,7,zeros-la-3-5,zeros-la-3,291,4548,7,650,512,0,32,32,2,0,2,2,512,0,0,2,64,0,0,0,2,7,5,0,0,0,2,1,0,0,1,0,0
4616,8,zeros-la-3-5,zeros-la-3,292,4616,8,652,512,64,2,0,0,4,512,0,2,2,64,0,0,2,0,0,0,8,4,1,0,0,0,2,0,0,1,0,0
4620,8,zeros-la-3-5,zeros-la-3,293,4620,8,654,512,2,0,0,0,64,2,0,0,4,512,0,0,4,64,0,2,8,3,2,0,0,0,2,0,0,1,0,0
4628,8,zeros-la-3-5,zeros-la-3,294,4628,8,656,512,0,2,0,0,2,2,0,0,64,512,0,0,8,64,0,2,8,4,0,1,0,0,2,0,0,1,0,0
4632,8,zeros-la-3-5,zeros-la-3,295,4632,8,658,512,0,0,0,2,0,0,0,4,0,0,64,512,2,8,64,2,8,3,1,1,0,0,2,0,0,1,0,0
4760,8,zeros-la-3-5,zeros-la-3,296,4760,8,660,512,0,0,2,2,0,0,0,4,0,0,0,512,2,8,128,2,8,4,1,1,0,0,0,1,0,1,0,0
4764,8,zeros-la-3-5,zeros-la-3,297,4764,8,662,512,4,2,0,0,4,0,0,0,512,0,0,0,2,8,128,2,8,3,2,1,0,0,0,1,0,1,0,0
4772,8,zeros-la-3-5,zeros-la-3,298,4772,8,664,512,0,0,0,0,8,0,2,0,512,2,0,0,2,8,128,2,8,4,0,2,0,0,0,1,0,1,0,0
4772,7,zeros-la-3-5,zeros-la-3,299,4772,7,666,512,0,0,0,0,0,2,8,2,0,0,512,2,2,8,128,2,7,5,0,2,0,0,0,1,0,1,0,0
4776,7,zeros-la-3-5,zeros-la-3,300,4776,7,668,512,0,0,0,0,0,2,8,0,0,2,512,2,2,8,128,4,7,4,1,2,0,0,0,1,0,1,0,0
4776,6,zeros-la-3-5,zeros-la-3,301,4776,6,670,512,0,0,0,0,2,8,0,2,2,512,2,0,2,8,128,4,6,5,1,2,0,0,0,1,0,1,0,0
4780,6,zeros-la-3-5,zeros-la-3,302,4780,6,672,512,0,2,0,0,0,8,0,0,2,512,2,2,4,8,128,4,6,4,2,2,0,0,0,1,0,1,0,0
4784,6,zeros-la-3-5,zeros-la-3,303,4784,6,674,512,0,0,0,2,0,0,2,8,0,2,512,4,4,8,128,4,6,3,3,2,0,0,0,1,0,1,0,0
4792,6,zeros-la-3-5,zeros-la-3,304,4792,6,676,512,0,0,0,0,0,0,2,2,2,2,512,8,4,8,128,8,6,4,1,3,0,0,0,1,0,1,0,0
4800,7,zeros-la-3-5,zeros-la-3,305,4800,7,678,512,0,0,2,0,4,0,0,0,4,512,8,0,4,8,128,8,7,1,3,3,0,0,0,1,0,1,0,0
4808,7,zeros-la-3-5,zeros-la-3,306,4808,7,680,512,0,0,0,0,2,0,2,0,4,512,8,0,8,8,128,8,7,2,1,4,0,0,0,1,0,1,0,0
4828,8,zeros-la-3-5,zeros-la-3,307,4828,8,682,512,0,0,0,0,4,0,0,2,4,512,8,0,16,128,8,0,8,1,2,2,1,0,0,1,0,1,0,0
4852,9,zeros-la-3-5,zeros-la-3,308,4852,9,684,512,0,0,0,0,0,0,0,2,8,512,0,0,16,128,16,2,9,2,0,1,2,0,0,1,0,1,0,0
4856,9,zeros-la-3-5,zeros-la-3,309,4856,9,686,512,8,512,16,4,16,128,0,0,0,0,0,0,2,0,0,0,9,1,1,1,2,0,0,1,0,1,0,0
4856,8,zeros-la-3-5,zeros-la-3,310,4856,8,688,512,8,512,16,4,0,0,16,128,0,0,0,0,0,0,2,2,8,2,1,1,2,0,0,1,0,1,0,0
4860,8,zeros-la-3-5,zeros-la-3,311,4860,8,690,512,8,512,16,4,0,0,16,128,0,0,0,0,2,0,0,4,8,1,2,1,2,0,0,1,0,1,0,0
4892,8,zeros-la-3-5,zeros-la-3,312,4892,8,694,512,8,512,32,4,2,0,0,128,0,0,0,4,0,0,4,0,8,1,3,1,0,1,0,1,0,1,0,0
4892,7,zeros-la-3-5,zeros-la-3,313,4892,7,696,512,8,512,32,4,0,0,2,128,0,0,0,4,2,0,0,4,7,2,3,1,0,1,0,1,0,1,0,0
4900,7,zeros-la-3-5,zeros-la-3,314,4900,7,698,512,8,512,32,4,2,0,2,128,0,0,2,8,0,0,0,0,7,3,1,2,0,1,0,1,0,1,0,0
4904,7,zeros-la-3-5,zeros-la-3,315,4904,7,700,512,8,512,32,4,2,0,4,128,2,0,0,8,0,0,0,0,7,2,2,2,0,1,0,1,0,1,0,0
4908,7,zeros-la-3-5,zeros-la-3,316,4908,7,702,512,8,512,32,4,4,0,4,128,2,0,0,8,0,0,0,0,7,1,3,2,0,1,0,1,0,1,0,0
4916,7,zeros-la-3-5,zeros-la-3,317,4916,7,704,512,8,512,32,4,8,128,2,0,2,8,0,0,0,0,0,0,7,2,1,3,0,1,0,1,0,1,0,0
4932,7,zeros-la-3-5,zeros-la-3,318,4932,7,706,512,16,512,32,4,2,128,2,0,0,8,0,2,0,0,0,0,7,3,1,1,1,1,0,1,0,1,0,0
4932,6,zeros-la-3-5,zeros-la-3,319,4932,6,708,512,16,512,32,4,0,2,128,2,0,0,8,2,0,0,2,0,6,4,1,1,1,1,0,1,0,1,0,0
4936,6,zeros-la-3-5,zeros-la-3,320,4936,6,710,512,0,0,32,0,0,2,128,0,0,512,8,4,16,2,2,4,6,3,2,1,1,1,0,1,0,1,0,0
4940,6,zeros-la-3-5,zeros-la-3,321,4940,6,712,512,2,0,0,32,0,0,2,128,0,512,8,4,0,16,4,4,6,2,3,1,1,1,0,1,0,1,0,0
4948,6,zeros-la-3-5,zeros-la-3,322,4948,6,714,512,2,32,0,0,2,128,2,0,512,8,4,0,16,8,0,0,6,3,1,2,1,1,0,1,0,1,0,0
4968,7,zeros-la-3-5,zeros-la-3,323,4968,7,716,512,4,32,2,2,512,128,4,0,16,16,0,0,0,0,0,0,7,2,2,0,2,1,0,1,0,1,0,0
5004,8,zeros-la-3-5,zeros-la-3,324,5004,8,718,512,0,4,32,4,0,512,128,4,0,2,0,32,0,0,0,0,8,1,3,0,0,2,0,1,0,1,0,0
5012,8,zeros-la-3-5,zeros-la-3,325,5012,8,720,512,0,4,32,8,0,512,128,32,0,2,0,2,0,0,0,0,8,2,1,1,0,2,0,1,0,1,0,0
5016,8,zeros-la-3-5,zeros-la-3,326,5016,8,722,512,0,4,32,8,0,512,128,32,0,0,0,4,0,2,0,0,8,1,2,1,0,2,0,1,0,1,0,0
5016,7,zeros-la-3-5,zeros-la-3,327,5016,7,724,512,0,4,32,8,0,512,128,32,0,2,0,4,0,2,0,0,7,2,2,1,0,2,0,1,0,1,0,0
5020,7,zeros-la-3-5,zeros-la-3,328,5020,7,726,512,2,4,32,8,0,512,128,32,0,4,0,4,0,0,0,0,7,1,3,1,0,2,0,1,0,1,0,0
5028,7,zeros-la-3-5,zeros-la-3,329,5028,7,728,512,2,4,32,8,0,512,128,32,0,0,0,8,0,0,0,2,7,2,1,2,0,2,0,1,0,1,0,0
5028,6,zeros-la-3-5,zeros-la-3,330,5028,6,730,512,2,4,32,8,0,512,128,32,0,0,0,8,2,0,0,2,6,3,1,2,0,2,0,1,0,1,0,0
5032,6,zeros-la-3-5,zeros-la-3,331,5032,6,732,512,4,4,32,8,0,512,128,32,0,0,2,8,0,0,0,2,6,2,2,2,0,2,0,1,0,1,0,0
5040,6,zeros-la-3-5,zeros-la-3,332,5040,6,734,512,0,8,32,8,2,512,128,32,0,0,2,8,0,0,0,2,6,3,0,3,0,2,0,1,0,1,0,0
5040,5,zeros-la-3-5,zeros-la-3,333,5040,5,736,512,2,0,0,8,0,0,32,32,0,8,128,8,2,512,2,2,5,4,0,3,0,2,0,1,0,1,0,0
5108,6,zeros-la-3-5,zeros-la-3,334,5108,6,738,512,0,0,2,8,0,2,0,64,0,8,128,8,0,2,512,4,6,3,1,3,0,0,1,1,0,1,0,0
5108,5,zeros-la-3-5,zeros-la-3,335,5108,5,742,512,4,2,2,8,0,8,128,64,0,2,512,8,0,0,0,4,5,3,2,3,0,0,1,1,0,1,0,0
5112,5,zeros-la-3-5,zeros-la-3,336,5112,5,744,512,0,4,4,8,2,8,128,64,0,2,512,8,0,0,0,4,5,2,3,3,0,0,1,1,0,1,0,0
5120,5,zeros-la-3-5,zeros-la-3,337,5120,5,746,512,8,8,0,0,2,8,128,64,2,512,8,0,4,0,2,0,5,3,1,4,0,0,1,1,0,1,0,0
5140,6,zeros-la-3-5,zeros-la-3,338,5140,6,748,512,8,16,128,64,4,512,8,2,4,0,2,0,0,0,0,0,6,2,2,2,1,0,1,1,0,1,0,0
5148,6,zeros-la-3-5,zeros-la-3,339,5148,6,750,512,8,16,128,64,8,512,8,2,0,0,2,0,2,0,0,0,6,3,0,3,1,0,1,1,0,1,0,0
5164,6,zeros-la-3-5,zeros-la-3,340,5164,6,752,512,16,16,128,64,2,512,8,2,2,0,2,0,0,0,0,0,6,4,0,1,2,0,1,1,0,1,0,0
5200,7,zeros-la-3-5,zeros-la-3,341,5200,7,754,512,0,32,128,64,2,512,8,2,0,0,0,4,0,0,2,0,7,3,1,1,0,1,1,1,0,1,0,0
5200,6,zeros-la-3-5,zeros-la-3,342,5200,6,756,512,0,32,128,64,2,512,8,2,0,0,0,4,0,2,0,2,6,4,1,1,0,1,1,1,0,1,0,0
5204,6,zeros-la-3-5,zeros-la-3,343,5204,6,758,512,32,128,64,0,2,512,8,2,4,0,0,0,4,2,0,0,6,3,2,1,0,1,1,1,0,1,0,0
5212,6,zeros-la-3-5,zeros-la-3,344,5212,6,760,512,0,0,2,0,32,128,0,0,2,512,64,0,8,2,8,2,6,4,0,2,0,1,1,1,0,1,0,0
5212,5,zeros-la-3-5,zeros-la-3,345,5212,5,762,512,0,2,0,2,0,0,32,128,0,2,512,64,8,2,8,2,5,5,0,2,0,1,1,1,0,1,0,0
5216,5,zeros-la-3-5,zeros-la-3,346,5216,5,766,512,8,4,32,2,0,2,512,128,4,0,8,64,0,0,0,2,5,3,2,2,0,1,1,1,0,1,0,0
5216,4,zeros-la-3-5,zeros-la-3,347,5216,4,768,512,8,4,32,2,2,512,128,0,4,8,64,0,2,2,0,0,4,4,2,2,0,1,1,1,0,1,0,0
5220,4,zeros-la-3-5,zeros-la-3,348,5220,4,770,512,8,4,32,2,0,2,512,128,0,4,8,64,0,0,2,4,4,3,3,2,0,1,1,1,0,1,0,0
5220,3,zeros-la-3-5,zeros-la-3,349,5220,3,772,512,8,4,32,2,0,2,512,128,0,4,8,64,0,2,2,4,3,4,3,2,0,1,1,1,0,1,0,0
5224,3,zeros-la-3-5,zeros-la-3,350,5224,3,774,512,8,4,32,2,2,2,512,128,0,4,8,64,0,0,4,4,3,3,4,2,0,1,1,1,0,1,0,0
5236,4,zeros-la-3-5,zeros-la-3,351,5236,4,778,512,8,4,32,2,4,512,128,0,4,8,64,0,8,4,0,0,4,1,4,3,0,1,1,1,0,1,0,0
5244,4,zeros-la-3-5,zeros-la-3,352,5244,4,780,512,8,4,32,2,8,512,128,0,8,8,64,0,0,4,0,2,4,2,2,4,0,1,1,1,0,1,0,0
5264,5,zeros-la-3-5,zeros-la-3,353,5264,5,782,512,0,4,2,0,0,512,32,0,8,8,128,0,16,4,64,4,5,1,3,2,1,1,1,1,0,1,0,0
5280,5,zeros-la-3-5,zeros-la-3,354,5280,5,784,512,4,2,0,0,512,32,0,2,16,128,0,0,16,4,64,4,5,2,3,0,2,1,1,1,0,1,0,0
5312,5,zeros-la-3-5,zeros-la-3,355,5312,5,786,512,4,2,64,2,512,32,0,4,32,128,0,0,0,4,0,2,5,3,3,0,0,2,1,1,0,1,0,0
5312,4,zeros-la-3-5,zeros-la-3,356,5312,4,788,512,0,2,0,0,4,32,0,2,512,128,2,4,32,4,64,2,4,4,3,0,0,2,1,1,0,1,0,0
5312,3,zeros-la-3-5,zeros-la-3,357,5312,3,790,512,4,2,2,2,512,32,64,4,32,128,0,2,0,4,2,0,3,5,3,0,0,2,1,1,0,1,0,0
5312,2,zeros-la-3-5,zeros-la-3,358,5312,2,792,512,0,2,0,2,4,32,2,2,512,128,64,4,32,4,2,2,2,6,3,0,0,2,1,1,0,1,0,0
5324,4,zeros-la-3-5,zeros-la-3,359,5324,4,794,512,0,0,0,4,2,4,32,4,512,128,64,4,0,32,4,4,4,1,6,0,0,2,1,1,0,1,0,0
5340,5,zeros-la-3-5,zeros-la-3,360,5340,5,796,512,0,0,0,0,2,4,32,0,2,128,64,8,512,32,4,8,5,2,2,2,0,2,1,1,0,1,0,0
5360,6,zeros-la-3-5,zeros-la-3,361,5360,6,800,512,4,4,32,16,512,128,64,0,0,32,4,0,4,0,0,0,6,0,4,0,1,2,1,1,0,1,0,0
5368,6,zeros-la-3-5,zeros-la-3,362,5368,6,802,512,0,8,32,16,0,512,128,64,0,0,32,4,0,0,2,4,6,1,2,1,1,2,1,1,0,1,0,0
5376,6,zeros-la-3-5,zeros-la-3,363,5376,6,804,512,0,8,32,16,0,512,128,64,0,2,32,8,0,0,2,0,6,2,0,2,1,2,1,1,0,1,0,0
5376,5,zeros-la-3-5,zeros-la-3,364,5376,5,808,512,4,0,32,0,0,8,128,16,0,512,32,64,0,2,2,8,5,2,1,2,1,2,1,1,0,1,0,0
5376,4,zeros-la-3-5,zeros-la-3,365,5376,4,810,512,4,8,32,16,2,512,128,64,0,2,32,8,0,0,2,0,4,3,1,2,1,2,1,1,0,1,0,0
5376,3,zeros-la-3-5,zeros-la-3,366,5376,3,812,512,4,8,32,16,2,512,128,64,0,2,32,8,0,2,2,0,3,4,1,2,1,2,1,1,0,1,0,0
5380,3,zeros-la-3-5,zeros-la-3,367,5380,3,814,512,4,8,32,16,2,512,128,64,2,32,8,2,4,0,0,0,3,3,2,2,1,2,1,1,0,1,0,0
5384,3,zeros-la-3-5,zeros-la-3,368,5384,3,816,512,4,8,32,16,4,512,128,64,4,32,8,2,2,0,0,0,3,2,3,2,1,2,1,1,0,1,0,0
5392,3,zeros-la-3-5,zeros-la-3,369,5392,3,818,512,8,8,32,16,4,512,128,64,2,32,8,2,0,2,0,0,3,3,1,3,1,2,1,1,0,1,0,0
5408,3,zeros-la-3-5,zeros-la-3,370,5408,3,820,512,16,32,16,0,4,512,128,64,2,32,8,2,2,0,0,2,3,4,1,1,2,2,1,1,0,1,0,0
5416,4,zeros-la-3-5,zeros-la-3,371,5416,4,822,512,0,2,0,0,16,32,16,0,4,512,128,64,4,32,8,4,4,1,3,1,2,2,1,1,0,1,0,0
5424,4,zeros-la-3-5,zeros-la-3,372,5424,4,826,512,4,2,0,0,0,32,16,0,16,512,128,64,8,32,8,4,4,1,2,2,2,2,1,1,0,1,0,0
5424,3,zeros-la-3-5,zeros-la-3,373,5424,3,828,512,4,2,0,0,32,16,2,0,16,512,128,64,8,32,8,4,3,2,2,2,2,2,1,1,0,1,0,0
5424,2,zeros-la-3-5,zeros-la-3,374,5424,2,830,512,4,2,2,64,32,16,128,4,16,512,8,0,8,32,0,2,2,3,2,2,2,2,1,1,0,1,0,0
5428,2,zeros-la-3-5,zeros-la-3,375,5428,2,834,512,4,4,64,0,32,16,128,4,16,512,8,0,8,32,2,4,2,1,4,2,2,2,1,1,0,1,0,0
5436,2,zeros-la-3-5,zeros-la-3,376,5436,2,838,512,4,4,64,8,32,16,128,4,16,512,8,0,8,32,2,0,2,1,3,3,2,2,1,1,0,1,0,0
5444,2,zeros-la-3-5,zeros-la-3,377,5444,2,840,512,0,8,64,8,32,16,128,4,0,16,512,8,2,8,32,2,2,2,1,4,2,2,1,1,0,1,0,0
5476,2,zeros-la-3-5,zeros-la-3,378,5476,2,842,512,0,2,64,8,0,8,128,4,32,32,512,8,2,8,32,2,2,3,1,4,0,3,1,1,0,1,0,0
5540,2,zeros-la-3-5,zeros-la-3,379,5540,2,844,512,0,2,64,8,2,8,128,4,0,64,512,8,2,8,32,2,2,4,1,4,0,1,2,1,0,1,0,0
5540,1,zeros-la-3-5,zeros-la-3,380,5540,1,846,512,2,64,8,0,2,8,128,4,64,512,8,2,2,8,32,2,1,5,1,4,0,1,2,1,0,1,0,0
5548,2,zeros-la-3-5,zeros-la-3,381,5548,2,848,512,4,64,8,4,64,8,128,4,2,512,8,0,0,8,32,2,2,2,3,4,0,1,2,1,0,1,0,0
5556,2,zeros-la-3-5,zeros-la-3,382,5556,2,850,512,4,64,8,8,64,8,128,2,2,512,8,0,2,8,32,0,2,3,1,5,0,1,2,1,0,1,0,0
5572,2,zeros-la-3-5,zeros-la-3,383,5572,2,852,512,4,64,16,2,64,8,128,2,2,512,8,0,2,8,32,0,2,4,1,3,1,1,2,1,0,1,0,0
5580,3,zeros-la-3-5,zeros-la-3,384,5580,3,854,512,4,64,16,4,64,8,128,0,4,512,8,0,2,8,32,0,3,1,3,3,1,1,2,1,0,1,0,0
5580,2,zeros-la-3-5,zeros-la-3,385,5580,2,856,512,4,64,16,4,0,64,8,128,2,4,512,8,0,2,8,32,2,2,3,3,1,1,2,1,0,1,0,0
5708,2,zeros-la-3-5,zeros-la-3,386,5708,2,858,512,0,2,16,4,0,128,8,128,4,4,512,8,2,2,8,32,2,3,3,3,1,1,0,2,0,1,0,0
5720,3,zeros-la-3-5,zeros-la-3,387,5720,3,860,512,2,2,16,4,0,128,8,128,0,8,512,8,0,4,8,32,3,2,2,4,1,1,0,2,0,1,0,0
5720,2,zeros-la-3-5,zeros-la-3,388,5720,2,862,512,2,2,16,4,0,128,8,128,0,8,512,8,2,4,8,32,2,3,2,4,1,1,0,2,0,1,0,0
5724,2,zeros-la-3-5,zeros-la-3,389,5724,2,864,512,0,2,16,4,2,128,8,128,0,8,512,8,4,4,8,32,2,2,3,4,1,1,0,2,0,1,0,0
5732,2,zeros-la-3-5,zeros-la-3,390,5732,2,866,512,2,16,4,0,2,128,8,128,8,512,8,2,8,8,32,0,2,3,1,5,1,1,0,2,0,1,0,0
5768,4,zeros-la-3-5,zeros-la-3,391,5768,4,868,512,4,16,4,128,16,128,16,2,0,512,32,2,0,8,0,0,4,2,2,1,3,1,0,2,0,1,0,0
5772,4,zeros-la-3-5,zeros-la-3,392,5772,4,870,512,4,16,4,128,16,128,16,4,0,512,32,0,0,8,0,2,4,1,3,1,3,1,0,2,0,1,0,0
5772,3,zeros-la-3-5,zeros-la-3,393,5772,3,872,512,4,16,4,128,16,128,16,4,0,512,32,2,0,8,0,2,3,2,3,1,3,1,0,2,0,1,0,0
5776,3,zeros-la-3-5,zeros-la-3,394,5776,3,874,512,0,16,2,0,0,128,4,128,4,512,16,4,16,8,32,4,3,1,4,1,3,1,0,2,0,1,0,0
5776,2,zeros-la-3-5,zeros-la-3,395,5776,2,878,512,16,2,4,0,128,4,128,0,4,512,16,4,16,8,32,4,2,1,5,1,3,1,0,2,0,1,0,0
5776,1,zeros-la-3-5,zeros-la-3,396,5776,1,880,512,0,16,2,4,2,128,4,128,4,512,16,4,16,8,32,4,1,2,5,1,3,1,0,2,0,1,0,0
5784,1,zeros-la-3-5,zeros-la-3,397,5784,1,882,512,0,16,2,2,2,128,4,4,4,512,16,128,16,8,32,8,1,3,3,2,3,1,0,2,0,1,0,0
5796,2,zeros-la-3-5,zeros-la-3,398,5796,2,884,512,0,0,16,4,2,2,128,8,4,512,16,128,16,8,32,8,2,2,2,3,3,1,0,2,0,1,0,0
5800,2,zeros-la-3-5,zeros-la-3,399,5800,2,888,512,16,4,0,0,4,128,8,4,4,512,16,128,16,8,32,8,2,0,4,3,3,1,0,2,0,1,0,0
5800,1,zeros-la-3-5,zeros-la-3,400,5800,1,890,512,0,2,16,4,4,128,8,4,4,512,16,128,16,8,32,8,1,1,4,3,3,1,0,2,0,1,0,0
5816,2,zeros-la-3-5,zeros-la-3,401,5816,2,894,512,0,2,16,0,4,128,8,8,8,512,16,128,16,8,32,8,2,1,1,5,3,1,0,2,0,1,0,0
5832,2,zeros-la-3-5,zeros-la-3,402,5832,2,896,512,0,0,2,16,2,4,128,16,8,512,16,128,16,8,32,8,2,2,1,3,4,1,0,2,0,1,0,0
5864,2,zeros-la-3-5,zeros-la-3,403,5864,2,898,512,2,4,2,32,8,512,128,128,16,8,16,8,2,0,32,0,2,3,1,3,2,2,0,2,0,1,0,0
6120,2,zeros-la-3-5,zeros-la-3,404,6120,2,900,512,2,4,2,32,2,8,512,256,16,8,16,8,0,0,2,32,2,4,1,3,2,2,0,0,1,1,0,0
6140,3,zeros-la-3-5,zeros-la-3,405,6140,3,902,512,2,0,2,32,0,0,512,256,4,4,16,8,16,16,2,32,3,3,2,1,3,2,0,0,1,1,0,0
6184,5,zeros-la-3-5,zeros-la-3,406,6184,5,904,512,0,2,4,32,0,0,512,256,0,8,16,8,0,32,2,32,5,2,1,2,1,3,0,0,1,1,0,0
6184,4,zeros-la-3-5,zeros-la-3,407,6184,4,906,512,0,0,4,32,0,2,512,256,2,8,16,8,0,32,2,32,4,3,1,2,1,3,0,0,1,1,0,0
6184,3,zeros-la-3-5,zeros-la-3,408,6184,3,908,512,0,0,4,32,0,2,512,256,2,8,16,8,2,32,2,32,3,4,1,2,1,3,0,0,1,1,0,0
6188,3,zeros-la-3-5,zeros-la-3,409,6188,3,910,512,0,0,4,32,2,2,512,256,0,8,16,8,4,32,2,32,3,3,2,2,1,3,0,0,1,1,0,0
6192,3,zeros-la-3-5,zeros-la-3,410,6192,3,912,512,4,32,0,0,4,512,256,2,8,16,8,0,4,32,2,32,3,2,3,2,1,3,0,0,1,1,0,0
6200,3,zeros-la-3-5,zeros-la-3,411,6200,3,914,512,8,32,256,2,8,512,8,32,4,16,2,0,2,32,0,0,3,3,1,3,1,3,0,0,1,1,0,0
6216,3,zeros-la-3-5,zeros-la-3,412,6216,3,916,512,16,32,256,2,4,512,8,32,2,16,2,0,0,32,2,0,3,4,1,1,2,3,0,0,1,1,0,0
6216,2,zeros-la-3-5,zeros-la-3,413,6216,2,918,512,16,32,256,2,4,512,8,32,2,2,16,2,0,0,32,2,2,5,1,1,2,3,0,0,1,1,0,0
6220,2,zeros-la-3-5,zeros-la-3,414,6220,2,920,512,16,32,256,2,4,512,8,32,4,16,2,0,32,2,2,0,2,4,2,1,2,3,0,0,1,1,0,0
6232,3,zeros-la-3-5,zeros-la-3,415,6232,3,922,512,16,32,256,2,8,512,8,32,32,16,4,0,2,2,0,0,3,3,1,2,2,3,0,0,1,1,0,0
6236,3,zeros-la-3-5,zeros-la-3,416,6236,3,924,512,16,32,256,2,8,512,8,32,2,32,16,4,0,0,0,4,3,2,2,2,2,3,0,0,1,1,0,0
6236,2,zeros-la-3-5,zeros-la-3,417,6236,2,926,512,16,32,256,2,8,512,8,32,2,32,16,4,2,0,0,4,2,3,2,2,2,3,0,0,1,1,0,0
6248,3,zeros-la-3-5,zeros-la-3,418,6248,3,928,512,0,0,2,0,16,32,256,2,8,512,8,32,4,32,16,8,3,2,1,3,2,3,0,0,1,1,0,0
6248,2,zeros-la-3-5,zeros-la-3,419,6248,2,932,512,16,32,2,2,8,512,256,32,4,32,8,8,0,0,16,4,2,2,2,3,2,3,0,0,1,1,0,0
6248,1,zeros-la-3-5,zeros-la-3,420,6248,1,934,512,2,0,2,2,16,32,256,32,8,512,8,8,4,32,16,4,1,3,2,3,2,3,0,0,1,1,0,0
6268,2,zeros-la-3-5,zeros-la-3,421,6268,2,936,512,4,2,0,0,16,32,256,32,8,512,16,2,4,32,16,4,2,2,3,1,3,3,0,0,1,1,0,0
6300,2,zeros-la-3-5,zeros-la-3,422,6300,2,938,512,4,2,0,2,16,32,0,32,8,512,256,2,4,32,32,4,2,3,3,1,1,4,0,0,1,1,0,0
6432,4,zeros-la-3-5,zeros-la-3,423,6432,4,940,512,4,4,0,0,16,64,0,2,8,512,256,2,4,64,4,0,4,2,4,1,1,0,2,0,1,1,0,0
6436,4,zeros-la-3-5,zeros-la-3,424,6436,4,942,512,4,4,0,2,16,64,0,0,8,512,256,0,4,64,4,4,4,1,5,1,1,0,2,0,1,1,0,0
6452,5,zeros-la-3-5,zeros-la-3,425,6452,5,946,512,4,0,8,2,0,0,16,64,0,8,512,256,0,4,64,8,5,1,2,3,1,0,2,0,1,1,0,0
6452,4,zeros-la-3-5,zeros-la-3,426,6452,4,950,512,4,0,8,2,0,0,16,64,0,8,512,256,4,4,64,8,4,1,3,3,1,0,2,0,1,1,0,0
6460,4,zeros-la-3-5,zeros-la-3,427,6460,4,952,512,4,8,2,0,16,64,0,0,8,512,256,0,8,64,8,2,4,2,1,4,1,0,2,0,1,1,0,0
6476,4,zeros-la-3-5,zeros-la-3,428,6476,4,954,512,4,8,2,2,16,64,256,0,16,512,8,2,0,64,0,0,4,3,1,2,2,0,2,0,1,1,0,0
6512,5,zeros-la-3-5,zeros-la-3,429,6512,5,956,512,0,8,0,0,0,64,2,0,4,512,256,2,32,64,8,4,5,2,2,2,0,1,2,0,1,1,0,0
6512,4,zeros-la-3-5,zeros-la-3,430,6512,4,960,512,8,0,4,0,64,2,0,0,4,512,256,2,32,64,8,4,4,2,3,2,0,1,2,0,1,1,0,0
6512,3,zeros-la-3-5,zeros-la-3,431,6512,3,964,512,0,4,8,4,0,0,64,2,4,512,256,2,32,64,8,4,3,2,4,2,0,1,2,0,1,1,0,0
6516,3,zeros-la-3-5,zeros-la-3,432,6516,3,966,512,4,4,8,4,32,512,64,4,0,64,256,4,0,2,8,0,3,1,5,2,0,1,2,0,1,1,0,0
6524,3,zeros-la-3-5,zeros-la-3,433,6524,3,968,512,0,8,8,4,32,512,64,4,0,64,256,4,2,0,2,8,3,2,3,3,0,1,2,0,1,1,0,0
6544,4,zeros-la-3-5,zeros-la-3,434,6544,4,970,512,0,2,16,4,32,512,64,4,0,64,256,4,0,0,4,8,4,1,4,1,1,1,2,0,1,1,0,0
6552,4,zeros-la-3-5,zeros-la-3,435,6552,4,972,512,2,0,16,0,0,2,64,4,0,512,256,8,32,64,4,8,4,2,2,2,1,1,2,0,1,1,0,0
6568,4,zeros-la-3-5,zeros-la-3,436,6568,4,974,512,0,0,16,0,2,2,64,0,2,512,256,4,32,64,4,16,4,3,2,0,2,1,2,0,1,1,0,0
6572,4,zeros-la-3-5,zeros-la-3,437,6572,4,976,512,4,2,16,4,32,512,64,16,0,64,256,2,0,0,4,0,4,2,3,0,2,1,2,0,1,1,0,0
6572,3,zeros-la-3-5,zeros-la-3,438,6572,3,978,512,4,2,16,4,32,512,64,16,64,256,2,0,4,2,0,0,3,3,3,0,2,1,2,0,1,1,0,0
6572,2,zeros-la-3-5,zeros-la-3,439,6572,2,980,512,4,2,16,4,32,512,64,16,64,256,2,0,4,2,0,2,2,4,3,0,2,1,2,0,1,1,0,0
6576,2,zeros-la-3-5,zeros-la-3,440,6576,2,982,512,4,2,16,4,32,512,64,16,64,256,2,2,4,4,0,0,2,3,4,0,2,1,2,0,1,1,0,0
6576,1,zeros-la-3-5,zeros-la-3,441,6576,1,984,512,4,2,2,0,32,512,16,4,64,256,64,16,4,4,2,2,1,4,4,0,2,1,2,0,1,1,0,0
6592,3,zeros-la-3-5,zeros-la-3,442,6592,3,986,512,0,2,4,4,32,512,16,4,64,256,64,16,0,0,8,4,3,1,4,1,2,1,2,0,1,1,0,0
6600,3,zeros-la-3-5,zeros-la-3,443,6600,3,988,512,2,0,4,0,0,2,16,8,32,512,64,16,64,256,8,4,3,2,2,2,2,1,2,0,1,1,0,0
6600,2,zeros-la-3-5,zeros-la-3,444,6600,2,992,512,2,2,4,8,32,512,16,16,64,256,64,4,0,0,8,4,2,2,3,2,2,1,2,0,1,1,0,0
6636,3,zeros-la-3-5,zeros-la-3,445,6636,3,994,512,0,4,4,8,0,32,512,32,64,256,64,4,2,0,8,4,3,1,4,2,0,2,2,0,1,1,0,0
6644,3,zeros-la-3-5,zeros-la-3,446,6644,3,998,512,64,4,4,8,2,32,512,32,0,256,64,8,0,0,8,4,3,1,3,3,0,2,2,0,1,1,0,0
6652,3,zeros-la-3-5,zeros-la-3,447,6652,3,1000,512,0,64,8,8,2,32,512,32,2,256,64,8,0,0,8,4,3,2,1,4,0,2,2,0,1,1,0,0
6668,3,zeros-la-3-5,zeros-la-3,448,6668,3,1004,512,4,0,64,16,2,32,512,32,2,256,64,8,0,0,8,4,3,2,2,2,1,2,2,0,1,1,0,0
6672,3,zeros-la-3-5,zeros-la-3,449,6672,3,1006,512,0,0,64,16,2,0,512,32,4,32,64,8,4,256,8,4,3,1,3,2,1,2,2,0,1,1,0,0
6672,2,zeros-la-3-5,zeros-la-3,450,6672,2,1010,512,0,0,64,16,4,2,512,32,4,32,64,8,4,256,8,4,2,1,4,2,1,2,2,0,1,1,0,0
6680,2,zeros-la-3-5,zeros-la-3,451,6680,2,1012,512,0,2,64,16,0,2,512,32,4,32,64,8,8,256,8,4,2,2,2,3,1,2,2,0,1,1,0,0
6684,2,zeros-la-3-5,zeros-la-3,452,6684,2,1014,512,2,0,64,16,0,4,512,32,4,32,64,8,8,256,8,4,2,1,3,3,1,2,2,0,1,1,0,0
6684,1,zeros-la-3-5,zeros-la-3,453,6684,1,1016,512,2,64,16,2,4,512,32,0,4,32,64,8,8,256,8,4,1,2,3,3,1,2,2,0,1,1,0,0
6692,1,zeros-la-3-5,zeros-la-3,454,6692,1,1018,512,0,64,16,2,2,512,32,2,8,32,64,8,8,256,8,4,1,3,1,4,1,2,2,0,1,1,0,0
6692,0,zeros-la-3-5,zeros-la-3,455,6692,0,1020,512,2,64,16,2,2,512,32,2,8,32,64,8,8,256,8,4,0,4,1,4,1,2,2,0,1,1,0,0
6716,2,zeros-la-3-5,zeros-la-3,456,6716,2,1022,512,0,64,16,0,2,512,32,4,4,32,64,8,16,256,8,4,2,1,3,2,2,2,2,0,1,1,0,0
6716,1,zeros-la-3-5,zeros-la-3,457,6716,1,1024,512,2,64,16,0,2,512,32,4,4,32,64,8,16,256,8,4,1,2,3,2,2,2,2,0,1,1,0,0
6720,1,zeros-la-3-5,zeros-la-3,458,6720,1,1026,512,0,64,16,2,4,512,32,4,4,32,64,8,16,256,8,4,1,1,4,2,2,2,2,0,1,1,0,0
6728,1,zeros-la-3-5,zeros-la-3,459,6728,1,1028,512,2,64,16,2,0,512,32,4,8,32,64,8,16,256,8,4,1,2,2,3,2,2,2,0,1,1,0,0
6728,0,zeros-la-3-5,zeros-la-3,460,6728,0,1030,512,2,64,16,2,512,32,4,2,8,32,64,8,16,256,8,4,0,3,2,3,2,2,2,0,1,1,0,0
6796,1,zeros-la-3-5,zeros-la-3,461,6796,1,1032,512,2,2,16,0,512,64,4,4,8,64,64,8,16,256,8,4,1,2,3,3,2,0,3,0,1,1,0,0
6936,3,zeros-la-3-5,zeros-la-3,462,6936,3,1034,512,4,16,2,0,512,64,8,0,8,128,8,0,16,256,8,4,3,1,2,4,2,0,1,1,1,1,0,0
6952,3,zeros-la-3-5,zeros-la-3,463,6952,3,1036,512,4,16,0,2,512,64,2,0,8,128,8,0,16,256,16,4,3,2,2,2,3,0,1,1,1,1,0,0
6952,2,zeros-la-3-5,zeros-la-3,464,6952,2,1038,512,4,16,0,0,512,64,2,2,8,128,8,2,16,256,16,4,2,3,2,2,3,0,1,1,1,1,0,0
6956,2,zeros-la-3-5,zeros-la-3,465,6956,2,1040,512,4,16,2,0,512,64,2,0,8,128,8,4,16,256,16,4,2,2,3,2,3,0,1,1,1,1,0,0
6968,3,zeros-la-3-5,zeros-la-3,466,6968,3,1042,512,4,16,0,0,512,64,4,2,8,128,8,0,16,256,16,8,3,1,2,3,3,0,1,1,1,1,0,0
6968,2,zeros-la-3-5,zeros-la-3,467,6968,2,1044,512,0,2,4,16,512,64,4,2,0,8,128,8,16,256,16,8,2,2,2,3,3,0,1,1,1,1,0,0
6992,3,zeros-la-3-5,zeros-la-3,468,6992,3,1046,512,2,2,0,0,0,64,8,16,512,8,128,2,16,256,16,16,3,3,0,2,4,0,1,1,1,1,0,0
7028,4,zeros-la-3-5,zeros-la-3,469,7028,4,1048,512,4,2,0,0,64,8,16,0,512,8,128,2,16,256,32,0,4,2,1,2,2,1,1,1,1,1,0,0
7044,4,zeros-la-3-5,zeros-la-3,470,7044,4,1050,512,4,0,0,0,64,2,16,0,512,16,128,2,16,256,32,2,4,3,1,0,3,1,1,1,1,1,0,0
7048,4,zeros-la-3-5,zeros-la-3,471,7048,4,1052,512,4,0,0,0,64,2,16,2,512,16,128,0,16,256,32,4,4,2,2,0,3,1,1,1,1,1,0,0
7048,3,zeros-la-3-5,zeros-la-3,472,7048,3,1054,512,0,0,2,4,64,2,16,2,0,512,16,128,16,256,32,4,3,3,2,0,3,1,1,1,1,1,0,0
7080,3,zeros-la-3-5,zeros-la-3,473,7080,3,1056,512,0,2,0,4,0,2,2,2,64,512,32,128,16,256,32,4,3,4,2,0,1,2,1,1,1,1,0,0
7084,3,zeros-la-3-5,zeros-la-3,474,7084,3,1058,512,0,0,2,4,0,2,2,4,64,512,32,128,16,256,32,4,3,3,3,0,1,2,1,1,1,1,0,0
7160,5,zeros-la-3-5,zeros-la-3,475,7160,5,1060,512,0,0,0,2,0,2,0,8,64,512,4,128,16,256,64,4,5,2,2,1,1,0,2,1,1,1,0,0
7160,4,zeros-la-3-5,zeros-la-3,476,7160,4,1062,512,2,0,0,2,0,0,2,8,64,512,4,128,16,256,64,4,4,3,2,1,1,0,2,1,1,1,0,0
7160,3,zeros-la-3-5,zeros-la-3,477,7160,3,1064,512,0,2,0,2,2,0,2,8,64,512,4,128,16,256,64,4,3,4,2,1,1,0,2,1,1,1,0,0
7168,4,zeros-la-3-5,zeros-la-3,478,7168,4,1066,512,4,0,0,0,4,8,0,2,64,512,4,128,16,256,64,4,4,1,4,1,1,0,2,1,1,1,0,0
7176,4,zeros-la-3-5,zeros-la-3,479,7176,4,1068,512,0,0,0,0,8,8,2,2,64,512,4,128,16,256,64,4,4,2,2,2,1,0,2,1,1,1,0,0
7196,5,zeros-la-3-5,zeros-la-3,480,7196,5,1070,512,0,2,0,0,16,4,0,0,64,512,4,128,16,256,64,4,5,1,3,0,2,0,2,1,1,1,0,0
7196,4,zeros-la-3-5,zeros-la-3,481,7196,4,1072,512,2,0,0,0,16,4,2,0,64,512,4,128,16,256,64,4,4,2,3,0,2,0,2,1,1,1,0,0
7196,3,zeros-la-3-5,zeros-la-3,482,7196,3,1074,512,2,0,2,0,16,4,2,0,64,512,4,128,16,256,64,4,3,3,3,0,2,0,2,1,1,1,0,0
7200,3,zeros-la-3-5,zeros-la-3,483,7200,3,1076,512,2,2,0,0,16,4,4,0,64,512,4,128,16,256,64,4,3,2,4,0,2,0,2,1,1,1,0,0
7208,3,zeros-la-3-5,zeros-la-3,484,7208,3,1078,512,2,2,8,128,16,4,64,4,64,512,2,0,16,256,0,0,3,3,2,1,2,0,2,1,1,1,0,0
7212,3,zeros-la-3-5,zeros-la-3,485,7212,3,1080,512,0,4,8,128,16,4,64,4,0,64,512,2,2,0,16,256,3,2,3,1,2,0,2,1,1,1,0,0
7220,3,zeros-la-3-5,zeros-la-3,486,7220,3,1082,512,16,8,8,128,2,64,64,4,0,0,512,2,2,0,16,256,3,3,1,2,2,0,2,1,1,1,0,0
7364,4,zeros-la-3-5,zeros-la-3,487,7364,4,1084,512,0,16,16,128,0,2,128,4,0,2,512,2,0,2,16,256,4,4,1,0,3,0,0,2,1,1,0,0
7396,4,zeros-la-3-5,zeros-la-3,488,7396,4,1086,512,32,128,2,0,2,128,4,0,2,512,2,0,2,16,256,0,4,5,1,0,1,1,0,2,1,1,0,0
7396,3,zeros-la-3-5,zeros-la-3,489,7396,3,1088,512,32,128,2,0,2,128,4,0,2,512,2,0,2,16,256,2,3,6,1,0,1,1,0,2,1,1,0,0
7656,4,zeros-la-3-5,zeros-la-3,490,7656,4,1090,512,32,256,2,2,4,512,4,0,2,16,2,0,2,0,256,0,4,5,2,0,1,1,0,0,2,1,0,0
7660,4,zeros-la-3-5,zeros-la-3,491,7660,4,1094,512,32,256,4,0,4,512,4,0,2,16,2,0,2,256,4,0,4,3,4,0,1,1,0,0,2,1,0,0
7672,5,zeros-la-3-5,zeros-la-3,492,7672,5,1096,512,0,256,0,0,32,512,8,0,4,16,2,0,4,256,4,2,5,2,3,1,1,1,0,0,2,1,0,0
7680,5,zeros-la-3-5,zeros-la-3,493,7680,5,1098,512,0,256,0,0,2,512,8,0,32,16,2,0,8,256,4,2,5,3,1,2,1,1,0,0,2,1,0,0
7680,4,zeros-la-3-5,zeros-la-3,494,7680,4,1102,512,0,4,0,256,0,2,512,8,0,32,16,2,8,256,4,2,4,3,2,2,1,1,0,0,2,1,0,0
7684,4,zeros-la-3-5,zeros-la-3,495,7684,4,1104,512,8,4,512,256,0,2,16,8,2,32,4,4,0,256,0,0,4,2,3,2,1,1,0,0,2,1,0,0
7692,4,zeros-la-3-5,zeros-la-3,496,7692,4,1106,512,8,4,512,256,2,16,8,0,2,32,8,0,256,0,0,2,4,3,1,3,1,1,0,0,2,1,0,0
7712,5,zeros-la-3-5,zeros-la-3,497,7712,5,1108,512,8,4,512,256,4,16,16,2,256,32,0,0,2,0,0,0,5,2,2,1,2,1,0,0,2,1,0,0
7744,5,zeros-la-3-5,zeros-la-3,498,7744,5,1110,512,8,4,512,256,4,32,2,0,256,32,0,0,2,0,2,0,5,3,2,1,0,2,0,0,2,1,0,0
7812,6,zeros-la-3-5,zeros-la-3,499,7812,6,1112,512,8,0,0,0,4,0,0,0,256,4,512,2,2,64,4,256,6,2,3,1,0,0,1,0,2,1,0,0
7812,5,zeros-la-3-5,zeros-la-3,500,7812,5,1116,512,8,4,512,2,4,64,4,256,256,0,0,0,2,0,0,4,5,2,4,1,0,0,1,0,2,1,0,0
7812,4,zeros-la-3-5,zeros-la-3,501,7812,4,1118,512,8,0,2,0,4,0,0,2,256,4,512,256,2,64,4,4,4,3,4,1,0,0,1,0,2,1,0,0
7820,4,zeros-la-3-5,zeros-la-3,502,7820,4,1120,512,2,0,8,2,0,0,4,2,256,4,512,256,0,2,64,8,4,4,2,2,0,0,1,0,2,1,0,0
7824,4,zeros-la-3-5,zeros-la-3,503,7824,4,1122,512,0,0,8,0,2,0,4,4,2,4,512,256,256,2,64,8,4,3,3,2,0,0,1,0,2,1,0,0
7832,4,zeros-la-3-5,zeros-la-3,504,7832,4,1124,512,0,0,2,8,0,0,2,8,2,4,512,256,256,2,64,8,4,4,1,3,0,0,1,0,2,1,0,0
7852,5,zeros-la-3-5,zeros-la-3,505,7852,5,1126,512,2,4,4,16,256,2,512,256,0,0,64,8,0,0,0,2,5,3,2,1,1,0,1,0,2,1,0,0
7860,5,zeros-la-3-5,zeros-la-3,506,7860,5,1128,512,2,2,8,16,256,2,512,256,0,0,64,8,0,0,0,2,5,4,0,2,1,0,1,0,2,1,0,0
7864,5,zeros-la-3-5,zeros-la-3,507,7864,5,1130,512,2,4,8,16,256,2,512,256,0,0,64,8,0,0,0,2,5,3,1,2,1,0,1,0,2,1,0,0
7864,4,zeros-la-3-5,zeros-la-3,508,7864,4,1132,512,2,4,8,16,256,2,512,256,64,8,0,0,2,0,0,2,4,4,1,2,1,0,1,0,2,1,0,0
7868,4,zeros-la-3-5,zeros-la-3,509,7868,4,1134,512,2,4,8,16,256,2,512,256,0,0,64,8,0,2,0,4,4,3,2,2,1,0,1,0,2,1,0,0
7872,4,zeros-la-3-5,zeros-la-3,510,7872,4,1136,512,2,4,8,16,256,4,512,256,0,0,64,8,0,2,0,4,4,2,3,2,1,0,1,0,2,1,0,0
7880,4,zeros-la-3-5,zeros-la-3,511,7880,4,1138,512,2,8,8,16,256,2,512,256,0,0,64,8,2,0,0,4,4,3,1,3,1,0,1,0,2,1,0,0
7896,4,zeros-la-3-5,zeros-la-3,512,7896,4,1140,512,0,2,16,16,256,2,512,256,0,2,64,8,0,0,2,4,4,4,1,1,2,0,1,0,2,1,0,0
7928,4,zeros-la-3-5,zeros-la-3,513,7928,4,1142,512,2,32,0,0,256,2,512,256,2,64,8,2,2,4,0,0,4,5,1,1,0,1,1,0,2,1,0,0
7932,4,zeros-la-3-5,zeros-la-3,514,7932,4,1144,512,0,32,0,2,2,2,0,0,256,64,512,256,4,4,8,2,4,4,2,1,0,1,1,0,2,1,0,0
7944,5,zeros-la-3-5,zeros-la-3,515,7944,5,1146,512,32,2,0,2,4,0,0,0,256,64,512,256,8,8,2,0,5,3,1,2,0,1,1,0,2,1,0,0
7964,6,zeros-la-3-5,zeros-la-3,516,7964,6,1148,512,32,4,0,0,4,0,0,0,256,64,512,256,16,2,0,2,6,2,2,0,1,1,1,0,2,1,0,0
7968,6,zeros-la-3-5,zeros-la-3,517,7968,6,1150,512,0,0,32,4,0,2,0,4,256,64,512,256,0,0,16,4,6,1,3,0,1,1,1,0,2,1,0,0
7976,6,zeros-la-3-5,zeros-la-3,518,7976,6,1152,512,0,0,0,0,0,2,32,8,0,2,512,256,256,64,16,4,6,2,1,1,1,1,1,0,2,1,0,0
7980,6,zeros-la-3-5,zeros-la-3,519,7980,6,1156,512,0,0,4,0,0,0,32,8,0,4,512,256,256,64,16,4,6,0,3,1,1,1,1,0,2,1,0,0
7980,5,zeros-la-3-5,zeros-la-3,520,7980,5,1158,512,256,4,4,8,0,64,32,256,2,0,512,4,0,0,16,0,5,1,3,1,1,1,1,0,2,1,0,0
7988,5,zeros-la-3-5,zeros-la-3,521,7988,5,1160,512,256,8,8,0,64,32,256,0,2,512,4,0,16,0,0,2,5,2,1,2,1,1,1,0,2,1,0,0
7988,4,zeros-la-3-5,zeros-la-3,522,7988,4,1162,512,256,8,8,2,64,32,256,0,2,512,4,0,16,0,2,0,4,3,1,2,1,1,1,0,2,1,0,0
8004,4,zeros-la-3-5,zeros-la-3,523,8004,4,1164,512,256,16,2,0,64,32,256,0,2,512,4,0,16,2,2,0,4,4,1,0,2,1,1,0,2,1,0,0
8008,4,zeros-la-3-5,zeros-la-3,524,8008,4,1166,512,0,256,16,2,0,64,32,256,2,2,512,4,0,0,16,4,4,3,2,0,2,1,1,0,2,1,0,0
8016,4,zeros-la-3-5,zeros-la-3,525,8016,4,1168,512,0,2,16,0,0,256,32,2,0,64,512,256,2,2,16,8,4,4,0,1,2,1,1,0,2,1,0,0
8020,4,zeros-la-3-5,zeros-la-3,526,8020,4,1170,512,2,16,0,0,256,32,2,0,64,512,256,2,4,16,8,0,4,3,1,1,2,1,1,0,2,1,0,0
8020,3,zeros-la-3-5,zeros-la-3,527,8020,3,1172,512,0,2,2,16,0,256,32,2,64,512,256,2,0,4,16,8,3,4,1,1,2,1,1,0,2,1,0,0
8024,3,zeros-la-3-5,zeros-la-3,528,8024,3,1176,512,0,4,4,16,0,256,32,2,64,512,256,2,0,4,16,8,3,2,3,1,2,1,1,0,2,1,0,0
8032,3,zeros-la-3-5,zeros-la-3,529,8032,3,1178,512,8,16,0,0,256,32,2,2,64,512,256,2,4,16,8,0,3,3,1,2,2,1,1,0,2,1,0,0
8036,3,zeros-la-3-5,zeros-la-3,530,8036,3,1180,512,8,16,0,0,256,32,2,0,64,512,256,2,4,16,8,4,3,2,2,2,2,1,1,0,2,1,0,0
8036,2,zeros-la-3-5,zeros-la-3,531,8036,2,1182,512,8,16,0,0,256,32,2,2,64,512,256,2,4,16,8,4,2,3,2,2,2,1,1,0,2,1,0,0
8040,2,zeros-la-3-5,zeros-la-3,532,8040,2,1184,512,8,16,0,0,256,32,2,2,64,512,256,4,4,16,8,4,2,2,3,2,2,1,1,0,2,1,0,0
8048,2,zeros-la-3-5,zeros-la-3,533,8048,2,1188,512,8,16,0,4,256,32,2,0,64,512,256,2,4,16,8,8,2,2,2,3,2,1,1,0,2,1,0,0
8064,2,zeros-la-3-5,zeros-la-3,534,8064,2,1190,512,8,16,4,0,256,32,2,0,64,512,256,2,4,16,16,2,2,3,2,1,3,1,1,0,2,1,0,0
8068,2,zeros-la-3-5,zeros-la-3,535,8068,2,1192,512,8,16,4,4,256,32,2,2,64,512,256,0,4,16,16,0,2,2,3,1,3,1,1,0,2,1,0,0
8112,4,zeros-la-3-5,zeros-la-3,536,8112,4,1194,512,0,8,16,8,2,256,32,4,0,64,512,256,0,0,4,32,4,1,2,2,1,2,1,0,2,1,0,0
8112,3,zeros-la-3-5,zeros-la-3,537,8112,3,1196,512,0,0,16,8,2,8,32,4,0,256,512,256,2,64,4,32,3,2,2,2,1,2,1,0,2,1,0,0
8116,3,zeros-la-3-5,zeros-la-3,538,8116,3,1198,512,2,0,16,8,0,8,32,4,0,256,512,256,4,64,4,32,3,1,3,2,1,2,1,0,2,1,0,0
8116,2,zeros-la-3-5,zeros-la-3,539,8116,2,1200,512,0,2,16,8,0,8,32,4,2,256,512,256,4,64,4,32,2,2,3,2,1,2,1,0,2,1,0,0
8116,1,zeros-la-3-5,zeros-la-3,540,8116,1,1202,512,0,2,16,8,2,8,32,4,2,256,512,256,4,64,4,32,1,3,3,2,1,2,1,0,2,1,0,0
8120,1,zeros-la-3-5,zeros-la-3,541,8120,1,1204,512,2,2,16,8,0,8,32,4,4,256,512,256,4,64,4,32,1,2,4,2,1,2,1,0,2,1,0,0
8128,1,zeros-la-3-5,zeros-la-3,542,8128,1,1206,512,2,2,16,8,8,8,32,4,2,256,512,256,0,64,4,32,1,3,2,3,1,2,1,0,2,1,0,0
8148,2,zeros-la-3-5,zeros-la-3,543,8148,2,1208,512,2,4,16,8,0,16,32,4,2,256,512,256,0,64,4,32,2,2,3,1,2,2,1,0,2,1,0,0
8152,2,zeros-la-3-5,zeros-la-3,544,8152,2,1210,512,4,4,16,8,2,16,32,4,0,256,512,256,0,64,4,32,2,1,4,1,2,2,1,0,2,1,0,0
8160,2,zeros-la-3-5,zeros-la-3,545,8160,2,1212,512,8,16,8,0,2,16,32,4,256,512,256,0,64,4,32,2,2,2,2,2,2,2,1,0,2,1,0,0
8160,1,zeros-la-3-5,zeros-la-3,546,8160,1,1214,512,8,16,8,2,2,16,32,4,256,512,256,0,64,4,32,2,1,3,2,2,2,2,1,0,2,1,0,0
8192,1,zeros-la-3-5,zeros-la-3,547,8192,1,1216,512,8,2,8,0,2,32,32,2,256,512,256,4,64,4,32,2,1,4,2,2,0,3,1,0,2,1,0,0
8192,0,zeros-la-3-5,zeros-la-3,548,8192,0,1218,512,8,2,8,2,2,32,32,4,256,512,256,2,64,4,32,2,0,5,2,2,0,3,1,0,2,1,0,0
8256,0,zeros-la-3-5,zeros-la-3,549,8256,0,1220,512,8,2,8,2,2,64,4,2,256,512,256,2,64,4,32,2,0,6,2,2,0,1,2,0,2,1,0,0
8264,1,zeros-la-3-5,zeros-la-3,550,8264,1,1222,512,8,2,8,4,2,64,4,4,256,512,256,0,64,4,32,2,1,3,4,2,0,1,2,0,2,1,0,0
8272,1,zeros-la-3-5,zeros-la-3,551,8272,1,1224,512,8,2,8,4,2,64,8,2,256,512,256,0,64,4,32,2,1,4,2,3,0,1,2,0,2,1,0,0
8292,2,zeros-la-3-5,zeros-la-3,552,8292,2,1226,512,8,2,2,0,2,64,16,0,256,512,256,4,64,4,32,4,2,3,3,1,1,1,2,0,2,1,0,0
8300,2,zeros-la-3-5,zeros-la-3,553,8300,2,1228,512,8,2,2,0,2,64,16,2,256,512,256,0,64,4,32,8,2,4,1,2,1,1,2,0,2,1,0,0
8304,2,zeros-la-3-5,zeros-la-3,554,8304,2,1230,512,0,2,8,4,2,64,16,2,0,256,512,256,64,4,32,8,2,3,2,2,1,1,2,0,2,1,0,0
8304,1,zeros-la-3-5,zeros-la-3,555,8304,1,1232,512,2,2,8,4,64,64,16,2,0,256,512,256,2,4,32,8,1,4,2,2,1,1,2,0,2,1,0,0
8436,2,zeros-la-3-5,zeros-la-3,556,8436,2,1234,512,0,4,8,4,0,128,16,2,2,256,512,256,2,4,32,8,2,3,3,2,1,1,0,1,2,1,0,0
8440,2,zeros-la-3-5,zeros-la-3,557,8440,2,1238,512,4,4,8,4,0,128,16,2,4,256,512,256,0,4,32,8,2,1,5,2,1,1,0,1,2,1,0,0
8448,2,zeros-la-3-5,zeros-la-3,558,8448,2,1240,512,8,8,4,2,128,16,2,0,4,256,512,256,4,32,8,0,2,2,3,3,1,1,0,1,2,1,0,0
8464,2,zeros-la-3-5,zeros-la-3,559,8464,2,1242,512,16,4,2,0,128,16,2,0,4,256,512,256,4,32,8,2,2,3,3,1,2,1,0,1,2,1,0,0
8476,3,zeros-la-3-5,zeros-la-3,560,8476,3,1244,512,16,4,4,256,128,16,512,2,8,256,8,2,0,32,0,0,3,2,2,2,2,1,0,1,2,1,0,0
8480,3,zeros-la-3-5,zeros-la-3,561,8480,3,1246,512,16,4,4,256,128,16,512,4,8,256,8,0,2,32,0,0,3,1,3,2,2,1,0,1,2,1,0,0
8488,3,zeros-la-3-5,zeros-la-3,562,8488,3,1248,512,0,16,8,256,128,16,512,4,0,8,256,8,0,2,2,32,3,2,1,3,2,1,0,1,2,1,0,0
8520,3,zeros-la-3-5,zeros-la-3,563,8520,3,1250,512,0,2,8,256,0,32,512,4,0,8,256,8,128,2,2,32,3,3,1,3,0,2,0,1,2,1,0,0
8524,3,zeros-la-3-5,zeros-la-3,564,8524,3,1252,512,0,2,8,256,2,32,512,4,0,8,256,8,0,128,4,32,3,2,2,3,0,2,0,1,2,1,0,0
8524,2,zeros-la-3-5,zeros-la-3,565,8524,2,1254,512,2,2,8,256,0,32,512,4,2,8,256,8,0,128,4,32,2,3,2,3,0,2,0,1,2,1,0,0
8528,2,zeros-la-3-5,zeros-la-3,566,8528,2,1256,512,0,4,8,256,2,32,512,4,2,8,256,8,0,128,4,32,2,2,3,3,0,2,0,1,2,1,0,0
8532,2,zeros-la-3-5,zeros-la-3,567,8532,2,1258,512,4,4,8,256,2,32,512,4,0,8,256,8,0,128,4,32,2,1,4,3,0,2,0,1,2,1,0,0
8540,2,zeros-la-3-5,zeros-la-3,568,8540,2,1262,512,4,8,8,256,2,32,512,4,0,8,256,8,0,128,4,32,2,1,3,4,0,2,0,1,2,1,0,0
8556,2,zeros-la-3-5,zeros-la-3,569,8556,2,1264,512,0,4,16,256,2,32,512,4,2,8,256,8,0,128,4,32,2,2,3,2,1,2,0,1,2,1,0,0
8560,2,zeros-la-3-5,zeros-la-3,570,8560,2,1266,512,4,4,16,256,0,32,512,4,0,8,256,8,2,128,4,32,2,1,4,2,1,2,0,1,2,1,0,0
8568,2,zeros-la-3-5,zeros-la-3,571,8568,2,1268,512,0,8,16,256,0,32,512,4,2,8,256,8,2,128,4,32,2,2,2,3,1,2,0,1,2,1,0,0
8568,1,zeros-la-3-5,zeros-la-3,572,8568,1,1270,512,8,16,256,2,32,512,4,0,2,8,256,8,2,128,4,32,1,3,2,3,1,2,0,1,2,1,0,0
8568,0,zeros-la-3-5,zeros-la-3,573,8568,0,1272,512,8,16,256,2,32,512,4,2,2,8,256,8,2,128,4,32,0,4,2,3,1,2,0,1,2,1,0,0
8576,1,zeros-la-3-5,zeros-la-3,574,8576,1,1274,512,0,16,256,2,8,512,4,4,32,8,256,8,4,128,4,32,1,1,4,3,1,2,0,1,2,1,0,0
8584,1,zeros-la-3-5,zeros-la-3,575,8584,1,1276,512,2,16,256,2,0,8,512,8,32,8,256,8,4,128,4,32,1,2,2,4,1,2,0,1,2,1,0,0
8616,2,zeros-la-3-5,zeros-la-3,576,8616,2,1278,512,0,0,256,2,2,16,512,2,32,16,256,16,4,128,4,32,2,3,2,0,3,2,0,1,2,1,0,0
8652,3,zeros-la-3-5,zeros-la-3,577,8652,3,1280,512,0,0,256,0,2,2,512,4,32,32,256,16,4,128,4,32,3,2,3,0,1,3,0,1,2,1,0,0
8652,2,zeros-la-3-5,zeros-la-3,578,8652,2,1284,512,2,2,256,4,32,32,512,16,4,128,256,32,4,0,4,0,2,2,4,0,1,3,0,1,2,1,0,0
8728,4,zeros-la-3-5,zeros-la-3,579,8728,4,1286,512,0,4,256,4,0,64,512,16,4,128,256,32,0,0,2,8,4,1,3,1,1,1,1,1,2,1,0,0
8728,3,zeros-la-3-5,zeros-la-3,580,8728,3,1288,512,4,4,256,4,0,64,512,16,0,128,256,32,0,2,2,8,3,2,3,1,1,1,1,1,2,1,0,0
8740,4,zeros-la-3-5,zeros-la-3,581,8740,4,1290,512,8,256,4,0,64,512,16,0,128,256,32,0,4,8,2,0,4,1,2,2,1,1,1,1,2,1,0,0
8740,3,zeros-la-3-5,zeros-la-3,582,8740,3,1292,512,8,256,4,0,64,512,16,0,128,256,32,2,4,8,2,0,3,2,2,2,1,1,1,1,2,1,0,0
8740,2,zeros-la-3-5,zeros-la-3,583,8740,2,1294,512,8,256,4,2,64,512,16,0,128,256,32,0,4,8,2,2,2,3,2,2,1,1,1,1,2,1,0,0
8744,2,zeros-la-3-5,zeros-la-3,584,8744,2,1296,512,8,256,4,4,64,512,16,2,128,256,32,0,4,8,2,0,2,2,3,2,1,1,1,1,2,1,0,0
8744,1,zeros-la-3-5,zeros-la-3,585,8744,1,1298,512,8,256,4,4,64,512,16,2,128,256,32,2,4,8,2,0,1,3,3,2,1,1,1,1,2,1,0,0
8748,1,zeros-la-3-5,zeros-la-3,586,8748,1,1300,512,8,256,4,4,64,512,16,4,128,256,32,2,4,8,2,0,1,2,4,2,1,1,1,1,2,1,0,0
8756,1,zeros-la-3-5,zeros-la-3,587,8756,1,1302,512,8,256,8,0,64,512,16,4,128,256,32,2,4,8,2,2,1,3,2,3,1,1,1,1,2,1,0,0
8760,1,zeros-la-3-5,zeros-la-3,588,8760,1,1304,512,8,256,8,4,64,512,16,4,128,256,32,2,4,8,2,0,1,2,3,3,1,1,1,1,2,1,0,0
8768,1,zeros-la-3-5,zeros-la-3,589,8768,1,1306,512,8,256,8,8,64,512,16,2,128,256,32,0,4,8,2,2,1,3,1,4,1,1,1,1,2,1,0,0
8788,2,zeros-la-3-5,zeros-la-3,590,8788,2,1310,512,8,256,16,0,64,512,16,2,128,256,32,0,4,8,4,4,2,1,3,2,2,1,1,1,2,1,0,0
8820,2,zeros-la-3-5,zeros-la-3,591,8820,2,1312,512,8,256,0,0,64,512,32,2,128,256,32,2,4,8,4,4,2,2,3,2,0,2,1,1,2,1,0,0
8888,3,zeros-la-3-5,zeros-la-3,592,8888,3,1314,512,8,256,0,2,64,512,0,0,128,256,64,4,4,8,4,4,3,1,4,2,0,0,2,1,2,1,0,0
8896,3,zeros-la-3-5,zeros-la-3,593,8896,3,1316,512,0,8,256,2,0,2,64,512,128,256,64,4,0,4,8,8,3,2,2,3,0,0,2,1,2,1,0,0
8912,3,zeros-la-3-5,zeros-la-3,594,8912,3,1318,512,0,8,256,2,0,2,64,512,128,256,64,4,0,2,4,16,3,3,2,1,1,0,2,1,2,1,0,0
9040,3,zeros-la-3-5,zeros-la-3,595,9040,3,1322,512,128,8,256,2,0,2,128,512,0,256,4,4,4,2,0,16,3,3,3,1,1,0,0,2,2,1,0,0
9048,3,zeros-la-3-5,zeros-la-3,596,9048,3,1324,512,128,8,256,2,0,2,128,512,2,0,256,8,0,4,2,16,3,4,1,2,1,0,0,2,2,1,0,0
9048,2,zeros-la-3-5,zeros-la-3,597,9048,2,1326,512,128,8,256,2,2,128,512,0,2,256,8,0,4,2,16,2,2,5,1,2,1,0,0,2,2,1,0,0
9056,3,zeros-la-3-5,zeros-la-3,598,9056,3,1328,512,0,8,256,2,128,128,512,0,4,256,8,0,4,2,16,4,3,2,3,2,1,0,0,2,2,1,0,0
9312,3,zeros-la-3-5,zeros-la-3,599,9312,3,1330,512,8,256,2,0,256,512,2,0,4,256,8,0,4,2,16,4,3,3,3,2,1,0,0,0,3,1,0,0
9324,4,zeros-la-3-5,zeros-la-3,600,9324,4,1332,512,8,256,4,4,256,512,8,0,8,256,16,0,2,2,0,0,4,2,2,3,1,0,0,0,3,1,0,0
9336,5,zeros-la-3-5,zeros-la-3,601,9336,5,1334,512,8,256,8,0,256,512,8,0,8,256,16,0,4,2,0,0,5,1,1,4,1,0,0,0,3,1,0,0
9352,5,zeros-la-3-5,zeros-la-3,602,9352,5,1336,512,8,256,16,0,256,512,16,0,8,256,2,0,4,2,0,0,5,2,1,2,2,0,0,0,3,1,0,0
9384,5,zeros-la-3-5,zeros-la-3,603,9384,5,1338,512,8,256,0,2,256,512,0,0,8,256,32,0,4,2,2,0,5,3,1,2,0,1,0,0,3,1,0,0
9388,5,zeros-la-3-5,zeros-la-3,604,9388,5,1340,512,0,8,256,2,2,0,256,512,0,8,256,32,0,0,4,4,5,2,2,2,0,1,0,0,3,1,0,0
9916,6,zeros-la-3-5,zeros-la-3,605,9916,6,1344,512,0,0,0,2,4,0,256,512,0,0,512,32,2,16,4,4,6,2,3,0,1,1,0,0,1,2,0,0
9924,6,zeros-la-3-5,zeros-la-3,606,9924,6,1346,512,0,0,0,2,0,4,256,512,2,0,512,32,0,2,16,8,6,3,1,1,1,1,0,0,1,2,0,0
9924,5,zeros-la-3-5,zeros-la-3,607,9924,5,1348,512,0,0,0,2,0,0,256,512,2,4,512,32,2,2,16,8,5,4,1,1,1,1,0,0,1,2,0,0
9928,5,zeros-la-3-5,zeros-la-3,608,9928,5,1350,512,4,4,256,2,0,2,512,512,0,0,16,32,0,0,2,8,5,3,2,1,1,1,0,0,1,2,0,0
10960,6,zeros-la-3-5,zeros-la-3,609,10960,6,1352,1024,2,8,256,2,0,0,2,1024,0,0,16,32,0,0,2,8,6,4,0,2,1,1,0,0,1,0,1,0
10960,5,zeros-la-3-5,zeros-la-3,610,10960,5,1354,1024,2,8,256,2,0,0,2,1024,0,0,16,32,0,2,2,8,5,5,0,2,1,1,0,0,1,0,1,0
10964,5,zeros-la-3-5,zeros-la-3,611,10964,5,1356,1024,2,8,256,2,2,1024,0,2,16,32,0,0,4,8,0,0,5,4,1,2,1,1,0,0,1,0,1,0
10972,6,zeros-la-3-5,zeros-la-3,612,10972,6,1358,1024,4,8,256,4,16,1024,0,0,4,32,0,0,0,8,2,0,6,1,3,2,1,1,0,0,1,0,1,0
10972,5,zeros-la-3-5,zeros-la-3,613,10972,5,1360,1024,4,8,256,4,16,1024,2,0,4,32,0,0,0,8,0,2,5,2,3,2,1,1,0,0,1,0,1,0
10972,4,zeros-la-3-5,zeros-la-3,614,10972,4,1362,1024,4,8,256,4,16,1024,2,2,4,32,0,2,0,8,0,0,4,3,3,2,1,1,0,0,1,0,1,0
10976,4,zeros-la-3-5,zeros-la-3,615,10976,4,1364,1024,4,8,256,4,16,1024,2,4,4,32,0,0,2,8,0,0,4,2,4,2,1,1,0,0,1,0,1,0
10984,4,zeros-la-3-5,zeros-la-3,616,10984,4,1366,1024,4,8,256,8,16,1024,2,0,4,32,0,2,2,8,0,0,4,3,2,3,1,1,0,0,1,0,1,0
10984,3,zeros-la-3-5,zeros-la-3,617,10984,3,1368,1024,4,8,256,8,0,16,1024,2,2,4,32,2,0,0,2,8,3,4,2,3,1,1,0,0,1,0,1,0
10988,3,zeros-la-3-5,zeros-la-3,618,10988,3,1372,1024,4,8,256,8,2,16,1024,4,0,4,32,8,0,4,2,0,3,2,4,3,1,1,0,0,1,0,1,0
10996,3,zeros-la-3-5,zeros-la-3,619,10996,3,1374,1024,4,8,256,8,2,16,1024,4,0,8,32,8,0,2,2,0,3,3,2,4,1,1,0,0,1,0,1,0
11000,3,zeros-la-3-5,zeros-la-3,620,11000,3,1376,1024,4,8,256,8,2,16,1024,4,0,8,32,8,0,0,2,4,3,2,3,4,1,1,0,0,1,0,1,0
11000,2,zeros-la-3-5,zeros-la-3,621,11000,2,1378,1024,4,8,256,8,2,16,1024,4,2,8,32,8,0,0,2,4,2,3,3,4,1,1,0,0,1,0,1,0
11004,2,zeros-la-3-5,zeros-la-3,622,11004,2,1380,1024,4,8,256,8,4,16,1024,4,0,8,32,8,2,0,2,4,2,2,4,4,1,1,0,0,1,0,1,0
11008,2,zeros-la-3-5,zeros-la-3,623,11008,2,1382,1024,4,8,256,8,4,16,1024,4,8,32,8,0,4,4,0,2,2,1,5,4,1,1,0,0,1,0,1,0
11016,2,zeros-la-3-5,zeros-la-3,624,11016,2,1384,1024,4,8,256,8,4,16,1024,4,8,32,8,2,8,2,0,0,2,2,3,5,1,1,0,0,1,0,1,0
11040,3,zeros-la-3-5,zeros-la-3,625,11040,3,1386,1024,8,8,256,8,16,16,1024,4,0,32,8,2,0,2,0,2,3,3,1,4,2,1,0,0,1,0,1,0
11092,5,zeros-la-3-5,zeros-la-3,626,11092,5,1388,1024,16,256,8,0,32,1024,4,0,32,8,2,0,4,0,2,0,5,2,2,2,1,2,0,0,1,0,1,0
11160,6,zeros-la-3-5,zeros-la-3,627,11160,6,1390,1024,16,256,8,0,64,1024,4,0,4,8,4,0,2,0,0,0,6,1,3,2,1,0,1,0,1,0,1,0
11168,6,zeros-la-3-5,zeros-la-3,628,11168,6,1392,1024,16,0,0,0,64,256,0,2,4,1024,8,0,2,8,8,0,6,2,1,3,1,0,1,0,1,0,1,0
11184,6,zeros-la-3-5,zeros-la-3,629,11184,6,1394,1024,0,0,0,16,2,64,256,2,0,4,1024,8,0,0,2,16,6,3,1,1,2,0,1,0,1,0,1,0
11184,5,zeros-la-3-5,zeros-la-3,630,11184,5,1396,1024,0,0,0,16,2,64,256,2,0,4,1024,8,0,2,2,16,5,4,1,1,2,0,1,0,1,0,1,0
11188,5,zeros-la-3-5,zeros-la-3,631,11188,5,1398,1024,16,2,0,0,2,64,256,2,4,1024,8,0,4,16,0,0,5,3,2,1,2,0,1,0,1,0,1,0
11196,5,zeros-la-3-5,zeros-la-3,632,11196,5,1400,1024,2,2,0,0,16,64,0,0,2,1024,256,0,8,16,8,2,5,4,0,2,2,0,1,0,1,0,1,0
11200,5,zeros-la-3-5,zeros-la-3,633,11200,5,1402,1024,0,0,2,4,0,0,16,64,0,2,1024,256,8,16,8,2,5,3,1,2,2,0,1,0,1,0,1,0
11200,4,zeros-la-3-5,zeros-la-3,634,11200,4,1404,1024,8,2,2,4,0,16,16,64,0,0,1024,256,2,0,8,2,4,4,1,2,2,0,1,0,1,0,1,0
11236,5,zeros-la-3-5,zeros-la-3,635,11236,5,1406,1024,0,8,4,4,0,0,32,64,0,0,1024,256,2,2,8,2,5,3,2,2,0,1,1,0,1,0,1,0
11248,6,zeros-la-3-5,zeros-la-3,636,11248,6,1408,1024,8,8,0,0,32,64,0,0,1024,256,0,2,4,8,2,0,6,2,1,3,0,1,1,0,1,0,1,0
11264,6,zeros-la-3-5,zeros-la-3,637,11264,6,1412,1024,16,4,0,0,32,64,0,0,1024,256,2,0,4,8,2,0,6,2,2,1,1,1,1,0,1,0,1,0
11268,6,zeros-la-3-5,zeros-la-3,638,11268,6,1414,1024,16,4,4,0,32,64,0,0,1024,256,0,2,4,8,0,0,6,1,3,1,1,1,1,0,1,0,1,0
11276,6,zeros-la-3-5,zeros-la-3,639,11276,6,1418,1024,16,8,0,0,32,64,0,0,1024,256,2,4,4,8,0,0,6,1,2,2,1,1,1,0,1,0,1,0
11276,5,zeros-la-3-5,zeros-la-3,640,11276,5,1420,1024,16,8,2,4,32,64,0,2,1024,256,0,0,4,8,0,0,5,2,2,2,1,1,1,0,1,0,1,0
11276,4,zeros-la-3-5,zeros-la-3,641,11276,4,1422,1024,16,8,2,0,32,64,0,0,1024,256,0,4,4,8,2,2,4,3,2,2,1,1,1,0,1,0,1,0
11280,4,zeros-la-3-5,zeros-la-3,642,11280,4,1424,1024,16,8,2,0,32,64,0,0,1024,256,4,2,4,8,4,0,4,2,3,2,1,1,1,0,1,0,1,0
11288,4,zeros-la-3-5,zeros-la-3,643,11288,4,1426,1024,16,8,2,0,32,64,0,0,1024,256,2,0,4,8,8,2,4,3,1,3,1,1,1,0,1,0,1,0
11304,4,zeros-la-3-5,zeros-la-3,644,11304,4,1428,1024,16,8,2,0,32,64,2,0,1024,256,2,0,4,16,2,0,4,4,1,1,2,1,1,0,1,0,1,0
11312,5,zeros-la-3-5,zeros-la-3,645,11312,5,1430,1024,16,8,4,0,32,64,4,0,1024,256,0,0,4,16,0,2,5,1,3,1,2,1,1,0,1,0,1,0
11320,5,zeros-la-3-5,zeros-la-3,646,11320,5,1432,1024,16,8,8,2,32,64,2,0,1024,256,0,0,4,16,0,0,5,2,1,2,2,1,1,0,1,0,1,0
11336,5,zeros-la-3-5,zeros-la-3,647,11336,5,1434,1024,16,16,2,0,32,64,2,0,1024,256,0,0,4,16,0,2,5,3,1,0,3,1,1,0,1,0,1,0
11340,5,zeros-la-3-5,zeros-la-3,648,11340,5,1436,1024,16,16,0,0,32,64,0,2,1024,256,0,0,4,16,4,2,5,2,2,0,3,1,1,0,1,0,1,0
11372,5,zeros-la-3-5,zeros-la-3,649,11372,5,1438,1024,32,0,0,0,32,64,2,0,1024,256,2,0,4,16,4,2,5,3,2,0,1,2,1,0,1,0,1,0
11440,6,zeros-la-3-5,zeros-la-3,650,11440,6,1440,1024,64,64,4,2,1024,256,4,0,4,16,0,0,2,0,0,0,6,2,3,0,1,0,2,0,1,0,1,0
11448,6,zeros-la-3-5,zeros-la-3,651,11448,6,1442,1024,64,64,8,2,1024,256,0,2,4,16,0,0,2,0,0,0,6,3,1,1,1,0,2,0,1,0,1,0
11576,6,zeros-la-3-5,zeros-la-3,652,11576,6,1444,1024,0,128,8,2,0,1024,256,2,0,2,4,16,0,0,0,2,6,4,1,1,1,0,0,1,1,0,1,0
11576,5,zeros-la-3-5,zeros-la-3,653,11576,5,1446,1024,128,8,2,2,1024,256,2,0,2,4,16,0,2,0,0,0,5,5,1,1,1,0,0,1,1,0,1,0
11584,6,zeros-la-3-5,zeros-la-3,654,11584,6,1448,1024,0,0,0,0,128,8,0,0,1024,256,4,2,4,4,16,2,6,2,3,1,1,0,0,1,1,0,1,0
11588,6,zeros-la-3-5,zeros-la-3,655,11588,6,1450,1024,128,8,4,4,1024,256,16,0,4,4,0,0,0,0,2,0,6,1,4,1,1,0,0,1,1,0,1,0
11604,7,zeros-la-3-5,zeros-la-3,656,11604,7,1454,1024,0,128,8,8,0,1024,256,16,0,0,0,8,0,4,0,2,7,1,1,3,1,0,0,1,1,0,1,0
11620,7,zeros-la-3-5,zeros-la-3,657,11620,7,1456,1024,128,16,0,2,1024,256,16,0,8,0,0,0,4,2,0,0,7,2,1,1,2,0,0,1,1,0,1,0
11620,6,zeros-la-3-5,zeros-la-3,658,11620,6,1458,1024,128,16,16,2,1024,256,0,0,8,2,0,0,4,0,2,0,6,3,1,1,2,0,0,1,1,0,1,0
11652,6,zeros-la-3-5,zeros-la-3,659,11652,6,1460,1024,128,32,2,0,1024,256,0,0,8,2,0,2,4,2,0,0,6,4,1,1,0,1,0,1,1,0,1,0
11656,6,zeros-la-3-5,zeros-la-3,660,11656,6,1462,1024,128,0,2,0,1024,32,0,0,8,256,0,0,4,4,2,2,6,3,2,1,0,1,0,1,1,0,1,0
11668,7,zeros-la-3-5,zeros-la-3,661,11668,7,1464,1024,128,2,0,2,1024,32,0,0,8,256,0,0,8,4,0,0,7,2,1,2,0,1,0,1,1,0,1,0
11684,7,zeros-la-3-5,zeros-la-3,662,11684,7,1466,1024,0,2,0,0,128,32,0,0,1024,256,2,0,16,4,0,2,7,3,1,0,1,1,0,1,1,0,1,0
11684,6,zeros-la-3-5,zeros-la-3,663,11684,6,1468,1024,0,2,0,2,128,32,0,0,1024,256,0,0,16,4,2,2,6,4,1,0,1,1,0,1,1,0,1,0
11692,7,zeros-la-3-5,zeros-la-3,664,11692,7,1470,1024,4,0,0,0,128,32,0,0,1024,256,0,2,16,4,4,0,7,1,3,0,1,1,0,1,1,0,1,0
11700,7,zeros-la-3-5,zeros-la-3,665,11700,7,1472,1024,4,0,0,0,128,32,0,2,1024,256,2,0,16,8,0,0,7,2,1,1,1,1,0,1,1,0,1,0
11700,6,zeros-la-3-5,zeros-la-3,666,11700,6,1474,1024,4,32,2,2,128,256,0,0,1024,8,0,0,16,0,2,0,6,3,1,1,1,1,0,1,1,0,1,0
11704,6,zeros-la-3-5,zeros-la-3,667,11704,6,1478,1024,4,0,0,0,128,32,0,0,1024,256,4,0,16,8,4,2,6,1,3,1,1,1,0,1,1,0,1,0
11712,6,zeros-la-3-5,zeros-la-3,668,11712,6,1480,1024,4,0,2,0,128,32,0,0,1024,256,0,0,16,8,8,2,6,2,1,2,1,1,0,1,1,0,1,0
11728,6,zeros-la-3-5,zeros-la-3,669,11728,6,1484,1024,4,2,0,4,128,32,0,0,1024,256,0,0,16,16,2,0,6,2,2,0,2,1,0,1,1,0,1,0
11728,5,zeros-la-3-5,zeros-la-3,670,11728,5,1486,1024,4,2,2,4,128,32,2,0,1024,256,0,0,16,16,0,0,5,3,2,0,2,1,0,1,1,0,1,0
11764,6,zeros-la-3-5,zeros-la-3,671,11764,6,1488,1024,4,4,4,2,128,32,2,0,1024,256,0,0,32,0,0,0,6,2,3,0,0,2,0,1,1,0,1,0
11772,6,zeros-la-3-5,zeros-la-3,672,11772,6,1490,1024,8,4,2,0,128,32,2,0,1024,256,0,2,32,0,0,0,6,3,1,1,0,2,0,1,1,0,1,0
11776,6,zeros-la-3-5,zeros-la-3,673,11776,6,1492,1024,8,4,4,2,128,32,0,0,1024,256,0,0,32,2,0,0,6,2,2,1,0,2,0,1,1,0,1,0
11784,6,zeros-la-3-5,zeros-la-3,674,11784,6,1494,1024,8,8,2,2,128,32,0,0,1024,256,0,0,32,2,0,0,6,3,0,2,0,2,0,1,1,0,1,0
11784,5,zeros-la-3-5,zeros-la-3,675,11784,5,1496,1024,8,8,2,2,128,32,0,0,1024,256,0,2,32,2,0,0,5,4,0,2,0,2,0,1,1,0,1,0
11788,5,zeros-la-3-5,zeros-la-3,676,11788,5,1498,1024,8,8,2,0,128,32,0,0,1024,256,0,0,32,2,2,4,5,3,1,2,0,2,0,1,1,0,1,0
11808,6,zeros-la-3-5,zeros-la-3,677,11808,6,1500,1024,0,0,16,2,0,2,128,32,0,0,1024,256,0,32,4,4,6,2,2,0,1,2,0,1,1,0,1,0
11816,6,zeros-la-3-5,zeros-la-3,678,11816,6,1502,1024,0,0,16,2,0,2,128,32,2,0,1024,256,0,0,32,8,6,3,0,1,1,2,0,1,1,0,1,0
11816,5,zeros-la-3-5,zeros-la-3,679,11816,5,1504,1024,2,2,16,2,0,0,128,32,2,0,1024,256,0,0,32,8,5,4,0,1,1,2,0,1,1,0,1,0
11820,5,zeros-la-3-5,zeros-la-3,680,11820,5,1506,1024,4,2,16,2,0,0,128,32,2,0,1024,256,0,0,32,8,5,3,1,1,1,2,0,1,1,0,1,0
11820,4,zeros-la-3-5,zeros-la-3,681,11820,4,1508,1024,2,0,16,2,0,0,128,32,4,0,1024,256,2,2,32,8,4,4,1,1,1,2,0,1,1,0,1,0
11824,4,zeros-la-3-5,zeros-la-3,682,11824,4,1510,1024,2,16,2,0,128,32,2,0,4,1024,256,0,4,32,8,0,4,3,2,1,1,2,0,1,1,0,1,0
11836,5,zeros-la-3-5,zeros-la-3,683,11836,5,1512,1024,0,16,0,2,2,32,4,0,128,1024,256,0,8,32,8,0,5,2,1,2,1,2,0,1,1,0,1,0
11836,4,zeros-la-3-5,zeros-la-3,684,11836,4,1516,1024,0,16,0,0,2,32,4,0,128,1024,256,4,8,32,8,2,4,2,2,2,1,2,0,1,1,0,1,0
11836,3,zeros-la-3-5,zeros-la-3,685,11836,3,1518,1024,0,0,2,16,0,2,32,4,128,1024,256,4,8,32,8,2,3,3,2,2,1,2,0,1,1,0,1,0
11844,3,zeros-la-3-5,zeros-la-3,686,11844,3,1520,1024,2,0,2,0,0,2,32,16,128,1024,256,8,8,32,8,2,3,4,0,3,1,2,0,1,1,0,1,0
11848,3,zeros-la-3-5,zeros-la-3,687,11848,3,1522,1024,0,0,2,4,0,2,32,16,128,1024,256,8,8,32,8,2,3,3,1,3,1,2,0,1,1,0,1,0
11848,2,zeros-la-3-5,zeros-la-3,688,11848,2,1524,1024,0,2,2,4,0,2,32,16,128,1024,256,8,8,32,8,2,2,4,1,3,1,2,0,1,1,0,1,0
11852,2,zeros-la-3-5,zeros-la-3,689,11852,2,1526,1024,0,0,4,4,2,2,32,16,128,1024,256,8,8,32,8,2,2,3,2,3,1,2,0,1,1,0,1,0
11864,3,zeros-la-3-5,zeros-la-3,690,11864,3,1528,1024,2,0,0,8,0,4,32,16,128,1024,256,8,8,32,8,2,3,2,1,4,1,2,0,1,1,0,1,0
11864,2,zeros-la-3-5,zeros-la-3,691,11864,2,1530,1024,2,4,32,8,128,1024,256,16,8,32,8,8,0,0,2,2,2,3,1,4,1,2,0,1,1,0,1,0
11884,3,zeros-la-3-5,zeros-la-3,692,11884,3,1532,1024,2,4,32,8,128,1024,256,16,0,8,32,16,0,0,2,4,3,2,2,2,2,2,0,1,1,0,1,0
11916,3,zeros-la-3-5,zeros-la-3,693,11916,3,1536,1024,4,0,32,0,0,4,256,8,2,1024,32,32,128,8,2,4,3,2,3,2,0,3,0,1,1,0,1,0
11916,2,zeros-la-3-5,zeros-la-3,694,11916,2,1538,1024,4,4,32,8,2,1024,256,32,128,8,32,4,2,0,2,0,2,3,3,2,0,3,0,1,1,0,1,0
11928,3,zeros-la-3-5,zeros-la-3,695,11928,3,1542,1024,0,8,32,8,2,1024,256,32,128,8,32,4,0,0,4,4,3,1,3,3,0,3,0,1,1,0,1,0
11936,3,zeros-la-3-5,zeros-la-3,696,11936,3,1544,1024,0,0,32,0,2,8,256,8,2,1024,32,32,128,8,4,8,3,2,1,4,0,3,0,1,1,0,1,0
12000,3,zeros-la-3-5,zeros-la-3,697,12000,3,1546,1024,32,0,0,0,2,8,256,8,2,1024,64,2,128,8,4,8,3,3,1,4,0,1,1,1,1,0,1,0
12004,3,zeros-la-3-5,zeros-la-3,698,12004,3,1548,1024,32,8,256,8,4,1024,64,2,128,8,4,8,2,0,0,0,3,2,2,4,0,1,1,1,1,0,1,0
12004,2,zeros-la-3-5,zeros-la-3,699,12004,2,1550,1024,32,8,256,8,4,1024,64,2,128,8,4,8,2,0,2,0,2,3,2,4,0,1,1,1,1,0,1,0
12008,2,zeros-la-3-5,zeros-la-3,700,12008,2,1552,1024,32,8,256,8,4,1024,64,2,128,8,4,8,0,0,2,4,2,2,3,4,0,1,1,1,1,0,1,0
12008,1,zeros-la-3-5,zeros-la-3,701,12008,1,1554,1024,32,8,256,8,4,1024,64,2,128,8,4,8,0,2,2,4,1,3,3,4,0,1,1,1,1,0,1,0
12012,1,zeros-la-3-5,zeros-la-3,702,12012,1,1556,1024,32,8,256,8,4,1024,64,2,128,8,4,8,2,0,4,4,1,2,4,4,0,1,1,1,1,0,1,0
12020,1,zeros-la-3-5,zeros-la-3,703,12020,1,1558,1024,32,8,256,8,4,1024,64,2,128,8,8,8,2,2,0,4,1,3,2,5,0,1,1,1,1,0,1,0
12040,2,zeros-la-3-5,zeros-la-3,704,12040,2,1560,1024,32,8,256,8,4,1024,64,2,128,16,8,0,4,4,2,0,2,2,3,3,1,1,1,1,1,0,1,0
12040,1,zeros-la-3-5,zeros-la-3,705,12040,1,1562,1024,32,8,256,0,4,1024,64,2,128,16,8,8,4,4,2,2,1,3,3,3,1,1,1,1,1,0,1,0
12068,3,zeros-la-3-5,zeros-la-3,706,12068,3,1564,1024,32,8,256,0,4,1024,64,2,128,16,16,2,8,4,0,0,3,2,2,2,2,1,1,1,1,0,1,0
12100,3,zeros-la-3-5,zeros-la-3,707,12100,3,1566,1024,2,32,8,256,4,1024,64,2,0,128,32,2,0,0,8,4,3,3,2,2,0,2,1,1,1,0,1,0
12104,3,zeros-la-3-5,zeros-la-3,708,12104,3,1568,1024,2,0,8,0,0,32,64,256,2,1024,32,4,4,128,8,4,3,2,3,2,0,2,1,1,1,0,1,0
12116,4,zeros-la-3-5,zeros-la-3,709,12116,4,1570,1024,0,0,8,2,0,32,64,0,4,1024,32,256,4,128,8,8,4,1,2,3,0,2,1,1,1,0,1,0
12132,4,zeros-la-3-5,zeros-la-3,710,12132,4,1572,1024,0,0,8,2,0,0,32,64,4,1024,32,256,2,4,128,16,4,2,2,1,1,2,1,1,1,0,1,0
12196,4,zeros-la-3-5,zeros-la-3,711,12196,4,1574,1024,4,1024,8,2,2,4,64,64,0,0,128,256,2,0,0,16,4,3,2,1,1,0,2,1,1,0,1,0
12200,4,zeros-la-3-5,zeros-la-3,712,12200,4,1576,1024,4,1024,8,2,4,4,64,64,0,0,128,256,0,0,2,16,4,2,3,1,1,0,2,1,1,0,1,0
12336,5,zeros-la-3-5,zeros-la-3,713,12336,5,1578,1024,4,1024,8,2,0,0,8,128,0,0,128,256,2,0,2,16,5,3,1,2,1,0,0,2,1,0,1,0
12352,5,zeros-la-3-5,zeros-la-3,714,12352,5,1580,1024,4,1024,16,2,2,0,128,128,0,0,2,256,0,2,0,16,5,4,1,0,2,0,0,2,1,0,1,0
12608,5,zeros-la-3-5,zeros-la-3,715,12608,5,1582,1024,4,1024,16,2,2,256,0,2,2,256,0,0,2,16,0,0,5,5,1,0,2,0,0,0,2,0,1,0
13128,7,zeros-la-3-5,zeros-la-3,716,13128,7,1584,1024,4,1024,16,4,4,512,0,0,2,16,0,2,0,0,0,0,7,2,3,0,2,0,0,0,0,1,1,0
13136,7,zeros-la-3-5,zeros-la-3,717,13136,7,1586,1024,8,1024,16,4,2,512,0,2,2,16,0,0,0,0,0,0,7,3,1,1,2,0,0,0,0,1,1,0
13140,7,zeros-la-3-5,zeros-la-3,718,13140,7,1588,1024,0,2,0,0,0,1024,0,0,8,512,0,4,4,16,16,2,7,2,2,1,2,0,0,0,0,1,1,0
13172,7,zeros-la-3-5,zeros-la-3,719,13172,7,1590,1024,2,0,0,2,0,0,0,1024,0,8,512,4,0,4,32,2,7,3,2,1,0,1,0,0,0,1,1,0
13176,7,zeros-la-3-5,zeros-la-3,720,13176,7,1592,1024,0,0,2,4,0,0,0,1024,0,8,512,4,0,4,32,2,7,2,3,1,0,1,0,0,0,1,1,0
13176,6,zeros-la-3-5,zeros-la-3,721,13176,6,1594,1024,2,8,2,4,0,4,512,1024,0,0,32,4,0,0,0,2,6,3,3,1,0,1,0,0,0,1,1,0
13176,5,zeros-la-3-5,zeros-la-3,722,13176,5,1598,1024,2,8,2,4,0,4,512,1024,0,0,32,4,4,0,0,2,5,3,4,1,0,1,0,0,0,1,1,0
13176,4,zeros-la-3-5,zeros-la-3,723,13176,4,1600,1024,0,0,0,4,0,2,2,1024,2,8,512,4,4,4,32,2,4,4,4,1,0,1,0,0,0,1,1,0
13188,5,zeros-la-3-5,zeros-la-3,724,13188,5,1602,1024,2,0,0,4,0,0,4,1024,2,8,512,4,0,8,32,2,5,3,3,2,0,1,0,0,0,1,1,0
13208,6,zeros-la-3-5,zeros-la-3,725,13208,6,1604,1024,4,16,4,4,0,0,512,1024,0,2,32,4,0,0,0,2,6,2,4,0,1,1,0,0,0,1,1,0
13216,6,zeros-la-3-5,zeros-la-3,726,13216,6,1606,1024,4,16,8,2,512,1024,0,0,2,32,4,0,2,0,0,0,6,3,2,1,1,1,0,0,0,1,1,0
13220,6,zeros-la-3-5,zeros-la-3,727,13220,6,1608,1024,0,0,0,0,4,16,2,0,512,1024,8,0,4,32,4,2,6,2,3,1,1,1,0,0,0,1,1,0
13220,5,zeros-la-3-5,zeros-la-3,728,13220,5,1610,1024,4,16,2,2,512,1024,8,0,4,32,4,0,2,0,0,0,5,3,3,1,1,1,0,0,0,1,1,0
13224,5,zeros-la-3-5,zeros-la-3,729,13224,5,1612,1024,0,4,16,4,0,512,1024,8,0,4,32,4,2,0,0,2,5,2,4,1,1,1,0,0,0,1,1,0
13228,5,zeros-la-3-5,zeros-la-3,730,13228,5,1614,1024,0,4,16,4,0,512,1024,8,0,4,32,4,0,2,0,4,5,1,5,1,1,1,0,0,0,1,1,0
13236,5,zeros-la-3-5,zeros-la-3,731,13236,5,1616,1024,0,4,2,0,0,512,16,4,0,4,1024,8,0,2,32,8,5,2,3,2,1,1,0,0,0,1,1,0
13252,5,zeros-la-3-5,zeros-la-3,732,13252,5,1618,1024,0,4,2,2,0,512,16,0,0,4,1024,4,0,2,32,16,5,3,3,0,2,1,0,0,0,1,1,0
13256,5,zeros-la-3-5,zeros-la-3,733,13256,5,1620,1024,0,0,4,4,0,0,512,16,2,4,1024,4,0,2,32,16,5,2,4,0,2,1,0,0,0,1,1,0
13264,5,zeros-la-3-5,zeros-la-3,734,13264,5,1622,1024,2,0,0,8,0,0,512,16,2,4,1024,4,0,2,32,16,5,3,2,1,2,1,0,0,0,1,1,0
13268,5,zeros-la-3-5,zeros-la-3,735,13268,5,1624,1024,4,4,512,8,0,2,1024,16,0,0,32,4,2,0,0,16,5,2,3,1,2,1,0,0,0,1,1,0
13268,4,zeros-la-3-5,zeros-la-3,736,13268,4,1626,1024,4,4,512,8,2,2,1024,16,0,2,32,4,0,0,0,16,4,3,3,1,2,1,0,0,0,1,1,0
13272,4,zeros-la-3-5,zeros-la-3,737,13272,4,1628,1024,4,4,512,8,2,4,1024,16,2,0,32,4,0,0,0,16,4,2,4,1,2,1,0,0,0,1,1,0
13284,5,zeros-la-3-5,zeros-la-3,738,13284,5,1630,1024,4,8,512,8,4,0,1024,16,2,0,32,4,0,0,0,16,5,1,3,2,2,1,0,0,0,1,1,0
13292,5,zeros-la-3-5,zeros-la-3,739,13292,5,1632,1024,8,8,512,8,2,0,1024,16,0,0,32,4,0,2,0,16,5,2,1,3,2,1,0,0,0,1,1,0
13308,5,zeros-la-3-5,zeros-la-3,740,13308,5,1634,1024,0,16,512,8,0,2,1024,16,0,0,32,4,0,2,2,16,5,3,1,1,3,1,0,0,0,1,1,0
13312,5,zeros-la-3-5,zeros-la-3,741,13312,5,1636,1024,0,16,512,8,0,2,1024,16,0,2,32,4,0,0,4,16,5,2,2,1,3,1,0,0,0,1,1,0
13316,5,zeros-la-3-5,zeros-la-3,742,13316,5,1638,1024,0,0,512,8,0,0,1024,16,2,16,32,4,0,4,4,16,5,1,3,1,3,1,0,0,0,1,1,0
13324,5,zeros-la-3-5,zeros-la-3,743,13324,5,1640,1024,512,8,0,2,1024,16,0,0,2,16,32,4,8,16,0,0,5,2,1,2,3,1,0,0,0,1,1,0
13356,5,zeros-la-3-5,zeros-la-3,744,13356,5,1642,1024,512,0,0,0,1024,8,2,0,2,16,0,2,8,32,32,4,5,3,1,2,1,2,0,0,0,1,1,0
13420,5,zeros-la-3-5,zeros-la-3,745,13420,5,1644,1024,0,2,0,512,0,1024,8,2,0,2,16,2,0,8,64,4,5,4,1,2,1,0,1,0,0,1,1,0
13424,5,zeros-la-3-5,zeros-la-3,746,13424,5,1646,1024,0,2,0,2,0,1024,8,512,0,2,16,4,0,8,64,4,5,3,2,2,1,0,1,0,0,1,1,0
13428,5,zeros-la-3-5,zeros-la-3,747,13428,5,1650,1024,0,0,0,4,4,1024,8,512,0,2,16,4,0,8,64,4,5,1,4,2,1,0,1,0,0,1,1,0
13428,4,zeros-la-3-5,zeros-la-3,748,13428,4,1652,1024,2,0,0,4,4,1024,8,512,0,2,16,4,0,8,64,4,4,2,4,2,1,0,1,0,0,1,1,0
13436,4,zeros-la-3-5,zeros-la-3,749,13436,4,1654,1024,0,0,0,2,0,1024,8,4,2,2,16,512,4,8,64,8,4,3,2,3,1,0,1,0,0,1,1,0
13440,4,zeros-la-3-5,zeros-la-3,750,13440,4,1656,1024,2,0,0,0,1024,8,4,2,4,16,512,0,4,8,64,8,4,2,3,3,1,0,1,0,0,1,1,0
13448,4,zeros-la-3-5,zeros-la-3,751,13448,4,1658,1024,0,0,2,0,2,8,4,0,1024,16,512,2,8,8,64,8,4,3,1,4,1,0,1,0,0,1,1,0
13464,4,zeros-la-3-5,zeros-la-3,752,13464,4,1660,1024,2,0,0,0,2,8,4,0,1024,16,512,2,16,64,8,2,4,4,1,2,2,0,1,0,0,1,1,0
13472,5,zeros-la-3-5,zeros-la-3,753,13472,5,1662,1024,4,8,4,4,1024,16,512,0,16,64,8,0,0,0,2,0,5,1,3,2,2,0,1,0,0,1,1,0
13480,5,zeros-la-3-5,zeros-la-3,754,13480,5,1664,1024,4,8,8,0,1024,16,512,0,16,64,8,0,2,0,0,2,5,2,1,3,2,0,1,0,0,1,1,0
13500,6,zeros-la-3-5,zeros-la-3,755,13500,6,1666,1024,4,16,2,0,1024,16,512,0,16,64,8,0,4,0,0,0,6,1,2,1,3,0,1,0,0,1,1,0
13532,6,zeros-la-3-5,zeros-la-3,756,13532,6,1668,1024,4,0,0,0,1024,0,2,0,16,32,512,0,4,64,8,2,6,2,2,1,1,1,1,0,0,1,1,0
13532,5,zeros-la-3-5,zeros-la-3,757,13532,5,1670,1024,4,0,0,0,1024,2,0,2,16,32,512,0,4,64,8,2,5,3,2,1,1,1,1,0,0,1,1,0
13536,5,zeros-la-3-5,zeros-la-3,758,13536,5,1672,1024,0,0,0,4,0,2,1024,4,0,16,32,512,4,64,8,2,5,2,3,1,1,1,1,0,0,1,1,0
13544,5,zeros-la-3-5,zeros-la-3,759,13544,5,1674,1024,0,2,0,0,0,2,1024,8,0,16,32,512,4,64,8,2,5,3,1,2,1,1,1,0,0,1,1,0
13548,5,zeros-la-3-5,zeros-la-3,760,13548,5,1676,1024,4,4,1024,8,0,16,32,512,2,64,8,2,0,0,0,0,5,2,2,2,1,1,1,0,0,1,1,0
13556,5,zeros-la-3-5,zeros-la-3,761,13556,5,1678,1024,2,8,1024,8,0,16,32,512,2,64,8,2,0,0,0,0,5,3,0,3,1,1,1,0,0,1,1,0
13560,5,zeros-la-3-5,zeros-la-3,762,13560,5,1680,1024,4,8,1024,8,0,16,32,512,0,64,8,2,2,0,0,0,5,2,1,3,1,1,1,0,0,1,1,0
13560,4,zeros-la-3-5,zeros-la-3,763,13560,4,1682,1024,4,8,1024,8,16,32,512,0,64,8,2,2,2,0,0,0,4,3,1,3,1,1,1,0,0,1,1,0
13564,4,zeros-la-3-5,zeros-la-3,764,13564,4,1684,1024,4,8,1024,8,16,32,512,0,64,8,4,0,2,0,0,2,4,2,2,3,1,1,1,0,0,1,1,0
13568,4,zeros-la-3-5,zeros-la-3,765,13568,4,1688,1024,4,8,1024,8,0,16,32,512,4,64,8,4,0,0,0,4,4,0,4,3,1,1,1,0,0,1,1,0
13584,5,zeros-la-3-5,zeros-la-3,766,13584,5,1690,1024,8,8,1024,8,0,16,32,512,0,64,8,8,0,0,0,2,5,1,0,5,1,1,1,0,0,1,1,0
13616,6,zeros-la-3-5,zeros-la-3,767,13616,6,1694,1024,16,1024,8,4,16,32,512,0,64,16,0,0,2,0,0,0,6,1,1,1,3,1,1,0,0,1,1,0
13616,5,zeros-la-3-5,zeros-la-3,768,13616,5,1696,1024,16,1024,8,4,16,32,512,0,64,16,0,0,2,0,0,2,5,2,1,1,3,1,1,0,0,1,1,0
13648,5,zeros-la-3-5,zeros-la-3,769,13648,5,1700,1024,32,1024,8,4,64,32,512,2,2,16,0,0,0,0,4,0,5,2,2,1,1,2,1,0,0,1,1,0
13648,4,zeros-la-3-5,zeros-la-3,770,13648,4,1702,1024,32,1024,8,4,64,32,512,2,2,16,4,0,0,0,2,0,4,3,2,1,1,2,1,0,0,1,1,0
13648,3,zeros-la-3-5,zeros-la-3,771,13648,3,1704,1024,0,0,8,2,32,1024,512,0,64,32,4,4,2,16,2,2,3,4,2,1,1,2,1,0,0,1,1,0
13660,4,zeros-la-3-5,zeros-la-3,772,13660,4,1706,1024,8,2,0,0,32,1024,512,0,64,32,8,0,2,16,4,2,4,3,1,2,1,2,1,0,0,1,1,0
13660,3,zeros-la-3-5,zeros-la-3,773,13660,3,1708,1024,8,2,0,2,32,1024,512,0,64,32,8,0,2,16,4,2,3,4,1,2,1,2,1,0,0,1,1,0
13664,3,zeros-la-3-5,zeros-la-3,774,13664,3,1710,1024,8,2,0,2,32,1024,512,0,64,32,8,0,2,16,4,4,3,3,2,2,1,2,1,0,0,1,1,0
13676,4,zeros-la-3-5,zeros-la-3,775,13676,4,1712,1024,0,2,8,4,0,32,1024,512,0,64,32,8,0,2,16,8,4,2,1,3,1,2,1,0,0,1,1,0
13692,4,zeros-la-3-5,zeros-la-3,776,13692,4,1714,1024,2,2,8,0,0,32,1024,4,0,64,32,512,0,2,16,16,4,3,1,1,2,2,1,0,0,1,1,0
13728,5,zeros-la-3-5,zeros-la-3,777,13728,5,1716,1024,4,8,0,0,32,1024,4,0,64,32,512,0,2,32,2,0,5,2,2,1,0,3,1,0,0,1,1,0
13792,5,zeros-la-3-5,zeros-la-3,778,13792,5,1718,1024,4,8,4,0,32,1024,512,0,64,64,2,0,2,0,2,0,5,3,2,1,0,1,2,0,0,1,1,0
13796,5,zeros-la-3-5,zeros-la-3,779,13796,5,1720,1024,4,8,4,0,32,1024,512,0,64,64,4,0,2,2,0,0,5,2,3,1,0,1,2,0,0,1,1,0
13928,6,zeros-la-3-5,zeros-la-3,780,13928,6,1722,1024,0,4,8,4,2,32,1024,512,0,0,128,4,0,0,0,4,6,1,4,1,0,1,0,1,0,1,1,0
13936,6,zeros-la-3-5,zeros-la-3,781,13936,6,1724,1024,0,0,0,0,2,0,8,4,0,4,1024,512,2,32,128,8,6,2,2,2,0,1,0,1,0,1,1,0
13940,6,zeros-la-3-5,zeros-la-3,782,13940,6,1726,1024,4,4,8,4,2,32,1024,512,0,0,128,8,0,0,0,0,6,1,3,2,0,1,0,1,0,1,1,0
13948,6,zeros-la-3-5,zeros-la-3,783,13948,6,1728,1024,0,8,8,4,2,32,1024,512,0,0,128,8,0,0,0,2,6,2,1,3,0,1,0,1,0,1,1,0
13964,6,zeros-la-3-5,zeros-la-3,784,13964,6,1730,1024,0,0,16,4,2,32,1024,512,0,0,128,8,0,2,0,2,6,3,1,1,1,1,0,1,0,1,1,0
13968,6,zeros-la-3-5,zeros-la-3,785,13968,6,1732,1024,16,4,0,0,2,32,1024,512,128,8,0,0,4,0,2,0,6,2,2,1,1,1,0,1,0,1,1,0
13968,5,zeros-la-3-5,zeros-la-3,786,13968,5,1734,1024,16,4,0,0,2,32,1024,512,128,8,2,0,4,2,0,0,5,3,2,1,1,1,0,1,0,1,1,0
13968,4,zeros-la-3-5,zeros-la-3,787,13968,4,1736,1024,16,4,1024,512,2,32,2,0,128,8,0,2,4,2,0,0,4,4,2,1,1,1,0,1,0,1,1,0
13968,3,zeros-la-3-5,zeros-la-3,788,13968,3,1738,1024,16,4,1024,512,2,32,2,2,128,8,2,0,4,2,0,0,3,5,2,1,1,1,0,1,0,1,1,0
13972,3,zeros-la-3-5,zeros-la-3,789,13972,3,1740,1024,16,4,1024,512,2,2,32,4,0,128,8,2,0,0,4,2,3,4,3,1,1,1,0,1,0,1,1,0
13976,3,zeros-la-3-5,zeros-la-3,790,13976,3,1742,1024,16,4,1024,512,0,4,32,4,0,128,8,2,2,0,4,2,3,3,4,1,1,1,0,1,0,1,1,0
13988,4,zeros-la-3-5,zeros-la-3,791,13988,4,1744,1024,2,0,1024,0,0,0,32,512,16,8,8,4,2,128,4,4,4,2,3,2,1,1,0,1,0,1,1,0
14012,5,zeros-la-3-5,zeros-la-3,792,14012,5,1746,1024,0,0,2,1024,0,2,32,512,0,16,16,4,0,2,128,8,5,3,1,1,2,1,0,1,0,1,1,0
14044,5,zeros-la-3-5,zeros-la-3,793,14044,5,1748,1024,0,2,2,1024,0,2,32,512,0,0,32,4,0,2,128,8,5,4,1,1,0,2,0,1,0,1,1,0
14112,6,zeros-la-3-5,zeros-la-3,794,14112,6,1750,1024,0,0,2,1024,0,0,2,512,0,2,64,4,0,4,128,8,6,3,2,1,0,0,1,1,0,1,1,0
14116,6,zeros-la-3-5,zeros-la-3,795,14116,6,1752,1024,0,2,4,1024,2,4,64,512,0,0,128,4,0,0,0,8,6,2,3,1,0,0,1,1,0,1,1,0
14116,5,zeros-la-3-5,zeros-la-3,796,14116,5,1754,1024,2,2,4,1024,0,4,64,512,0,0,128,4,0,0,2,8,5,3,3,1,0,0,1,1,0,1,1,0
14120,5,zeros-la-3-5,zeros-la-3,797,14120,5,1756,1024,0,4,4,1024,0,4,64,512,0,0,128,4,2,0,2,8,5,2,4,1,0,0,1,1,0,1,1,0
14132,6,zeros-la-3-5,zeros-la-3,798,14132,6,1758,1024,8,1024,0,0,4,64,512,2,128,4,0,0,4,8,0,0,6,1,3,2,0,0,1,1,0,1,1,0
14132,5,zeros-la-3-5,zeros-la-3,799,14132,5,1760,1024,8,1024,0,0,4,64,2,0,128,4,0,0,4,8,512,2,5,2,3,2,0,0,1,1,0,1,1,0
14132,4,zeros-la-3-5,zeros-la-3,800,14132,4,1762,1024,8,1024,2,2,4,64,512,0,128,4,0,0,4,8,2,0,4,3,3,2,0,0,1,1,0,1,1,0
14136,4,zeros-la-3-5,zeros-la-3,801,14136,4,1764,1024,0,8,1024,4,0,4,64,512,0,0,128,4,2,4,8,2,4,2,4,2,0,0,1,1,0,1,1,0
14144,4,zeros-la-3-5,zeros-la-3,802,14144,4,1766,1024,2,8,1024,4,0,8,64,512,0,2,128,4,0,0,8,2,4,3,2,3,0,0,1,1,0,1,1,0
14160,4,zeros-la-3-5,zeros-la-3,803,14160,4,1768,1024,2,16,1024,4,0,2,64,512,0,0,128,4,0,2,8,2,4,4,2,1,1,0,1,1,0,1,1,0
14164,4,zeros-la-3-5,zeros-la-3,804,14164,4,1770,1024,2,0,1024,4,0,0,64,512,0,16,128,4,2,4,8,2,4,3,3,1,1,0,1,1,0,1,1,0
14168,4,zeros-la-3-5,zeros-la-3,805,14168,4,1772,1024,0,0,1024,4,0,0,64,512,2,16,128,4,4,4,8,2,4,2,4,1,1,0,1,1,0,1,1,0
14176,4,zeros-la-3-5,zeros-la-3,806,14176,4,1774,1024,0,0,1024,4,0,2,64,512,2,16,128,4,0,8,8,2,4,3,2,2,1,0,1,1,0,1,1,0
14192,4,zeros-la-3-5,zeros-la-3,807,14192,4,1776,1024,1024,4,0,0,2,64,512,0,2,16,128,4,16,2,0,2,4,4,2,0,2,0,1,1,0,1,1,0
14196,4,zeros-la-3-5,zeros-la-3,808,14196,4,1778,1024,1024,4,0,0,2,64,512,2,2,16,128,4,16,4,0,0,4,3,3,0,2,0,1,1,0,1,1,0
14200,4,zeros-la-3-5,zeros-la-3,809,14200,4,1780,1024,1024,4,512,2,4,64,128,4,16,16,0,0,2,4,0,0,4,2,4,0,2,0,1,1,0,1,1,0
14232,4,zeros-la-3-5,zeros-la-3,810,14232,4,1782,1024,1024,4,512,2,4,64,128,4,32,0,2,0,2,4,0,0,4,3,4,0,0,1,1,1,0,1,1,0
14232,3,zeros-la-3-5,zeros-la-3,811,14232,3,1784,1024,1024,4,512,2,4,64,128,4,32,4,2,0,2,0,0,2,3,4,4,0,0,1,1,1,0,1,1,0
14232,2,zeros-la-3-5,zeros-la-3,812,14232,2,1786,1024,1024,2,0,0,4,4,512,2,32,64,128,4,2,4,2,2,2,5,4,0,0,1,1,1,0,1,1,0
14244,3,zeros-la-3-5,zeros-la-3,813,14244,3,1788,1024,1024,2,2,0,8,512,2,0,32,64,128,4,2,4,4,0,3,4,3,1,0,1,1,1,0,1,1,0
14256,4,zeros-la-3-5,zeros-la-3,814,14256,4,1790,1024,1024,4,2,0,8,512,2,0,32,64,128,4,2,8,0,0,4,3,2,2,0,1,1,1,0,1,1,0
14260,4,zeros-la-3-5,zeros-la-3,815,14260,4,1792,1024,1024,4,4,4,8,512,128,2,32,64,0,0,2,8,0,0,4,2,3,2,0,1,1,1,0,1,1,0
14268,4,zeros-la-3-5,zeros-la-3,816,14268,4,1794,1024,1024,8,4,0,8,512,128,2,32,64,0,0,2,8,2,0,4,3,1,3,0,1,1,1,0,1,1,0
14268,3,zeros-la-3-5,zeros-la-3,817,14268,3,1796,1024,1024,8,4,2,8,512,128,0,32,64,2,0,2,8,0,2,3,4,1,3,0,1,1,1,0,1,1,0
14272,3,zeros-la-3-5,zeros-la-3,818,14272,3,1798,1024,1024,8,4,4,8,512,128,0,32,64,2,0,2,8,0,2,3,3,2,3,0,1,1,1,0,1,1,0
14280,3,zeros-la-3-5,zeros-la-3,819,14280,3,1800,1024,2,1024,8,8,0,8,512,128,0,32,64,2,0,2,8,2,3,4,0,4,0,1,1,1,0,1,1,0
14284,3,zeros-la-3-5,zeros-la-3,820,14284,3,1802,1024,0,1024,8,0,2,8,512,8,0,32,64,128,2,2,8,4,3,3,1,4,0,1,1,1,0,1,1,0
14288,3,zeros-la-3-5,zeros-la-3,821,14288,3,1804,1024,0,0,1024,8,2,8,512,8,2,32,64,128,0,4,8,4,3,2,2,4,0,1,1,1,0,1,1,0
14308,4,zeros-la-3-5,zeros-la-3,822,14308,4,1806,1024,0,0,1024,0,0,8,512,16,2,32,64,128,4,4,8,4,4,1,3,2,1,1,1,1,0,1,1,0
14316,4,zeros-la-3-5,zeros-la-3,823,14316,4,1808,1024,0,2,0,1024,0,8,512,16,2,32,64,128,0,8,8,4,4,2,1,3,1,1,1,1,0,1,1,0
14316,3,zeros-la-3-5,zeros-la-3,824,14316,3,1810,1024,2,2,0,1024,0,8,512,16,0,32,64,128,2,8,8,4,3,3,1,3,1,1,1,1,0,1,1,0
14336,4,zeros-la-3-5,zeros-la-3,825,14336,4,1812,1024,2,0,4,1024,0,8,512,16,0,32,64,128,0,2,16,4,4,2,2,1,2,1,1,1,0,1,1,0
14336,3,zeros-la-3-5,zeros-la-3,826,14336,3,1814,1024,2,8,4,1024,0,32,512,16,0,2,64,128,2,0,16,4,3,3,2,1,2,1,1,1,0,1,1,0
14340,3,zeros-la-3-5,zeros-la-3,827,14340,3,1816,1024,4,8,4,1024,0,32,512,16,0,2,64,128,2,0,16,4,3,2,3,1,2,1,1,1,0,1,1,0
14340,2,zeros-la-3-5,zeros-la-3,828,14340,2,1818,1024,0,0,4,1024,2,8,512,16,4,32,64,128,2,2,16,4,2,3,3,1,2,1,1,1,0,1,1,0
14344,2,zeros-la-3-5,zeros-la-3,829,14344,2,1820,1024,2,0,4,1024,2,8,512,16,4,32,64,128,0,4,16,4,2,2,4,1,2,1,1,1,0,1,1,0
14348,2,zeros-la-3-5,zeros-la-3,830,14348,2,1822,1024,2,0,4,1024,0,8,512,16,4,32,64,128,4,4,16,4,2,1,5,1,2,1,1,1,0,1,1,0
14356,2,zeros-la-3-5,zeros-la-3,831,14356,2,1824,1024,2,8,4,1024,8,32,512,16,0,4,64,128,2,0,16,4,2,2,3,2,2,1,1,1,0,1,1,0
14356,1,zeros-la-3-5,zeros-la-3,832,14356,1,1826,1024,2,8,4,1024,8,32,512,16,0,4,64,128,2,2,16,4,1,3,3,2,2,1,1,1,0,1,1,0
14360,1,zeros-la-3-5,zeros-la-3,833,14360,1,1828,1024,2,8,4,1024,8,32,512,16,4,64,128,0,4,16,4,2,1,2,4,2,2,1,1,1,0,1,1,0
14360,0,zeros-la-3-5,zeros-la-3,834,14360,0,1830,1024,2,8,4,1024,8,32,512,16,4,64,128,2,4,16,4,2,0,3,4,2,2,1,1,1,0,1,1,0
14372,1,zeros-la-3-5,zeros-la-3,835,14372,1,1832,1024,2,8,4,0,2,32,512,1024,8,64,128,16,8,16,4,4,1,2,3,3,2,1,1,1,0,1,1,0
14392,2,zeros-la-3-5,zeros-la-3,836,14392,2,1834,1024,0,8,4,2,0,32,512,1024,4,64,128,16,16,16,4,4,2,1,4,1,3,1,1,1,0,1,1,0
14432,3,zeros-la-3-5,zeros-la-3,837,14432,3,1836,1024,0,8,4,2,2,32,512,1024,4,64,128,16,0,0,32,8,3,2,2,2,1,2,1,1,0,1,1,0
14432,2,zeros-la-3-5,zeros-la-3,838,14432,2,1838,1024,0,2,4,2,0,8,512,1024,2,32,128,16,4,64,32,8,2,3,2,2,1,2,1,1,0,1,1,0
14432,1,zeros-la-3-5,zeros-la-3,839,14432,1,1840,1024,2,2,4,2,4,8,512,1024,2,32,128,16,0,64,32,8,1,4,2,2,1,2,1,1,0,1,1,0
14436,1,zeros-la-3-5,zeros-la-3,840,14436,1,1842,1024,4,4,2,0,4,8,512,1024,2,32,128,16,64,32,8,2,1,3,3,2,1,2,1,1,0,1,1,0
14508,2,zeros-la-3-5,zeros-la-3,841,14508,2,1844,1024,8,4,2,1024,2,8,512,16,64,64,128,2,2,0,8,0,2,4,1,3,1,0,2,1,0,1,1,0
14636,2,zeros-la-3-5,zeros-la-3,842,14636,2,1846,1024,8,4,2,1024,2,8,512,16,0,128,128,2,0,2,2,8,2,5,1,3,1,0,0,2,0,1,1,0
14896,3,zeros-la-3-5,zeros-la-3,843,14896,3,1848,1024,8,4,2,1024,2,8,512,16,0,2,256,2,0,0,4,8,3,4,2,3,1,0,0,0,1,1,1,0
14896,2,zeros-la-3-5,zeros-la-3,844,14896,2,1850,1024,0,0,2,1024,2,4,512,16,8,8,256,2,2,2,4,8,2,5,2,3,1,0,0,0,1,1,1,0
14916,3,zeros-la-3-5,zeros-la-3,845,14916,3,1852,1024,2,1024,2,0,2,4,512,16,16,256,2,0,4,4,8,0,3,4,3,1,2,0,0,0,1,1,1,0
14920,3,zeros-la-3-5,zeros-la-3,846,14920,3,1854,1024,0,1024,2,2,4,4,512,0,16,256,2,0,4,4,8,16,3,3,4,1,2,0,0,0,1,1,1,0
14940,5,zeros-la-3-5,zeros-la-3,847,14940,5,1856,1024,1024,4,0,2,8,512,0,0,16,256,2,0,8,8,16,0,5,2,1,3,2,0,0,0,1,1,1,0
14956,5,zeros-la-3-5,zeros-la-3,848,14956,5,1858,1024,1024,4,2,0,8,512,0,0,16,256,2,0,16,16,2,0,5,3,1,1,3,0,0,0,1,1,1,0
14992,6,zeros-la-3-5,zeros-la-3,849,14992,6,1860,1024,1024,4,4,2,8,512,2,0,32,256,0,0,0,16,0,0,6,2,2,1,1,1,0,0,1,1,1,0
15000,6,zeros-la-3-5,zeros-la-3,850,15000,6,1862,1024,1024,8,2,0,8,512,2,0,32,256,0,0,16,2,0,0,6,3,0,2,1,1,0,0,1,1,1,0
15004,6,zeros-la-3-5,zeros-la-3,851,15004,6,1864,1024,1024,8,4,2,8,512,0,0,32,256,0,0,16,2,0,0,6,2,1,2,1,1,0,0,1,1,1,0
15004,5,zeros-la-3-5,zeros-la-3,852,15004,5,1866,1024,1024,8,4,2,8,512,0,0,32,256,2,0,16,2,0,0,5,3,1,2,1,1,0,0,1,1,1,0
15004,4,zeros-la-3-5,zeros-la-3,853,15004,4,1868,1024,1024,8,0,0,8,512,2,0,32,256,4,0,16,2,2,2,4,4,1,2,1,1,0,0,1,1,1,0
15008,4,zeros-la-3-5,zeros-la-3,854,15008,4,1870,1024,1024,8,0,0,8,512,2,0,32,256,4,0,16,4,2,2,4,3,2,2,1,1,0,0,1,1,1,0
15012,4,zeros-la-3-5,zeros-la-3,855,15012,4,1872,1024,1024,8,0,0,8,512,2,2,32,256,4,0,16,4,4,0,4,2,3,2,1,1,0,0,1,1,1,0
15024,5,zeros-la-3-5,zeros-la-3,856,15024,5,1874,1024,1024,8,0,0,8,512,4,0,32,256,4,0,16,8,0,2,5,1,2,3,1,1,0,0,1,1,1,0
15032,5,zeros-la-3-5,zeros-la-3,857,15032,5,1876,1024,1024,8,0,0,8,512,2,0,32,256,0,0,16,8,8,2,5,2,0,4,1,1,0,0,1,1,1,0
15048,5,zeros-la-3-5,zeros-la-3,858,15048,5,1880,1024,1024,8,0,0,8,512,2,0,32,256,0,0,16,16,2,4,5,2,1,2,2,1,0,0,1,1,1,0
15052,5,zeros-la-3-5,zeros-la-3,859,15052,5,1882,1024,1024,8,4,4,8,512,0,0,32,256,2,0,16,16,0,0,5,1,2,2,2,1,0,0,1,1,1,0
15092,6,zeros-la-3-5,zeros-la-3,860,15092,6,1886,1024,1024,8,8,0,8,512,0,0,32,256,2,0,32,0,0,4,6,1,1,3,0,2,0,0,1,1,1,0
15108,6,zeros-la-3-5,zeros-la-3,861,15108,6,1888,1024,1024,16,0,0,8,512,0,0,32,256,2,2,32,4,0,0,6,2,1,1,1,2,0,0,1,1,1,0
15172,6,zeros-la-3-5,zeros-la-3,862,15172,6,1892,1024,0,16,0,0,1024,512,0,4,8,256,0,0,64,4,2,2,6,2,2,1,1,0,1,0,1,1,1,0
15176,6,zeros-la-3-5,zeros-la-3,863,15176,6,1894,1024,16,2,0,0,1024,512,4,0,8,256,0,0,64,4,4,0,6,1,3,1,1,0,1,0,1,1,1,0
15184,6,zeros-la-3-5,zeros-la-3,864,15184,6,1896,1024,16,2,2,0,1024,512,4,0,8,256,0,0,64,8,0,0,6,2,1,2,1,0,1,0,1,1,1,0
15188,6,zeros-la-3-5,zeros-la-3,865,15188,6,1898,1024,0,0,16,4,2,1024,512,4,0,0,8,256,0,0,64,8,6,1,2,2,1,0,1,0,1,1,1,0
15196,6,zeros-la-3-5,zeros-la-3,866,15196,6,1902,1024,2,1024,16,8,4,0,512,256,0,0,8,8,0,0,64,0,6,1,1,3,1,0,1,0,1,1,1,0
15212,6,zeros-la-3-5,zeros-la-3,867,15212,6,1904,1024,2,1024,16,8,0,4,512,256,0,0,2,16,0,0,0,64,6,2,1,1,2,0,1,0,1,1,1,0
15212,5,zeros-la-3-5,zeros-la-3,868,15212,5,1906,1024,2,1024,16,8,2,4,512,256,0,0,2,16,0,0,0,64,5,3,1,1,2,0,1,0,1,1,1,0
15216,5,zeros-la-3-5,zeros-la-3,869,15216,5,1908,1024,0,0,0,8,2,0,16,256,0,1024,512,16,4,4,2,64,5,2,2,1,2,0,1,0,1,1,1,0
15216,4,zeros-la-3-5,zeros-la-3,870,15216,4,1910,1024,2,1024,16,8,4,4,512,256,0,0,2,16,2,0,0,64,4,3,2,1,2,0,1,0,1,1,1,0
15224,4,zeros-la-3-5,zeros-la-3,871,15224,4,1912,1024,2,1024,16,8,2,8,512,256,0,0,2,16,0,0,2,64,4,4,0,2,2,0,1,0,1,1,1,0
15232,5,zeros-la-3-5,zeros-la-3,872,15232,5,1916,1024,4,1024,16,8,0,8,512,256,0,0,4,16,0,4,0,64,5,0,3,2,2,0,1,0,1,1,1,0
15232,4,zeros-la-3-5,zeros-la-3,873,15232,4,1920,1024,4,1024,16,8,8,512,256,4,4,16,0,0,4,64,0,0,4,0,4,2,2,0,1,0,1,1,1,0
15240,4,zeros-la-3-5,zeros-la-3,874,15240,4,1922,1024,0,1024,0,0,4,512,0,2,8,16,16,8,8,64,256,4,4,1,2,3,2,0,1,0,1,1,1,0
15272,4,zeros-la-3-5,zeros-la-3,875,15272,4,1924,1024,1024,0,0,0,4,512,2,0,8,32,8,2,8,64,256,4,4,2,2,3,0,1,1,0,1,1,1,0
15288,4,zeros-la-3-5,zeros-la-3,876,15288,4,1926,1024,1024,512,2,2,4,32,8,4,16,64,256,2,0,0,0,0,4,3,2,1,1,1,1,0,1,1,1,0
15292,4,zeros-la-3-5,zeros-la-3,877,15292,4,1928,1024,0,1024,512,4,4,32,8,4,16,64,256,2,0,2,0,0,4,2,3,1,1,1,1,0,1,1,1,0
15300,4,zeros-la-3-5,zeros-la-3,878,15300,4,1930,1024,0,1024,0,0,0,32,512,2,4,64,8,8,16,2,256,2,4,3,1,2,1,1,1,0,1,1,1,0
15316,4,zeros-la-3-5,zeros-la-3,879,15316,4,1932,1024,1024,2,0,0,32,512,2,0,4,64,16,0,16,2,256,2,4,4,1,0,2,1,1,0,1,1,1,0
15316,3,zeros-la-3-5,zeros-la-3,880,15316,3,1934,1024,1024,2,2,2,32,512,16,0,4,64,256,0,16,2,2,0,3,5,1,0,2,1,1,0,1,1,1,0
15324,4,zeros-la-3-5,zeros-la-3,881,15324,4,1936,1024,1024,4,2,0,32,512,16,0,4,64,256,0,16,4,2,0,4,2,3,0,2,1,1,0,1,1,1,0
15324,3,zeros-la-3-5,zeros-la-3,882,15324,3,1938,1024,1024,4,2,0,32,512,16,2,4,64,256,0,16,4,2,0,3,3,3,0,2,1,1,0,1,1,1,0
15324,2,zeros-la-3-5,zeros-la-3,883,15324,2,1940,1024,1024,4,2,2,32,512,16,0,4,64,256,2,16,4,2,0,2,4,3,0,2,1,1,0,1,1,1,0
15328,2,zeros-la-3-5,zeros-la-3,884,15328,2,1942,1024,2,1024,4,4,0,32,512,16,4,64,256,2,0,16,4,2,2,3,4,0,2,1,1,0,1,1,1,0
15332,2,zeros-la-3-5,zeros-la-3,885,15332,2,1944,1024,2,1024,4,0,0,32,512,4,2,64,256,16,4,16,4,4,2,2,5,0,2,1,1,0,1,1,1,0
15340,2,zeros-la-3-5,zeros-la-3,886,15340,2,1946,1024,2,2,1024,4,0,32,512,4,2,64,256,16,0,4,16,8,2,3,3,1,2,1,1,0,1,1,1,0
15352,3,zeros-la-3-5,zeros-la-3,887,15352,3,1948,1024,2,2,1024,0,0,32,512,8,0,64,256,16,4,4,16,8,3,2,2,2,2,1,1,0,1,1,1,0
15364,4,zeros-la-3-5,zeros-la-3,888,15364,4,1950,1024,4,1024,0,0,32,512,8,2,64,256,16,0,8,16,8,0,4,1,1,3,2,1,1,0,1,1,1,0
15364,3,zeros-la-3-5,zeros-la-3,889,15364,3,1952,1024,4,1024,8,2,32,512,16,0,64,256,8,0,8,16,0,2,3,2,1,3,2,1,1,0,1,1,1,0
15364,2,zeros-la-3-5,zeros-la-3,890,15364,2,1954,1024,4,1024,8,2,32,512,16,2,64,256,8,0,8,16,2,0,2,3,1,3,2,1,1,0,1,1,1,0
15368,2,zeros-la-3-5,zeros-la-3,891,15368,2,1956,1024,4,1024,8,4,32,512,16,0,64,256,8,0,8,16,2,2,2,2,2,3,2,1,1,0,1,1,1,0
15372,2,zeros-la-3-5,zeros-la-3,892,15372,2,1960,1024,4,1024,8,4,32,512,16,4,64,256,8,0,8,16,4,0,2,0,4,3,2,1,1,0,1,1,1,0
15380,2,zeros-la-3-5,zeros-la-3,893,15380,2,1962,1024,4,1024,8,8,32,512,16,0,64,256,8,0,8,16,4,2,2,1,2,4,2,1,1,0,1,1,1,0
15396,2,zeros-la-3-5,zeros-la-3,894,15396,2,1964,1024,4,1024,16,0,32,512,16,0,64,256,8,2,8,16,4,2,2,2,2,2,3,1,1,0,1,1,1,0
15432,3,zeros-la-3-5,zeros-la-3,895,15432,3,1966,1024,4,1024,0,2,32,512,32,0,64,256,8,0,8,16,4,4,3,1,3,2,1,2,1,0,1,1,1,0
15440,3,zeros-la-3-5,zeros-la-3,896,15440,3,1968,1024,0,4,1024,2,2,32,512,32,0,64,256,8,0,8,16,8,3,2,1,3,1,2,1,0,1,1,1,0
15456,3,zeros-la-3-5,zeros-la-3,897,15456,3,1970,1024,0,4,1024,0,2,32,512,2,0,64,256,32,2,8,16,16,3,3,1,1,2,2,1,0,1,1,1,0
15488,3,zeros-la-3-5,zeros-la-3,898,15488,3,1972,1024,4,1024,0,0,2,32,512,2,64,256,32,0,2,8,32,2,3,4,1,1,0,3,1,0,1,1,1,0
15556,4,zeros-la-3-5,zeros-la-3,899,15556,4,1974,1024,4,1024,0,2,2,32,0,0,64,256,512,0,2,8,64,4,4,3,2,1,0,1,2,0,1,1,1,0
15556,3,zeros-la-3-5,zeros-la-3,900,15556,3,1976,1024,2,4,1024,2,0,0,2,32,0,64,256,512,2,8,64,4,3,4,2,1,0,1,2,0,1,1,1,0
15556,2,zeros-la-3-5,zeros-la-3,901,15556,2,1978,1024,2,4,1024,2,2,32,0,0,64,256,512,2,2,8,64,4,2,5,2,1,0,1,2,0,1,1,1,0
15564,3,zeros-la-3-5,zeros-la-3,902,15564,3,1980,1024,4,4,1024,4,64,32,512,4,2,256,64,0,0,8,0,2,3,2,4,1,0,1,2,0,1,1,1,0
15572,3,zeros-la-3-5,zeros-la-3,903,15572,3,1982,1024,4,4,1024,8,64,32,512,2,2,256,64,0,0,8,0,2,3,3,2,2,0,1,2,0,1,1,1,0
15580,3,zeros-la-3-5,zeros-la-3,904,15580,3,1984,1024,8,1024,8,0,64,32,512,2,2,256,64,0,8,2,2,0,3,4,0,3,0,1,2,0,1,1,1,0
15584,3,zeros-la-3-5,zeros-la-3,905,15584,3,1988,1024,0,8,1024,8,64,32,512,2,0,2,256,64,4,0,8,4,3,2,2,3,0,1,2,0,1,1,1,0
15584,2,zeros-la-3-5,zeros-la-3,906,15584,2,1990,1024,64,8,1024,8,4,32,512,2,0,2,256,64,2,0,8,4,2,3,2,3,0,1,2,0,1,1,1,0
15584,1,zeros-la-3-5,zeros-la-3,907,15584,1,1992,1024,64,8,1024,8,4,32,512,2,2,256,64,2,2,8,4,0,1,4,2,3,0,1,2,0,1,1,1,0
15592,2,zeros-la-3-5,zeros-la-3,908,15592,2,1994,1024,0,8,1024,0,64,32,512,2,4,256,64,8,4,8,4,4,2,1,4,3,0,1,2,0,1,1,1,0
15600,2,zeros-la-3-5,zeros-la-3,909,15600,2,1996,1024,0,8,1024,0,2,32,512,2,64,256,64,8,8,8,4,4,2,2,2,4,0,1,2,0,1,1,1,0
15624,3,zeros-la-3-5,zeros-la-3,910,15624,3,1998,1024,0,2,8,1024,2,32,512,2,64,256,64,8,0,0,16,8,3,3,0,3,1,1,2,0,1,1,1,0
15640,3,zeros-la-3-5,zeros-la-3,911,15640,3,2000,1024,2,0,8,0,0,2,512,1024,2,32,64,2,64,256,16,16,3,4,0,1,2,1,2,0,1,1,1,0
15672,3,zeros-la-3-5,zeros-la-3,912,15672,3,2002,1024,0,0,2,8,2,2,512,1024,2,32,64,2,0,64,256,32,3,5,0,1,0,2,2,0,1,1,1,0
15676,3,zeros-la-3-5,zeros-la-3,913,15676,3,2004,1024,4,2,2,8,2,32,512,1024,0,64,64,2,0,0,256,32,3,4,1,1,0,2,2,0,1,1,1,0
15808,4,zeros-la-3-5,zeros-la-3,914,15808,4,2006,1024,2,4,4,8,2,32,512,1024,0,0,128,2,0,0,256,32,4,3,2,1,0,2,0,1,1,1,1,0
15816,4,zeros-la-3-5,zeros-la-3,915,15816,4,2008,1024,0,2,8,8,2,32,512,1024,2,0,128,2,0,0,256,32,4,4,0,2,0,2,0,1,1,1,1,0
15820,4,zeros-la-3-5,zeros-la-3,916,15820,4,2010,1024,0,0,8,8,2,0,512,1024,0,2,128,2,4,32,256,32,4,3,1,2,0,2,0,1,1,1,1,0
15820,3,zeros-la-3-5,zeros-la-3,917,15820,3,2012,1024,0,0,8,8,0,2,512,1024,2,2,128,2,4,32,256,32,3,4,1,2,0,2,0,1,1,1,1,0
15840,4,zeros-la-3-5,zeros-la-3,918,15840,4,2014,1024,16,0,0,0,2,512,1024,2,4,128,2,0,4,32,256,32,4,3,2,0,1,2,0,1,1,1,1,0
15848,4,zeros-la-3-5,zeros-la-3,919,15848,4,2016,1024,2,0,0,0,16,512,1024,0,2,128,2,2,8,32,256,32,4,4,0,1,1,2,0,1,1,1,1,0
15852,4,zeros-la-3-5,zeros-la-3,920,15852,4,2018,1024,0,2,0,2,0,16,512,1024,0,2,128,4,8,32,256,32,4,3,1,1,1,2,0,1,1,1,1,0
15856,4,zeros-la-3-5,zeros-la-3,921,15856,4,2020,1024,4,0,0,0,16,512,1024,2,2,128,4,0,8,32,256,32,4,2,2,1,1,2,0,1,1,1,1,0
15856,3,zeros-la-3-5,zeros-la-3,922,15856,3,2022,1024,4,0,2,0,16,512,1024,2,2,128,4,0,8,32,256,32,3,3,2,1,1,2,0,1,1,1,1,0
15856,2,zeros-la-3-5,zeros-la-3,923,15856,2,2024,1024,4,2,0,2,16,512,1024,2,2,128,4,0,8,32,256,32,2,4,2,1,1,2,0,1,1,1,1,0
15860,2,zeros-la-3-5,zeros-la-3,924,15860,2,2026,1024,0,2,4,4,16,512,1024,2,0,2,128,4,8,32,256,32,2,3,3,1,1,2,0,1,1,1,1,0
15868,2,zeros-la-3-5,zeros-la-3,925,15868,2,2028,1024,0,2,2,8,16,512,1024,2,0,2,128,4,8,32,256,32,2,4,1,2,1,2,0,1,1,1,1,0
15872,2,zeros-la-3-5,zeros-la-3,926,15872,2,2030,1024,4,8,0,0,16,512,1024,2,2,128,4,2,8,32,256,32,2,3,2,2,1,2,0,1,1,1,1,0
15876,2,zeros-la-3-5,zeros-la-3,927,15876,2,2032,1024,4,8,0,2,16,512,1024,0,2,128,4,4,8,32,256,32,2,2,3,2,1,2,0,1,1,1,1,0
15884,2,zeros-la-3-5,zeros-la-3,928,15884,2,2034,1024,4,8,2,2,16,512,1024,0,2,128,8,0,8,32,256,32,2,3,1,3,1,2,0,1,1,1,1,0
15888,2,zeros-la-3-5,zeros-la-3,929,15888,2,2036,1024,0,4,8,4,0,16,512,1024,2,2,128,8,8,32,256,32,2,2,2,3,1,2,0,1,1,1,1,0
15888,1,zeros-la-3-5,zeros-la-3,930,15888,1,2038,1024,2,4,8,4,0,16,512,1024,2,2,128,8,8,32,256,32,1,3,2,3,1,2,0,1,1,1,1,0
15892,1,zeros-la-3-5,zeros-la-3,931,15892,1,2040,1024,4,4,8,4,8,16,512,1024,0,2,128,8,2,32,256,32,1,2,3,3,1,2,0,1,1,1,1,0
15900,1,zeros-la-3-5,zeros-la-3,932,15900,1,2042,1024,8,8,4,2,8,16,512,1024,2,128,8,0,2,32,256,32,1,3,1,4,1,2,0,1,1,1,1,0
15916,1,zeros-la-3-5,zeros-la-3,933,15916,1,2044,1024,2,16,4,2,8,16,512,1024,0,2,128,8,2,32,256,32,1,4,1,2,2,2,0,1,1,1,1,0
15916,0,zeros-la-3-5,zeros-la-3,934,15916,0,2046,1024,2,16,4,2,8,16,512,1024,2,128,8,2,2,32,256,32,0,5,1,2,2,2,0,1,1,1,1,0
15952,1,zeros-la-3-5,zeros-la-3,935,15952,1,2050,1024,2,32,4,2,8,128,512,1024,4,32,8,2,4,0,256,32,1,3,3,2,0,3,0,1,1,1,1,0
15960,1,zeros-la-3-5,zeros-la-3,936,15960,1,2052,1024,0,2,4,2,2,32,512,1024,8,128,8,2,8,32,256,32,1,4,1,3,0,3,0,1,1,1,1,0
15960,0,zeros-la-3-5,zeros-la-3,937,15960,0,2054,1024,2,4,2,2,2,32,512,1024,8,128,8,2,8,32,256,32,0,5,1,3,0,3,0,1,1,1,1,0
15964,0,zeros-la-3-5,zeros-la-3,938,15964,0,2056,1024,2,2,4,4,2,32,512,1024,8,128,8,2,8,32,256,32,0,4,2,3,0,3,0,1,1,1,1,0
15984,1,zeros-la-3-5,zeros-la-3,939,15984,1,2058,1024,2,2,4,4,0,32,512,1024,4,128,8,2,16,32,256,32,1,3,3,1,1,3,0,1,1,1,1,0
15996,2,zeros-la-3-5,zeros-la-3,940,15996,2,2060,1024,4,8,2,0,32,512,1024,0,4,128,8,2,16,32,256,32,2,2,2,2,1,3,0,1,1,1,1,0
15996,1,zeros-la-3-5,zeros-la-3,941,15996,1,2062,1024,4,8,2,2,32,512,1024,0,4,128,8,2,16,32,256,32,1,3,2,2,1,3,0,1,1,1,1,0
16000,1,zeros-la-3-5,zeros-la-3,942,16000,1,2064,1024,2,4,8,4,0,32,512,1024,4,128,8,2,16,32,256,32,1,2,3,2,1,3,0,1,1,1,1,0
16000,0,zeros-la-3-5,zeros-la-3,943,16000,0,2066,1024,2,4,8,4,2,32,512,1024,4,128,8,2,16,32,256,32,0,3,3,2,1,3,0,1,1,1,1,0
16004,0,zeros-la-3-5,zeros-la-3,944,16004,0,2068,1024,4,4,8,4,4,32,512,1024,16,128,8,2,2,32,256,32,0,2,4,2,1,3,0,1,1,1,1,0
16012,0,zeros-la-3-5,zeros-la-3,945,16012,0,2070,1024,8,8,4,2,4,32,512,1024,16,128,8,2,2,32,256,32,0,3,2,3,1,3,0,1,1,1,1,0
16028,0,zeros-la-3-5,zeros-la-3,946,16028,0,2072,1024,16,4,2,2,4,32,512,1024,16,128,8,2,2,32,256,32,0,4,2,1,2,3,0,1,1,1,1,0
16032,0,zeros-la-3-5,zeros-la-3,947,16032,0,2074,1024,2,16,4,4,4,32,512,1024,16,128,8,2,2,32,256,32,0,3,3,1,2,3,0,1,1,1,1,0
16040,0,zeros-la-3-5,zeros-la-3,948,16040,0,2076,1024,2,2,16,8,4,32,512,1024,16,128,8,2,2,32,256,32,0,4,1,2,2,3,0,1,1,1,1,0
16044,0,zeros-la-3-5,zeros-la-3,949,16044,0,2078,1024,4,16,8,2,4,32,512,1024,16,128,8,2,2,32,256,32,0,3,2,2,2,3,0,1,1,1,1,0
16052,0,zeros-la-3-5,zeros-la-3,950,16052,0,2080,1024,8,16,8,2,16,32,512,1024,2,128,8,2,2,32,256,32,0,4,0,3,2,3,0,1,1,1,1,0
16056,0,zeros-la-3-5,zeros-la-3,951,16056,0,2082,1024,8,16,8,2,16,32,512,1024,4,128,8,2,2,32,256,32,0,3,1,3,2,3,0,1,1,1,1,0
0,13,zeros-la-3-6,zeros-la-3,0,0,13,8,4,0,0,0,0,0,0,2,0,0,0,0,0,4,0,2,0,13,2,1,0,0,0,0,0,0,0,0,0
4,13,zeros-la-3-6,zeros-la-3,1,4,13,10,4,4,0,4,0,0,0,0,2,0,0,0,0,0,0,0,0,13,1,2,0,0,0,0,0,0,0,0,0
12,13,zeros-la-3-6,zeros-la-3,2,12,13,12,8,0,0,0,8,0,2,0,2,0,0,0,0,0,0,0,0,13,2,0,1,0,0,0,0,0,0,0,0
16,13,zeros-la-3-6,zeros-la-3,3,16,13,14,8,0,0,0,8,2,0,0,4,0,0,0,0,0,0,0,0,13,1,1,1,0,0,0,0,0,0,0,0
16,12,zeros-la-3-6,zeros-la-3,4,16,12,16,8,2,0,0,8,0,0,0,4,0,0,2,0,0,0,0,0,12,2,1,1,0,0,0,0,0,0,0,0
16,11,zeros-la-3-6,zeros-la-3,5,16,11,18,8,2,0,2,8,0,0,2,4,0,0,0,0,0,0,0,0,11,3,1,1,0,0,0,0,0,0,0,0
20,11,zeros-la-3-6,zeros-la-3,6,20,11,20,8,0,0,2,0,0,0,0,0,0,0,0,8,2,0,4,4,11,2,2,1,0,0,0,0,0,0,0,0
28,11,zeros-la-3-6,zeros-la-3,7,28,11,22,8,0,0,0,2,0,2,0,0,0,0,0,8,0,0,2,8,11,3,0,2,0,0,0,0,0,0,0,0
44,11,zeros-la-3-6,zeros-la-3,8,44,11,26,16,0,2,2,2,0,4,0,16,0,0,0,0,0,0,0,0,11,3,1,0,1,0,0,0,0,0,0,0
48,11,zeros-la-3-6,zeros-la-3,9,48,11,28,16,4,2,0,0,4,16,0,0,0,2,0,0,0,0,0,0,11,2,2,0,1,0,0,0,0,0,0,0
56,11,zeros-la-3-6,zeros-la-3,10,56,11,30,16,8,2,2,0,0,16,0,0,0,2,0,0,0,0,0,0,11,3,0,1,1,0,0,0,0,0,0,0
60,11,zeros-la-3-6,zeros-la-3,11,60,11,32,16,0,0,8,4,0,0,2,16,0,0,0,2,0,0,0,0,11,2,1,1,1,0,0,0,0,0,0,0
60,10,zeros-la-3-6,zeros-la-3,12,60,10,34,16,8,4,0,0,2,16,0,0,2,0,0,0,2,0,0,0,10,3,1,1,1,0,0,0,0,0,0,0
64,10,zeros-la-3-6,zeros-la-3,13,64,10,36,16,8,4,0,0,4,16,0,0,2,0,0,0,0,2,0,0,10,2,2,1,1,0,0,0,0,0,0,0
64,9,zeros-la-3-6,zeros-la-3,14,64,9,38,16,8,4,0,0,4,16,0,0,2,0,0,0,2,0,2,0,9,3,2,1,1,0,0,0,0,0,0,0
68,9,zeros-la-3-6,zeros-la-3,15,68,9,40,16,0,0,0,2,8,0,0,0,4,4,0,0,4,16,2,0,9,2,3,1,1,0,0,0,0,0,0,0
76,9,zeros-la-3-6,zeros-la-3,16,76,9,42,16,0,0,0,0,0,2,0,0,8,4,0,0,8,16,2,2,9,3,1,2,1,0,0,0,0,0,0,0
92,9,zeros-la-3-6,zeros-la-3,17,92,9,44,16,0,0,2,0,0,2,0,0,0,4,0,0,16,16,2,2,9,4,1,0,2,0,0,0,0,0,0,0
128,10,zeros-la-3-6,zeros-la-3,18,128,10,46,32,2,0,0,0,2,0,0,0,4,0,0,0,32,4,0,2,10,3,2,0,0,1,0,0,0,0,0,0
132,10,zeros-la-3-6,zeros-la-3,19,132,10,48,32,4,4,0,2,4,0,0,0,32,0,0,0,0,0,2,0,10,2,3,0,0,1,0,0,0,0,0,0
140,10,zeros-la-3-6,zeros-la-3,20,140,10,50,32,0,0,0,0,2,0,0,0,8,0,0,0,32,4,2,2,10,3,1,1,0,1,0,0,0,0,0,0
144,10,zeros-la-3-6,zeros-la-3,21,144,10,52,32,0,0,0,0,2,0,0,0,8,0,0,2,32,4,4,0,10,2,2,1,0,1,0,0,0,0,0,0
152,10,zeros-la-3-6,zeros-la-3,22,152,10,54,32,2,0,0,0,2,0,0,0,8,2,0,0,32,8,0,0,10,3,0,2,0,1,0,0,0,0,0,0
156,10,zeros-la-3-6,zeros-la-3,23,156,10,56,32,4,2,0,0,8,8,0,0,32,0,0,0,0,0,0,2,10,2,1,2,0,1,0,0,0,0,0,0
156,9,zeros-la-3-6,zeros-la-3,24,156,9,58,32,4,2,0,2,8,8,0,0,32,0,0,0,2,0,0,0,9,3,1,2,0,1,0,0,0,0,0,0
176,10,zeros-la-3-6,zeros-la-3,25,176,10,60,32,4,4,0,0,16,0,0,0,32,0,0,0,2,2,0,0,10,2,2,0,1,1,0,0,0,0,0,0
188,11,zeros-la-3-6,zeros-la-3,26,188,11,62,32,8,0,0,0,16,0,0,0,32,0,0,0,4,2,0,0,11,1,1,1,1,1,0,0,0,0,0,0
188,10,zeros-la-3-6,zeros-la-3,27,188,10,64,32,8,0,2,0,16,0,0,0,32,0,0,0,4,2,0,0,10,2,1,1,1,1,0,0,0,0,0,0
188,9,zeros-la-3-6,zeros-la-3,28,188,9,66,32,8,2,2,0,16,0,0,2,32,0,0,0,4,0,0,0,9,3,1,1,1,1,0,0,0,0,0,0
192,9,zeros-la-3-6,zeros-la-3,29,192,9,68,32,8,4,0,0,16,2,0,2,32,0,0,0,4,0,0,0,9,2,2,1,1,1,0,0,0,0,0,0
196,9,zeros-la-3-6,zeros-la-3,30,196,9,70,32,8,4,0,0,16,4,0,0,32,0,0,0,4,2,0,0,9,1,3,1,1,1,0,0,0,0,0,0
204,9,zeros-la-3-6,zeros-la-3,31,204,9,72,32,8,8,0,0,16,2,0,0,32,0,0,0,4,0,2,0,9,2,1,2,1,1,0,0,0,0,0,0
220,9,zeros-la-3-6,zeros-la-3,32,220,9,74,32,16,0,0,0,16,2,0,0,32,2,0,0,4,2,0,0,9,3,1,0,2,1,0,0,0,0,0,0
256,10,zeros-la-3-6,zeros-la-3,33,256,10,76,32,0,0,0,0,32,2,0,0,32,2,0,0,4,4,0,0,10,2,2,0,0,2,0,0,0,0,0,0
324,11,zeros-la-3-6,zeros-la-3,34,324,11,78,64,0,0,0,0,0,0,0,2,64,4,0,0,4,4,0,0,11,1,3,0,0,0,1,0,0,0,0,0
332,11,zeros-la-3-6,zeros-la-3,35,332,11,80,64,0,0,0,0,0,0,0,2,0,0,64,4,2,0,0,8,11,2,1,1,0,0,1,0,0,0,0,0
332,10,zeros-la-3-6,zeros-la-3,36,332,10,82,64,0,0,0,0,0,0,0,2,2,0,0,4,2,0,64,8,10,3,1,1,0,0,1,0,0,0,0,0
336,10,zeros-la-3-6,zeros-la-3,37,336,10,84,64,0,0,2,0,0,0,0,2,0,0,0,4,4,0,64,8,10,2,2,1,0,0,1,0,0,0,0,0
336,9,zeros-la-3-6,zeros-la-3,38,336,9,86,64,2,0,0,0,2,0,0,0,4,2,0,0,4,64,8,0,9,3,2,1,0,0,1,0,0,0,0,0
336,8,zeros-la-3-6,zeros-la-3,39,336,8,90,64,2,0,0,0,2,0,4,0,4,2,0,0,4,64,8,0,8,3,3,1,0,0,1,0,0,0,0,0
348,9,zeros-la-3-6,zeros-la-3,40,348,9,92,64,0,0,0,0,0,0,0,0,4,2,4,2,8,64,8,0,9,2,2,2,0,0,1,0,0,0,0,0
348,8,zeros-la-3-6,zeros-la-3,41,348,8,94,64,0,0,0,0,0,0,0,2,4,2,4,2,8,64,8,0,8,3,2,2,0,0,1,0,0,0,0,0
352,8,zeros-la-3-6,zeros-la-3,42,352,8,96,64,0,0,0,0,0,2,0,0,4,2,4,0,8,64,8,4,8,2,3,2,0,0,1,0,0,0,0,0
356,8,zeros-la-3-6,zeros-la-3,43,356,8,98,64,4,4,4,4,8,64,8,0,0,0,0,0,0,0,0,2,8,1,4,2,0,0,1,0,0,0,0,0
372,9,zeros-la-3-6,zeros-la-3,44,372,9,100,64,8,8,0,0,8,64,8,0,0,0,2,0,2,0,0,0,9,2,0,4,0,0,1,0,0,0,0,0
388,9,zeros-la-3-6,zeros-la-3,45,388,9,102,64,16,8,8,0,2,64,2,0,2,0,0,0,0,0,0,0,9,3,0,2,1,0,1,0,0,0,0,0
404,9,zeros-la-3-6,zeros-la-3,46,404,9,104,64,2,0,16,16,0,2,64,2,0,0,0,2,0,0,0,0,9,4,0,0,2,0,1,0,0,0,0,0
408,9,zeros-la-3-6,zeros-la-3,47,408,9,106,64,2,2,16,16,0,0,64,4,0,0,2,0,0,0,0,0,9,3,1,0,2,0,1,0,0,0,0,0
444,10,zeros-la-3-6,zeros-la-3,48,444,10,108,64,0,0,4,32,0,0,64,4,0,0,0,2,0,2,0,0,10,2,2,0,0,1,1,0,0,0,0,0
444,9,zeros-la-3-6,zeros-la-3,49,444,9,110,64,0,2,4,32,0,0,64,4,0,0,0,2,0,0,0,2,9,3,2,0,0,1,1,0,0,0,0,0
448,9,zeros-la-3-6,zeros-la-3,50,448,9,112,64,0,0,0,2,0,0,0,32,0,0,4,4,0,2,64,4,9,2,3,0,0,1,1,0,0,0,0,0
456,9,zeros-la-3-6,zeros-la-3,51,456,9,114,64,0,0,0,2,0,0,2,32,0,0,0,8,0,2,64,4,9,3,1,1,0,1,1,0,0,0,0,0
456,8,zeros-la-3-6,zeros-la-3,52,456,8,116,64,0,0,0,2,0,0,2,32,0,0,2,8,0,2,64,4,8,4,1,1,0,1,1,0,0,0,0,0
460,8,zeros-la-3-6,zeros-la-3,53,460,8,118,64,0,0,0,2,0,0,0,32,2,0,4,8,0,2,64,4,8,3,2,1,0,1,1,0,0,0,0,0
460,7,zeros-la-3-6,zeros-la-3,54,460,7,120,64,0,0,0,2,2,0,0,32,0,0,4,8,2,2,64,4,7,4,2,1,0,1,1,0,0,0,0,0
464,7,zeros-la-3-6,zeros-la-3,55,464,7,122,64,2,0,0,0,2,32,0,0,4,8,0,0,4,64,4,2,7,3,3,1,0,1,1,0,0,0,0,0
476,8,zeros-la-3-6,zeros-la-3,56,476,8,124,64,0,0,0,0,2,32,0,0,4,8,0,0,8,64,4,2,8,2,2,2,0,1,1,0,0,0,0,0
476,7,zeros-la-3-6,zeros-la-3,57,476,7,126,64,0,0,2,0,0,0,2,32,0,0,4,8,8,64,4,2,7,3,2,2,0,1,1,0,0,0,0,0
488,8,zeros-la-3-6,zeros-la-3,58,488,8,128,64,8,64,4,32,0,0,8,8,0,0,0,2,0,2,0,0,8,2,1,3,0,1,1,0,0,0,0,0
504,8,zeros-la-3-6,zeros-la-3,59,504,8,130,64,8,64,4,32,16,0,0,0,2,0,2,0,2,0,0,0,8,3,1,1,1,1,1,0,0,0,0,0
508,8,zeros-la-3-6,zeros-la-3,60,508,8,134,64,8,64,4,32,0,0,0,16,0,0,0,4,0,0,4,2,8,1,3,1,1,1,1,0,0,0,0,0
516,8,zeros-la-3-6,zeros-la-3,61,516,8,136,64,8,64,8,32,0,0,0,16,0,2,0,4,0,0,0,2,8,2,1,2,1,1,1,0,0,0,0,0
516,7,zeros-la-3-6,zeros-la-3,62,516,7,138,64,8,64,8,32,16,0,0,0,2,4,0,0,2,2,0,0,7,3,1,2,1,1,1,0,0,0,0,0
520,7,zeros-la-3-6,zeros-la-3,63,520,7,140,64,8,64,8,32,16,4,0,0,4,2,0,0,2,0,0,0,7,2,2,2,1,1,1,0,0,0,0,0
520,6,zeros-la-3-6,zeros-la-3,64,520,6,144,64,8,64,8,32,0,0,16,4,0,4,4,2,0,0,0,2,6,2,3,2,1,1,1,0,0,0,0,0
524,6,zeros-la-3-6,zeros-la-3,65,524,6,148,64,0,0,0,0,4,0,8,32,0,64,16,4,8,4,4,4,6,0,5,2,1,1,1,0,0,0,0,0
532,6,zeros-la-3-6,zeros-la-3,66,532,6,150,64,0,0,0,0,4,8,32,0,64,16,4,2,8,8,4,0,6,1,3,3,1,1,1,0,0,0,0,0
540,6,zeros-la-3-6,zeros-la-3,67,540,6,152,64,4,8,32,2,64,16,8,0,8,8,0,2,0,0,0,0,6,2,1,4,1,1,1,0,0,0,0,0
544,6,zeros-la-3-6,zeros-la-3,68,544,6,154,64,4,8,32,4,64,16,8,0,8,8,0,0,0,0,2,0,6,1,2,4,1,1,1,0,0,0,0,0
560,6,zeros-la-3-6,zeros-la-3,69,560,6,156,64,4,8,32,4,0,64,16,8,0,0,0,16,0,0,2,2,6,2,2,2,2,1,1,0,0,0,0,0
564,6,zeros-la-3-6,zeros-la-3,70,564,6,158,64,4,8,32,4,64,16,8,0,16,0,0,2,4,0,0,0,6,1,3,2,2,1,1,0,0,0,0,0
564,5,zeros-la-3-6,zeros-la-3,71,564,5,160,64,4,8,32,4,0,64,16,8,0,0,16,2,2,0,0,4,5,2,3,2,2,1,1,0,0,0,0,0
596,5,zeros-la-3-6,zeros-la-3,72,596,5,162,64,4,8,32,4,2,64,32,8,0,0,2,2,0,0,0,4,5,3,3,2,0,2,1,0,0,0,0,0
600,5,zeros-la-3-6,zeros-la-3,73,600,5,164,64,4,8,32,4,2,64,32,8,0,0,0,4,2,0,0,4,5,2,4,2,0,2,1,0,0,0,0,0
676,7,zeros-la-3-6,zeros-la-3,74,676,7,166,64,0,0,2,0,0,0,0,4,4,8,0,8,4,64,64,8,7,1,3,3,0,0,2,0,0,0,0,0
700,8,zeros-la-3-6,zeros-la-3,75,700,8,170,64,8,8,2,4,0,64,64,16,4,0,0,0,0,0,0,0,8,1,2,2,1,0,2,0,0,0,0,0
844,9,zeros-la-3-6,zeros-la-3,76,844,9,172,128,0,16,2,4,0,0,128,16,0,0,0,4,2,0,0,0,9,2,2,0,2,0,0,1,0,0,0,0
844,8,zeros-la-3-6,zeros-la-3,77,844,8,174,128,0,0,0,0,0,0,0,4,0,2,2,16,2,16,128,4,8,3,2,0,2,0,0,1,0,0,0,0
848,8,zeros-la-3-6,zeros-la-3,78,848,8,176,128,0,2,0,0,4,0,0,0,4,16,0,0,2,16,128,4,8,2,3,0,2,0,0,1,0,0,0,0
888,9,zeros-la-3-6,zeros-la-3,79,888,9,178,128,0,0,0,0,0,0,0,0,8,2,0,2,2,32,128,4,9,3,1,1,0,1,0,1,0,0,0,0
892,9,zeros-la-3-6,zeros-la-3,80,892,9,180,128,0,0,0,0,0,0,0,0,0,2,8,4,2,32,128,4,9,2,2,1,0,1,0,1,0,0,0,0
900,9,zeros-la-3-6,zeros-la-3,81,900,9,182,128,2,2,8,8,0,32,128,0,0,0,0,0,2,0,0,0,9,3,0,2,0,1,0,1,0,0,0,0
920,10,zeros-la-3-6,zeros-la-3,82,920,10,184,128,0,0,4,16,0,0,32,128,2,0,0,0,0,0,0,2,10,2,1,0,1,1,0,1,0,0,0,0
920,9,zeros-la-3-6,zeros-la-3,83,920,9,186,128,0,0,4,16,0,0,32,128,0,0,2,2,0,0,0,2,9,3,1,0,1,1,0,1,0,0,0,0
924,9,zeros-la-3-6,zeros-la-3,84,924,9,188,128,4,16,0,0,32,128,0,0,4,0,0,2,2,0,0,0,9,2,2,0,1,1,0,1,0,0,0,0
924,8,zeros-la-3-6,zeros-la-3,85,924,8,190,128,0,0,4,16,0,0,32,128,0,0,4,2,0,0,2,2,8,3,2,0,1,1,0,1,0,0,0,0
928,8,zeros-la-3-6,zeros-la-3,86,928,8,192,128,4,16,0,2,32,128,0,0,4,2,0,0,4,0,0,0,8,2,3,0,1,1,0,1,0,0,0,0
936,8,zeros-la-3-6,zeros-la-3,87,936,8,194,128,0,0,0,2,4,16,0,0,32,128,0,0,8,2,0,2,8,3,1,1,1,1,0,1,0,0,0,0
940,8,zeros-la-3-6,zeros-la-3,88,940,8,196,128,0,0,2,0,4,16,0,0,32,128,0,0,8,2,0,4,8,2,2,1,1,1,0,1,0,0,0,0
940,7,zeros-la-3-6,zeros-la-3,89,940,7,198,128,0,0,0,0,4,16,0,2,32,128,0,0,8,2,2,4,7,3,2,1,1,1,0,1,0,0,0,0
944,7,zeros-la-3-6,zeros-la-3,90,944,7,202,128,0,0,4,0,4,16,2,0,32,128,0,0,8,4,4,0,7,1,4,1,1,1,0,1,0,0,0,0
952,7,zeros-la-3-6,zeros-la-3,91,952,7,204,128,4,0,0,0,4,16,2,0,32,128,0,0,8,8,2,0,7,2,2,2,1,1,0,1,0,0,0,0
964,8,zeros-la-3-6,zeros-la-3,92,964,8,208,128,8,16,4,0,32,128,0,0,8,8,0,4,0,0,0,0,8,0,2,3,1,1,0,1,0,0,0,0
964,7,zeros-la-3-6,zeros-la-3,93,964,7,210,128,8,16,4,4,32,128,0,0,8,8,0,0,0,2,0,0,7,1,2,3,1,1,0,1,0,0,0,0
988,8,zeros-la-3-6,zeros-la-3,94,988,8,212,128,0,8,16,8,0,0,32,128,2,0,0,16,0,0,0,2,8,2,0,2,2,1,0,1,0,0,0,0
988,7,zeros-la-3-6,zeros-la-3,95,988,7,214,128,0,0,0,8,0,2,0,128,0,0,16,16,2,8,32,2,7,3,0,2,2,1,0,1,0,0,0,0
1020,7,zeros-la-3-6,zeros-la-3,96,1020,7,216,128,2,0,0,8,0,0,2,128,0,0,0,32,2,8,32,2,7,4,0,2,0,2,0,1,0,0,0,0
1024,7,zeros-la-3-6,zeros-la-3,97,1024,7,218,128,0,0,0,8,0,0,0,128,2,0,2,32,4,8,32,2,7,3,1,2,0,2,0,1,0,0,0,0
1028,7,zeros-la-3-6,zeros-la-3,98,1028,7,220,128,8,0,0,0,128,0,0,0,4,32,0,2,4,8,32,2,7,2,2,2,0,2,0,1,0,0,0,0
1040,8,zeros-la-3-6,zeros-la-3,99,1040,8,222,128,0,0,0,0,8,0,2,0,128,32,0,0,8,8,32,4,8,1,1,3,0,2,0,1,0,0,0,0
1056,8,zeros-la-3-6,zeros-la-3,100,1056,8,224,128,0,2,0,0,8,2,0,0,128,32,0,0,16,32,4,0,8,2,1,1,1,2,0,1,0,0,0,0
1124,9,zeros-la-3-6,zeros-la-3,101,1124,9,226,128,8,4,4,0,128,64,0,0,16,0,0,2,0,0,0,0,9,1,2,1,1,0,1,1,0,0,0,0
1132,9,zeros-la-3-6,zeros-la-3,102,1132,9,228,128,8,8,0,0,128,64,2,0,16,2,0,0,0,0,0,0,9,2,0,2,1,0,1,1,0,0,0,0
1148,9,zeros-la-3-6,zeros-la-3,103,1148,9,230,128,16,0,0,0,128,64,2,0,16,2,0,0,0,2,0,0,9,3,0,0,2,0,1,1,0,0,0,0
1152,9,zeros-la-3-6,zeros-la-3,104,1152,9,232,128,0,0,0,0,16,0,0,2,128,64,0,0,16,4,2,0,9,2,1,0,2,0,1,1,0,0,0,0
1152,8,zeros-la-3-6,zeros-la-3,105,1152,8,234,128,0,0,0,0,16,0,0,2,128,64,0,0,16,4,2,2,8,3,1,0,2,0,1,1,0,0,0,0
1156,8,zeros-la-3-6,zeros-la-3,106,1156,8,236,128,0,0,0,2,16,2,0,0,128,64,0,0,16,4,4,0,8,2,2,0,2,0,1,1,0,0,0,0
1164,8,zeros-la-3-6,zeros-la-3,107,1164,8,238,128,2,0,0,0,16,2,0,0,128,64,0,0,16,8,2,0,8,3,0,1,2,0,1,1,0,0,0,0
1164,7,zeros-la-3-6,zeros-la-3,108,1164,7,240,128,0,0,0,2,0,0,16,2,0,2,128,64,0,16,8,2,7,4,0,1,2,0,1,1,0,0,0,0
1168,7,zeros-la-3-6,zeros-la-3,109,1168,7,242,128,0,0,0,0,0,0,16,4,0,2,128,64,2,16,8,2,7,3,1,1,2,0,1,1,0,0,0,0
1168,6,zeros-la-3-6,zeros-la-3,110,1168,6,244,128,2,2,16,4,0,16,128,64,0,0,8,2,0,0,2,0,6,4,1,1,2,0,1,1,0,0,0,0
1172,6,zeros-la-3-6,zeros-la-3,111,1172,6,246,128,0,4,16,4,0,16,128,64,0,0,8,2,0,2,0,2,6,3,2,1,2,0,1,1,0,0,0,0
1176,6,zeros-la-3-6,zeros-la-3,112,1176,6,250,128,4,16,4,0,16,128,64,0,8,2,0,0,4,0,4,0,6,1,4,1,2,0,1,1,0,0,0,0
1184,6,zeros-la-3-6,zeros-la-3,113,1184,6,254,128,4,16,4,0,16,128,64,0,8,2,0,0,8,0,0,4,6,1,3,2,2,0,1,1,0,0,0,0
1200,6,zeros-la-3-6,zeros-la-3,114,1200,6,256,128,4,16,4,4,16,128,64,0,16,2,2,0,0,0,0,0,6,2,3,0,3,0,1,1,0,0,0,0
1212,7,zeros-la-3-6,zeros-la-3,115,1212,7,258,128,4,16,8,0,16,128,64,0,16,4,2,0,0,0,0,0,7,1,2,1,3,0,1,1,0,0,0,0
1244,7,zeros-la-3-6,zeros-la-3,116,1244,7,260,128,4,16,8,2,32,128,64,0,0,4,2,0,0,0,0,0,7,2,2,1,1,1,1,1,0,0,0,0
1244,6,zeros-la-3-6,zeros-la-3,117,1244,6,262,128,0,0,0,0,0,16,8,2,4,128,64,0,32,4,2,2,6,3,2,1,1,1,1,1,0,0,0,0
1248,6,zeros-la-3-6,zeros-la-3,118,1248,6,264,128,0,0,0,0,16,8,2,2,4,128,64,0,32,4,4,0,6,2,3,1,1,1,1,1,0,0,0,0
1260,7,zeros-la-3-6,zeros-la-3,119,1260,7,266,128,2,0,0,0,0,16,8,4,0,4,128,64,0,0,32,8,7,1,2,2,1,1,1,1,0,0,0,0
1260,6,zeros-la-3-6,zeros-la-3,120,1260,6,268,128,2,0,0,0,16,8,4,0,4,128,64,2,32,8,0,0,6,2,2,2,1,1,1,1,0,0,0,0
1260,5,zeros-la-3-6,zeros-la-3,121,1260,5,270,128,2,0,2,0,16,8,4,0,4,128,64,2,32,8,0,0,5,3,2,2,1,1,1,1,0,0,0,0
1264,5,zeros-la-3-6,zeros-la-3,122,1264,5,272,128,0,0,0,4,0,16,8,4,4,128,64,2,2,0,32,8,5,2,3,2,1,1,1,1,0,0,0,0
1264,4,zeros-la-3-6,zeros-la-3,123,1264,4,276,128,4,0,0,4,0,16,8,4,4,128,64,2,0,2,32,8,4,2,4,2,1,1,1,1,0,0,0,0
1280,5,zeros-la-3-6,zeros-la-3,124,1280,5,278,128,8,16,8,8,0,128,64,2,0,2,32,8,2,0,0,0,5,3,0,4,1,1,1,1,0,0,0,0
1296,5,zeros-la-3-6,zeros-la-3,125,1296,5,280,128,8,16,16,0,128,64,2,0,2,32,8,0,2,2,0,0,5,4,0,2,2,1,1,1,0,0,0,0
1300,5,zeros-la-3-6,zeros-la-3,126,1300,5,282,128,8,16,16,0,128,64,2,0,4,32,8,0,0,2,2,0,5,3,1,2,2,1,1,1,0,0,0,0
1336,6,zeros-la-3-6,zeros-la-3,127,1336,6,284,128,8,32,2,0,128,64,2,0,4,32,8,0,4,0,0,0,6,2,2,2,0,2,1,1,0,0,0,0
1348,7,zeros-la-3-6,zeros-la-3,128,1348,7,286,128,2,0,0,0,8,32,0,0,128,64,4,0,8,32,8,0,7,1,1,3,0,2,1,1,0,0,0,0
1348,6,zeros-la-3-6,zeros-la-3,129,1348,6,288,128,2,0,0,0,8,32,0,0,128,64,4,2,8,32,8,0,6,2,1,3,0,2,1,1,0,0,0,0
1348,5,zeros-la-3-6,zeros-la-3,130,1348,5,290,128,2,0,0,0,8,32,2,0,128,64,4,0,8,32,8,2,5,3,1,3,0,2,1,1,0,0,0,0
1348,4,zeros-la-3-6,zeros-la-3,131,1348,4,292,128,0,0,0,2,0,8,32,2,2,128,64,4,8,32,8,2,4,4,1,3,0,2,1,1,0,0,0,0
1352,4,zeros-la-3-6,zeros-la-3,132,1352,4,294,128,2,8,32,4,8,128,64,4,0,32,8,2,0,0,2,0,4,3,2,3,0,2,1,1,0,0,0,0
1360,4,zeros-la-3-6,zeros-la-3,133,1360,4,298,128,0,0,32,0,4,8,64,0,2,128,8,8,8,32,2,2,4,3,1,4,0,2,1,1,0,0,0,0
1380,5,zeros-la-3-6,zeros-la-3,134,1380,5,300,128,32,0,0,0,4,8,64,2,2,128,16,0,8,32,4,0,5,2,2,2,1,2,1,1,0,0,0,0
1380,4,zeros-la-3-6,zeros-la-3,135,1380,4,302,128,32,8,64,2,4,128,16,0,2,32,4,0,8,0,2,0,4,3,2,2,1,2,1,1,0,0,0,0
1380,3,zeros-la-3-6,zeros-la-3,136,1380,3,304,128,32,0,64,2,4,8,16,0,2,128,4,0,8,32,2,2,3,4,2,2,1,2,1,1,0,0,0,0
1384,3,zeros-la-3-6,zeros-la-3,137,1384,3,306,128,32,64,2,0,4,8,16,0,2,128,4,2,8,32,4,0,3,3,3,2,1,2,1,1,0,0,0,0
1392,3,zeros-la-3-6,zeros-la-3,138,1392,3,310,128,32,64,2,2,4,8,16,4,2,128,8,0,8,32,0,0,3,3,2,3,1,2,1,1,0,0,0,0
1396,3,zeros-la-3-6,zeros-la-3,139,1396,3,312,128,0,32,64,4,4,8,16,4,2,2,128,8,0,0,8,32,3,2,3,3,1,2,1,1,0,0,0,0
1404,3,zeros-la-3-6,zeros-la-3,140,1404,3,314,128,2,0,64,0,0,32,16,8,4,8,128,8,2,2,8,32,3,3,1,4,1,2,1,1,0,0,0,0
1408,3,zeros-la-3-6,zeros-la-3,141,1408,3,316,128,2,64,0,0,32,16,8,0,4,8,128,8,4,8,32,2,3,2,2,4,1,2,1,1,0,0,0,0
1432,4,zeros-la-3-6,zeros-la-3,142,1432,4,318,128,2,0,0,0,2,64,8,0,32,16,128,8,8,16,32,2,4,3,0,3,2,2,1,1,0,0,0,0
1468,5,zeros-la-3-6,zeros-la-3,143,1468,5,320,128,4,64,8,8,32,32,128,2,8,0,32,0,2,0,0,0,5,2,1,3,0,3,1,1,0,0,0,0
1548,6,zeros-la-3-6,zeros-la-3,144,1548,6,322,128,4,64,16,0,64,128,2,0,8,32,0,0,2,0,2,0,6,3,1,1,1,1,2,1,0,0,0,0
1552,6,zeros-la-3-6,zeros-la-3,145,1552,6,324,128,4,0,0,0,64,64,0,0,8,128,16,2,2,32,4,0,6,2,2,1,1,1,2,1,0,0,0,0
1680,6,zeros-la-3-6,zeros-la-3,146,1680,6,326,128,4,2,0,0,128,0,0,0,8,128,16,2,2,32,4,0,6,3,2,1,1,1,0,2,0,0,0,0
1680,5,zeros-la-3-6,zeros-la-3,147,1680,5,328,128,4,2,16,2,128,128,4,0,8,32,0,0,2,0,2,0,5,4,2,1,1,1,0,2,0,0,0,0
1940,6,zeros-la-3-6,zeros-la-3,148,1940,6,330,256,4,2,16,2,256,4,0,0,8,32,0,0,4,0,0,2,6,3,3,1,1,1,0,0,1,0,0,0
1944,6,zeros-la-3-6,zeros-la-3,149,1944,6,332,256,4,0,0,0,256,2,0,2,8,4,0,0,4,32,16,4,6,2,4,1,1,1,0,0,1,0,0,0
1948,6,zeros-la-3-6,zeros-la-3,150,1948,6,334,256,0,0,0,4,2,0,256,4,0,0,8,4,4,32,16,4,6,1,5,1,1,1,0,0,1,0,0,0
1964,7,zeros-la-3-6,zeros-la-3,151,1964,7,336,256,0,0,0,0,0,0,256,0,2,2,8,8,4,32,16,8,7,2,1,3,1,1,0,0,1,0,0,0
1980,7,zeros-la-3-6,zeros-la-3,152,1980,7,338,256,0,2,0,0,0,0,256,0,2,2,8,0,4,32,16,16,7,3,1,1,2,1,0,0,1,0,0,0
2016,8,zeros-la-3-6,zeros-la-3,153,2016,8,340,256,2,2,0,0,256,0,0,0,4,8,0,0,4,32,32,0,8,2,2,1,0,2,0,0,1,0,0,0
2084,9,zeros-la-3-6,zeros-la-3,154,2084,9,344,256,0,0,0,4,0,0,0,256,0,0,4,8,4,0,4,64,9,0,4,1,0,0,1,0,1,0,0,0
2092,9,zeros-la-3-6,zeros-la-3,155,2092,9,346,256,4,0,0,0,256,2,0,0,4,8,0,0,8,64,0,0,9,1,2,2,0,0,1,0,1,0,0,0
2092,8,zeros-la-3-6,zeros-la-3,156,2092,8,348,256,4,0,2,0,256,2,0,0,4,8,0,0,8,64,0,0,8,2,2,2,0,0,1,0,1,0,0,0
2092,7,zeros-la-3-6,zeros-la-3,157,2092,7,352,256,4,2,2,0,256,8,4,0,4,64,0,0,8,0,0,0,7,2,3,2,0,0,1,0,1,0,0,0
2096,7,zeros-la-3-6,zeros-la-3,158,2096,7,356,256,0,0,4,4,0,256,8,4,4,0,4,64,0,0,0,8,7,0,5,2,0,0,1,0,1,0,0,0
2112,8,zeros-la-3-6,zeros-la-3,159,2112,8,360,256,8,0,4,0,256,8,4,0,8,64,0,0,8,0,0,0,8,0,2,4,0,0,1,0,1,0,0,0
2136,9,zeros-la-3-6,zeros-la-3,160,2136,9,362,256,8,8,8,0,256,64,0,0,16,2,0,0,0,0,0,0,9,1,0,3,1,0,1,0,1,0,0,0
2152,9,zeros-la-3-6,zeros-la-3,161,2152,9,364,256,16,8,0,0,256,64,0,0,16,2,0,0,0,0,2,0,9,2,0,1,2,0,1,0,1,0,0,0
2152,8,zeros-la-3-6,zeros-la-3,162,2152,8,368,256,0,0,0,0,16,8,0,4,256,64,0,0,16,2,2,0,8,2,1,1,2,0,1,0,1,0,0,0
2152,7,zeros-la-3-6,zeros-la-3,163,2152,7,370,256,0,0,0,0,16,8,2,0,256,64,0,0,16,2,2,4,7,3,1,1,2,0,1,0,1,0,0,0
2156,7,zeros-la-3-6,zeros-la-3,164,2156,7,374,256,0,0,0,0,0,16,8,2,0,4,256,64,0,16,4,4,7,1,3,1,2,0,1,0,1,0,0,0
2164,7,zeros-la-3-6,zeros-la-3,165,2164,7,376,256,2,0,0,0,16,8,2,0,4,256,64,0,16,8,0,0,7,2,1,2,2,0,1,0,1,0,0,0
2164,6,zeros-la-3-6,zeros-la-3,166,2164,6,378,256,0,0,0,2,2,16,8,2,0,4,256,64,0,0,16,8,6,3,1,2,2,0,1,0,1,0,0,0
2168,6,zeros-la-3-6,zeros-la-3,167,2168,6,380,256,2,16,8,4,0,4,256,64,2,0,16,8,0,0,0,0,6,2,2,2,2,0,1,0,1,0,0,0
2172,6,zeros-la-3-6,zeros-la-3,168,2172,6,382,256,0,0,0,0,0,0,8,4,2,16,256,64,4,4,16,8,6,1,3,2,2,0,1,0,1,0,0,0
2180,6,zeros-la-3-6,zeros-la-3,169,2180,6,384,256,2,0,0,0,8,4,0,0,2,16,256,64,8,16,8,0,6,2,1,3,2,0,1,0,1,0,0,0
2212,6,zeros-la-3-6,zeros-la-3,170,2212,6,386,256,2,4,256,64,8,32,8,0,2,0,0,0,8,2,0,0,6,3,1,3,0,1,1,0,1,0,0,0
2212,5,zeros-la-3-6,zeros-la-3,171,2212,5,388,256,2,4,256,64,0,8,32,8,0,0,0,2,0,2,8,2,5,4,1,3,0,1,1,0,1,0,0,0
2216,5,zeros-la-3-6,zeros-la-3,172,2216,5,390,256,0,0,0,2,0,4,256,64,0,8,32,8,2,2,8,4,5,3,2,3,0,1,1,0,1,0,0,0
2220,5,zeros-la-3-6,zeros-la-3,173,2220,5,392,256,0,0,0,2,2,4,256,64,0,8,32,8,0,4,8,4,5,2,3,3,0,1,1,0,1,0,0,0
2220,4,zeros-la-3-6,zeros-la-3,174,2220,4,394,256,0,0,0,2,2,4,256,64,2,8,32,8,0,4,8,4,4,3,3,3,0,1,1,0,1,0,0,0
2224,4,zeros-la-3-6,zeros-la-3,175,2224,4,396,256,4,4,256,2,0,8,32,64,0,4,8,8,0,2,0,4,4,2,4,3,0,1,1,0,1,0,0,0
2248,5,zeros-la-3-6,zeros-la-3,176,2248,5,398,256,8,256,2,0,8,32,64,0,4,16,0,2,2,4,0,0,5,3,2,2,1,1,1,0,1,0,0,0
2264,5,zeros-la-3-6,zeros-la-3,177,2264,5,400,256,16,256,2,2,4,32,64,0,2,16,2,0,0,4,0,0,5,4,2,0,2,1,1,0,1,0,0,0
2268,5,zeros-la-3-6,zeros-la-3,178,2268,5,402,256,0,16,256,4,0,4,32,64,2,2,16,2,0,0,0,4,5,3,3,0,2,1,1,0,1,0,0,0
2272,5,zeros-la-3-6,zeros-la-3,179,2272,5,404,256,16,256,4,0,4,32,64,0,4,16,2,0,4,0,0,2,5,2,4,0,2,1,1,0,1,0,0,0
2272,4,zeros-la-3-6,zeros-la-3,180,2272,4,406,256,2,16,256,4,0,4,32,64,0,4,16,2,0,0,4,2,4,3,4,0,2,1,1,0,1,0,0,0
2284,5,zeros-la-3-6,zeros-la-3,181,2284,5,408,256,0,0,256,0,0,2,32,4,0,16,16,64,2,8,4,4,5,2,3,1,2,1,1,0,1,0,0,0
2324,6,zeros-la-3-6,zeros-la-3,182,2324,6,410,256,0,0,0,256,0,2,32,4,0,0,32,64,2,2,8,8,6,3,1,2,0,2,1,0,1,0,0,0
2344,7,zeros-la-3-6,zeros-la-3,183,2344,7,412,256,0,0,0,256,2,2,32,4,0,0,32,64,0,0,4,16,7,2,2,0,1,2,1,0,1,0,0,0
2408,7,zeros-la-3-6,zeros-la-3,184,2408,7,414,256,0,2,0,256,0,0,0,4,0,0,64,64,2,2,4,16,7,3,2,0,1,0,2,0,1,0,0,0
2540,8,zeros-la-3-6,zeros-la-3,185,2540,8,416,256,0,0,2,256,0,0,0,4,0,0,0,128,2,4,4,16,8,2,3,0,1,0,0,1,1,0,0,0
2548,8,zeros-la-3-6,zeros-la-3,186,2548,8,420,256,0,0,2,256,0,0,0,4,4,0,0,128,0,2,8,16,8,2,2,1,1,0,0,1,1,0,0,0
2548,7,zeros-la-3-6,zeros-la-3,187,2548,7,422,256,4,2,2,256,0,2,8,4,0,0,0,128,0,0,0,16,7,3,2,1,1,0,0,1,1,0,0,0
2552,7,zeros-la-3-6,zeros-la-3,188,2552,7,424,256,0,4,4,256,0,2,8,4,0,0,2,128,0,0,0,16,7,2,3,1,1,0,0,1,1,0,0,0
2560,7,zeros-la-3-6,zeros-la-3,189,2560,7,426,256,0,0,8,256,0,2,8,4,2,0,2,128,0,0,0,16,7,3,1,2,1,0,0,1,1,0,0,0
2576,7,zeros-la-3-6,zeros-la-3,190,2576,7,428,256,2,2,16,256,0,0,2,4,0,0,0,128,0,2,0,16,7,4,1,0,2,0,0,1,1,0,0,0
2580,7,zeros-la-3-6,zeros-la-3,191,2580,7,430,256,2,4,16,256,0,0,2,4,0,0,0,128,0,0,2,16,7,3,2,0,2,0,0,1,1,0,0,0
2580,6,zeros-la-3-6,zeros-la-3,192,2580,6,432,256,2,4,16,256,0,0,2,4,2,0,0,128,0,0,2,16,6,4,2,0,2,0,0,1,1,0,0,0
2588,7,zeros-la-3-6,zeros-la-3,193,2588,7,434,256,4,4,16,256,0,2,4,4,0,0,0,128,0,0,0,16,7,1,4,0,2,0,0,1,1,0,0,0
2604,8,zeros-la-3-6,zeros-la-3,194,2604,8,436,256,0,8,16,256,0,0,2,8,0,0,0,128,0,0,2,16,8,2,0,2,2,0,0,1,1,0,0,0
2604,7,zeros-la-3-6,zeros-la-3,195,2604,7,438,256,0,8,16,256,2,0,2,8,0,0,0,128,0,0,2,16,7,3,0,2,2,0,0,1,1,0,0,0
2608,7,zeros-la-3-6,zeros-la-3,196,2608,7,440,256,0,8,16,256,0,0,4,8,0,0,0,128,2,0,2,16,7,2,1,2,2,0,0,1,1,0,0,0
2612,7,zeros-la-3-6,zeros-la-3,197,2612,7,442,256,0,8,16,256,0,2,4,8,0,0,0,128,0,0,4,16,7,1,2,2,2,0,0,1,1,0,0,0
2620,7,zeros-la-3-6,zeros-la-3,198,2620,7,444,256,0,8,16,256,0,2,8,8,0,0,0,128,2,0,0,16,7,2,0,3,2,0,0,1,1,0,0,0
2636,7,zeros-la-3-6,zeros-la-3,199,2636,7,446,256,0,8,16,256,0,0,2,16,0,2,0,128,0,0,2,16,7,3,0,1,3,0,0,1,1,0,0,0
2640,7,zeros-la-3-6,zeros-la-3,200,2640,7,448,256,0,8,16,256,0,2,4,16,2,0,0,128,0,0,0,16,7,2,1,1,3,0,0,1,1,0,0,0
2640,6,zeros-la-3-6,zeros-la-3,201,2640,6,450,256,0,8,16,256,0,2,4,16,0,2,2,128,0,0,0,16,6,3,1,1,3,0,0,1,1,0,0,0
2644,6,zeros-la-3-6,zeros-la-3,202,2644,6,454,256,0,4,0,256,0,0,16,16,0,8,4,128,0,4,2,16,6,1,3,1,3,0,0,1,1,0,0,0
2676,6,zeros-la-3-6,zeros-la-3,203,2676,6,456,256,0,0,4,256,2,0,0,32,0,8,4,128,0,4,2,16,6,2,3,1,1,1,0,1,1,0,0,0
2684,6,zeros-la-3-6,zeros-la-3,204,2684,6,458,256,2,8,8,256,0,4,2,32,2,0,0,128,0,0,0,16,6,3,1,2,1,1,0,1,1,0,0,0
2688,6,zeros-la-3-6,zeros-la-3,205,2688,6,460,256,4,8,8,256,0,4,2,32,0,2,0,128,0,0,0,16,6,2,2,2,1,1,0,1,1,0,0,0
2704,6,zeros-la-3-6,zeros-la-3,206,2704,6,462,256,0,4,16,256,2,4,2,32,0,0,2,128,0,0,0,16,6,3,2,0,2,1,0,1,1,0,0,0
2716,7,zeros-la-3-6,zeros-la-3,207,2716,7,464,256,2,8,16,256,0,0,4,32,0,0,0,128,2,0,0,16,7,2,1,1,2,1,0,1,1,0,0,0
2716,6,zeros-la-3-6,zeros-la-3,208,2716,6,466,256,2,8,16,256,0,0,4,32,0,0,2,128,0,0,2,16,6,3,1,1,2,1,0,1,1,0,0,0
2720,6,zeros-la-3-6,zeros-la-3,209,2720,6,468,256,2,8,16,256,2,0,4,32,0,0,4,128,0,0,0,16,6,2,2,1,2,1,0,1,1,0,0,0
2732,7,zeros-la-3-6,zeros-la-3,210,2732,7,470,256,0,0,0,256,0,0,0,32,0,2,16,128,4,8,8,16,7,1,1,2,2,1,0,1,1,0,0,0
2748,7,zeros-la-3-6,zeros-la-3,211,2748,7,472,256,0,0,0,256,0,0,2,32,0,2,16,128,0,4,16,16,7,2,1,0,3,1,0,1,1,0,0,0
2780,7,zeros-la-3-6,zeros-la-3,212,2780,7,474,256,0,2,2,256,0,4,32,32,2,0,0,128,0,0,0,16,7,3,1,0,1,2,0,1,1,0,0,0
2848,8,zeros-la-3-6,zeros-la-3,213,2848,8,476,256,0,0,4,256,0,0,4,64,0,0,2,128,2,0,0,16,8,2,2,0,1,0,1,1,1,0,0,0
2856,8,zeros-la-3-6,zeros-la-3,214,2856,8,478,256,0,0,0,256,0,2,0,64,0,0,8,128,2,0,2,16,8,3,0,1,1,0,1,1,1,0,0,0
2860,8,zeros-la-3-6,zeros-la-3,215,2860,8,480,256,0,0,0,256,0,0,2,64,0,0,8,128,2,0,4,16,8,2,1,1,1,0,1,1,1,0,0,0
2860,7,zeros-la-3-6,zeros-la-3,216,2860,7,482,256,0,0,0,256,0,0,2,64,2,0,8,128,0,2,4,16,7,3,1,1,1,0,1,1,1,0,0,0
2860,6,zeros-la-3-6,zeros-la-3,217,2860,6,484,256,0,0,2,256,0,0,2,64,0,2,8,128,0,2,4,16,6,4,1,1,1,0,1,1,1,0,0,0
2868,7,zeros-la-3-6,zeros-la-3,218,2868,7,486,256,0,0,0,256,2,0,4,64,0,0,8,128,0,4,4,16,7,1,3,1,1,0,1,1,1,0,0,0
2876,7,zeros-la-3-6,zeros-la-3,219,2876,7,488,256,0,0,0,256,2,2,4,64,0,0,8,128,0,0,8,16,7,2,1,2,1,0,1,1,1,0,0,0
2892,7,zeros-la-3-6,zeros-la-3,220,2892,7,490,256,0,0,0,256,0,0,2,64,0,0,4,128,2,2,16,16,7,3,1,0,2,0,1,1,1,0,0,0
2928,8,zeros-la-3-6,zeros-la-3,221,2928,8,492,256,0,0,0,256,0,2,2,64,0,0,4,128,0,0,4,32,8,2,2,0,0,1,1,1,1,0,0,0
2936,8,zeros-la-3-6,zeros-la-3,222,2936,8,496,256,0,0,0,256,4,0,0,64,0,0,2,128,0,2,8,32,8,2,1,1,0,1,1,1,1,0,0,0
2936,7,zeros-la-3-6,zeros-la-3,223,2936,7,498,256,0,0,0,256,0,2,0,64,0,0,2,128,4,2,8,32,7,3,1,1,0,1,1,1,1,0,0,0
2940,7,zeros-la-3-6,zeros-la-3,224,2940,7,500,256,0,0,0,256,2,0,0,64,0,0,2,128,4,4,8,32,7,2,2,1,0,1,1,1,1,0,0,0
2948,7,zeros-la-3-6,zeros-la-3,225,2948,7,502,256,0,0,0,256,0,2,2,64,0,0,2,128,0,8,8,32,7,3,0,2,0,1,1,1,1,0,0,0
2968,8,zeros-la-3-6,zeros-la-3,226,2968,8,504,256,0,0,0,256,2,0,4,64,0,0,2,128,0,0,16,32,8,2,1,0,1,1,1,1,1,0,0,0
2968,7,zeros-la-3-6,zeros-la-3,227,2968,7,506,256,0,2,0,256,0,0,4,64,0,0,2,128,2,0,16,32,7,3,1,0,1,1,1,1,1,0,0,0
2968,6,zeros-la-3-6,zeros-la-3,228,2968,6,508,256,0,2,0,256,0,0,4,64,0,0,2,128,2,2,16,32,6,4,1,0,1,1,1,1,1,0,0,0
2972,6,zeros-la-3-6,zeros-la-3,229,2972,6,510,256,0,0,2,256,0,0,4,64,0,0,2,128,2,4,16,32,6,3,2,0,1,1,1,1,1,0,0,0
2972,5,zeros-la-3-6,zeros-la-3,230,2972,5,512,256,2,256,0,2,4,64,0,0,2,128,0,0,2,4,16,32,5,4,2,0,1,1,1,1,1,0,0,0
2976,5,zeros-la-3-6,zeros-la-3,231,2976,5,514,256,0,256,2,0,2,64,0,0,4,128,0,2,4,4,16,32,5,3,3,0,1,1,1,1,1,0,0,0
2984,5,zeros-la-3-6,zeros-la-3,232,2984,5,518,256,256,2,0,0,2,64,0,0,4,128,2,4,8,16,32,0,5,3,2,1,1,1,1,1,1,0,0,0
2984,4,zeros-la-3-6,zeros-la-3,233,2984,4,522,256,256,2,2,4,2,64,32,0,4,128,0,4,8,16,0,0,4,3,3,1,1,1,1,1,1,0,0,0
2988,4,zeros-la-3-6,zeros-la-3,234,2988,4,524,256,0,256,4,4,0,2,64,32,0,4,128,4,2,0,8,16,4,2,4,1,1,1,1,1,1,0,0,0
2996,4,zeros-la-3-6,zeros-la-3,235,2996,4,526,256,0,0,256,8,0,2,64,32,0,4,128,4,2,2,8,16,4,3,2,2,1,1,1,1,1,0,0,0
3000,4,zeros-la-3-6,zeros-la-3,236,3000,4,528,256,0,0,256,8,0,2,64,32,0,4,128,4,2,4,8,16,4,2,3,2,1,1,1,1,1,0,0,0
3008,4,zeros-la-3-6,zeros-la-3,237,3008,4,530,256,0,0,256,8,2,0,64,32,0,2,128,4,2,8,8,16,4,3,1,3,1,1,1,1,1,0,0,0
3024,4,zeros-la-3-6,zeros-la-3,238,3024,4,532,256,0,0,256,8,0,2,64,32,0,2,128,4,2,2,16,16,4,4,1,1,2,1,1,1,1,0,0,0
3060,5,zeros-la-3-6,zeros-la-3,239,3060,5,534,256,0,0,256,8,0,2,64,32,0,2,128,4,0,2,4,32,5,3,2,1,0,2,1,1,1,0,0,0
3064,5,zeros-la-3-6,zeros-la-3,240,3064,5,536,256,0,0,256,8,0,0,64,32,2,2,128,4,0,4,4,32,5,2,3,1,0,2,1,1,1,0,0,0
3076,6,zeros-la-3-6,zeros-la-3,241,3076,6,538,256,0,0,256,8,0,0,64,32,0,4,128,4,2,0,8,32,6,1,2,2,0,2,1,1,1,0,0,0
3076,5,zeros-la-3-6,zeros-la-3,242,3076,5,540,256,0,0,256,8,0,2,64,32,0,0,128,4,2,4,8,32,5,2,2,2,0,2,1,1,1,0,0,0
3076,4,zeros-la-3-6,zeros-la-3,243,3076,4,542,256,0,0,256,8,2,2,64,32,0,0,128,4,2,4,8,32,4,3,2,2,0,2,1,1,1,0,0,0
3080,4,zeros-la-3-6,zeros-la-3,244,3080,4,544,256,0,0,256,8,2,0,64,32,0,2,128,4,4,4,8,32,4,2,3,2,0,2,1,1,1,0,0,0
3088,4,zeros-la-3-6,zeros-la-3,245,3088,4,548,256,256,8,4,0,2,64,32,0,2,128,4,0,8,8,32,0,4,2,2,3,0,2,1,1,1,0,0,0
3104,4,zeros-la-3-6,zeros-la-3,246,3104,4,550,256,2,256,8,4,0,2,64,32,0,2,128,4,0,0,16,32,4,3,2,1,1,2,1,1,1,0,0,0
3108,4,zeros-la-3-6,zeros-la-3,247,3108,4,552,256,2,0,8,4,0,0,64,32,0,256,128,4,2,4,16,32,4,2,3,1,1,2,1,1,1,0,0,0
3112,4,zeros-la-3-6,zeros-la-3,248,3112,4,554,256,0,0,8,4,2,0,64,32,0,256,128,4,4,4,16,32,4,1,4,1,1,2,1,1,1,0,0,0
3112,3,zeros-la-3-6,zeros-la-3,249,3112,3,556,256,0,2,8,4,0,0,64,32,2,256,128,4,4,4,16,32,3,2,4,1,1,2,1,1,1,0,0,0
3120,3,zeros-la-3-6,zeros-la-3,250,3120,3,558,256,0,2,8,4,2,0,64,32,2,256,128,4,0,8,16,32,3,3,2,2,1,2,1,1,1,0,0,0
3120,2,zeros-la-3-6,zeros-la-3,251,3120,2,560,256,2,8,4,0,2,64,32,0,2,256,128,4,8,16,32,2,2,4,2,2,1,2,1,1,1,0,0,0
3124,2,zeros-la-3-6,zeros-la-3,252,3124,2,562,256,4,8,4,4,2,64,32,2,8,256,128,0,0,16,32,2,2,3,3,2,1,2,1,1,1,0,0,0
3132,2,zeros-la-3-6,zeros-la-3,253,3132,2,564,256,4,8,8,2,2,64,32,2,8,256,128,0,16,32,2,0,2,4,1,3,1,2,1,1,1,0,0,0
3148,2,zeros-la-3-6,zeros-la-3,254,3148,2,566,256,2,4,16,2,2,64,32,2,0,8,256,128,0,16,32,2,2,5,1,1,2,2,1,1,1,0,0,0
3156,3,zeros-la-3-6,zeros-la-3,255,3156,3,568,256,4,4,16,4,0,64,32,128,0,8,256,2,0,16,32,2,3,2,3,1,2,2,1,1,1,0,0,0
3164,3,zeros-la-3-6,zeros-la-3,256,3164,3,570,256,2,8,16,4,0,64,32,128,0,8,256,2,0,16,32,2,3,3,1,2,2,2,1,1,1,0,0,0
3168,3,zeros-la-3-6,zeros-la-3,257,3168,3,572,256,2,8,16,4,0,64,32,128,0,8,256,4,0,16,32,2,3,2,2,2,2,2,1,1,1,0,0,0
3168,2,zeros-la-3-6,zeros-la-3,258,3168,2,574,256,2,8,16,4,2,64,32,128,0,8,256,4,0,16,32,2,2,3,2,2,2,2,1,1,1,0,0,0
3172,2,zeros-la-3-6,zeros-la-3,259,3172,2,576,256,4,8,16,4,0,64,32,128,0,8,256,4,2,16,32,2,2,2,3,2,2,2,1,1,1,0,0,0
3172,1,zeros-la-3-6,zeros-la-3,260,3172,1,578,256,4,8,16,4,64,32,128,0,8,256,4,2,2,16,32,2,1,3,3,2,2,2,1,1,1,0,0,0
3176,1,zeros-la-3-6,zeros-la-3,261,3176,1,580,256,4,8,16,2,64,32,128,0,8,256,4,4,2,16,32,4,1,2,4,2,2,2,1,1,1,0,0,0
3184,1,zeros-la-3-6,zeros-la-3,262,3184,1,582,256,4,8,16,2,0,64,32,128,2,8,256,8,2,16,32,4,1,3,2,3,2,2,1,1,1,0,0,0
3188,1,zeros-la-3-6,zeros-la-3,263,3188,1,584,256,4,8,16,2,4,64,32,128,0,8,256,8,2,16,32,4,1,2,3,3,2,2,1,1,1,0,0,0
3196,1,zeros-la-3-6,zeros-la-3,264,3196,1,586,256,8,8,16,2,2,64,32,128,0,8,256,8,2,16,32,4,1,3,1,4,2,2,1,1,1,0,0,0
3212,1,zeros-la-3-6,zeros-la-3,265,3212,1,588,256,2,16,16,2,2,64,32,128,0,8,256,8,2,16,32,4,1,4,1,2,3,2,1,1,1,0,0,0
3244,1,zeros-la-3-6,zeros-la-3,266,3244,1,590,256,0,2,32,2,2,64,32,128,2,8,256,8,2,16,32,4,1,5,1,2,1,3,1,1,1,0,0,0
3312,2,zeros-la-3-6,zeros-la-3,267,3312,2,594,256,0,2,0,2,4,64,64,128,2,8,256,8,4,16,32,4,2,3,3,2,1,1,2,1,1,0,0,0
3444,3,zeros-la-3-6,zeros-la-3,268,3444,3,596,256,4,2,0,0,4,128,128,0,2,8,256,8,4,16,32,4,3,2,4,2,1,1,0,2,1,0,0,0
3700,3,zeros-la-3-6,zeros-la-3,269,3700,3,598,256,2,0,4,2,0,0,4,256,2,8,256,8,4,16,32,4,3,3,4,2,1,1,0,0,2,0,0,0
3712,4,zeros-la-3-6,zeros-la-3,270,3712,4,600,256,4,8,8,2,4,16,256,256,2,0,32,8,0,0,0,4,4,2,3,3,1,1,0,0,2,0,0,0
4240,5,zeros-la-3-6,zeros-la-3,271,4240,5,602,512,0,4,16,2,0,4,16,512,0,2,32,8,0,0,2,4,5,3,3,1,2,1,0,0,0,1,0,0
4280,6,zeros-la-3-6,zeros-la-3,272,4280,6,604,512,0,0,0,2,0,0,32,512,0,8,32,8,2,2,2,4,6,4,1,2,0,2,0,0,0,1,0,0
4284,6,zeros-la-3-6,zeros-la-3,273,4284,6,606,512,0,0,0,2,0,0,32,512,2,8,32,8,0,2,4,4,6,3,2,2,0,2,0,0,0,1,0,0
4292,6,zeros-la-3-6,zeros-la-3,274,4292,6,608,512,0,0,2,2,0,0,32,512,2,8,32,8,0,0,2,8,6,4,0,3,0,2,0,0,0,1,0,0
4372,7,zeros-la-3-6,zeros-la-3,275,4372,7,610,512,2,8,2,2,0,0,64,512,0,0,2,16,2,0,0,0,7,5,0,1,1,0,1,0,0,1,0,0
4376,7,zeros-la-3-6,zeros-la-3,276,4376,7,612,512,4,8,2,2,2,0,64,512,0,0,2,16,0,0,0,0,7,4,1,1,1,0,1,0,0,1,0,0
4380,7,zeros-la-3-6,zeros-la-3,277,4380,7,614,512,0,4,8,4,0,2,64,512,0,2,2,16,0,0,0,0,7,3,2,1,1,0,1,0,0,1,0,0
4384,7,zeros-la-3-6,zeros-la-3,278,4384,7,616,512,0,4,8,4,2,4,64,512,0,0,2,16,0,0,0,0,7,2,3,1,1,0,1,0,0,1,0,0
4392,7,zeros-la-3-6,zeros-la-3,279,4392,7,618,512,2,8,8,4,0,0,64,512,0,0,2,16,0,2,0,0,7,3,1,2,1,0,1,0,0,1,0,0
4408,7,zeros-la-3-6,zeros-la-3,280,4408,7,620,512,0,2,16,4,0,0,64,512,2,0,2,16,0,0,0,2,7,4,1,0,2,0,1,0,0,1,0,0
4408,6,zeros-la-3-6,zeros-la-3,281,4408,6,622,512,0,0,0,4,2,0,16,512,0,0,64,16,2,2,2,2,6,5,1,0,2,0,1,0,0,1,0,0
4416,7,zeros-la-3-6,zeros-la-3,282,4416,7,624,512,4,0,2,0,2,16,512,0,64,16,0,0,4,4,0,0,7,2,3,0,2,0,1,0,0,1,0,0
4424,7,zeros-la-3-6,zeros-la-3,283,4424,7,626,512,0,0,4,2,0,2,16,512,0,0,64,16,0,2,0,8,7,3,1,1,2,0,1,0,0,1,0,0
4428,7,zeros-la-3-6,zeros-la-3,284,4428,7,628,512,0,2,0,2,0,0,4,512,0,0,16,16,0,4,64,8,7,2,2,1,2,0,1,0,0,1,0,0
4464,8,zeros-la-3-6,zeros-la-3,285,4464,8,630,512,4,0,0,2,4,512,0,0,32,0,0,0,4,64,8,0,8,1,3,1,0,1,1,0,0,1,0,0
4472,8,zeros-la-3-6,zeros-la-3,286,4472,8,632,512,0,0,0,0,8,2,0,0,32,512,0,0,4,64,8,2,8,2,1,2,0,1,1,0,0,1,0,0
4472,7,zeros-la-3-6,zeros-la-3,287,4472,7,634,512,0,0,0,0,8,2,0,0,32,512,0,2,4,64,8,2,7,3,1,2,0,1,1,0,0,1,0,0
4476,7,zeros-la-3-6,zeros-la-3,288,4476,7,636,512,0,0,2,0,8,2,0,0,32,512,0,0,4,64,8,4,7,2,2,2,0,1,1,0,0,1,0,0
4476,6,zeros-la-3-6,zeros-la-3,289,4476,6,638,512,8,2,2,4,32,512,8,2,4,64,0,0,0,0,0,0,6,3,2,2,0,1,1,0,0,1,0,0
4480,6,zeros-la-3-6,zeros-la-3,290,4480,6,642,512,8,4,4,0,32,512,8,2,4,64,0,4,0,0,0,0,6,1,4,2,0,1,1,0,0,1,0,0
4488,6,zeros-la-3-6,zeros-la-3,291,4488,6,644,512,8,8,0,0,32,512,8,2,4,64,4,0,0,0,0,2,6,2,2,3,0,1,1,0,0,1,0,0
4492,6,zeros-la-3-6,zeros-la-3,292,4492,6,646,512,0,0,2,0,8,8,0,0,32,512,8,0,4,64,4,4,6,1,3,3,0,1,1,0,0,1,0,0
4516,7,zeros-la-3-6,zeros-la-3,293,4516,7,648,512,0,2,0,2,0,0,0,16,0,32,512,8,0,4,64,8,7,2,1,2,1,1,1,0,0,1,0,0
4532,7,zeros-la-3-6,zeros-la-3,294,4532,7,650,512,2,0,0,0,0,2,0,2,0,32,512,16,0,4,64,16,7,3,1,0,2,1,1,0,0,1,0,0
4564,7,zeros-la-3-6,zeros-la-3,295,4564,7,652,512,0,0,0,0,0,2,2,0,0,32,512,2,2,4,64,32,7,4,1,0,0,2,1,0,0,1,0,0
4564,6,zeros-la-3-6,zeros-la-3,296,4564,6,654,512,2,2,2,2,0,32,512,32,2,4,64,0,0,0,0,0,6,5,1,0,0,2,1,0,0,1,0,0
4572,7,zeros-la-3-6,zeros-la-3,297,4572,7,656,512,0,2,4,4,0,32,512,32,0,2,4,64,0,0,0,0,7,2,3,0,0,2,1,0,0,1,0,0
4580,7,zeros-la-3-6,zeros-la-3,298,4580,7,658,512,0,0,2,8,2,32,512,32,0,2,4,64,0,0,0,0,7,3,1,1,0,2,1,0,0,1,0,0
4580,6,zeros-la-3-6,zeros-la-3,299,4580,6,660,512,0,0,0,0,2,0,2,8,0,32,512,32,2,2,4,64,6,4,1,1,0,2,1,0,0,1,0,0
4588,7,zeros-la-3-6,zeros-la-3,300,4588,7,662,512,0,0,0,0,0,2,4,8,0,32,512,32,0,4,4,64,7,1,3,1,0,2,1,0,0,1,0,0
4596,7,zeros-la-3-6,zeros-la-3,301,4596,7,664,512,0,0,2,0,0,2,4,8,0,32,512,32,0,0,8,64,7,2,1,2,0,2,1,0,0,1,0,0
4596,6,zeros-la-3-6,zeros-la-3,302,4596,6,666,512,2,0,0,0,2,4,8,2,32,512,32,0,8,64,0,0,6,3,1,2,0,2,1,0,0,1,0,0
4600,6,zeros-la-3-6,zeros-la-3,303,4600,6,668,512,4,4,8,2,32,512,32,2,8,64,0,0,0,0,0,0,6,2,2,2,0,2,1,0,0,1,0,0
4608,6,zeros-la-3-6,zeros-la-3,304,4608,6,670,512,8,8,2,2,32,512,32,2,8,64,0,0,0,0,0,0,6,3,0,3,0,2,1,0,0,1,0,0
4628,7,zeros-la-3-6,zeros-la-3,305,4628,7,672,512,16,4,2,0,32,512,32,2,8,64,0,0,0,0,0,0,7,2,1,1,1,2,1,0,0,1,0,0
4628,6,zeros-la-3-6,zeros-la-3,306,4628,6,674,512,0,2,0,0,16,4,0,0,32,512,2,0,8,64,32,2,6,3,1,1,1,2,1,0,0,1,0,0
4628,5,zeros-la-3-6,zeros-la-3,307,4628,5,678,512,0,2,0,0,16,4,4,0,32,512,2,0,8,64,32,2,5,3,2,1,1,2,1,0,0,1,0,0
4636,5,zeros-la-3-6,zeros-la-3,308,4636,5,680,512,2,0,0,0,16,8,0,0,32,512,2,2,8,64,32,2,5,4,0,2,1,2,1,0,0,1,0,0
4640,5,zeros-la-3-6,zeros-la-3,309,4640,5,682,512,2,0,0,0,16,8,2,0,32,512,2,0,8,64,32,4,5,3,1,2,1,2,1,0,0,1,0,0
4644,5,zeros-la-3-6,zeros-la-3,310,4644,5,684,512,2,8,4,4,16,512,32,0,32,64,0,0,8,2,0,0,5,2,2,2,1,2,1,0,0,1,0,0
4652,5,zeros-la-3-6,zeros-la-3,311,4652,5,686,512,2,8,8,0,16,512,32,0,32,64,2,0,8,2,0,0,5,3,0,3,1,2,1,0,0,1,0,0
4668,5,zeros-la-3-6,zeros-la-3,312,4668,5,688,512,0,2,2,16,0,16,512,32,0,32,64,2,0,0,8,2,5,4,0,1,2,2,1,0,0,1,0,0
4672,5,zeros-la-3-6,zeros-la-3,313,4672,5,690,512,0,2,2,16,2,16,512,32,0,32,64,4,0,0,8,0,5,3,1,1,2,2,1,0,0,1,0,0
4676,5,zeros-la-3-6,zeros-la-3,314,4676,5,692,512,2,0,4,16,2,16,512,32,0,32,64,4,0,0,0,8,5,2,2,1,2,2,1,0,0,1,0,0
4680,5,zeros-la-3-6,zeros-la-3,315,4680,5,694,512,0,2,0,16,0,0,4,32,0,16,512,4,4,32,64,8,5,1,3,1,2,2,1,0,0,1,0,0
4680,4,zeros-la-3-6,zeros-la-3,316,4680,4,696,512,0,0,2,16,0,0,4,32,2,16,512,4,4,32,64,8,4,2,3,1,2,2,1,0,0,1,0,0
4680,3,zeros-la-3-6,zeros-la-3,317,4680,3,698,512,0,0,2,16,0,2,4,32,2,16,512,4,4,32,64,8,3,3,3,1,2,2,1,0,0,1,0,0
4680,2,zeros-la-3-6,zeros-la-3,318,4680,2,700,512,0,2,2,16,0,2,4,32,2,16,512,4,4,32,64,8,2,4,3,1,2,2,1,0,0,1,0,0
4684,2,zeros-la-3-6,zeros-la-3,319,4684,2,702,512,0,2,4,16,0,2,4,32,2,16,512,4,4,32,64,8,2,3,4,1,2,2,1,0,0,1,0,0
4684,1,zeros-la-3-6,zeros-la-3,320,4684,1,704,512,0,2,4,16,2,2,4,32,2,16,512,4,4,32,64,8,1,4,4,1,2,2,1,0,0,1,0,0
4700,3,zeros-la-3-6,zeros-la-3,321,4700,3,706,512,4,4,8,16,4,16,512,32,0,32,64,4,0,0,2,8,3,1,4,2,2,2,1,0,0,1,0,0
4708,3,zeros-la-3-6,zeros-la-3,322,4708,3,708,512,2,8,8,16,4,16,512,32,0,32,64,4,0,0,2,8,3,2,2,3,2,2,1,0,0,1,0,0
4724,3,zeros-la-3-6,zeros-la-3,323,4724,3,710,512,0,2,16,16,4,16,512,32,0,32,64,4,2,0,2,8,3,3,2,1,3,2,1,0,0,1,0,0
4760,4,zeros-la-3-6,zeros-la-3,324,4760,4,712,512,2,0,2,32,4,16,512,32,0,32,64,4,0,0,4,8,4,2,3,1,1,3,1,0,0,1,0,0
4824,4,zeros-la-3-6,zeros-la-3,325,4824,4,714,512,2,0,2,0,0,0,512,64,2,16,64,4,4,32,4,8,4,3,3,1,1,1,2,0,0,1,0,0
4828,4,zeros-la-3-6,zeros-la-3,326,4828,4,716,512,0,0,2,0,0,2,512,64,4,16,64,4,4,32,4,8,4,2,4,1,1,1,2,0,0,1,0,0
4828,3,zeros-la-3-6,zeros-la-3,327,4828,3,718,512,2,0,0,2,2,512,64,0,4,16,64,4,4,32,4,8,3,3,4,1,1,1,2,0,0,1,0,0
4968,5,zeros-la-3-6,zeros-la-3,328,4968,5,720,512,4,512,128,2,8,16,4,4,0,32,2,8,0,0,0,0,5,2,3,2,1,1,0,1,0,1,0,0
4976,5,zeros-la-3-6,zeros-la-3,329,4976,5,722,512,4,512,128,2,8,16,8,0,32,2,8,0,0,0,0,2,5,3,1,3,1,1,0,1,0,1,0,0
4996,6,zeros-la-3-6,zeros-la-3,330,4996,6,724,512,4,512,128,4,8,16,16,0,32,2,0,0,0,0,0,2,6,2,2,1,2,1,0,1,0,1,0,0
5028,6,zeros-la-3-6,zeros-la-3,331,5028,6,726,512,4,512,128,4,0,0,8,32,0,0,32,2,0,2,0,2,6,3,2,1,0,2,0,1,0,1,0,0
5032,6,zeros-la-3-6,zeros-la-3,332,5032,6,728,512,4,512,128,4,0,2,8,32,0,0,32,4,2,0,0,0,6,2,3,1,0,2,0,1,0,1,0,0
5032,5,zeros-la-3-6,zeros-la-3,333,5032,5,730,512,2,0,0,0,0,0,128,4,4,512,8,32,2,2,32,4,5,3,3,1,0,2,0,1,0,1,0,0
5036,5,zeros-la-3-6,zeros-la-3,334,5036,5,732,512,0,2,0,2,0,0,128,4,4,512,8,32,0,4,32,4,5,2,4,1,0,2,0,1,0,1,0,0
5040,5,zeros-la-3-6,zeros-la-3,335,5040,5,736,512,4,0,0,0,128,4,4,0,4,512,8,32,4,32,4,0,5,0,6,1,0,2,0,1,0,1,0,0
5048,5,zeros-la-3-6,zeros-la-3,336,5048,5,738,512,0,0,0,0,4,4,4,2,128,512,8,0,8,32,4,32,5,1,4,2,0,2,0,1,0,1,0,0
5056,5,zeros-la-3-6,zeros-la-3,337,5056,5,740,512,0,0,0,0,2,4,8,2,0,128,512,8,8,32,4,32,5,2,2,3,0,2,0,1,0,1,0,0
5056,4,zeros-la-3-6,zeros-la-3,338,5056,4,742,512,0,0,2,0,2,4,8,2,128,512,8,0,8,32,4,32,4,3,2,3,0,2,0,1,0,1,0,0
5056,3,zeros-la-3-6,zeros-la-3,339,5056,3,744,512,2,2,0,0,2,4,8,2,128,512,8,0,8,32,4,32,3,4,2,3,0,2,0,1,0,1,0,0
5076,4,zeros-la-3-6,zeros-la-3,340,5076,4,748,512,0,2,0,0,4,4,0,4,128,512,16,2,8,32,4,32,4,2,4,1,1,2,0,1,0,1,0,0
5084,4,zeros-la-3-6,zeros-la-3,341,5084,4,750,512,2,0,2,0,8,4,0,0,128,512,16,2,8,32,4,32,4,3,2,2,1,2,0,1,0,1,0,0
5088,4,zeros-la-3-6,zeros-la-3,342,5088,4,752,512,0,0,0,4,2,0,8,4,128,512,16,2,8,32,4,32,4,2,3,2,1,2,0,1,0,1,0,0
5096,4,zeros-la-3-6,zeros-la-3,343,5096,4,754,512,2,512,8,8,128,32,16,2,8,2,4,32,0,0,0,0,4,3,1,3,1,2,0,1,0,1,0,0
5112,4,zeros-la-3-6,zeros-la-3,344,5112,4,756,512,2,512,16,2,128,32,16,2,8,2,4,32,0,0,0,0,4,4,1,1,2,2,0,1,0,1,0,0
5148,5,zeros-la-3-6,zeros-la-3,345,5148,5,758,512,0,2,0,0,2,512,0,0,128,32,32,4,8,2,4,32,5,3,2,1,0,3,0,1,0,1,0,0
5212,5,zeros-la-3-6,zeros-la-3,346,5212,5,760,512,2,0,0,2,2,512,0,0,128,64,4,0,8,2,4,32,5,4,2,1,0,1,1,1,0,1,0,0
5224,6,zeros-la-3-6,zeros-la-3,347,5224,6,762,512,4,512,8,2,128,64,0,32,8,2,0,0,2,0,0,0,6,3,1,2,0,1,1,1,0,1,0,0
5224,5,zeros-la-3-6,zeros-la-3,348,5224,5,764,512,4,0,0,0,128,512,0,2,8,64,0,2,2,2,8,32,5,4,1,2,0,1,1,1,0,1,0,0
5228,5,zeros-la-3-6,zeros-la-3,349,5228,5,766,512,0,0,0,4,2,128,512,2,0,8,64,2,0,4,8,32,5,3,2,2,0,1,1,1,0,1,0,0
5232,5,zeros-la-3-6,zeros-la-3,350,5232,5,768,512,2,128,512,4,0,8,64,4,2,4,8,32,0,0,0,0,5,2,3,2,0,1,1,1,0,1,0,0
5244,6,zeros-la-3-6,zeros-la-3,351,5244,6,770,512,0,0,0,0,2,128,512,0,0,8,64,8,4,4,8,32,6,1,2,3,0,1,1,1,0,1,0,0
5252,6,zeros-la-3-6,zeros-la-3,352,5252,6,774,512,0,0,0,4,2,128,512,0,8,64,8,0,8,8,32,0,6,1,1,4,0,1,1,1,0,1,0,0
5268,6,zeros-la-3-6,zeros-la-3,353,5268,6,776,512,2,128,512,4,16,64,8,2,0,8,32,0,0,0,0,0,6,2,1,2,1,1,1,1,0,1,0,0
5268,5,zeros-la-3-6,zeros-la-3,354,5268,5,778,512,2,128,512,4,16,64,8,2,0,8,32,0,0,0,0,2,5,3,1,2,1,1,1,1,0,1,0,0
5272,5,zeros-la-3-6,zeros-la-3,355,5272,5,780,512,2,128,512,4,16,64,8,4,0,8,32,0,0,2,0,0,5,2,2,2,1,1,1,1,0,1,0,0
5280,5,zeros-la-3-6,zeros-la-3,356,5280,5,782,512,2,128,512,8,16,64,8,0,0,8,32,0,0,2,2,0,5,3,0,3,1,1,1,1,0,1,0,0
5284,5,zeros-la-3-6,zeros-la-3,357,5284,5,784,512,2,128,512,8,0,16,64,8,0,0,8,32,2,0,0,4,5,2,1,3,1,1,1,1,0,1,0,0
5304,6,zeros-la-3-6,zeros-la-3,358,5304,6,786,512,4,128,512,16,0,16,64,32,0,2,8,4,0,0,0,0,6,1,2,1,2,1,1,1,0,1,0,0
5304,5,zeros-la-3-6,zeros-la-3,359,5304,5,788,512,4,128,512,16,0,16,64,32,2,2,8,4,0,0,0,0,5,2,2,1,2,1,1,1,0,1,0,0
5308,5,zeros-la-3-6,zeros-la-3,360,5308,5,790,512,4,128,512,16,0,16,64,32,0,4,8,4,0,0,2,0,5,1,3,1,2,1,1,1,0,1,0,0
5308,4,zeros-la-3-6,zeros-la-3,361,5308,4,794,512,4,128,512,16,16,64,32,0,4,8,4,4,2,0,0,0,4,1,4,1,2,1,1,1,0,1,0,0
5316,4,zeros-la-3-6,zeros-la-3,362,5316,4,796,512,4,128,512,16,16,64,32,0,4,8,8,0,2,2,0,0,4,2,2,2,2,1,1,1,0,1,0,0
5336,5,zeros-la-3-6,zeros-la-3,363,5336,5,798,512,4,128,512,16,16,64,32,0,4,16,0,0,4,2,0,0,5,1,3,0,3,1,1,1,0,1,0,0
5344,5,zeros-la-3-6,zeros-la-3,364,5344,5,802,512,0,128,0,0,4,64,0,4,16,16,512,0,8,2,32,16,5,1,2,1,3,1,1,1,0,1,0,0
5376,5,zeros-la-3-6,zeros-la-3,365,5376,5,804,512,0,0,0,128,0,4,64,4,2,0,32,512,8,2,32,16,5,2,2,1,1,2,1,1,0,1,0,0
5440,5,zeros-la-3-6,zeros-la-3,366,5440,5,806,512,2,4,64,128,8,2,64,4,2,0,0,512,0,0,0,16,5,3,2,1,1,0,2,1,0,1,0,0
5568,5,zeros-la-3-6,zeros-la-3,367,5568,5,808,512,2,4,128,128,8,2,0,4,2,0,0,512,0,2,0,16,5,4,2,1,1,0,0,2,0,1,0,0
5572,5,zeros-la-3-6,zeros-la-3,368,5572,5,810,512,2,4,128,128,8,4,0,4,2,0,0,512,2,0,0,16,5,3,3,1,1,0,0,2,0,1,0,0
5836,6,zeros-la-3-6,zeros-la-3,369,5836,6,814,512,0,2,4,256,0,0,8,8,0,0,2,512,4,0,2,16,6,3,2,2,1,0,0,0,1,1,0,0
5852,6,zeros-la-3-6,zeros-la-3,370,5852,6,816,512,2,2,4,256,0,0,0,16,0,0,2,512,0,4,2,16,6,4,2,0,2,0,0,0,1,1,0,0
5856,6,zeros-la-3-6,zeros-la-3,371,5856,6,818,512,0,4,4,256,0,0,0,16,0,2,2,512,0,4,2,16,6,3,3,0,2,0,0,0,1,1,0,0
5860,6,zeros-la-3-6,zeros-la-3,372,5860,6,822,512,0,0,4,256,0,4,0,16,0,2,4,512,0,4,4,16,6,1,5,0,2,0,0,0,1,1,0,0
5868,6,zeros-la-3-6,zeros-la-3,373,5868,6,824,512,0,0,4,256,2,0,4,16,0,2,4,512,0,0,8,16,6,2,3,1,2,0,0,0,1,1,0,0
5876,6,zeros-la-3-6,zeros-la-3,374,5876,6,826,512,0,0,2,256,0,0,4,16,0,0,8,512,2,2,8,16,6,3,1,2,2,0,0,0,1,1,0,0
5892,6,zeros-la-3-6,zeros-la-3,375,5892,6,828,512,0,0,0,256,0,2,2,16,0,0,4,512,2,2,16,16,6,4,1,0,3,0,0,0,1,1,0,0
5932,8,zeros-la-3-6,zeros-la-3,376,5932,8,830,512,256,0,0,0,4,16,0,2,4,512,0,0,4,32,0,0,8,1,3,0,1,1,0,0,1,1,0,0
5932,7,zeros-la-3-6,zeros-la-3,377,5932,7,834,512,256,0,0,4,4,16,2,0,4,512,0,0,4,32,0,0,7,1,4,0,1,1,0,0,1,1,0,0
5932,6,zeros-la-3-6,zeros-la-3,378,5932,6,836,512,256,4,0,0,4,16,2,0,4,512,2,0,4,32,0,0,6,2,4,0,1,1,0,0,1,1,0,0
5944,7,zeros-la-3-6,zeros-la-3,379,5944,7,838,512,256,4,4,2,8,16,0,0,4,512,0,0,0,32,0,0,7,1,3,1,1,1,0,0,1,1,0,0
5952,7,zeros-la-3-6,zeros-la-3,380,5952,7,842,512,256,8,2,0,8,16,0,0,4,512,4,0,32,0,0,0,7,1,2,2,1,1,0,0,1,1,0,0
5952,6,zeros-la-3-6,zeros-la-3,381,5952,6,844,512,256,0,0,0,8,8,0,2,4,16,2,0,32,512,4,0,6,2,2,2,1,1,0,0,1,1,0,0
5968,6,zeros-la-3-6,zeros-la-3,382,5968,6,848,512,0,0,0,256,0,0,16,2,4,4,16,2,0,32,512,4,6,2,3,0,2,1,0,0,1,1,0,0
6004,7,zeros-la-3-6,zeros-la-3,383,6004,7,850,512,4,4,32,256,0,32,512,4,0,0,0,4,0,0,0,2,7,1,4,0,0,2,0,0,1,1,0,0
6012,7,zeros-la-3-6,zeros-la-3,384,6012,7,854,512,0,8,32,256,0,32,512,4,0,0,0,4,4,0,0,2,7,1,3,1,0,2,0,0,1,1,0,0
6020,7,zeros-la-3-6,zeros-la-3,385,6020,7,856,512,2,0,0,0,0,0,0,256,0,8,32,8,4,32,512,2,7,2,1,2,0,2,0,0,1,1,0,0
6020,6,zeros-la-3-6,zeros-la-3,386,6020,6,858,512,2,0,0,0,256,0,2,0,8,32,8,0,4,32,512,2,6,3,1,2,0,2,0,0,1,1,0,0
6084,6,zeros-la-3-6,zeros-la-3,387,6084,6,860,512,2,0,0,0,256,0,2,2,8,0,8,0,4,64,512,2,6,4,1,2,0,0,1,0,1,1,0,0
6104,7,zeros-la-3-6,zeros-la-3,388,6104,7,864,512,2,0,0,0,256,4,0,0,16,0,0,4,4,64,512,2,7,2,3,0,1,0,1,0,1,1,0,0
6104,6,zeros-la-3-6,zeros-la-3,389,6104,6,866,512,2,0,0,2,256,4,0,0,16,4,0,0,4,64,512,2,6,3,3,0,1,0,1,0,1,1,0,0
6108,6,zeros-la-3-6,zeros-la-3,390,6108,6,868,512,4,0,0,0,256,4,2,0,16,4,0,0,4,64,512,2,6,2,4,0,1,0,1,0,1,1,0,0
6116,6,zeros-la-3-6,zeros-la-3,391,6116,6,872,512,4,8,2,2,256,64,512,0,16,0,0,0,4,0,0,4,6,2,3,1,1,0,1,0,1,1,0,0
6128,7,zeros-la-3-6,zeros-la-3,392,6128,7,874,512,0,4,8,4,0,256,64,512,0,0,0,16,0,2,0,8,7,1,2,2,1,0,1,0,1,1,0,0
6128,6,zeros-la-3-6,zeros-la-3,393,6128,6,876,512,0,0,0,4,0,4,0,512,0,256,8,16,2,2,64,8,6,2,2,2,1,0,1,0,1,1,0,0
6132,6,zeros-la-3-6,zeros-la-3,394,6132,6,878,512,4,0,0,0,4,512,0,0,256,8,16,2,4,64,8,0,6,1,3,2,1,0,1,0,1,1,0,0
6140,6,zeros-la-3-6,zeros-la-3,395,6140,6,880,512,8,512,16,2,256,8,8,0,4,64,0,0,0,0,2,0,6,2,1,3,1,0,1,0,1,1,0,0
6140,5,zeros-la-3-6,zeros-la-3,396,6140,5,882,512,2,0,0,0,8,512,16,0,256,8,8,0,4,64,2,2,5,3,1,3,1,0,1,0,1,1,0,0
6160,6,zeros-la-3-6,zeros-la-3,397,6160,6,884,512,2,0,0,2,0,8,512,16,0,0,256,16,0,4,64,4,6,2,2,1,2,0,1,0,1,1,0,0
6192,6,zeros-la-3-6,zeros-la-3,398,6192,6,886,512,2,8,512,2,0,4,256,32,0,0,64,4,2,0,0,0,6,3,2,1,0,1,1,0,1,1,0,0
6196,6,zeros-la-3-6,zeros-la-3,399,6196,6,888,512,2,0,0,0,0,0,512,2,0,8,256,32,4,4,64,4,6,2,3,1,0,1,1,0,1,1,0,0
6204,6,zeros-la-3-6,zeros-la-3,400,6204,6,890,512,0,0,0,2,0,0,512,2,2,8,256,32,0,8,64,4,6,3,1,2,0,1,1,0,1,1,0,0
6224,7,zeros-la-3-6,zeros-la-3,401,6224,7,892,512,0,0,0,0,0,0,512,4,0,2,256,32,2,16,64,4,7,2,2,0,1,1,1,0,1,1,0,0
6224,6,zeros-la-3-6,zeros-la-3,402,6224,6,894,512,2,2,512,4,0,16,256,32,0,0,64,4,0,0,2,0,6,3,2,0,1,1,1,0,1,1,0,0
6224,5,zeros-la-3-6,zeros-la-3,403,6224,5,898,512,2,2,512,4,0,16,256,32,0,4,64,4,0,0,2,0,5,3,3,0,1,1,1,0,1,1,0,0
6228,5,zeros-la-3-6,zeros-la-3,404,6228,5,900,512,0,4,512,4,0,16,256,32,0,4,64,4,2,0,0,2,5,2,4,0,1,1,1,0,1,1,0,0
6232,5,zeros-la-3-6,zeros-la-3,405,6232,5,902,512,0,4,512,4,0,16,256,32,2,4,64,4,0,0,0,4,5,1,5,0,1,1,1,0,1,1,0,0
6232,4,zeros-la-3-6,zeros-la-3,406,6232,4,904,512,0,4,512,4,0,16,256,32,2,4,64,4,0,0,2,4,4,2,5,0,1,1,1,0,1,1,0,0
6232,3,zeros-la-3-6,zeros-la-3,407,6232,3,906,512,0,4,512,4,2,16,256,32,2,4,64,4,0,0,2,4,3,3,5,0,1,1,1,0,1,1,0,0
6244,4,zeros-la-3-6,zeros-la-3,408,6244,4,908,512,4,4,512,4,2,16,256,32,0,4,64,8,0,0,2,0,4,2,4,1,1,1,1,0,1,1,0,0
6252,4,zeros-la-3-6,zeros-la-3,409,6252,4,910,512,0,8,512,4,2,16,256,32,0,4,64,8,2,0,0,2,4,3,2,2,1,1,1,0,1,1,0,0
6256,4,zeros-la-3-6,zeros-la-3,410,6256,4,912,512,0,0,0,4,2,8,512,32,0,16,256,8,4,4,64,2,4,2,3,2,1,1,1,0,1,1,0,0
6264,4,zeros-la-3-6,zeros-la-3,411,6264,4,916,512,4,0,0,0,2,8,512,32,16,256,8,0,8,64,2,4,4,2,2,3,1,1,1,0,1,1,0,0
6264,3,zeros-la-3-6,zeros-la-3,412,6264,3,920,512,4,8,512,32,2,256,8,4,16,64,2,0,8,4,0,0,3,2,3,3,1,1,1,0,1,1,0,0
6264,2,zeros-la-3-6,zeros-la-3,413,6264,2,922,512,4,8,512,32,2,256,8,4,16,64,2,0,8,4,0,2,2,3,3,3,1,1,1,0,1,1,0,0
6264,1,zeros-la-3-6,zeros-la-3,414,6264,1,924,512,4,8,512,32,2,256,8,4,2,16,64,2,0,8,4,2,1,4,3,3,1,1,1,0,1,1,0,0
6272,2,zeros-la-3-6,zeros-la-3,415,6272,2,926,512,0,8,512,0,2,256,8,32,4,16,64,4,4,8,4,4,2,1,5,3,1,1,1,0,1,1,0,0
6288,3,zeros-la-3-6,zeros-la-3,416,6288,3,928,512,2,8,512,32,8,256,8,8,0,16,64,2,0,8,4,0,3,2,1,5,1,1,1,0,1,1,0,0
6304,3,zeros-la-3-6,zeros-la-3,417,6304,3,930,512,2,8,512,32,0,8,256,16,0,16,64,2,2,0,8,4,3,3,1,3,2,1,1,0,1,1,0,0
6324,4,zeros-la-3-6,zeros-la-3,418,6324,4,934,512,4,16,512,32,4,16,256,16,0,0,64,2,0,0,8,4,4,1,3,1,3,1,1,0,1,1,0,0
6364,5,zeros-la-3-6,zeros-la-3,419,6364,5,936,512,8,32,512,32,0,2,256,16,0,0,64,2,0,0,8,4,5,2,1,2,1,2,1,0,1,1,0,0
6364,4,zeros-la-3-6,zeros-la-3,420,6364,4,938,512,8,32,512,32,0,2,256,16,0,0,64,2,0,2,8,4,4,3,1,2,1,2,1,0,1,1,0,0
6368,4,zeros-la-3-6,zeros-la-3,421,6368,4,940,512,8,32,512,32,0,4,256,16,0,0,64,2,2,0,8,4,4,2,2,2,1,2,1,0,1,1,0,0
6368,3,zeros-la-3-6,zeros-la-3,422,6368,3,942,512,8,32,512,32,4,256,16,0,64,2,0,0,2,8,4,2,3,3,2,2,1,2,1,0,1,1,0,0
6368,2,zeros-la-3-6,zeros-la-3,423,6368,2,944,512,8,32,512,32,0,4,256,16,2,0,64,2,2,8,4,2,2,4,2,2,1,2,1,0,1,1,0,0
6376,3,zeros-la-3-6,zeros-la-3,424,6376,3,946,512,8,32,512,32,4,4,256,16,0,8,64,4,2,0,4,0,3,1,4,2,1,2,1,0,1,1,0,0
6384,3,zeros-la-3-6,zeros-la-3,425,6384,3,948,512,8,32,512,32,0,8,256,16,2,8,64,4,0,0,2,4,3,2,2,3,1,2,1,0,1,1,0,0
6408,4,zeros-la-3-6,zeros-la-3,426,6408,4,950,512,8,32,512,32,2,16,256,16,0,2,64,8,0,0,2,0,4,3,0,2,2,2,1,0,1,1,0,0
6408,3,zeros-la-3-6,zeros-la-3,427,6408,3,952,512,8,32,512,32,2,16,256,16,2,2,64,8,0,0,2,0,3,4,0,2,2,2,1,0,1,1,0,0
6412,3,zeros-la-3-6,zeros-la-3,428,6412,3,956,512,8,32,512,32,4,16,256,16,0,2,64,8,0,0,2,4,3,2,2,2,2,2,1,0,1,1,0,0
6412,2,zeros-la-3-6,zeros-la-3,429,6412,2,958,512,8,32,512,32,4,16,256,16,2,64,8,0,2,4,0,2,2,3,2,2,2,2,1,0,1,1,0,0
6416,2,zeros-la-3-6,zeros-la-3,430,6416,2,960,512,8,32,512,32,4,16,256,16,4,64,8,2,0,4,2,0,2,2,3,2,2,2,1,0,1,1,0,0
6424,2,zeros-la-3-6,zeros-la-3,431,6424,2,962,512,0,32,512,2,0,16,256,32,8,64,8,16,8,4,2,2,2,3,1,3,2,2,1,0,1,1,0,0
6428,2,zeros-la-3-6,zeros-la-3,432,6428,2,964,512,32,512,2,2,16,256,32,0,8,64,8,16,8,4,4,0,2,2,2,3,2,2,1,0,1,1,0,0
6440,3,zeros-la-3-6,zeros-la-3,433,6440,3,966,512,32,512,4,0,16,256,32,0,8,64,8,16,8,8,0,2,3,1,1,4,2,2,1,0,1,1,0,0
6456,3,zeros-la-3-6,zeros-la-3,434,6456,3,968,512,0,512,0,2,32,256,4,0,16,64,32,16,16,8,8,2,3,2,1,2,3,2,1,0,1,1,0,0
6488,3,zeros-la-3-6,zeros-la-3,435,6488,3,972,512,4,512,0,0,0,256,4,2,32,64,32,16,32,8,8,2,3,2,2,2,1,3,1,0,1,1,0,0
6504,3,zeros-la-3-6,zeros-la-3,436,6504,3,974,512,4,512,0,0,256,4,2,0,32,64,32,16,32,16,2,2,3,3,2,0,2,3,1,0,1,1,0,0
6568,3,zeros-la-3-6,zeros-la-3,437,6568,3,976,512,0,512,0,0,4,4,2,2,256,64,32,16,64,16,2,2,3,4,2,0,2,1,2,0,1,1,0,0
6584,5,zeros-la-3-6,zeros-la-3,438,6584,5,980,512,0,0,0,512,0,4,8,4,256,64,32,16,0,64,16,4,5,0,3,1,2,1,2,0,1,1,0,0
6712,5,zeros-la-3-6,zeros-la-3,439,6712,5,982,512,0,0,0,512,2,0,8,4,0,4,32,16,256,128,16,4,5,1,3,1,2,1,0,1,1,1,0,0
6712,4,zeros-la-3-6,zeros-la-3,440,6712,4,984,512,512,2,0,0,2,8,4,0,4,32,16,0,256,128,16,4,4,2,3,1,2,1,0,1,1,1,0,0
6712,3,zeros-la-3-6,zeros-la-3,441,6712,3,986,512,512,2,2,0,2,8,4,0,4,32,16,0,256,128,16,4,3,3,3,1,2,1,0,1,1,1,0,0
6744,3,zeros-la-3-6,zeros-la-3,442,6744,3,988,512,512,2,2,4,2,8,4,0,4,32,32,0,256,128,2,0,3,4,3,1,0,2,0,1,1,1,0,0
6812,4,zeros-la-3-6,zeros-la-3,443,6812,4,990,512,0,512,4,4,0,2,8,4,0,2,4,64,0,256,128,2,4,3,4,1,0,0,1,1,1,1,0,0
6824,5,zeros-la-3-6,zeros-la-3,444,6824,5,992,512,0,2,4,0,0,512,8,8,0,4,4,64,0,256,128,2,5,2,3,2,0,0,1,1,1,1,0,0
6848,6,zeros-la-3-6,zeros-la-3,445,6848,6,994,512,2,4,0,2,512,16,0,0,8,64,0,0,256,128,2,0,6,3,1,1,1,0,1,1,1,1,0,0
6848,5,zeros-la-3-6,zeros-la-3,446,6848,5,996,512,2,4,2,2,512,16,0,0,8,64,0,0,256,128,0,2,5,4,1,1,1,0,1,1,1,1,0,0
6852,5,zeros-la-3-6,zeros-la-3,447,6852,5,998,512,2,4,4,0,512,16,0,2,8,64,0,0,256,128,2,0,5,3,2,1,1,0,1,1,1,1,0,0
6860,5,zeros-la-3-6,zeros-la-3,448,6860,5,1000,512,2,8,0,0,512,16,2,0,8,64,2,0,256,128,2,0,5,4,0,2,1,0,1,1,1,1,0,0
6864,5,zeros-la-3-6,zeros-la-3,449,6864,5,1002,512,2,8,0,0,512,16,0,0,8,64,2,0,256,128,4,2,5,3,1,2,1,0,1,1,1,1,0,0
6864,4,zeros-la-3-6,zeros-la-3,450,6864,4,1004,512,2,8,0,0,512,16,0,0,8,64,2,2,256,128,4,2,4,4,1,2,1,0,1,1,1,1,0,0
6868,4,zeros-la-3-6,zeros-la-3,451,6868,4,1006,512,2,8,0,0,512,16,0,2,8,64,2,0,256,128,4,4,4,3,2,2,1,0,1,1,1,1,0,0
6876,4,zeros-la-3-6,zeros-la-3,452,6876,4,1008,512,0,0,2,8,2,512,16,2,0,8,64,2,0,256,128,8,4,4,0,3,1,0,1,1,1,1,0,0
6880,4,zeros-la-3-6,zeros-la-3,453,6880,4,1010,512,2,0,2,0,0,512,16,8,0,8,64,4,2,256,128,8,4,3,1,3,1,0,1,1,1,1,0,0
6884,4,zeros-la-3-6,zeros-la-3,454,6884,4,1014,512,0,0,2,0,4,512,16,8,0,8,64,4,4,256,128,8,4,1,3,3,1,0,1,1,1,1,0,0
6892,4,zeros-la-3-6,zeros-la-3,455,6892,4,1016,512,2,0,2,0,0,512,16,8,0,8,64,4,8,256,128,8,4,2,1,4,1,0,1,1,1,1,0,0
6896,4,zeros-la-3-6,zeros-la-3,456,6896,4,1018,512,4,0,0,0,512,16,8,0,8,64,4,2,8,256,128,8,4,1,2,4,1,0,1,1,1,1,0,0
6896,3,zeros-la-3-6,zeros-la-3,457,6896,3,1020,512,4,0,0,2,512,16,8,0,8,64,4,2,8,256,128,8,3,2,2,4,1,0,1,1,1,1,0,0
6916,4,zeros-la-3-6,zeros-la-3,458,6916,4,1022,512,0,2,0,0,4,16,8,0,512,64,4,4,16,256,128,8,4,1,3,2,2,0,1,1,1,1,0,0
6924,4,zeros-la-3-6,zeros-la-3,459,6924,4,1024,512,2,2,0,0,4,16,8,0,512,64,8,0,16,256,128,8,4,2,1,3,2,0,1,1,1,1,0,0
6940,4,zeros-la-3-6,zeros-la-3,460,6940,4,1026,512,2,2,16,8,4,16,128,0,512,64,0,2,16,256,0,0,4,3,1,1,3,0,1,1,1,1,0,0
6944,4,zeros-la-3-6,zeros-la-3,461,6944,4,1028,512,4,16,8,0,4,16,128,0,512,64,2,0,16,256,2,0,4,2,2,1,3,0,1,1,1,1,0,0
6988,6,zeros-la-3-6,zeros-la-3,462,6988,6,1030,512,8,32,8,0,512,64,128,0,16,256,4,0,2,0,0,0,6,1,1,2,1,1,1,1,1,1,0,0
6988,5,zeros-la-3-6,zeros-la-3,463,6988,5,1034,512,0,8,32,8,0,512,64,128,0,16,256,4,0,0,4,2,5,1,2,2,1,1,1,1,1,1,0,0
6988,4,zeros-la-3-6,zeros-la-3,464,6988,4,1036,512,8,32,8,0,512,64,128,2,16,256,4,0,4,2,0,0,4,2,2,2,1,1,1,1,1,1,0,0
6988,3,zeros-la-3-6,zeros-la-3,465,6988,3,1038,512,8,32,8,2,512,64,128,0,16,256,4,2,4,2,0,0,3,3,2,2,1,1,1,1,1,1,0,0
6992,3,zeros-la-3-6,zeros-la-3,466,6992,3,1040,512,8,32,8,4,512,64,128,0,16,256,4,0,4,2,2,0,3,2,3,2,1,1,1,1,1,1,0,0
6996,3,zeros-la-3-6,zeros-la-3,467,6996,3,1042,512,8,32,8,4,0,512,64,128,0,16,256,4,0,2,4,4,3,1,4,2,1,1,1,1,1,1,0,0
7004,3,zeros-la-3-6,zeros-la-3,468,7004,3,1044,512,8,32,8,4,0,512,64,128,0,16,256,4,2,0,2,8,3,2,2,3,1,1,1,1,1,1,0,0
7008,3,zeros-la-3-6,zeros-la-3,469,7008,3,1046,512,8,32,8,4,2,512,64,128,0,16,256,4,0,0,4,8,3,1,3,3,1,1,1,1,1,1,0,0
7008,2,zeros-la-3-6,zeros-la-3,470,7008,2,1048,512,8,32,8,4,2,512,64,128,0,16,256,4,0,2,4,8,2,2,3,3,1,1,1,1,1,1,0,0
7008,1,zeros-la-3-6,zeros-la-3,471,7008,1,1050,512,2,32,8,4,0,512,64,128,8,16,256,4,2,2,4,8,1,3,3,3,1,1,1,1,1,1,0,0
7012,1,zeros-la-3-6,zeros-la-3,472,7012,1,1052,512,2,32,8,4,0,512,64,128,8,16,256,4,2,4,4,8,1,2,4,3,1,1,1,1,1,1,0,0
7020,1,zeros-la-3-6,zeros-la-3,473,7020,1,1054,512,2,32,8,4,2,512,64,128,8,16,256,4,0,2,8,8,1,3,2,4,1,1,1,1,1,1,0,0
7036,1,zeros-la-3-6,zeros-la-3,474,7036,1,1056,512,2,32,8,4,2,512,64,128,8,16,256,4,2,16,2,0,1,4,2,2,2,1,1,1,1,1,0,0
7072,2,zeros-la-3-6,zeros-la-3,475,7072,2,1058,512,4,32,8,4,8,512,64,128,2,32,256,4,2,0,2,0,2,3,3,2,0,2,1,1,1,1,0,0
7076,2,zeros-la-3-6,zeros-la-3,476,7076,2,1062,512,4,32,8,4,8,512,64,128,4,32,256,4,4,0,2,0,2,1,5,2,0,2,1,1,1,1,0,0
7084,2,zeros-la-3-6,zeros-la-3,477,7084,2,1064,512,4,32,8,4,8,512,64,128,8,32,256,4,0,0,2,2,2,2,3,3,0,2,1,1,1,1,0,0
7088,2,zeros-la-3-6,zeros-la-3,478,7088,2,1066,512,4,32,8,4,8,512,64,128,8,32,256,4,2,0,0,4,2,1,4,3,0,2,1,1,1,1,0,0
7112,3,zeros-la-3-6,zeros-la-3,479,7112,3,1068,512,4,32,8,4,16,512,64,128,2,32,256,8,0,0,0,2,3,2,2,2,1,2,1,1,1,1,0,0
7112,2,zeros-la-3-6,zeros-la-3,480,7112,2,1070,512,4,32,8,4,16,512,64,128,2,32,256,8,2,0,0,2,2,3,2,2,1,2,1,1,1,1,0,0
7116,2,zeros-la-3-6,zeros-la-3,481,7116,2,1072,512,4,32,8,4,16,512,64,128,4,32,256,8,2,0,0,2,2,2,3,2,1,2,1,1,1,1,0,0
7120,2,zeros-la-3-6,zeros-la-3,482,7120,2,1074,512,4,32,8,4,16,512,64,128,4,32,256,8,4,0,0,2,2,1,4,2,1,2,1,1,1,1,0,0
7128,2,zeros-la-3-6,zeros-la-3,483,7128,2,1076,512,4,32,8,4,16,512,64,128,8,32,256,8,0,2,0,2,2,2,2,3,1,2,1,1,1,1,0,0
7132,2,zeros-la-3-6,zeros-la-3,484,7132,2,1078,512,4,32,8,4,16,512,64,128,8,32,256,8,4,0,2,0,2,1,3,3,1,2,1,1,1,1,0,0
7132,1,zeros-la-3-6,zeros-la-3,485,7132,1,1080,512,4,32,8,4,16,512,64,128,8,32,256,8,4,0,2,2,1,2,3,3,1,2,1,1,1,1,0,0
7132,0,zeros-la-3-6,zeros-la-3,486,7132,0,1082,512,4,2,8,4,16,32,64,128,8,512,256,8,4,32,2,2,0,3,3,3,1,2,1,1,1,1,0,0
7136,0,zeros-la-3-6,zeros-la-3,487,7136,0,1084,512,4,2,8,4,16,32,64,128,8,512,256,8,4,32,4,2,0,2,4,3,1,2,1,1,1,1,0,0
0,13,zeros-la-3-7,zeros-la-3,0,0,13,6,2,0,0,0,0,0,0,0,0,0,0,2,0,2,2,0,0,13,3,0,0,0,0,0,0,0,0,0,0
4,13,zeros-la-3-7,zeros-la-3,1,4,13,8,4,2,0,0,0,0,0,0,0,2,0,0,0,4,0,0,0,13,2,1,0,0,0,0,0,0,0,0,0
8,13,zeros-la-3-7,zeros-la-3,2,8,13,10,4,4,0,0,0,4,0,0,0,0,0,0,0,0,2,0,0,13,1,2,0,0,0,0,0,0,0,0,0
16,13,zeros-la-3-7,zeros-la-3,3,16,13,12,8,8,2,0,0,0,0,0,0,0,0,0,2,0,0,0,0,13,2,0,1,0,0,0,0,0,0,0,0
16,12,zeros-la-3-7,zeros-la-3,4,16,12,14,8,2,0,0,0,0,0,0,0,0,0,0,0,8,2,0,2,12,3,0,1,0,0,0,0,0,0,0,0
20,12,zeros-la-3-7,zeros-la-3,5,20,12,16,8,2,0,0,2,0,0,0,0,0,0,0,0,0,0,8,4,12,2,1,1,0,0,0,0,0,0,0,0
24,12,zeros-la-3-7,zeros-la-3,6,24,12,18,8,0,0,0,4,2,0,0,0,0,0,0,0,0,0,8,4,12,1,2,1,0,0,0,0,0,0,0,0
32,12,zeros-la-3-7,zeros-la-3,7,32,12,20,8,2,2,8,8,0,0,0,0,0,0,0,0,0,0,0,0,12,2,0,2,0,0,0,0,0,0,0,0
52,13,zeros-la-3-7,zeros-la-3,8,52,13,22,16,0,0,4,16,0,0,0,0,0,2,0,0,0,0,0,0,13,1,1,0,1,0,0,0,0,0,0,0
52,12,zeros-la-3-7,zeros-la-3,9,52,12,24,16,0,0,0,2,0,0,0,0,0,0,0,0,0,2,4,16,12,2,1,0,1,0,0,0,0,0,0,0
52,11,zeros-la-3-7,zeros-la-3,10,52,11,26,16,2,0,0,0,2,0,0,0,0,0,0,0,2,4,16,0,11,3,1,0,1,0,0,0,0,0,0,0
56,11,zeros-la-3-7,zeros-la-3,11,56,11,28,16,0,0,0,0,0,0,0,0,2,2,0,0,4,4,16,0,11,2,2,0,1,0,0,0,0,0,0,0
68,12,zeros-la-3-7,zeros-la-3,12,68,12,32,16,4,0,0,0,0,0,0,0,0,0,0,4,0,0,8,16,12,0,2,1,1,0,0,0,0,0,0,0
68,11,zeros-la-3-7,zeros-la-3,13,68,11,34,16,2,0,0,4,0,0,0,0,0,0,0,4,0,0,8,16,11,1,2,1,1,0,0,0,0,0,0,0
76,11,zeros-la-3-7,zeros-la-3,14,76,11,36,16,2,2,8,8,0,0,0,16,0,0,0,0,0,0,0,0,11,2,0,2,1,0,0,0,0,0,0,0
96,12,zeros-la-3-7,zeros-la-3,15,96,12,38,16,0,0,4,16,0,0,0,16,2,0,0,0,0,0,0,0,12,1,1,0,2,0,0,0,0,0,0,0
128,12,zeros-la-3-7,zeros-la-3,16,128,12,40,32,2,0,4,32,0,0,0,0,0,2,0,0,0,0,0,0,12,2,1,0,0,1,0,0,0,0,0,0
128,11,zeros-la-3-7,zeros-la-3,17,128,11,42,32,0,0,0,0,0,0,0,0,2,0,0,0,2,2,4,32,11,3,1,0,0,1,0,0,0,0,0,0
132,11,zeros-la-3-7,zeros-la-3,18,132,11,44,32,0,0,0,0,0,2,0,0,2,0,0,0,4,4,32,0,11,2,2,0,0,1,0,0,0,0,0,0
132,10,zeros-la-3-7,zeros-la-3,19,132,10,46,32,0,0,0,0,0,0,0,2,2,2,0,0,4,4,32,0,10,3,2,0,0,1,0,0,0,0,0,0
144,11,zeros-la-3-7,zeros-la-3,20,144,11,50,32,0,0,0,0,0,0,0,2,0,0,0,4,0,4,8,32,11,1,2,1,0,1,0,0,0,0,0,0
144,10,zeros-la-3-7,zeros-la-3,21,144,10,52,32,0,0,0,0,2,0,0,0,4,2,0,0,4,8,32,0,10,2,2,1,0,1,0,0,0,0,0,0
152,10,zeros-la-3-7,zeros-la-3,22,152,10,54,32,0,0,0,0,0,0,2,0,2,2,0,0,8,8,32,0,10,3,0,2,0,1,0,0,0,0,0,0
172,11,zeros-la-3-7,zeros-la-3,23,172,11,56,32,0,0,0,0,0,0,0,2,0,0,0,4,0,2,16,32,11,2,1,0,1,1,0,0,0,0,0,0
172,10,zeros-la-3-7,zeros-la-3,24,172,10,58,32,0,0,0,0,0,0,0,2,0,0,2,4,0,2,16,32,10,3,1,0,1,1,0,0,0,0,0,0
172,9,zeros-la-3-7,zeros-la-3,25,172,9,62,32,0,2,2,2,0,0,16,4,4,0,0,32,0,0,0,0,9,3,2,0,1,1,0,0,0,0,0,0
176,9,zeros-la-3-7,zeros-la-3,26,176,9,64,32,0,0,2,4,0,0,16,4,2,0,4,32,0,0,0,0,9,2,3,0,1,1,0,0,0,0,0,0
176,8,zeros-la-3-7,zeros-la-3,27,176,8,66,32,0,0,2,4,0,0,16,4,0,2,4,32,2,0,0,0,8,3,3,0,1,1,0,0,0,0,0,0
184,8,zeros-la-3-7,zeros-la-3,28,184,8,68,32,0,0,0,0,2,0,2,0,0,0,16,8,2,2,4,32,8,4,1,1,1,1,0,0,0,0,0,0
192,9,zeros-la-3-7,zeros-la-3,29,192,9,70,32,0,0,0,0,2,0,0,4,0,0,16,8,0,4,4,32,9,1,3,1,1,1,0,0,0,0,0,0
200,9,zeros-la-3-7,zeros-la-3,30,200,9,72,32,0,0,0,0,0,0,2,4,0,0,16,8,2,0,8,32,9,2,1,2,1,1,0,0,0,0,0,0
200,8,zeros-la-3-7,zeros-la-3,31,200,8,74,32,2,2,2,4,0,0,16,8,0,0,8,32,0,0,0,0,8,3,1,2,1,1,0,0,0,0,0,0
204,8,zeros-la-3-7,zeros-la-3,32,204,8,76,32,0,2,4,4,0,0,16,8,0,0,8,32,0,0,2,0,8,2,2,2,1,1,0,0,0,0,0,0
212,8,zeros-la-3-7,zeros-la-3,33,212,8,78,32,0,0,2,8,2,0,16,8,0,0,8,32,0,0,0,2,8,3,0,3,1,1,0,0,0,0,0,0
228,8,zeros-la-3-7,zeros-la-3,34,228,8,80,32,2,0,2,16,0,2,16,32,0,0,8,2,0,0,0,0,8,4,0,1,2,1,0,0,0,0,0,0
232,8,zeros-la-3-7,zeros-la-3,35,232,8,82,32,4,16,0,0,2,16,32,0,8,2,0,0,0,0,0,2,8,3,1,1,2,1,0,0,0,0,0,0
264,8,zeros-la-3-7,zeros-la-3,36,264,8,84,32,4,32,32,2,2,2,0,0,8,0,2,0,0,0,0,0,8,4,1,1,0,2,0,0,0,0,0,0
332,9,zeros-la-3-7,zeros-la-3,37,332,9,86,64,4,64,2,0,4,0,2,0,8,2,0,0,0,0,0,0,9,3,2,1,0,0,1,0,0,0,0,0
344,10,zeros-la-3-7,zeros-la-3,38,344,10,88,64,8,64,4,0,8,2,2,0,0,0,0,0,0,0,0,0,10,2,1,2,0,0,1,0,0,0,0,0
360,10,zeros-la-3-7,zeros-la-3,39,360,10,90,64,16,64,4,0,0,2,2,0,0,0,0,0,0,0,2,0,10,3,1,0,1,0,1,0,0,0,0,0
364,10,zeros-la-3-7,zeros-la-3,40,364,10,92,64,16,64,4,0,4,0,0,0,0,0,2,0,2,0,0,0,10,2,2,0,1,0,1,0,0,0,0,0
364,9,zeros-la-3-7,zeros-la-3,41,364,9,94,64,0,16,64,4,0,0,2,4,0,0,0,2,0,0,0,2,9,3,2,0,1,0,1,0,0,0,0,0
376,10,zeros-la-3-7,zeros-la-3,42,376,10,96,64,0,16,64,8,2,0,2,4,0,0,0,0,0,0,0,0,10,2,1,1,1,0,1,0,0,0,0,0
380,10,zeros-la-3-7,zeros-la-3,43,380,10,98,64,16,64,8,0,4,4,0,0,0,0,0,0,0,0,2,0,10,1,2,1,1,0,1,0,0,0,0,0
388,10,zeros-la-3-7,zeros-la-3,44,388,10,100,64,0,16,64,8,0,0,0,8,0,0,0,2,0,0,0,2,10,2,0,2,1,0,1,0,0,0,0,0
408,11,zeros-la-3-7,zeros-la-3,45,408,11,102,64,0,16,64,16,0,0,0,4,0,0,2,0,0,0,0,0,11,1,1,0,2,0,1,0,0,0,0,0
408,10,zeros-la-3-7,zeros-la-3,46,408,10,106,64,0,16,64,16,0,0,0,4,4,0,0,2,0,0,0,0,10,1,2,0,2,0,1,0,0,0,0,0
408,9,zeros-la-3-7,zeros-la-3,47,408,9,108,64,4,16,64,16,0,0,0,4,2,0,0,2,0,0,0,0,9,2,2,0,2,0,1,0,0,0,0,0
412,9,zeros-la-3-7,zeros-la-3,48,412,9,110,64,4,16,64,16,0,2,0,4,0,0,0,4,0,0,0,0,9,1,3,0,2,0,1,0,0,0,0,0
420,9,zeros-la-3-7,zeros-la-3,49,420,9,112,64,4,16,64,16,0,2,0,8,0,0,0,0,2,0,0,0,9,2,1,1,2,0,1,0,0,0,0,0
420,8,zeros-la-3-7,zeros-la-3,50,420,8,114,64,0,0,2,0,0,0,0,0,4,16,0,16,2,2,64,8,8,3,1,1,2,0,1,0,0,0,0,0
456,9,zeros-la-3-7,zeros-la-3,51,456,9,116,64,2,0,0,0,2,0,0,0,4,32,0,0,4,64,8,0,9,2,2,1,0,1,1,0,0,0,0,0
468,10,zeros-la-3-7,zeros-la-3,52,468,10,118,64,0,0,0,0,0,0,0,2,4,32,0,0,8,64,8,0,10,1,1,2,0,1,1,0,0,0,0,0
468,9,zeros-la-3-7,zeros-la-3,53,468,9,120,64,0,0,0,0,2,0,2,0,4,32,0,0,8,64,8,0,9,2,1,2,0,1,1,0,0,0,0,0
472,9,zeros-la-3-7,zeros-la-3,54,472,9,122,64,0,0,0,0,4,0,0,0,4,32,0,0,8,64,8,2,9,1,2,2,0,1,1,0,0,0,0,0
480,9,zeros-la-3-7,zeros-la-3,55,480,9,126,64,8,32,8,2,8,64,0,0,0,0,4,0,0,0,0,0,9,1,1,3,0,1,1,0,0,0,0,0
496,9,zeros-la-3-7,zeros-la-3,56,496,9,128,64,16,32,8,2,0,64,4,0,0,0,2,0,0,0,0,0,9,2,1,1,1,1,1,0,0,0,0,0
496,8,zeros-la-3-7,zeros-la-3,57,496,8,130,64,16,32,8,2,0,0,64,4,0,2,0,2,0,0,0,0,8,3,1,1,1,1,1,0,0,0,0,0
500,8,zeros-la-3-7,zeros-la-3,58,500,8,132,64,16,32,8,2,0,0,64,4,2,0,0,4,0,0,0,0,8,2,2,1,1,1,1,0,0,0,0,0
508,8,zeros-la-3-7,zeros-la-3,59,508,8,134,64,16,32,8,2,2,2,64,8,0,0,0,0,0,0,0,0,8,3,0,2,1,1,1,0,0,0,0,0
512,8,zeros-la-3-7,zeros-la-3,60,512,8,138,64,16,32,8,2,4,64,8,0,0,0,0,4,0,0,0,0,8,1,2,2,1,1,1,0,0,0,0,0
512,7,zeros-la-3-7,zeros-la-3,61,512,7,140,64,16,32,8,2,4,64,8,0,4,2,0,0,0,0,0,0,7,2,2,2,1,1,1,0,0,0,0,0
536,8,zeros-la-3-7,zeros-la-3,62,536,8,142,64,16,32,16,2,8,64,0,0,0,2,0,0,0,2,0,0,8,3,0,1,2,1,1,0,0,0,0,0
536,7,zeros-la-3-7,zeros-la-3,63,536,7,144,64,16,32,16,2,8,64,0,2,2,0,0,0,2,0,0,0,7,4,0,1,2,1,1,0,0,0,0,0
544,8,zeros-la-3-7,zeros-la-3,64,544,8,148,64,16,32,16,4,8,64,4,0,4,0,0,0,0,0,0,0,8,0,3,1,2,1,1,0,0,0,0,0
544,7,zeros-la-3-7,zeros-la-3,65,544,7,150,64,0,0,2,0,16,0,0,0,8,32,16,0,4,64,4,4,7,1,3,1,2,1,1,0,0,0,0,0
552,7,zeros-la-3-7,zeros-la-3,66,552,7,152,64,0,0,0,2,0,0,0,16,0,8,32,16,2,4,64,8,7,2,1,2,2,1,1,0,0,0,0,0
584,7,zeros-la-3-7,zeros-la-3,67,584,7,154,64,2,0,0,0,0,0,0,2,0,8,32,32,2,4,64,8,7,3,1,2,0,2,1,0,0,0,0,0
588,7,zeros-la-3-7,zeros-la-3,68,588,7,158,64,0,0,0,0,0,0,4,2,0,8,32,32,4,4,64,8,7,1,3,2,0,2,1,0,0,0,0,0
660,8,zeros-la-3-7,zeros-la-3,69,660,8,160,64,0,0,2,0,4,2,0,0,8,64,0,0,8,64,8,0,8,2,1,3,0,0,2,0,0,0,0,0
804,9,zeros-la-3-7,zeros-la-3,70,804,9,162,128,4,2,2,0,16,128,8,0,0,0,0,0,0,0,2,0,9,3,1,1,1,0,0,1,0,0,0,0
808,9,zeros-la-3-7,zeros-la-3,71,808,9,164,128,2,0,4,4,0,16,128,8,0,0,0,0,0,0,0,2,9,2,2,1,1,0,0,1,0,0,0,0
816,9,zeros-la-3-7,zeros-la-3,72,816,9,166,128,0,0,2,8,0,16,128,8,0,0,0,0,2,0,0,2,9,3,0,2,1,0,0,1,0,0,0,0
820,9,zeros-la-3-7,zeros-la-3,73,820,9,168,128,0,0,2,8,0,16,128,8,0,0,0,0,0,0,2,4,9,2,1,2,1,0,0,1,0,0,0,0
836,9,zeros-la-3-7,zeros-la-3,74,836,9,170,128,2,16,2,16,0,0,128,4,0,0,2,0,0,0,0,0,9,3,1,0,2,0,0,1,0,0,0,0
836,8,zeros-la-3-7,zeros-la-3,75,836,8,172,128,0,0,0,0,0,0,2,2,0,0,128,16,2,16,2,4,8,4,1,0,2,0,0,1,0,0,0,0
840,8,zeros-la-3-7,zeros-la-3,76,840,8,176,128,0,4,0,0,4,0,0,0,128,16,0,0,2,16,2,4,8,2,3,0,2,0,0,1,0,0,0,0
872,8,zeros-la-3-7,zeros-la-3,77,872,8,178,128,4,4,2,4,128,32,0,2,2,0,0,0,0,0,0,0,8,3,3,0,0,1,0,1,0,0,0,0
872,7,zeros-la-3-7,zeros-la-3,78,872,7,180,128,4,4,2,4,128,32,0,2,2,0,0,2,0,0,0,0,7,4,3,0,0,1,0,1,0,0,0,0
876,7,zeros-la-3-7,zeros-la-3,79,876,7,182,128,4,4,2,4,128,32,0,4,2,2,0,0,0,0,0,0,7,3,4,0,0,1,0,1,0,0,0,0
884,7,zeros-la-3-7,zeros-la-3,80,884,7,184,128,4,4,2,8,128,32,0,0,2,2,2,0,0,0,0,0,7,4,2,1,0,1,0,1,0,0,0,0
888,7,zeros-la-3-7,zeros-la-3,81,888,7,186,128,0,0,2,0,4,4,0,0,128,32,0,0,2,2,4,8,7,3,3,1,0,1,0,1,0,0,0,0
900,8,zeros-la-3-7,zeros-la-3,82,900,8,188,128,0,0,0,2,0,0,0,8,2,0,128,32,0,4,4,8,8,2,2,2,0,1,0,1,0,0,0,0
908,8,zeros-la-3-7,zeros-la-3,83,908,8,190,128,0,0,0,2,0,0,0,8,0,2,128,32,0,2,8,8,8,3,0,3,0,1,0,1,0,0,0,0
924,8,zeros-la-3-7,zeros-la-3,84,924,8,192,128,0,0,0,2,2,0,0,8,0,2,128,32,0,0,2,16,8,4,0,1,1,1,0,1,0,0,0,0
924,7,zeros-la-3-7,zeros-la-3,85,924,7,194,128,2,0,0,0,2,8,0,2,2,128,32,0,2,16,0,0,7,5,0,1,1,1,0,1,0,0,0,0
932,8,zeros-la-3-7,zeros-la-3,86,932,8,198,128,4,8,32,2,4,128,0,0,0,16,0,0,0,0,4,0,8,1,3,1,1,1,0,1,0,0,0,0
940,8,zeros-la-3-7,zeros-la-3,87,940,8,200,128,8,8,32,2,0,128,4,0,0,16,0,2,0,0,0,0,8,2,1,2,1,1,0,1,0,0,0,0
944,8,zeros-la-3-7,zeros-la-3,88,944,8,202,128,8,8,32,4,0,128,4,0,0,16,2,0,0,0,0,0,8,1,2,2,1,1,0,1,0,0,0,0
960,8,zeros-la-3-7,zeros-la-3,89,960,8,204,128,0,16,32,4,0,0,128,4,0,0,16,2,0,2,0,0,8,2,2,0,2,1,0,1,0,0,0,0
960,7,zeros-la-3-7,zeros-la-3,90,960,7,206,128,2,16,32,4,0,0,128,4,0,0,16,2,0,0,0,2,7,3,2,0,2,1,0,1,0,0,0,0
972,8,zeros-la-3-7,zeros-la-3,91,972,8,208,128,0,0,0,2,0,0,32,0,0,0,128,8,2,16,16,4,8,2,1,1,2,1,0,1,0,0,0,0
1004,8,zeros-la-3-7,zeros-la-3,92,1004,8,210,128,0,0,0,2,0,2,0,32,0,0,128,8,0,2,32,4,8,3,1,1,0,2,0,1,0,0,0,0
1008,8,zeros-la-3-7,zeros-la-3,93,1008,8,212,128,2,4,128,2,0,0,32,32,0,0,0,8,0,0,0,4,8,2,2,1,0,2,0,1,0,0,0,0
1008,7,zeros-la-3-7,zeros-la-3,94,1008,7,214,128,2,4,128,2,0,0,32,32,0,2,0,8,0,0,0,4,7,3,2,1,0,2,0,1,0,0,0,0
1072,7,zeros-la-3-7,zeros-la-3,95,1072,7,216,128,2,4,128,2,0,0,0,64,0,0,2,8,0,0,2,4,7,4,2,1,0,0,1,1,0,0,0,0
1076,7,zeros-la-3-7,zeros-la-3,96,1076,7,218,128,0,0,0,2,0,0,0,64,2,0,128,8,2,4,4,4,7,3,3,1,0,0,1,1,0,0,0,0
1080,7,zeros-la-3-7,zeros-la-3,97,1080,7,222,128,4,4,128,2,0,0,4,64,0,0,0,8,0,4,0,4,7,1,5,1,0,0,1,1,0,0,0,0
1096,8,zeros-la-3-7,zeros-la-3,98,1096,8,224,128,0,8,128,2,0,0,4,64,2,0,0,8,0,0,0,8,8,2,1,3,0,0,1,1,0,0,0,0
1096,7,zeros-la-3-7,zeros-la-3,99,1096,7,226,128,0,8,128,2,0,0,4,64,0,2,2,8,0,0,0,8,7,3,1,3,0,0,1,1,0,0,0,0
1100,7,zeros-la-3-7,zeros-la-3,100,1100,7,228,128,0,8,128,2,0,0,4,64,0,0,4,8,0,0,2,8,7,2,2,3,0,0,1,1,0,0,0,0
1124,8,zeros-la-3-7,zeros-la-3,101,1124,8,232,128,0,8,128,2,0,0,8,64,0,4,2,16,0,0,0,0,8,2,1,2,1,0,1,1,0,0,0,0
1124,7,zeros-la-3-7,zeros-la-3,102,1124,7,234,128,8,128,2,0,8,64,0,0,4,2,16,2,0,0,0,0,7,3,1,2,1,0,1,1,0,0,0,0
1140,7,zeros-la-3-7,zeros-la-3,103,1140,7,238,128,16,128,2,2,4,64,16,0,0,2,0,0,0,0,4,0,7,3,2,0,2,0,1,1,0,0,0,0
1140,6,zeros-la-3-7,zeros-la-3,104,1140,6,240,128,16,128,2,2,4,64,16,0,0,2,4,0,0,0,0,2,6,4,2,0,2,0,1,1,0,0,0,0
1144,6,zeros-la-3-7,zeros-la-3,105,1144,6,242,128,16,128,4,0,4,64,16,0,2,4,0,0,2,0,0,2,6,3,3,0,2,0,1,1,0,0,0,0
1148,6,zeros-la-3-7,zeros-la-3,106,1148,6,244,128,0,16,128,4,2,4,64,16,0,0,2,4,0,0,0,4,6,2,4,0,2,0,1,1,0,0,0,0
1148,5,zeros-la-3-7,zeros-la-3,107,1148,5,246,128,0,16,128,4,2,4,64,16,0,0,2,4,0,0,2,4,5,3,4,0,2,0,1,1,0,0,0,0
1160,6,zeros-la-3-7,zeros-la-3,108,1160,6,248,128,0,0,0,0,0,0,128,4,2,16,64,16,2,4,4,8,6,2,3,1,2,0,1,1,0,0,0,0
1168,6,zeros-la-3-7,zeros-la-3,109,1168,6,250,128,0,0,0,2,0,0,128,4,2,16,64,16,0,2,8,8,6,3,1,2,2,0,1,1,0,0,0,0
1184,6,zeros-la-3-7,zeros-la-3,110,1184,6,252,128,2,0,0,0,128,4,0,0,2,16,64,16,2,16,2,0,6,4,1,0,3,0,1,1,0,0,0,0
1220,7,zeros-la-3-7,zeros-la-3,111,1220,7,254,128,0,0,0,0,2,0,2,0,128,4,64,0,4,32,2,16,7,3,2,0,1,1,1,1,0,0,0,0
1224,7,zeros-la-3-7,zeros-la-3,112,1224,7,256,128,0,0,2,0,0,0,0,4,0,128,4,64,4,32,2,16,7,2,3,0,1,1,1,1,0,0,0,0
1224,6,zeros-la-3-7,zeros-la-3,113,1224,6,258,128,0,0,0,0,0,2,2,4,0,128,4,64,4,32,2,16,6,3,3,0,1,1,1,1,0,0,0,0
1224,5,zeros-la-3-7,zeros-la-3,114,1224,5,260,128,4,2,2,4,2,128,4,64,0,32,2,16,0,0,0,0,5,4,3,0,1,1,1,1,0,0,0,0
1228,5,zeros-la-3-7,zeros-la-3,115,1228,5,262,128,4,4,4,0,2,128,4,64,32,2,16,0,0,0,0,2,5,3,4,0,1,1,1,1,0,0,0,0
1236,5,zeros-la-3-7,zeros-la-3,116,1236,5,264,128,4,4,8,64,2,128,16,2,32,2,0,0,0,0,2,0,5,4,2,1,1,1,1,1,0,0,0,0
1244,5,zeros-la-3-7,zeros-la-3,117,1244,5,266,128,8,8,64,0,2,128,16,2,32,2,0,0,2,2,0,0,5,5,0,2,1,1,1,1,0,0,0,0
1264,6,zeros-la-3-7,zeros-la-3,118,1264,6,268,128,0,0,16,64,2,128,16,2,2,0,32,2,0,0,0,4,6,4,1,0,2,1,1,1,0,0,0,0
1304,8,zeros-la-3-7,zeros-la-3,119,1304,8,270,128,0,0,0,0,0,0,0,64,0,2,32,4,4,128,32,4,8,1,3,0,0,2,1,1,0,0,0,0
1376,9,zeros-la-3-7,zeros-la-3,120,1376,9,272,128,4,2,64,64,0,128,0,8,0,0,0,0,0,0,0,2,9,2,1,1,0,0,2,1,0,0,0,0
1504,9,zeros-la-3-7,zeros-la-3,121,1504,9,274,128,0,4,2,128,2,0,128,8,0,0,0,0,0,0,0,2,9,3,1,1,0,0,0,2,0,0,0,0
1504,8,zeros-la-3-7,zeros-la-3,122,1504,8,276,128,4,2,128,0,2,128,8,0,0,0,0,2,2,0,0,0,8,4,1,1,0,0,0,2,0,0,0,0
1508,8,zeros-la-3-7,zeros-la-3,123,1508,8,278,128,4,2,128,2,4,128,8,0,0,0,0,0,2,0,0,0,8,3,2,1,0,0,0,2,0,0,0,0
1516,8,zeros-la-3-7,zeros-la-3,124,1516,8,280,128,8,2,128,2,2,128,8,0,0,0,0,0,2,0,0,0,8,4,0,2,0,0,0,2,0,0,0,0
1516,7,zeros-la-3-7,zeros-la-3,125,1516,7,282,128,8,2,128,2,0,2,128,8,0,0,0,0,2,0,0,2,7,5,0,2,0,0,0,2,0,0,0,0
1776,8,zeros-la-3-7,zeros-la-3,126,1776,8,284,256,0,0,2,0,0,0,0,2,8,0,0,8,2,4,256,2,8,4,1,2,0,0,0,0,1,0,0,0
1792,8,zeros-la-3-7,zeros-la-3,127,1792,8,286,256,2,0,0,0,2,2,0,0,16,0,0,0,2,4,256,2,8,5,1,0,1,0,0,0,1,0,0,0
1796,8,zeros-la-3-7,zeros-la-3,128,1796,8,288,256,0,0,2,0,4,0,0,0,16,2,0,0,2,4,256,2,8,4,2,0,1,0,0,0,1,0,0,0
1796,7,zeros-la-3-7,zeros-la-3,129,1796,7,290,256,0,0,2,2,0,0,0,4,0,0,16,2,2,4,256,2,7,5,2,0,1,0,0,0,1,0,0,0
1800,7,zeros-la-3-7,zeros-la-3,130,1800,7,292,256,2,4,2,2,0,0,16,4,0,0,256,4,0,0,2,0,7,4,3,0,1,0,0,0,1,0,0,0
1804,7,zeros-la-3-7,zeros-la-3,131,1804,7,294,256,0,2,4,4,0,0,16,4,2,0,256,4,0,0,0,2,7,3,4,0,1,0,0,0,1,0,0,0
1812,7,zeros-la-3-7,zeros-la-3,132,1812,7,296,256,0,0,2,8,0,0,16,4,2,2,256,4,0,0,0,2,7,4,2,1,1,0,0,0,1,0,0,0
1820,7,zeros-la-3-7,zeros-la-3,133,1820,7,298,256,0,2,0,0,0,0,2,8,0,0,16,8,2,2,256,2,7,5,0,2,1,0,0,0,1,0,0,0
1840,8,zeros-la-3-7,zeros-la-3,134,1840,8,300,256,0,0,0,0,0,0,2,2,0,0,16,16,2,4,256,2,8,4,1,0,2,0,0,0,1,0,0,0
1840,7,zeros-la-3-7,zeros-la-3,135,1840,7,302,256,2,4,2,2,0,0,16,16,0,0,256,2,2,0,0,0,7,5,1,0,2,0,0,0,1,0,0,0
1876,8,zeros-la-3-7,zeros-la-3,136,1876,8,304,256,2,2,4,4,0,0,0,32,0,0,256,2,0,0,0,2,8,4,2,0,0,1,0,0,1,0,0,0
1888,9,zeros-la-3-7,zeros-la-3,137,1888,9,306,256,0,0,4,8,0,0,0,32,2,0,256,2,0,0,0,2,9,3,1,1,0,1,0,0,1,0,0,0
1892,9,zeros-la-3-7,zeros-la-3,138,1892,9,308,256,2,0,4,8,0,0,256,32,0,0,0,4,0,0,2,0,9,2,2,1,0,1,0,0,1,0,0,0
1892,8,zeros-la-3-7,zeros-la-3,139,1892,8,310,256,0,0,0,0,0,0,4,8,2,0,256,32,2,0,2,4,8,3,2,1,0,1,0,0,1,0,0,0
1896,8,zeros-la-3-7,zeros-la-3,140,1896,8,312,256,4,2,4,8,0,0,256,32,0,0,2,4,0,0,0,0,8,2,3,1,0,1,0,0,1,0,0,0
1896,7,zeros-la-3-7,zeros-la-3,141,1896,7,314,256,0,0,0,0,0,0,4,8,0,2,256,32,4,2,2,4,7,3,3,1,0,1,0,0,1,0,0,0
1900,7,zeros-la-3-7,zeros-la-3,142,1900,7,318,256,0,0,0,0,0,0,4,8,4,2,256,32,0,4,4,4,7,1,5,1,0,1,0,0,1,0,0,0
1900,6,zeros-la-3-7,zeros-la-3,143,1900,6,320,256,0,2,0,0,0,0,4,8,0,2,256,32,4,4,4,4,6,2,5,1,0,1,0,0,1,0,0,0
1916,7,zeros-la-3-7,zeros-la-3,144,1916,7,322,256,2,0,0,0,4,8,0,0,2,256,32,2,8,8,0,0,7,3,1,3,0,1,0,0,1,0,0,0
1932,7,zeros-la-3-7,zeros-la-3,145,1932,7,324,256,0,0,0,2,0,2,4,8,2,256,32,2,0,0,0,16,7,4,1,1,1,1,0,0,1,0,0,0
1932,6,zeros-la-3-7,zeros-la-3,146,1932,6,326,256,2,0,2,0,2,4,8,0,2,256,32,2,16,0,0,0,6,5,1,1,1,1,0,0,1,0,0,0
1936,6,zeros-la-3-7,zeros-la-3,147,1936,6,328,256,0,2,0,0,2,0,2,0,4,4,8,0,16,256,32,2,6,4,2,1,1,1,0,0,1,0,0,0
1948,7,zeros-la-3-7,zeros-la-3,148,1948,7,330,256,2,0,0,0,4,2,0,0,8,8,0,0,16,256,32,2,7,3,1,2,1,1,0,0,1,0,0,0
1964,7,zeros-la-3-7,zeros-la-3,149,1964,7,332,256,2,0,2,0,4,2,0,0,16,0,0,0,16,256,32,2,7,4,1,0,2,1,0,0,1,0,0,0
1968,7,zeros-la-3-7,zeros-la-3,150,1968,7,334,256,4,0,0,0,4,2,0,0,16,2,0,0,16,256,32,2,7,3,2,0,2,1,0,0,1,0,0,0
2012,9,zeros-la-3-7,zeros-la-3,151,2012,9,336,256,8,4,32,2,32,256,0,0,0,0,0,0,0,2,0,0,9,2,1,1,0,2,0,0,1,0,0,0
2012,8,zeros-la-3-7,zeros-la-3,152,2012,8,338,256,8,4,32,2,0,0,32,256,2,0,0,0,0,0,0,2,8,3,1,1,0,2,0,0,1,0,0,0
2076,8,zeros-la-3-7,zeros-la-3,153,2076,8,340,256,8,4,64,2,2,0,0,256,0,2,0,2,0,0,0,0,8,4,1,1,0,0,1,0,1,0,0,0
2080,8,zeros-la-3-7,zeros-la-3,154,2080,8,342,256,8,4,64,2,0,0,2,256,0,2,0,4,0,0,0,0,8,3,2,1,0,0,1,0,1,0,0,0
2080,7,zeros-la-3-7,zeros-la-3,155,2080,7,344,256,2,0,0,0,0,0,0,2,0,4,64,256,8,2,2,4,7,4,2,1,0,0,1,0,1,0,0,0
2084,7,zeros-la-3-7,zeros-la-3,156,2084,7,346,256,0,0,0,2,0,0,0,2,2,4,64,256,0,8,4,4,7,3,3,1,0,0,1,0,1,0,0,0
2092,7,zeros-la-3-7,zeros-la-3,157,2092,7,348,256,0,0,2,2,0,0,0,2,2,4,64,256,0,0,8,8,7,4,1,2,0,0,1,0,1,0,0,0
2112,8,zeros-la-3-7,zeros-la-3,158,2112,8,350,256,4,0,0,2,2,0,0,0,2,4,64,256,16,0,0,0,8,3,2,0,1,0,1,0,1,0,0,0
2116,8,zeros-la-3-7,zeros-la-3,159,2116,8,352,256,2,0,0,0,4,0,0,0,4,0,0,2,16,4,64,256,8,2,3,0,1,0,1,0,1,0,0,0
2124,8,zeros-la-3-7,zeros-la-3,160,2124,8,354,256,0,0,0,0,2,0,2,0,8,0,0,2,16,4,64,256,8,3,1,1,1,0,1,0,1,0,0,0
2128,8,zeros-la-3-7,zeros-la-3,161,2128,8,356,256,2,0,0,0,4,0,0,0,8,2,0,0,16,4,64,256,8,2,2,1,1,0,1,0,1,0,0,0
2128,7,zeros-la-3-7,zeros-la-3,162,2128,7,358,256,2,2,64,256,4,4,0,0,8,0,0,2,16,0,0,0,7,3,2,1,1,0,1,0,1,0,0,0
2140,8,zeros-la-3-7,zeros-la-3,163,2140,8,360,256,4,64,256,0,8,0,0,0,8,2,0,0,16,0,0,2,8,2,1,2,1,0,1,0,1,0,0,0
2156,8,zeros-la-3-7,zeros-la-3,164,2156,8,362,256,4,64,256,2,16,2,0,0,16,0,0,0,0,0,2,0,8,3,1,0,2,0,1,0,1,0,0,0
2188,8,zeros-la-3-7,zeros-la-3,165,2188,8,364,256,0,0,0,0,0,2,0,0,4,64,256,0,32,2,2,2,8,4,1,0,0,1,1,0,1,0,0,0
2192,8,zeros-la-3-7,zeros-la-3,166,2192,8,366,256,0,0,0,0,2,2,0,0,4,64,256,0,32,4,2,0,8,3,2,0,0,1,1,0,1,0,0,0
2196,8,zeros-la-3-7,zeros-la-3,167,2196,8,370,256,0,4,0,0,4,0,0,0,4,64,256,0,32,4,2,0,8,1,4,0,0,1,1,0,1,0,0,0
2204,8,zeros-la-3-7,zeros-la-3,168,2204,8,372,256,8,4,256,0,32,64,2,0,0,4,0,0,0,0,2,0,8,2,2,1,0,1,1,0,1,0,0,0
2208,8,zeros-la-3-7,zeros-la-3,169,2208,8,374,256,0,2,0,0,0,4,0,0,8,64,256,0,32,4,4,0,8,1,3,1,0,1,1,0,1,0,0,0
2216,8,zeros-la-3-7,zeros-la-3,170,2216,8,378,256,2,0,0,0,4,4,0,0,8,64,256,0,32,8,0,0,8,1,2,2,0,1,1,0,1,0,0,0
2224,8,zeros-la-3-7,zeros-la-3,171,2224,8,380,256,2,2,0,0,8,0,0,0,8,64,256,0,32,8,0,0,8,2,0,3,0,1,1,0,1,0,0,0
2240,8,zeros-la-3-7,zeros-la-3,172,2240,8,382,256,0,0,0,2,2,2,0,0,16,64,0,0,32,8,256,0,8,3,0,1,1,1,1,0,1,0,0,0
2244,8,zeros-la-3-7,zeros-la-3,173,2244,8,384,256,2,2,0,0,4,0,0,0,16,64,0,0,32,8,256,0,8,2,1,1,1,1,1,0,1,0,0,0
2248,8,zeros-la-3-7,zeros-la-3,174,2248,8,386,256,4,0,0,0,4,2,0,0,16,64,0,0,32,8,256,0,8,1,2,1,1,1,1,0,1,0,0,0
2256,8,zeros-la-3-7,zeros-la-3,175,2256,8,388,256,2,0,0,0,8,2,0,0,16,64,0,0,32,8,256,0,8,2,0,2,1,1,1,0,1,0,0,0
2256,7,zeros-la-3-7,zeros-la-3,176,2256,7,390,256,0,0,0,2,0,0,8,2,2,0,16,64,0,32,8,256,7,3,0,2,1,1,1,0,1,0,0,0
2260,7,zeros-la-3-7,zeros-la-3,177,2260,7,392,256,2,0,0,0,0,0,8,4,0,0,16,64,2,32,8,256,7,2,1,2,1,1,1,0,1,0,0,0
2264,7,zeros-la-3-7,zeros-la-3,178,2264,7,396,256,4,32,8,4,0,0,16,64,4,0,8,256,0,0,0,0,7,0,3,2,1,1,1,0,1,0,0,0
2272,7,zeros-la-3-7,zeros-la-3,179,2272,7,398,256,0,0,0,0,2,0,8,4,0,0,16,64,8,32,8,256,7,1,1,3,1,1,1,0,1,0,0,0
2272,6,zeros-la-3-7,zeros-la-3,180,2272,6,400,256,0,0,0,0,0,2,8,4,2,0,16,64,8,32,8,256,6,2,1,3,1,1,1,0,1,0,0,0
2272,5,zeros-la-3-7,zeros-la-3,181,2272,5,402,256,0,0,0,2,0,0,8,4,2,2,16,64,8,32,8,256,5,3,1,3,1,1,1,0,1,0,0,0
2276,5,zeros-la-3-7,zeros-la-3,182,2276,5,404,256,2,2,0,0,8,4,0,0,4,16,64,0,8,32,8,256,5,2,2,3,1,1,1,0,1,0,0,0
2280,5,zeros-la-3-7,zeros-la-3,183,2280,5,406,256,0,0,0,4,2,0,8,4,0,4,16,64,8,32,8,256,5,1,3,3,1,1,1,0,1,0,0,0
2288,5,zeros-la-3-7,zeros-la-3,184,2288,5,408,256,2,4,8,8,8,32,16,64,0,0,8,256,0,2,0,0,5,2,1,4,1,1,1,0,1,0,0,0
2304,5,zeros-la-3-7,zeros-la-3,185,2304,5,410,256,2,4,16,2,8,32,16,64,8,256,0,0,2,0,0,0,5,3,1,2,2,1,1,0,1,0,0,0
2352,6,zeros-la-3-7,zeros-la-3,186,2352,6,412,256,2,0,0,0,2,4,0,0,16,32,0,2,2,256,32,64,6,4,1,0,1,2,1,0,1,0,0,0
2352,5,zeros-la-3-7,zeros-la-3,187,2352,5,414,256,0,0,2,2,0,0,2,4,0,16,32,2,2,256,32,64,5,5,1,0,1,2,1,0,1,0,0,0
2420,6,zeros-la-3-7,zeros-la-3,188,2420,6,416,256,0,0,2,2,0,0,0,4,0,16,4,2,2,256,64,64,6,4,2,0,1,0,2,0,1,0,0,0
2552,7,zeros-la-3-7,zeros-la-3,189,2552,7,418,256,4,2,0,0,4,0,0,0,16,4,2,0,2,256,128,0,7,3,3,0,1,0,0,1,1,0,0,0
2560,7,zeros-la-3-7,zeros-la-3,190,2560,7,420,256,0,0,2,0,8,2,0,0,16,4,2,0,2,256,128,0,7,4,1,1,1,0,0,1,1,0,0,0
2564,7,zeros-la-3-7,zeros-la-3,191,2564,7,422,256,0,0,0,0,8,2,0,0,16,4,4,2,2,256,128,0,7,3,2,1,1,0,0,1,1,0,0,0
2572,7,zeros-la-3-7,zeros-la-3,192,2572,7,424,256,2,0,0,0,0,0,8,2,0,16,8,2,0,2,256,128,7,4,0,2,1,0,0,1,1,0,0,0
2592,8,zeros-la-3-7,zeros-la-3,193,2592,8,426,256,2,16,16,4,0,2,256,128,2,0,0,0,0,0,0,0,8,3,1,0,2,0,0,1,1,0,0,0
2624,8,zeros-la-3-7,zeros-la-3,194,2624,8,430,256,2,32,4,0,2,256,128,0,2,0,0,4,0,0,0,0,8,3,2,0,0,1,0,1,1,0,0,0
2628,8,zeros-la-3-7,zeros-la-3,195,2628,8,432,256,0,2,0,0,0,0,0,0,2,32,4,0,4,256,128,4,8,2,3,0,0,1,0,1,1,0,0,0
2628,7,zeros-la-3-7,zeros-la-3,196,2628,7,434,256,2,2,4,4,4,32,128,0,0,256,0,0,0,0,0,2,7,3,3,0,0,1,0,1,1,0,0,0
2640,8,zeros-la-3-7,zeros-la-3,197,2640,8,436,256,4,8,0,0,4,32,128,0,256,2,0,0,2,0,0,0,8,2,2,1,0,1,0,1,1,0,0,0
2648,8,zeros-la-3-7,zeros-la-3,198,2648,8,438,256,8,8,128,0,256,32,0,0,2,2,0,2,0,0,0,0,8,3,0,2,0,1,0,1,1,0,0,0
2668,9,zeros-la-3-7,zeros-la-3,199,2668,9,440,256,0,0,16,128,0,0,256,32,0,0,2,4,2,0,0,0,9,2,1,0,1,1,0,1,1,0,0,0
2668,8,zeros-la-3-7,zeros-la-3,200,2668,8,442,256,16,128,0,0,256,32,2,0,2,4,0,0,2,0,0,0,8,3,1,0,1,1,0,1,1,0,0,0
2672,8,zeros-la-3-7,zeros-la-3,201,2672,8,444,256,0,2,0,0,16,128,0,0,256,32,0,0,4,4,2,0,8,2,2,0,1,1,0,1,1,0,0,0
2680,8,zeros-la-3-7,zeros-la-3,202,2680,8,446,256,2,2,0,0,16,128,0,0,256,32,0,0,8,2,0,0,8,3,0,1,1,1,0,1,1,0,0,0
2684,8,zeros-la-3-7,zeros-la-3,203,2684,8,448,256,4,0,0,0,16,128,0,2,256,32,0,0,8,2,0,0,8,2,1,1,1,1,0,1,1,0,0,0
2684,7,zeros-la-3-7,zeros-la-3,204,2684,7,450,256,4,0,0,0,16,128,2,0,256,32,0,0,8,2,0,2,7,3,1,1,1,1,0,1,1,0,0,0
2684,6,zeros-la-3-7,zeros-la-3,205,2684,6,452,256,4,0,0,0,16,128,2,0,256,32,0,0,8,2,2,2,6,4,1,1,1,1,0,1,1,0,0,0
2688,6,zeros-la-3-7,zeros-la-3,206,2688,6,454,256,4,128,4,2,16,32,0,0,256,2,0,0,8,0,2,0,6,3,2,1,1,1,0,1,1,0,0,0
2688,5,zeros-la-3-7,zeros-la-3,207,2688,5,456,256,4,128,4,2,16,32,2,0,256,2,0,2,8,0,0,0,5,4,2,1,1,1,0,1,1,0,0,0
2692,5,zeros-la-3-7,zeros-la-3,208,2692,5,458,256,4,0,0,0,16,128,2,0,256,32,4,0,8,2,2,4,5,3,3,1,1,1,0,1,1,0,0,0
2696,5,zeros-la-3-7,zeros-la-3,209,2696,5,460,256,4,0,0,2,16,128,2,0,256,32,4,0,8,4,4,0,5,2,4,1,1,1,0,1,1,0,0,0
2704,5,zeros-la-3-7,zeros-la-3,210,2704,5,462,256,4,2,0,2,16,128,2,0,256,32,4,0,8,8,0,0,5,3,2,2,1,1,0,1,1,0,0,0
2724,6,zeros-la-3-7,zeros-la-3,211,2724,6,464,256,4,4,0,0,16,128,2,0,256,32,4,2,16,0,0,0,6,2,3,0,2,1,0,1,1,0,0,0
2724,5,zeros-la-3-7,zeros-la-3,212,2724,5,466,256,4,4,2,2,16,128,4,0,256,32,0,0,16,2,0,0,5,3,3,0,2,1,0,1,1,0,0,0
2736,6,zeros-la-3-7,zeros-la-3,213,2736,6,468,256,0,0,8,4,0,16,128,4,0,0,256,32,0,2,16,2,6,2,2,1,2,1,0,1,1,0,0,0
2744,6,zeros-la-3-7,zeros-la-3,214,2744,6,470,256,0,16,8,8,0,2,128,32,0,2,256,2,0,0,16,0,6,3,0,2,2,1,0,1,1,0,0,0
2760,6,zeros-la-3-7,zeros-la-3,215,2760,6,472,256,16,16,2,0,2,128,32,0,2,256,2,0,16,0,0,0,6,4,0,0,3,1,0,1,1,0,0,0
2792,6,zeros-la-3-7,zeros-la-3,216,2792,6,474,256,32,2,0,0,2,128,32,0,2,256,2,0,16,2,0,0,6,5,0,0,1,2,0,1,1,0,0,0
2796,6,zeros-la-3-7,zeros-la-3,217,2796,6,476,256,0,2,0,0,32,128,2,0,4,256,32,0,16,2,2,0,6,4,1,0,1,2,0,1,1,0,0,0
2800,6,zeros-la-3-7,zeros-la-3,218,2800,6,478,256,0,2,0,2,0,32,128,2,0,4,256,32,0,0,16,4,6,3,2,0,1,2,0,1,1,0,0,0
2804,6,zeros-la-3-7,zeros-la-3,219,2804,6,480,256,4,2,0,0,32,128,2,0,4,256,32,0,16,4,0,0,6,2,3,0,1,2,0,1,1,0,0,0
2804,5,zeros-la-3-7,zeros-la-3,220,2804,5,482,256,4,2,2,0,32,128,32,0,4,256,0,2,16,4,0,0,5,3,3,0,1,2,0,1,1,0,0,0
2808,5,zeros-la-3-7,zeros-la-3,221,2808,5,484,256,4,4,0,2,32,128,32,0,4,256,2,0,16,4,0,0,5,2,4,0,1,2,0,1,1,0,0,0
2808,4,zeros-la-3-7,zeros-la-3,222,2808,4,486,256,4,4,0,0,32,128,0,2,4,256,32,0,16,4,2,2,4,3,4,0,1,2,0,1,1,0,0,0
2820,5,zeros-la-3-7,zeros-la-3,223,2820,5,488,256,8,0,2,0,32,128,2,0,4,256,32,0,16,4,4,0,5,2,3,1,1,2,0,1,1,0,0,0
2824,5,zeros-la-3-7,zeros-la-3,224,2824,5,490,256,8,128,4,0,32,256,32,0,4,4,4,0,16,0,2,0,5,1,4,1,1,2,0,1,1,0,0,0
2832,5,zeros-la-3-7,zeros-la-3,225,2832,5,492,256,8,128,4,2,32,256,32,0,8,4,0,0,16,2,0,0,5,2,2,2,1,2,0,1,1,0,0,0
2832,4,zeros-la-3-7,zeros-la-3,226,2832,4,494,256,8,128,0,0,32,256,0,2,8,4,4,0,16,2,32,2,4,3,2,2,1,2,0,1,1,0,0,0
2840,4,zeros-la-3-7,zeros-la-3,227,2840,4,496,256,8,128,0,0,32,256,2,2,8,8,0,0,16,2,32,2,4,4,0,3,1,2,0,1,1,0,0,0
2860,5,zeros-la-3-7,zeros-la-3,228,2860,5,498,256,8,128,0,0,32,256,4,0,16,0,2,0,16,2,32,2,5,3,1,1,2,2,0,1,1,0,0,0
2892,5,zeros-la-3-7,zeros-la-3,229,2892,5,500,256,8,128,4,2,32,256,2,0,32,2,32,0,0,0,0,2,5,4,1,1,0,3,0,1,1,0,0,0
2960,6,zeros-la-3-7,zeros-la-3,230,2960,6,502,256,8,128,4,4,64,256,2,0,0,2,32,0,2,0,0,0,6,3,2,1,0,1,1,1,1,0,0,0
2968,6,zeros-la-3-7,zeros-la-3,231,2968,6,504,256,8,128,8,0,64,256,2,2,2,32,0,0,2,0,0,0,6,4,0,2,0,1,1,1,1,0,0,0
2972,6,zeros-la-3-7,zeros-la-3,232,2972,6,506,256,8,128,8,0,64,256,4,2,2,32,0,0,2,0,0,0,6,3,1,2,0,1,1,1,1,0,0,0
2976,6,zeros-la-3-7,zeros-la-3,233,2976,6,508,256,0,0,0,2,8,128,0,0,64,256,8,0,4,32,4,2,6,2,2,2,0,1,1,1,1,0,0,0
2980,6,zeros-la-3-7,zeros-la-3,234,2980,6,510,256,0,0,2,0,8,128,0,0,64,256,8,0,4,32,4,4,6,1,3,2,0,1,1,1,1,0,0,0
2988,6,zeros-la-3-7,zeros-la-3,235,2988,6,512,256,2,0,0,0,8,128,0,2,64,256,8,0,4,32,8,0,6,2,1,3,0,1,1,1,1,0,0,0
2988,5,zeros-la-3-7,zeros-la-3,236,2988,5,516,256,0,0,0,2,4,8,128,2,0,64,256,8,0,4,32,8,5,2,2,3,0,1,1,1,1,0,0,0
3008,6,zeros-la-3-7,zeros-la-3,237,3008,6,518,256,0,2,0,0,0,8,128,0,0,64,256,4,4,4,32,16,6,1,3,1,1,1,1,1,1,0,0,0
3016,6,zeros-la-3-7,zeros-la-3,238,3016,6,520,256,0,0,0,2,0,2,8,128,0,64,256,4,0,8,32,16,6,2,1,2,1,1,1,1,1,0,0,0
3016,5,zeros-la-3-7,zeros-la-3,239,3016,5,522,256,0,0,0,2,0,2,8,128,2,64,256,4,0,8,32,16,5,3,1,2,1,1,1,1,1,0,0,0
3016,4,zeros-la-3-7,zeros-la-3,240,3016,4,524,256,0,0,0,2,0,2,8,128,2,64,256,4,2,8,32,16,4,4,1,2,1,1,1,1,1,0,0,0
3016,3,zeros-la-3-7,zeros-la-3,241,3016,3,526,256,2,0,2,0,2,8,128,0,2,64,256,4,2,8,32,16,3,5,1,2,1,1,1,1,1,0,0,0
3024,4,zeros-la-3-7,zeros-la-3,242,3024,4,528,256,0,0,2,2,0,8,128,0,4,64,256,4,4,8,32,16,4,2,3,2,1,1,1,1,1,0,0,0
3032,4,zeros-la-3-7,zeros-la-3,243,3032,4,530,256,2,0,2,0,0,8,128,2,0,64,256,4,8,8,32,16,4,3,1,3,1,1,1,1,1,0,0,0
3052,5,zeros-la-3-7,zeros-la-3,244,3052,5,532,256,4,0,0,2,8,128,2,0,64,256,4,0,16,32,16,0,5,2,2,1,2,1,1,1,1,0,0,0
3052,4,zeros-la-3-7,zeros-la-3,245,3052,4,534,256,4,128,2,2,8,256,4,0,64,32,16,0,16,0,2,0,4,3,2,1,2,1,1,1,1,0,0,0
3056,4,zeros-la-3-7,zeros-la-3,246,3056,4,536,256,4,128,4,0,8,256,4,0,64,32,16,0,16,2,2,0,4,2,3,1,2,1,1,1,1,0,0,0
3060,4,zeros-la-3-7,zeros-la-3,247,3060,4,538,256,4,128,4,2,8,256,4,0,64,32,16,0,16,4,0,0,4,1,4,1,2,1,1,1,1,0,0,0
3068,4,zeros-la-3-7,zeros-la-3,248,3068,4,542,256,4,128,4,0,8,256,0,0,64,32,8,0,16,4,16,2,4,1,3,2,2,1,1,1,1,0,0,0
3068,3,zeros-la-3-7,zeros-la-3,249,3068,3,544,256,4,128,4,2,8,256,8,2,64,32,16,0,16,4,0,0,3,2,3,2,2,1,1,1,1,0,0,0
3072,3,zeros-la-3-7,zeros-la-3,250,3072,3,546,256,4,128,4,4,8,256,8,0,64,32,16,0,16,4,2,0,3,1,4,2,2,1,1,1,1,0,0,0
3080,3,zeros-la-3-7,zeros-la-3,251,3080,3,548,256,4,128,8,0,8,256,8,2,64,32,16,0,16,4,2,0,3,2,2,3,2,1,1,1,1,0,0,0
3096,3,zeros-la-3-7,zeros-la-3,252,3096,3,550,256,4,128,16,2,8,256,16,0,64,32,2,2,16,4,0,0,3,3,2,1,3,1,1,1,1,0,0,0
3132,4,zeros-la-3-7,zeros-la-3,253,3132,4,552,256,4,128,0,2,8,256,0,0,64,32,32,0,16,4,2,4,4,2,3,1,1,2,1,1,1,0,0,0
3196,4,zeros-la-3-7,zeros-la-3,254,3196,4,554,256,4,128,2,0,8,256,0,0,64,64,2,0,16,4,2,4,4,3,3,1,1,0,2,1,1,0,0,0
3200,4,zeros-la-3-7,zeros-la-3,255,3200,4,556,256,4,128,4,4,8,256,2,0,64,64,0,0,16,4,2,0,4,2,4,1,1,0,2,1,1,0,0,0
3336,5,zeros-la-3-7,zeros-la-3,256,3336,5,558,256,4,128,8,2,8,256,2,0,128,0,0,0,16,4,2,0,5,3,2,2,1,0,0,2,1,0,0,0
3340,5,zeros-la-3-7,zeros-la-3,257,3340,5,560,256,4,0,0,0,8,128,0,0,128,256,8,2,16,4,4,2,5,2,3,2,1,0,0,2,1,0,0,0
3348,5,zeros-la-3-7,zeros-la-3,258,3348,5,562,256,0,0,0,4,0,0,8,128,128,256,8,2,2,16,8,2,5,3,1,3,1,0,0,2,1,0,0,0
3368,6,zeros-la-3-7,zeros-la-3,259,3368,6,564,256,0,0,0,0,2,0,0,4,128,256,8,128,2,16,16,4,6,2,2,1,2,0,0,2,1,0,0,0
3400,6,zeros-la-3-7,zeros-la-3,260,3400,6,568,256,0,0,0,0,0,4,2,4,128,256,8,128,0,2,32,4,6,2,3,1,0,1,0,2,1,0,0,0
3400,5,zeros-la-3-7,zeros-la-3,261,3400,5,570,256,0,0,0,0,4,2,4,0,128,256,8,128,2,32,4,2,5,3,3,1,0,1,0,2,1,0,0,0
3400,4,zeros-la-3-7,zeros-la-3,262,3400,4,572,256,4,2,4,128,128,256,8,2,2,32,4,0,0,2,0,0,4,4,3,1,0,1,0,2,1,0,0,0
3400,3,zeros-la-3-7,zeros-la-3,263,3400,3,574,256,4,2,4,128,128,256,8,2,2,32,4,0,2,0,2,0,3,5,3,1,0,1,0,2,1,0,0,0
3404,3,zeros-la-3-7,zeros-la-3,264,3404,3,576,256,0,0,4,0,4,2,8,2,128,256,4,128,4,32,2,2,3,4,4,1,0,1,0,2,1,0,0,0
3408,3,zeros-la-3-7,zeros-la-3,265,3408,3,578,256,4,0,0,2,4,2,8,2,128,256,4,128,4,32,4,0,3,3,5,1,0,1,0,2,1,0,0,0
3428,5,zeros-la-3-7,zeros-la-3,266,3428,5,580,256,0,0,0,0,8,2,2,0,128,256,8,4,4,32,8,128,5,2,2,3,0,1,0,2,1,0,0,0
3432,5,zeros-la-3-7,zeros-la-3,267,3432,5,582,256,2,0,0,0,0,0,8,4,128,256,8,4,4,32,8,128,5,1,3,3,0,1,0,2,1,0,0,0
3456,6,zeros-la-3-7,zeros-la-3,268,3456,6,584,256,0,0,2,0,2,0,0,0,128,256,8,8,4,32,16,128,6,2,1,2,1,1,0,2,1,0,0,0
3472,6,zeros-la-3-7,zeros-la-3,269,3472,6,586,256,2,0,0,0,2,0,2,0,128,256,16,0,4,32,16,128,6,3,1,0,2,1,0,2,1,0,0,0
3508,7,zeros-la-3-7,zeros-la-3,270,3508,7,588,256,0,0,2,0,4,0,0,0,128,256,2,0,4,32,32,128,7,2,2,0,0,2,0,2,1,0,0,0
3512,7,zeros-la-3-7,zeros-la-3,271,3512,7,590,256,0,0,0,0,4,0,2,0,128,256,4,0,4,32,32,128,7,1,3,0,0,2,0,2,1,0,0,0
3576,7,zeros-la-3-7,zeros-la-3,272,3576,7,592,256,0,0,0,0,0,0,4,2,0,128,256,4,2,4,64,128,7,2,3,0,0,0,1,2,1,0,0,0
3576,6,zeros-la-3-7,zeros-la-3,273,3576,6,594,256,2,0,0,0,0,0,4,2,0,128,256,4,2,4,64,128,6,3,3,0,0,0,1,2,1,0,0,0
3580,6,zeros-la-3-7,zeros-la-3,274,3580,6,596,256,0,0,0,0,2,0,4,2,0,128,256,4,4,4,64,128,6,2,4,0,0,0,1,2,1,0,0,0
3588,6,zeros-la-3-7,zeros-la-3,275,3588,6,598,256,0,2,0,0,0,2,4,2,0,128,256,4,0,8,64,128,6,3,2,1,0,0,1,2,1,0,0,0
3592,6,zeros-la-3-7,zeros-la-3,276,3592,6,600,256,0,0,2,0,0,4,4,2,0,128,256,4,0,8,64,128,6,2,3,1,0,0,1,2,1,0,0,0
3600,6,zeros-la-3-7,zeros-la-3,277,3600,6,602,256,0,0,0,2,0,0,8,2,0,128,256,4,2,8,64,128,6,3,1,2,0,0,1,2,1,0,0,0
3604,6,zeros-la-3-7,zeros-la-3,278,3604,6,604,256,2,128,8,4,0,8,256,4,2,0,64,128,0,0,0,0,6,2,2,2,0,0,1,2,1,0,0,0
3616,7,zeros-la-3-7,zeros-la-3,279,3616,7,606,256,4,128,8,8,0,8,256,128,0,2,64,0,0,0,0,0,7,1,1,3,0,0,1,2,1,0,0,0
3632,7,zeros-la-3-7,zeros-la-3,280,3632,7,608,256,0,4,128,16,0,8,256,128,0,0,2,64,0,0,0,2,7,2,1,1,1,0,1,2,1,0,0,0
3632,6,zeros-la-3-7,zeros-la-3,281,3632,6,612,256,0,0,4,16,0,0,128,128,0,4,256,64,0,8,2,2,6,2,2,1,1,0,1,2,1,0,0,0
3892,7,zeros-la-3-7,zeros-la-3,282,3892,7,614,256,4,16,0,0,256,0,0,0,4,256,64,0,8,4,0,2,7,1,3,1,1,0,1,0,2,0,0,0
3892,6,zeros-la-3-7,zeros-la-3,283,3892,6,616,256,4,16,64,2,256,256,2,0,4,4,0,0,8,0,0,0,6,2,3,1,1,0,1,0,2,0,0,0
4412,7,zeros-la-3-7,zeros-la-3,284,4412,7,618,512,4,16,64,2,2,0,512,2,0,0,0,8,0,0,0,8,7,3,1,2,1,0,1,0,0,1,0,0
4432,8,zeros-la-3-7,zeros-la-3,285,4432,8,620,512,4,16,64,4,2,0,512,16,0,0,0,2,0,0,0,0,8,2,2,0,2,0,1,0,0,1,0,0
4432,7,zeros-la-3-7,zeros-la-3,286,4432,7,622,512,4,16,64,4,2,512,16,0,2,0,2,0,0,0,0,0,7,3,2,0,2,0,1,0,0,1,0,0
4436,7,zeros-la-3-7,zeros-la-3,287,4436,7,624,512,0,0,0,2,0,0,64,0,4,16,16,0,4,512,2,4,7,2,3,0,2,0,1,0,0,1,0,0
4444,7,zeros-la-3-7,zeros-la-3,288,4444,7,626,512,0,0,2,0,0,0,64,0,0,16,16,2,8,512,2,4,7,3,1,1,2,0,1,0,0,1,0,0
4476,7,zeros-la-3-7,zeros-la-3,289,4476,7,628,512,2,0,0,2,64,0,0,0,32,2,0,0,8,512,2,4,7,4,1,1,0,1,1,0,0,1,0,0
4480,7,zeros-la-3-7,zeros-la-3,290,4480,7,630,512,4,0,2,0,64,0,0,0,32,2,0,0,8,512,2,4,7,3,2,1,0,1,1,0,0,1,0,0
4480,6,zeros-la-3-7,zeros-la-3,291,4480,6,632,512,4,2,0,0,64,2,0,0,32,2,0,0,8,512,2,4,6,4,2,1,0,1,1,0,0,1,0,0
4484,6,zeros-la-3-7,zeros-la-3,292,4484,6,634,512,4,4,2,4,64,2,0,0,32,512,0,0,8,0,2,0,6,3,3,1,0,1,1,0,0,1,0,0
4488,6,zeros-la-3-7,zeros-la-3,293,4488,6,636,512,4,4,4,4,64,2,0,2,32,512,0,0,8,0,0,0,6,2,4,1,0,1,1,0,0,1,0,0
4508,8,zeros-la-3-7,zeros-la-3,294,4508,8,638,512,8,8,0,2,64,4,0,0,32,512,0,0,8,0,0,0,8,1,1,3,0,1,1,0,0,1,0,0
4524,8,zeros-la-3-7,zeros-la-3,295,4524,8,640,512,16,2,0,0,64,4,0,0,32,512,0,2,8,0,0,0,8,2,1,1,1,1,1,0,0,1,0,0
4524,7,zeros-la-3-7,zeros-la-3,296,4524,7,642,512,16,2,2,0,64,4,0,0,32,512,2,0,8,0,0,0,7,3,1,1,1,1,1,0,0,1,0,0
4528,7,zeros-la-3-7,zeros-la-3,297,4528,7,644,512,16,4,0,0,64,4,0,0,32,512,2,2,8,0,0,0,7,2,2,1,1,1,1,0,0,1,0,0
4536,7,zeros-la-3-7,zeros-la-3,298,4536,7,646,512,16,8,2,2,64,512,0,0,32,0,0,2,8,0,0,0,7,3,0,2,1,1,1,0,0,1,0,0
4540,7,zeros-la-3-7,zeros-la-3,299,4540,7,648,512,16,8,4,0,64,512,0,0,32,2,0,0,8,2,0,0,7,2,1,2,1,1,1,0,0,1,0,0
4544,7,zeros-la-3-7,zeros-la-3,300,4544,7,650,512,16,0,0,2,64,8,0,0,32,512,0,0,8,4,4,0,7,1,2,2,1,1,1,0,0,1,0,0
4552,7,zeros-la-3-7,zeros-la-3,301,4552,7,652,512,16,2,0,0,64,8,0,0,32,512,0,2,8,8,0,0,7,2,0,3,1,1,1,0,0,1,0,0
4568,7,zeros-la-3-7,zeros-la-3,302,4568,7,654,512,16,2,0,0,64,8,0,0,32,512,2,2,16,0,0,0,7,3,0,1,2,1,1,0,0,1,0,0
4568,6,zeros-la-3-7,zeros-la-3,303,4568,6,656,512,16,0,0,0,64,2,0,0,32,8,0,2,16,512,2,2,6,4,0,1,2,1,1,0,0,1,0,0
4572,6,zeros-la-3-7,zeros-la-3,304,4572,6,660,512,16,2,2,4,64,8,0,0,32,512,0,0,16,0,4,0,6,2,2,1,2,1,1,0,0,1,0,0
4576,6,zeros-la-3-7,zeros-la-3,305,4576,6,662,512,2,16,4,4,0,0,64,8,0,0,32,512,0,0,16,4,6,1,3,1,2,1,1,0,0,1,0,0
4584,6,zeros-la-3-7,zeros-la-3,306,4584,6,666,512,0,2,16,8,0,0,64,8,0,4,32,512,0,0,16,4,6,1,2,2,2,1,1,0,0,1,0,0
4600,6,zeros-la-3-7,zeros-la-3,307,4600,6,668,512,0,0,16,0,0,0,64,16,2,2,32,512,0,4,16,4,6,2,2,0,3,1,1,0,0,1,0,0
4604,6,zeros-la-3-7,zeros-la-3,308,4604,6,670,512,0,0,0,16,0,0,64,16,2,4,32,512,0,4,16,4,6,1,3,0,3,1,1,0,0,1,0,0
4644,7,zeros-la-3-7,zeros-la-3,309,4644,7,672,512,2,8,64,32,0,0,32,512,0,0,16,4,0,0,0,2,7,2,1,1,1,2,1,0,0,1,0,0
4644,6,zeros-la-3-7,zeros-la-3,310,4644,6,674,512,2,8,64,32,2,0,32,512,0,0,16,4,0,0,0,2,6,3,1,1,1,2,1,0,0,1,0,0
4648,6,zeros-la-3-7,zeros-la-3,311,4648,6,676,512,4,8,64,32,0,0,32,512,0,0,16,4,0,2,0,2,6,2,2,1,1,2,1,0,0,1,0,0
4652,6,zeros-la-3-7,zeros-la-3,312,4652,6,678,512,4,8,64,32,2,0,32,512,0,0,16,4,0,0,0,4,6,1,3,1,1,2,1,0,0,1,0,0
4660,6,zeros-la-3-7,zeros-la-3,313,4660,6,680,512,4,8,64,32,2,0,32,512,2,0,16,8,0,0,0,0,6,2,1,2,1,2,1,0,0,1,0,0
4664,6,zeros-la-3-7,zeros-la-3,314,4664,6,682,512,0,0,2,0,0,0,64,32,4,0,32,512,4,8,16,8,6,1,2,2,1,2,1,0,0,1,0,0
4672,6,zeros-la-3-7,zeros-la-3,315,4672,6,684,512,0,0,2,0,0,2,64,32,0,0,32,512,8,8,16,8,6,2,0,3,1,2,1,0,0,1,0,0
4688,6,zeros-la-3-7,zeros-la-3,316,4688,6,686,512,2,0,2,0,2,64,32,0,32,512,0,0,16,16,8,0,6,3,0,1,2,2,1,0,0,1,0,0
4724,7,zeros-la-3-7,zeros-la-3,317,4724,7,688,512,2,0,0,4,0,2,64,32,0,0,32,512,0,0,32,8,7,2,1,1,0,3,1,0,0,1,0,0
4788,7,zeros-la-3-7,zeros-la-3,318,4788,7,692,512,0,4,0,4,0,0,0,32,0,0,64,512,2,2,64,8,7,2,2,1,0,1,2,0,0,1,0,0
4800,8,zeros-la-3-7,zeros-la-3,319,4800,8,694,512,0,0,0,8,2,0,0,32,0,0,64,512,0,4,64,8,8,1,1,2,0,1,2,0,0,1,0,0
4928,8,zeros-la-3-7,zeros-la-3,320,4928,8,696,512,2,4,128,8,0,0,0,32,0,0,0,512,0,2,0,8,8,2,1,2,0,1,0,1,0,1,0,0
4928,7,zeros-la-3-7,zeros-la-3,321,4928,7,698,512,0,0,2,8,0,0,0,32,0,4,0,512,2,2,128,8,7,3,1,2,0,1,0,1,0,1,0,0
4932,7,zeros-la-3-7,zeros-la-3,322,4932,7,700,512,0,0,2,8,2,0,0,32,0,0,4,512,0,4,128,8,7,2,2,2,0,1,0,1,0,1,0,0
4932,6,zeros-la-3-7,zeros-la-3,323,4932,6,702,512,2,8,0,0,2,32,0,0,4,512,0,2,4,128,8,0,6,3,2,2,0,1,0,1,0,1,0,0
4944,7,zeros-la-3-7,zeros-la-3,324,4944,7,704,512,4,8,8,2,8,32,0,0,0,512,2,0,0,128,0,0,7,2,1,3,0,1,0,1,0,1,0,0
4960,7,zeros-la-3-7,zeros-la-3,325,4960,7,706,512,4,16,2,2,8,32,0,0,512,2,0,0,128,0,0,0,7,3,1,1,1,1,0,1,0,1,0,0
4960,6,zeros-la-3-7,zeros-la-3,326,4960,6,708,512,4,16,2,2,8,32,0,0,512,2,2,0,128,0,0,0,6,4,1,1,1,1,0,1,0,1,0,0
4968,7,zeros-la-3-7,zeros-la-3,327,4968,7,710,512,0,4,16,4,0,0,8,32,0,0,512,4,0,2,0,128,7,1,3,1,1,1,0,1,0,1,0,0
4968,6,zeros-la-3-7,zeros-la-3,328,4968,6,712,512,0,0,0,4,0,0,16,32,0,4,8,4,2,2,512,128,6,2,3,1,1,1,0,1,0,1,0,0
4972,6,zeros-la-3-7,zeros-la-3,329,4972,6,714,512,0,0,2,4,0,0,16,32,0,4,8,4,0,4,512,128,6,1,4,1,1,1,0,1,0,1,0,0
4972,5,zeros-la-3-7,zeros-la-3,330,4972,5,716,512,2,4,0,2,16,32,0,0,4,8,4,0,4,512,128,0,5,2,4,1,1,1,0,1,0,1,0,0
4980,5,zeros-la-3-7,zeros-la-3,331,4980,5,718,512,2,4,4,2,16,32,128,0,8,8,0,0,0,512,2,0,5,3,2,2,1,1,0,1,0,1,0,0
5004,6,zeros-la-3-7,zeros-la-3,332,5004,6,720,512,2,8,2,2,16,32,128,0,16,0,0,0,512,2,0,0,6,4,0,1,2,1,0,1,0,1,0,0
5036,6,zeros-la-3-7,zeros-la-3,333,5036,6,722,512,2,8,2,2,32,32,128,0,512,2,0,0,0,0,2,0,6,5,0,1,0,2,0,1,0,1,0,0
5104,7,zeros-la-3-7,zeros-la-3,334,5104,7,724,512,0,2,8,4,0,0,64,128,0,0,512,2,0,2,0,2,7,4,1,1,0,0,1,1,0,1,0,0
5112,8,zeros-la-3-7,zeros-la-3,335,5112,8,726,512,0,4,8,4,0,0,64,128,2,0,512,4,0,0,0,0,8,1,3,1,0,0,1,1,0,1,0,0
5112,7,zeros-la-3-7,zeros-la-3,336,5112,7,728,512,4,8,4,0,64,128,0,0,2,512,4,0,0,0,0,2,7,2,3,1,0,0,1,1,0,1,0,0
5120,7,zeros-la-3-7,zeros-la-3,337,5120,7,730,512,4,8,8,2,64,128,0,0,2,512,0,0,0,2,0,0,7,3,1,2,0,0,1,1,0,1,0,0
5136,7,zeros-la-3-7,zeros-la-3,338,5136,7,732,512,4,16,2,0,64,128,0,0,2,512,0,0,2,0,0,2,7,4,1,0,1,0,1,1,0,1,0,0
5140,7,zeros-la-3-7,zeros-la-3,339,5140,7,734,512,0,0,0,0,4,16,0,0,64,128,0,2,4,512,2,2,7,3,2,0,1,0,1,1,0,1,0,0
5144,7,zeros-la-3-7,zeros-la-3,340,5144,7,736,512,0,0,0,0,4,16,2,0,64,128,2,0,4,512,4,0,7,2,3,0,1,0,1,1,0,1,0,0
5148,7,zeros-la-3-7,zeros-la-3,341,5148,7,738,512,4,16,4,0,64,128,4,0,4,512,0,0,2,0,0,0,7,1,4,0,1,0,1,1,0,1,0,0
5148,6,zeros-la-3-7,zeros-la-3,342,5148,6,742,512,0,4,16,4,0,64,128,4,0,4,4,512,0,0,0,2,6,1,5,0,1,0,1,1,0,1,0,0
5156,6,zeros-la-3-7,zeros-la-3,343,5156,6,744,512,4,16,4,2,64,128,4,0,8,512,0,0,2,0,0,0,6,2,3,1,1,0,1,1,0,1,0,0
5164,6,zeros-la-3-7,zeros-la-3,344,5164,6,746,512,4,16,8,2,64,128,2,0,8,512,0,0,2,0,0,0,6,3,1,2,1,0,1,1,0,1,0,0
5164,5,zeros-la-3-7,zeros-la-3,345,5164,5,748,512,4,16,8,2,64,128,2,0,8,512,0,0,2,0,2,0,5,4,1,2,1,0,1,1,0,1,0,0
5168,5,zeros-la-3-7,zeros-la-3,346,5168,5,750,512,4,16,8,2,64,128,4,0,8,512,0,2,2,0,0,0,5,3,2,2,1,0,1,1,0,1,0,0
5172,5,zeros-la-3-7,zeros-la-3,347,5172,5,754,512,4,4,0,0,64,16,0,0,8,128,8,0,2,512,4,4,5,1,4,2,1,0,1,1,0,1,0,0
5188,6,zeros-la-3-7,zeros-la-3,348,5188,6,756,512,8,0,0,2,64,16,0,0,8,128,8,0,2,512,8,0,6,2,0,4,1,0,1,1,0,1,0,0
5204,6,zeros-la-3-7,zeros-la-3,349,5204,6,758,512,8,16,16,2,64,128,0,2,8,512,0,0,2,0,0,0,6,3,0,2,2,0,1,1,0,1,0,0
5236,6,zeros-la-3-7,zeros-la-3,350,5236,6,760,512,8,32,2,0,64,128,2,0,8,512,0,0,2,0,0,2,6,4,0,2,0,1,1,1,0,1,0,0
5240,6,zeros-la-3-7,zeros-la-3,351,5240,6,762,512,2,8,32,2,0,64,128,2,0,0,8,512,0,0,0,4,6,3,1,2,0,1,1,1,0,1,0,0
5240,5,zeros-la-3-7,zeros-la-3,352,5240,5,764,512,2,8,32,2,2,64,128,2,0,0,8,512,0,0,0,4,5,4,1,2,0,1,1,1,0,1,0,0
5248,6,zeros-la-3-7,zeros-la-3,353,5248,6,766,512,4,8,32,4,0,64,128,512,0,0,8,4,2,0,0,0,6,1,3,2,0,1,1,1,0,1,0,0
5248,5,zeros-la-3-7,zeros-la-3,354,5248,5,768,512,4,8,32,4,64,128,512,2,8,4,0,0,2,0,0,0,5,2,3,2,0,1,1,1,0,1,0,0
5248,4,zeros-la-3-7,zeros-la-3,355,5248,4,770,512,4,8,32,4,64,128,512,2,8,4,0,0,2,0,2,0,4,3,3,2,0,1,1,1,0,1,0,0
5252,4,zeros-la-3-7,zeros-la-3,356,5252,4,772,512,4,8,32,4,64,128,512,2,8,4,0,2,4,0,0,0,4,2,4,2,0,1,1,1,0,1,0,0
5256,4,zeros-la-3-7,zeros-la-3,357,5256,4,776,512,4,0,0,0,64,8,4,0,8,128,32,4,4,4,512,4,4,0,6,2,0,1,1,1,0,1,0,0
5264,4,zeros-la-3-7,zeros-la-3,358,5264,4,778,512,0,2,0,4,0,64,8,4,8,128,32,4,0,8,512,4,4,1,4,3,0,1,1,1,0,1,0,0
5280,5,zeros-la-3-7,zeros-la-3,359,5280,5,780,512,0,2,0,0,2,64,8,0,0,128,32,8,8,8,512,8,5,2,0,5,0,1,1,1,0,1,0,0
5296,5,zeros-la-3-7,zeros-la-3,360,5296,5,782,512,2,0,0,2,2,64,8,0,128,32,8,0,16,512,8,0,5,3,0,3,1,1,1,1,0,1,0,0
5316,6,zeros-la-3-7,zeros-la-3,361,5316,6,786,512,0,4,0,0,4,64,0,0,128,32,8,0,16,512,16,2,6,1,2,1,2,1,1,1,0,1,0,0
5316,5,zeros-la-3-7,zeros-la-3,362,5316,5,788,512,4,4,8,2,128,64,16,0,16,32,0,0,2,512,0,0,5,2,2,1,2,1,1,1,0,1,0,0
5324,5,zeros-la-3-7,zeros-la-3,363,5324,5,790,512,8,8,2,0,128,64,16,0,16,32,2,0,2,512,0,0,5,3,0,2,2,1,1,1,0,1,0,0
5324,4,zeros-la-3-7,zeros-la-3,364,5324,4,794,512,8,8,2,0,128,64,16,0,16,32,2,0,2,512,0,4,4,3,1,2,2,1,1,1,0,1,0,0
5324,3,zeros-la-3-7,zeros-la-3,365,5324,3,796,512,8,8,2,4,128,64,16,0,16,32,2,2,2,512,0,0,3,4,1,2,2,1,1,1,0,1,0,0
5344,4,zeros-la-3-7,zeros-la-3,366,5344,4,798,512,0,16,2,4,2,128,64,16,0,16,32,4,0,0,2,512,4,3,2,0,3,1,1,1,0,1,0,0
5344,3,zeros-la-3-7,zeros-la-3,367,5344,3,800,512,0,16,2,4,2,128,64,16,2,16,32,4,0,0,2,512,3,4,2,0,3,1,1,1,0,1,0,0
5348,3,zeros-la-3-7,zeros-la-3,368,5348,3,802,512,4,16,2,4,0,128,64,16,2,16,32,4,0,0,2,512,3,3,3,0,3,1,1,1,0,1,0,0
5348,2,zeros-la-3-7,zeros-la-3,369,5348,2,804,512,4,16,2,4,128,64,16,0,2,16,32,4,2,512,2,0,2,4,3,0,3,1,1,1,0,1,0,0
5360,3,zeros-la-3-7,zeros-la-3,370,5360,3,806,512,0,16,2,0,4,64,16,2,128,16,32,0,4,512,2,8,3,3,2,1,3,1,1,1,0,1,0,0
5360,2,zeros-la-3-7,zeros-la-3,371,5360,2,810,512,0,4,16,2,4,64,16,2,0,128,16,32,4,512,2,8,2,3,3,1,3,1,1,1,0,1,0,0
5404,4,zeros-la-3-7,zeros-la-3,372,5404,4,812,512,0,4,0,0,2,64,16,4,0,128,32,32,8,512,2,8,4,2,2,2,1,2,1,1,0,1,0,0
5468,4,zeros-la-3-7,zeros-la-3,373,5468,4,814,512,4,0,0,0,2,64,16,4,128,64,2,0,8,512,2,8,4,3,2,2,1,0,2,1,0,1,0,0
5600,5,zeros-la-3-7,zeros-la-3,374,5600,5,816,512,4,0,2,0,2,0,0,0,128,128,16,4,8,512,4,8,5,2,3,2,1,0,0,2,0,1,0,0
5856,5,zeros-la-3-7,zeros-la-3,375,5856,5,818,512,0,0,4,2,0,2,0,2,0,256,16,4,8,512,4,8,5,3,3,2,1,0,0,0,1,1,0,0
5860,5,zeros-la-3-7,zeros-la-3,376,5860,5,822,512,0,4,0,0,0,2,4,4,0,256,16,4,8,512,4,8,5,1,5,2,1,0,0,0,1,1,0,0
5868,5,zeros-la-3-7,zeros-la-3,377,5868,5,824,512,8,4,4,8,0,2,16,8,0,256,4,0,0,512,0,2,5,2,3,3,1,0,0,0,1,1,0,0
5876,5,zeros-la-3-7,zeros-la-3,378,5876,5,826,512,8,8,8,0,2,16,8,0,256,4,2,0,512,2,0,0,5,3,1,4,1,0,0,0,1,1,0,0
5892,5,zeros-la-3-7,zeros-la-3,379,5892,5,828,512,8,8,16,0,2,16,2,0,256,4,0,0,512,2,2,0,5,4,1,2,2,0,0,0,1,1,0,0
5912,6,zeros-la-3-7,zeros-la-3,380,5912,6,830,512,16,16,0,0,2,16,2,0,256,4,2,0,512,4,0,0,6,3,2,0,3,0,0,0,1,1,0,0
5956,8,zeros-la-3-7,zeros-la-3,381,5956,8,832,512,16,32,4,0,2,8,0,2,256,0,0,0,512,0,0,0,8,2,1,1,1,1,0,0,1,1,0,0
5956,7,zeros-la-3-7,zeros-la-3,382,5956,7,834,512,16,32,4,2,2,8,0,0,256,0,0,2,512,0,0,0,7,3,1,1,1,1,0,0,1,1,0,0
5960,7,zeros-la-3-7,zeros-la-3,383,5960,7,836,512,16,0,0,0,2,0,0,0,256,32,0,2,512,8,4,4,7,2,2,1,1,1,0,0,1,1,0,0
5968,7,zeros-la-3-7,zeros-la-3,384,5968,7,838,512,0,0,0,16,2,0,0,2,0,256,32,2,0,512,8,8,7,3,0,2,1,1,0,0,1,1,0,0
5988,8,zeros-la-3-7,zeros-la-3,385,5988,8,840,512,16,0,0,0,4,0,0,0,256,32,2,0,512,16,2,0,8,2,1,0,2,1,0,0,1,1,0,0
5992,8,zeros-la-3-7,zeros-la-3,386,5992,8,842,512,16,32,4,0,4,16,0,0,256,0,2,0,512,0,0,0,8,1,2,0,2,1,0,0,1,1,0,0
5992,7,zeros-la-3-7,zeros-la-3,387,5992,7,844,512,16,32,4,0,4,16,0,0,256,2,0,2,512,0,0,0,7,2,2,0,2,1,0,0,1,1,0,0
5996,7,zeros-la-3-7,zeros-la-3,388,5996,7,846,512,0,16,32,4,0,0,4,16,0,0,256,4,0,0,2,512,7,1,3,0,2,1,0,0,1,1,0,0
5996,6,zeros-la-3-7,zeros-la-3,389,5996,6,848,512,0,16,32,4,2,0,4,16,0,0,256,4,0,0,2,512,6,2,3,0,2,1,0,0,1,1,0,0
5996,5,zeros-la-3-7,zeros-la-3,390,5996,5,850,512,16,32,4,0,2,4,16,2,256,4,0,0,2,512,0,0,5,3,3,0,2,1,0,0,1,1,0,0
6004,5,zeros-la-3-7,zeros-la-3,391,6004,5,852,512,16,2,0,0,2,32,0,0,256,8,4,0,2,512,16,2,5,4,1,1,2,1,0,0,1,1,0,0
6004,4,zeros-la-3-7,zeros-la-3,392,6004,4,854,512,16,2,0,0,2,32,2,0,256,8,4,0,2,512,16,2,4,5,1,1,2,1,0,0,1,1,0,0
6004,3,zeros-la-3-7,zeros-la-3,393,6004,3,856,512,2,0,16,2,0,2,32,2,0,256,8,4,2,512,16,2,3,6,1,1,2,1,0,0,1,1,0,0
6012,4,zeros-la-3-7,zeros-la-3,394,6012,4,858,512,0,0,16,2,0,2,32,4,0,256,8,4,4,512,16,2,4,3,3,1,2,1,0,0,1,1,0,0
6020,4,zeros-la-3-7,zeros-la-3,395,6020,4,860,512,0,0,16,0,0,2,32,2,2,256,8,8,4,512,16,2,4,4,1,2,2,1,0,0,1,1,0,0
6036,4,zeros-la-3-7,zeros-la-3,396,6036,4,862,512,16,0,0,2,2,32,2,0,2,256,16,0,4,512,16,2,4,5,1,0,3,1,0,0,1,1,0,0
6076,6,zeros-la-3-7,zeros-la-3,397,6076,6,864,512,2,0,0,0,16,32,0,0,4,256,2,0,4,512,32,4,6,2,3,0,1,2,0,0,1,1,0,0
6084,6,zeros-la-3-7,zeros-la-3,398,6084,6,866,512,0,0,0,2,2,32,0,0,16,256,2,0,8,512,32,4,6,3,1,1,1,2,0,0,1,1,0,0
6084,5,zeros-la-3-7,zeros-la-3,399,6084,5,868,512,2,0,0,0,2,32,0,0,16,256,2,2,8,512,32,4,5,4,1,1,1,2,0,0,1,1,0,0
6088,5,zeros-la-3-7,zeros-la-3,400,6088,5,870,512,0,2,0,2,0,0,2,32,0,16,256,4,8,512,32,4,5,3,2,1,1,2,0,0,1,1,0,0
6096,5,zeros-la-3-7,zeros-la-3,401,6096,5,872,512,0,0,0,2,0,2,2,2,0,16,256,32,8,512,32,8,5,4,0,2,1,2,0,0,1,1,0,0
6100,5,zeros-la-3-7,zeros-la-3,402,6100,5,874,512,2,0,2,0,4,2,0,0,16,256,32,0,8,512,32,8,5,3,1,2,1,2,0,0,1,1,0,0
6104,5,zeros-la-3-7,zeros-la-3,403,6104,5,876,512,4,0,0,0,4,2,0,2,16,256,32,0,8,512,32,8,5,2,2,2,1,2,0,0,1,1,0,0
6176,6,zeros-la-3-7,zeros-la-3,404,6176,6,878,512,2,0,0,0,8,2,0,0,16,256,0,2,8,512,64,8,6,3,0,3,1,0,1,0,1,1,0,0
6176,5,zeros-la-3-7,zeros-la-3,405,6176,5,880,512,2,0,0,2,8,2,0,0,16,256,2,0,8,512,64,8,5,4,0,3,1,0,1,0,1,1,0,0
6180,5,zeros-la-3-7,zeros-la-3,406,6180,5,882,512,0,2,0,4,0,0,8,2,0,16,256,2,8,512,64,8,5,3,1,3,1,0,1,0,1,1,0,0
6184,5,zeros-la-3-7,zeros-la-3,407,6184,5,884,512,0,2,0,0,0,2,8,4,0,16,256,4,8,512,64,8,5,2,2,3,1,0,1,0,1,1,0,0
6196,6,zeros-la-3-7,zeros-la-3,408,6196,6,886,512,8,4,8,8,2,16,256,8,0,512,64,0,0,0,0,0,6,1,1,4,1,0,1,0,1,1,0,0
6212,6,zeros-la-3-7,zeros-la-3,409,6212,6,888,512,8,4,8,16,2,16,256,0,0,512,64,0,2,0,0,0,6,2,1,2,2,0,1,0,1,1,0,0
6212,5,zeros-la-3-7,zeros-la-3,410,6212,5,890,512,8,4,8,16,0,2,16,256,0,2,512,64,0,0,0,2,5,3,1,2,2,0,1,0,1,1,0,0
6216,5,zeros-la-3-7,zeros-la-3,411,6216,5,892,512,0,0,0,16,2,0,8,256,0,4,16,64,8,4,512,2,5,2,2,2,2,0,1,0,1,1,0,0
6224,5,zeros-la-3-7,zeros-la-3,412,6224,5,896,512,2,8,8,16,8,0,16,256,0,0,512,64,4,0,0,2,5,2,1,3,2,0,1,0,1,1,0,0
6240,5,zeros-la-3-7,zeros-la-3,413,6240,5,898,512,0,2,16,16,0,8,16,256,0,0,512,64,2,0,4,2,5,3,1,1,3,0,1,0,1,1,0,0
6272,5,zeros-la-3-7,zeros-la-3,414,6272,5,900,512,2,2,32,16,0,8,512,256,0,0,4,64,0,2,0,2,5,4,1,1,1,1,1,0,1,1,0,0
6280,6,zeros-la-3-7,zeros-la-3,415,6280,6,902,512,4,32,16,0,8,512,256,2,4,64,0,0,4,0,0,0,6,1,3,1,1,1,1,0,1,1,0,0
6288,6,zeros-la-3-7,zeros-la-3,416,6288,6,904,512,4,32,16,2,8,512,256,0,8,64,0,0,2,0,0,0,6,2,1,2,1,1,1,0,1,1,0,0
6304,6,zeros-la-3-7,zeros-la-3,417,6304,6,906,512,4,32,16,2,16,512,256,0,2,64,0,0,0,0,2,0,6,3,1,0,2,1,1,0,1,1,0,0
6304,5,zeros-la-3-7,zeros-la-3,418,6304,5,908,512,4,32,16,2,16,512,256,0,2,64,2,0,2,0,0,0,5,4,1,0,2,1,1,0,1,1,0,0
6308,5,zeros-la-3-7,zeros-la-3,419,6308,5,910,512,4,32,16,2,16,512,256,0,4,64,2,2,0,0,0,0,5,3,2,0,2,1,1,0,1,1,0,0
6312,5,zeros-la-3-7,zeros-la-3,420,6312,5,912,512,4,32,16,4,16,512,256,0,4,64,2,2,0,0,0,0,5,2,3,0,2,1,1,0,1,1,0,0
6316,5,zeros-la-3-7,zeros-la-3,421,6316,5,914,512,4,32,16,4,16,512,256,0,4,64,4,2,0,0,0,0,5,1,4,0,2,1,1,0,1,1,0,0
6316,4,zeros-la-3-7,zeros-la-3,422,6316,4,916,512,4,32,16,4,2,16,512,256,4,64,4,2,0,0,0,0,4,2,4,0,2,1,1,0,1,1,0,0
6316,3,zeros-la-3-7,zeros-la-3,423,6316,3,918,512,4,32,16,4,2,16,512,256,4,64,4,2,2,0,0,0,3,3,4,0,2,1,1,0,1,1,0,0
6316,2,zeros-la-3-7,zeros-la-3,424,6316,2,920,512,4,32,16,4,2,16,512,256,4,64,4,2,0,0,2,2,2,4,4,0,2,1,1,0,1,1,0,0
6320,2,zeros-la-3-7,zeros-la-3,425,6320,2,922,512,4,32,16,4,2,16,512,256,4,64,4,2,4,0,0,2,2,3,5,0,2,1,1,0,1,1,0,0
6332,3,zeros-la-3-7,zeros-la-3,426,6332,3,924,512,0,2,0,0,4,32,16,4,2,16,512,256,8,64,4,4,3,2,4,1,2,1,1,0,1,1,0,0
6340,3,zeros-la-3-7,zeros-la-3,427,6340,3,926,512,2,0,0,2,4,32,16,4,2,16,512,256,0,8,64,8,3,3,2,2,2,1,1,0,1,1,0,0
6344,3,zeros-la-3-7,zeros-la-3,428,6344,3,928,512,2,0,0,4,4,32,16,4,2,16,512,256,0,8,64,8,3,2,3,2,2,1,1,0,1,1,0,0
6352,3,zeros-la-3-7,zeros-la-3,429,6352,3,930,512,0,0,0,2,2,32,16,8,4,16,512,256,2,8,64,8,3,3,1,3,2,1,1,0,1,1,0,0
6352,2,zeros-la-3-7,zeros-la-3,430,6352,2,932,512,2,2,0,0,2,32,16,8,4,16,512,256,2,8,64,8,2,4,1,3,2,1,1,0,1,1,0,0
6356,2,zeros-la-3-7,zeros-la-3,431,6356,2,934,512,2,2,0,0,4,32,16,8,4,16,512,256,2,8,64,8,2,3,2,3,2,1,1,0,1,1,0,0
6360,2,zeros-la-3-7,zeros-la-3,432,6360,2,936,512,2,0,0,4,4,32,16,8,4,16,512,256,2,8,64,8,2,2,3,3,2,1,1,0,1,1,0,0
6360,1,zeros-la-3-7,zeros-la-3,433,6360,1,938,512,2,0,2,4,4,32,16,8,4,16,512,256,2,8,64,8,1,3,3,3,2,1,1,0,1,1,0,0
6364,1,zeros-la-3-7,zeros-la-3,434,6364,1,940,512,0,2,4,4,4,32,16,8,4,16,512,256,2,8,64,8,1,2,4,3,2,1,1,0,1,1,0,0
6372,1,zeros-la-3-7,zeros-la-3,435,6372,1,944,512,0,4,2,8,4,32,16,8,4,16,512,256,2,8,64,8,1,2,3,4,2,1,1,0,1,1,0,0
6396,2,zeros-la-3-7,zeros-la-3,436,6396,2,946,512,0,4,2,2,0,32,16,16,8,16,512,256,2,8,64,8,2,3,1,3,3,1,1,0,1,1,0,0
6432,3,zeros-la-3-7,zeros-la-3,437,6432,3,948,512,4,4,0,2,32,32,0,0,8,16,512,256,2,8,64,8,3,2,2,3,1,2,1,0,1,1,0,0
6504,4,zeros-la-3-7,zeros-la-3,438,6504,4,950,512,8,2,0,2,64,0,0,0,8,16,512,256,2,8,64,8,4,3,0,4,1,0,2,0,1,1,0,0
6504,3,zeros-la-3-7,zeros-la-3,439,6504,3,952,512,8,2,512,2,64,16,64,256,8,8,0,8,2,0,2,0,3,4,0,4,1,0,2,0,1,1,0,0
6524,4,zeros-la-3-7,zeros-la-3,440,6524,4,954,512,8,2,512,2,64,16,64,256,16,8,0,0,4,2,0,0,4,3,1,2,2,0,2,0,1,1,0,0
6524,3,zeros-la-3-7,zeros-la-3,441,6524,3,956,512,8,2,512,2,64,16,64,256,16,8,0,0,4,2,0,2,3,4,1,2,2,0,2,0,1,1,0,0
6528,3,zeros-la-3-7,zeros-la-3,442,6528,3,958,512,8,2,512,2,64,16,64,256,2,0,16,8,0,0,4,4,3,3,2,2,2,0,2,0,1,1,0,0
6536,3,zeros-la-3-7,zeros-la-3,443,6536,3,960,512,8,2,512,2,64,16,64,256,0,2,16,8,0,2,0,8,3,4,0,3,2,0,2,0,1,1,0,0
6556,4,zeros-la-3-7,zeros-la-3,444,6556,4,962,512,0,0,0,2,0,2,512,2,8,16,64,256,64,4,16,16,4,3,1,1,3,0,2,0,1,1,0,0
6588,4,zeros-la-3-7,zeros-la-3,445,6588,4,964,512,2,0,0,2,2,512,2,0,8,16,64,256,64,4,32,0,4,4,1,1,1,1,2,0,1,1,0,0
6592,4,zeros-la-3-7,zeros-la-3,446,6592,4,966,512,0,0,0,0,4,512,2,2,8,16,64,2,64,4,32,256,4,3,2,1,1,1,2,0,1,1,0,0
6596,4,zeros-la-3-7,zeros-la-3,447,6596,4,968,512,0,0,0,2,4,512,2,0,8,16,64,4,64,4,32,256,4,2,3,1,1,1,2,0,1,1,0,0
6596,3,zeros-la-3-7,zeros-la-3,448,6596,3,972,512,0,4,0,2,0,4,512,2,8,16,64,4,64,4,32,256,3,2,4,1,1,1,2,0,1,1,0,0
6608,4,zeros-la-3-7,zeros-la-3,449,6608,4,974,512,8,8,512,4,64,16,64,4,0,4,32,256,0,0,2,0,4,1,3,2,1,1,2,0,1,1,0,0
6624,4,zeros-la-3-7,zeros-la-3,450,6624,4,976,512,2,16,512,4,64,16,64,4,0,4,32,256,0,0,0,2,4,2,3,0,2,1,2,0,1,1,0,0
6624,3,zeros-la-3-7,zeros-la-3,451,6624,3,978,512,2,16,512,4,64,16,64,4,4,32,256,0,2,0,0,2,3,3,3,0,2,1,2,0,1,1,0,0
6664,4,zeros-la-3-7,zeros-la-3,452,6664,4,980,512,2,32,512,8,64,32,64,2,4,0,256,0,2,0,0,2,4,4,1,1,0,2,2,0,1,1,0,0
6732,5,zeros-la-3-7,zeros-la-3,453,6732,5,982,512,2,64,512,8,64,0,64,4,4,0,256,0,2,0,0,2,5,3,2,1,0,0,3,0,1,1,0,0
6864,6,zeros-la-3-7,zeros-la-3,454,6864,6,984,512,2,64,512,8,0,0,128,4,0,0,4,256,0,0,2,4,6,2,3,1,0,0,1,1,1,1,0,0
6864,5,zeros-la-3-7,zeros-la-3,455,6864,5,986,512,2,64,512,8,0,2,128,4,0,0,4,256,0,0,2,4,5,3,3,1,0,0,1,1,1,1,0,0
6864,4,zeros-la-3-7,zeros-la-3,456,6864,4,988,512,2,64,512,8,0,2,128,4,2,0,4,256,0,0,2,4,4,4,3,1,0,0,1,1,1,1,0,0
6864,3,zeros-la-3-7,zeros-la-3,457,6864,3,990,512,2,64,512,8,2,128,4,0,2,4,256,2,2,4,0,0,3,5,3,1,0,0,1,1,1,1,0,0
6880,5,zeros-la-3-7,zeros-la-3,458,6880,5,992,512,4,64,512,8,4,128,4,2,0,8,256,0,2,0,0,0,5,2,3,2,0,0,1,1,1,1,0,0
6880,4,zeros-la-3-7,zeros-la-3,459,6880,4,994,512,4,64,512,8,4,128,4,2,8,256,2,0,2,0,0,0,4,3,3,2,0,0,1,1,1,1,0,0
6888,4,zeros-la-3-7,zeros-la-3,460,6888,4,996,512,8,64,512,8,8,128,4,2,2,256,2,0,0,0,2,0,4,4,1,3,0,0,1,1,1,1,0,0
6908,5,zeros-la-3-7,zeros-la-3,461,6908,5,998,512,16,64,512,8,2,128,4,2,2,256,4,0,0,0,0,0,5,3,2,1,1,0,1,1,1,1,0,0
6920,6,zeros-la-3-7,zeros-la-3,462,6920,6,1000,512,16,64,512,8,4,128,8,2,0,256,0,0,0,0,0,2,6,2,1,2,1,0,1,1,1,1,0,0
6924,6,zeros-la-3-7,zeros-la-3,463,6924,6,1002,512,2,0,0,0,0,64,0,0,16,128,512,8,4,256,8,4,6,1,2,2,1,0,1,1,1,1,0,0
6924,5,zeros-la-3-7,zeros-la-3,464,6924,5,1004,512,0,2,0,0,2,64,0,0,16,128,512,8,4,256,8,4,5,2,2,2,1,0,1,1,1,1,0,0
6924,4,zeros-la-3-7,zeros-la-3,465,6924,4,1006,512,0,2,0,2,0,0,2,64,16,128,512,8,4,256,8,4,4,3,2,2,1,0,1,1,1,1,0,0
6928,4,zeros-la-3-7,zeros-la-3,466,6928,4,1010,512,0,0,0,4,4,0,2,64,16,128,512,8,4,256,8,4,4,1,4,2,1,0,1,1,1,1,0,0
6928,3,zeros-la-3-7,zeros-la-3,467,6928,3,1012,512,0,0,0,4,2,4,2,64,16,128,512,8,4,256,8,4,3,2,4,2,1,0,1,1,1,1,0,0
6928,2,zeros-la-3-7,zeros-la-3,468,6928,2,1014,512,2,0,0,4,2,4,2,64,16,128,512,8,4,256,8,4,2,3,4,2,1,0,1,1,1,1,0,0
6928,1,zeros-la-3-7,zeros-la-3,469,6928,1,1016,512,2,0,2,4,2,4,2,64,16,128,512,8,4,256,8,4,1,4,4,2,1,0,1,1,1,1,0,0
6936,2,zeros-la-3-7,zeros-la-3,470,6936,2,1018,512,4,4,4,4,16,128,512,64,4,256,8,8,2,0,0,4,2,1,6,2,1,0,1,1,1,1,0,0
6968,4,zeros-la-3-7,zeros-la-3,471,6968,4,1020,512,0,0,8,8,16,128,512,64,2,4,256,16,0,0,2,4,4,2,2,2,2,0,1,1,1,1,0,0
6984,4,zeros-la-3-7,zeros-la-3,472,6984,4,1022,512,16,0,0,0,16,128,512,64,2,4,256,16,2,4,2,0,4,3,2,0,3,0,1,1,1,1,0,0
7028,6,zeros-la-3-7,zeros-la-3,473,7028,6,1024,512,32,128,512,64,4,8,256,16,0,0,2,0,0,2,0,0,6,2,1,1,1,1,1,1,1,1,0,0
7028,5,zeros-la-3-7,zeros-la-3,474,7028,5,1026,512,32,128,512,64,4,8,256,16,0,2,2,0,0,0,2,0,5,3,1,1,1,1,1,1,1,1,0,0
7032,5,zeros-la-3-7,zeros-la-3,475,7032,5,1028,512,32,128,512,64,4,8,256,16,4,0,2,0,2,0,0,0,5,2,2,1,1,1,1,1,1,1,0,0
7040,5,zeros-la-3-7,zeros-la-3,476,7040,5,1030,512,32,128,512,64,8,8,256,16,2,0,2,0,0,0,2,0,5,3,0,2,1,1,1,1,1,1,0,0
7060,6,zeros-la-3-7,zeros-la-3,477,7060,6,1032,512,32,128,512,64,16,256,16,0,4,0,0,0,2,2,0,0,6,2,1,0,2,1,1,1,1,1,0,0
7064,6,zeros-la-3-7,zeros-la-3,478,7064,6,1034,512,32,128,512,64,16,256,16,0,4,0,0,0,4,2,0,0,6,1,2,0,2,1,1,1,1,1,0,0
7064,5,zeros-la-3-7,zeros-la-3,479,7064,5,1036,512,32,128,512,64,16,256,16,0,4,0,0,0,4,2,0,2,5,2,2,0,2,1,1,1,1,1,0,0
7068,5,zeros-la-3-7,zeros-la-3,480,7068,5,1038,512,32,128,512,64,0,16,256,16,0,0,0,4,0,2,4,4,5,1,3,0,2,1,1,1,1,1,0,0
7076,5,zeros-la-3-7,zeros-la-3,481,7076,5,1040,512,32,128,512,64,0,16,256,16,2,2,4,8,0,0,0,0,5,2,1,1,2,1,1,1,1,1,0,0
7080,5,zeros-la-3-7,zeros-la-3,482,7080,5,1042,512,32,128,512,64,16,256,16,0,4,4,8,0,0,2,0,0,5,1,2,1,2,1,1,1,1,1,0,0
7088,5,zeros-la-3-7,zeros-la-3,483,7088,5,1044,512,32,128,512,64,16,256,16,0,8,8,0,0,2,0,2,0,5,2,0,2,2,1,1,1,1,1,0,0
7108,6,zeros-la-3-7,zeros-la-3,484,7108,6,1046,512,32,128,512,64,16,256,16,2,16,0,0,0,4,0,0,0,6,1,1,0,3,1,1,1,1,1,0,0
7140,6,zeros-la-3-7,zeros-la-3,485,7140,6,1048,512,32,128,512,64,32,256,16,2,4,0,0,0,0,2,0,0,6,2,1,0,1,2,1,1,1,1,0,0
7140,5,zeros-la-3-7,zeros-la-3,486,7140,5,1050,512,32,128,512,64,32,256,16,2,0,2,0,4,0,0,0,2,5,3,1,0,1,2,1,1,1,1,0,0
7140,4,zeros-la-3-7,zeros-la-3,487,7140,4,1052,512,32,128,512,64,32,256,16,2,2,4,0,0,2,0,0,2,4,4,1,0,1,2,1,1,1,1,0,0
7212,6,zeros-la-3-7,zeros-la-3,488,7212,6,1056,512,0,0,0,0,0,128,4,0,64,256,512,64,4,4,16,4,6,0,4,0,1,0,2,1,1,1,0,0
7220,6,zeros-la-3-7,zeros-la-3,489,7220,6,1058,512,0,0,0,2,0,0,128,4,64,256,512,64,0,8,16,4,6,1,2,1,1,0,2,1,1,1,0,0
7220,5,zeros-la-3-7,zeros-la-3,490,7220,5,1060,512,0,0,0,2,0,0,128,4,2,256,512,64,64,8,16,4,5,2,2,1,1,0,2,1,1,1,0,0
7220,4,zeros-la-3-7,zeros-la-3,491,7220,4,1062,512,0,0,0,2,2,0,128,4,2,256,512,64,64,8,16,4,4,3,2,1,1,0,2,1,1,1,0,0
7224,4,zeros-la-3-7,zeros-la-3,492,7224,4,1064,512,0,0,0,2,2,0,128,4,4,256,512,64,64,8,16,4,4,2,3,1,1,0,2,1,1,1,0,0
7224,3,zeros-la-3-7,zeros-la-3,493,7224,3,1066,512,2,0,2,0,2,128,4,0,4,256,512,64,64,8,16,4,3,3,3,1,1,0,2,1,1,1,0,0
7228,3,zeros-la-3-7,zeros-la-3,494,7228,3,1068,512,0,0,2,4,0,2,128,4,4,256,512,64,64,8,16,4,3,2,4,1,1,0,2,1,1,1,0,0
7236,3,zeros-la-3-7,zeros-la-3,495,7236,3,1070,512,0,0,2,2,0,2,128,8,4,256,512,64,64,8,16,4,3,3,2,2,1,0,2,1,1,1,0,0
7240,3,zeros-la-3-7,zeros-la-3,496,7240,3,1072,512,0,2,0,4,0,2,128,8,4,256,512,64,64,8,16,4,3,2,3,2,1,0,2,1,1,1,0,0
7244,3,zeros-la-3-7,zeros-la-3,497,7244,3,1074,512,4,4,128,4,64,256,512,8,0,8,16,64,0,2,0,4,3,1,4,2,1,0,2,1,1,1,0,0
7252,3,zeros-la-3-7,zeros-la-3,498,7252,3,1076,512,2,8,128,4,64,256,512,8,0,8,16,64,0,0,2,4,3,2,2,3,1,0,2,1,1,1,0,0
7252,2,zeros-la-3-7,zeros-la-3,499,7252,2,1078,512,2,8,128,4,64,256,512,8,0,8,16,64,0,2,2,4,2,3,2,3,1,0,2,1,1,1,0,0
7256,2,zeros-la-3-7,zeros-la-3,500,7256,2,1080,512,2,8,128,4,64,256,512,8,8,16,64,2,4,4,0,0,2,2,3,3,1,0,2,1,1,1,0,0
7264,2,zeros-la-3-7,zeros-la-3,501,7264,2,1082,512,2,8,128,4,64,256,512,8,8,16,64,2,8,2,0,0,2,3,1,4,1,0,2,1,1,1,0,0
7280,2,zeros-la-3-7,zeros-la-3,502,7280,2,1084,512,2,8,128,4,64,256,512,8,16,16,64,2,0,2,0,2,2,4,1,2,2,0,2,1,1,1,0,0
7316,3,zeros-la-3-7,zeros-la-3,503,7316,3,1086,512,2,8,128,4,64,256,512,8,32,64,2,0,4,0,2,0,3,3,2,2,0,1,2,1,1,1,0,0
7320,3,zeros-la-3-7,zeros-la-3,504,7320,3,1088,512,2,0,0,0,64,8,128,2,32,256,512,4,4,64,4,8,3,2,3,2,0,1,2,1,1,1,0,0
7320,2,zeros-la-3-7,zeros-la-3,505,7320,2,1090,512,0,0,2,2,64,8,128,2,32,256,512,4,4,64,4,8,2,3,3,2,0,1,2,1,1,1,0,0
7324,2,zeros-la-3-7,zeros-la-3,506,7324,2,1092,512,0,2,2,0,64,8,128,4,32,256,512,4,4,64,4,8,2,2,4,2,0,1,2,1,1,1,0,0
7332,2,zeros-la-3-7,zeros-la-3,507,7332,2,1094,512,2,2,2,0,64,8,128,0,32,256,512,8,4,64,4,8,2,3,2,3,0,1,2,1,1,1,0,0
7336,2,zeros-la-3-7,zeros-la-3,508,7336,2,1096,512,0,0,2,4,2,64,8,128,32,256,512,8,4,64,4,8,2,2,3,3,0,1,2,1,1,1,0,0
7352,2,zeros-la-3-7,zeros-la-3,509,7352,2,1098,512,2,0,2,0,2,64,8,4,32,256,512,128,4,64,4,16,2,3,3,1,1,1,2,1,1,1,0,0
7356,2,zeros-la-3-7,zeros-la-3,510,7356,2,1100,512,2,0,0,4,2,64,8,4,32,256,512,128,4,64,4,16,2,2,4,1,1,1,2,1,1,1,0,0
7368,3,zeros-la-3-7,zeros-la-3,511,7368,3,1102,512,4,64,8,8,32,256,512,128,4,64,4,16,0,0,0,2,3,1,3,2,1,1,2,1,1,1,0,0
7384,3,zeros-la-3-7,zeros-la-3,512,7384,3,1104,512,4,64,16,0,32,256,512,128,4,64,4,16,2,0,0,2,3,2,3,0,2,1,2,1,1,1,0,0
7388,3,zeros-la-3-7,zeros-la-3,513,7388,3,1106,512,4,64,16,0,32,256,512,128,4,64,4,16,4,2,0,0,3,1,4,0,2,1,2,1,1,1,0,0
7396,3,zeros-la-3-7,zeros-la-3,514,7396,3,1108,512,4,64,16,128,32,256,512,16,8,64,4,0,0,2,2,0,3,2,2,1,2,1,2,1,1,1,0,0
7396,2,zeros-la-3-7,zeros-la-3,515,7396,2,1112,512,0,64,16,0,4,256,512,4,32,64,4,128,8,2,2,16,2,2,3,1,2,1,2,1,1,1,0,0
7400,2,zeros-la-3-7,zeros-la-3,516,7400,2,1114,512,0,0,64,16,4,256,512,4,32,64,4,128,2,8,4,16,2,1,4,1,2,1,2,1,1,1,0,0
7408,2,zeros-la-3-7,zeros-la-3,517,7408,2,1116,512,4,256,64,16,32,64,512,4,2,8,8,128,2,0,0,16,2,2,2,2,2,1,2,1,1,1,0,0
7424,2,zeros-la-3-7,zeros-la-3,518,7424,2,1118,512,4,256,64,16,32,64,512,4,2,16,128,2,2,16,0,0,2,3,2,0,3,1,2,1,1,1,0,0
7460,3,zeros-la-3-7,zeros-la-3,519,7460,3,1120,512,4,256,64,16,32,64,512,4,4,32,128,2,2,0,0,0,3,2,3,0,1,2,2,1,1,1,0,0
7460,2,zeros-la-3-7,zeros-la-3,520,7460,2,1122,512,4,256,64,16,32,64,512,4,4,32,128,2,0,2,0,2,2,3,3,0,1,2,2,1,1,1,0,0
7464,2,zeros-la-3-7,zeros-la-3,521,7464,2,1124,512,0,256,2,0,4,64,64,16,32,32,512,4,4,2,128,4,2,2,4,0,1,2,2,1,1,1,0,0
7656,3,zeros-la-3-7,zeros-la-3,522,7656,3,1126,512,0,2,256,2,0,4,128,16,0,64,512,4,4,2,128,4,3,3,4,0,1,0,1,2,1,1,0,0
7664,3,zeros-la-3-7,zeros-la-3,523,7664,3,1128,512,4,2,256,2,2,4,128,16,0,64,512,8,0,2,128,0,3,4,2,1,1,0,1,2,1,1,0,0
7664,2,zeros-la-3-7,zeros-la-3,524,7664,2,1130,512,0,2,256,0,2,4,128,2,4,64,512,16,2,2,128,8,2,5,2,1,1,0,1,2,1,1,0,0
7668,2,zeros-la-3-7,zeros-la-3,525,7668,2,1132,512,2,256,0,0,2,4,128,2,4,64,512,16,4,128,8,2,2,4,3,1,1,0,1,2,1,1,0,0
7680,3,zeros-la-3-7,zeros-la-3,526,7680,3,1134,512,0,256,0,2,0,4,128,2,4,64,512,16,8,128,8,2,3,3,2,2,1,0,1,2,1,1,0,0
7680,2,zeros-la-3-7,zeros-la-3,527,7680,2,1136,512,256,2,0,0,4,128,2,2,4,64,512,16,8,128,8,2,2,4,2,2,1,0,1,2,1,1,0,0
7688,2,zeros-la-3-7,zeros-la-3,528,7688,2,1138,512,256,2,2,2,8,128,512,16,8,64,8,2,0,128,0,2,2,5,0,3,1,0,1,2,1,1,0,0
7708,3,zeros-la-3-7,zeros-la-3,529,7708,3,1140,512,0,2,0,2,0,128,2,2,256,64,512,16,16,128,8,4,3,4,1,1,2,0,1,2,1,1,0,0
7716,4,zeros-la-3-7,zeros-la-3,530,7716,4,1142,512,0,2,0,4,0,0,128,4,256,64,512,16,16,128,8,4,4,1,3,1,2,0,1,2,1,1,0,0
7724,4,zeros-la-3-7,zeros-la-3,531,7724,4,1144,512,0,0,0,0,2,2,128,8,256,64,512,16,16,128,8,4,4,2,1,2,2,0,1,2,1,1,0,0
7728,4,zeros-la-3-7,zeros-la-3,532,7728,4,1148,512,0,0,0,4,0,4,128,8,256,64,512,16,16,128,8,4,4,0,3,2,2,0,1,2,1,1,0,0
7728,3,zeros-la-3-7,zeros-la-3,533,7728,3,1150,512,4,2,0,0,4,128,8,0,256,64,512,16,16,128,8,4,3,1,3,2,2,0,1,2,1,1,0,0
7736,3,zeros-la-3-7,zeros-la-3,534,7736,3,1152,512,8,2,8,16,256,128,512,4,16,64,8,0,2,128,0,0,3,2,1,3,2,0,1,2,1,1,0,0
7736,2,zeros-la-3-7,zeros-la-3,535,7736,2,1154,512,8,2,8,16,256,128,512,4,2,16,64,8,0,0,2,128,2,3,1,3,2,0,1,2,1,1,0,0
7736,1,zeros-la-3-7,zeros-la-3,536,7736,1,1156,512,8,2,8,16,256,128,512,4,2,16,64,8,0,2,2,128,1,4,1,3,2,0,1,2,1,1,0,0
7736,0,zeros-la-3-7,zeros-la-3,537,7736,0,1158,512,2,2,8,16,8,128,512,4,256,16,64,8,2,2,2,128,0,5,1,3,2,0,1,2,1,1,0,0
7744,1,zeros-la-3-7,zeros-la-3,538,7744,1,1160,512,4,8,16,0,8,128,512,4,256,16,64,8,4,2,128,2,1,2,3,3,2,0,1,2,1,1,0,0
7744,0,zeros-la-3-7,zeros-la-3,539,7744,0,1162,512,2,4,8,16,8,128,512,4,256,16,64,8,4,2,128,2,0,3,3,3,2,0,1,2,1,1,0,0
0,13,zeros-la-3-8,zeros-la-3,0,0,13,6,2,0,0,0,0,0,0,0,2,0,0,0,0,2,0,0,2,13,3,0,0,0,0,0,0,0,0,0,0
4,13,zeros-la-3-8,zeros-la-3,1,4,13,10,4,0,0,0,0,0,0,0,0,0,0,4,0,2,0,0,4,13,1,2,0,0,0,0,0,0,0,0,0
4,12,zeros-la-3-8,zeros-la-3,2,4,12,12,4,0,0,0,0,0,0,0,0,2,0,0,0,2,0,4,4,12,2,2,0,0,0,0,0,0,0,0,0
8,12,zeros-la-3-8,zeros-la-3,3,8,12,14,4,4,0,4,4,0,0,0,0,2,0,0,0,0,0,0,0,12,1,3,0,0,0,0,0,0,0,0,0
16,12,zeros-la-3-8,zeros-la-3,4,16,12,16,8,0,0,4,8,0,0,0,0,0,2,0,2,0,0,0,0,12,2,1,1,0,0,0,0,0,0,0,0
20,12,zeros-la-3-8,zeros-la-3,5,20,12,18,8,4,8,0,2,0,0,0,0,4,0,0,0,0,0,0,0,12,1,2,1,0,0,0,0,0,0,0,0
28,12,zeros-la-3-8,zeros-la-3,6,28,12,20,8,8,8,0,2,0,0,0,0,0,0,0,0,0,0,2,0,12,2,0,2,0,0,0,0,0,0,0,0
44,12,zeros-la-3-8,zeros-la-3,7,44,12,22,16,0,0,16,2,0,0,0,0,2,0,0,0,0,0,0,2,12,3,0,0,1,0,0,0,0,0,0,0
48,12,zeros-la-3-8,zeros-la-3,8,48,12,26,16,0,0,0,0,0,0,0,0,0,0,0,4,2,0,16,4,12,1,2,0,1,0,0,0,0,0,0,0
56,12,zeros-la-3-8,zeros-la-3,9,56,12,28,16,0,0,0,0,0,0,2,0,0,0,0,0,2,0,16,8,12,2,0,1,1,0,0,0,0,0,0,0
56,11,zeros-la-3-8,zeros-la-3,10,56,11,30,16,2,0,2,8,0,0,16,0,0,0,0,2,0,0,0,0,11,3,0,1,1,0,0,0,0,0,0,0
56,10,zeros-la-3-8,zeros-la-3,11,56,10,32,16,2,0,2,8,0,0,16,2,2,0,0,0,0,0,0,0,10,4,0,1,1,0,0,0,0,0,0,0
60,10,zeros-la-3-8,zeros-la-3,12,60,10,34,16,0,0,4,8,0,0,16,2,0,0,0,2,0,0,2,0,10,3,1,1,1,0,0,0,0,0,0,0
64,10,zeros-la-3-8,zeros-la-3,13,64,10,36,16,0,0,4,8,0,0,16,4,0,0,2,0,0,0,0,2,10,2,2,1,1,0,0,0,0,0,0,0
64,9,zeros-la-3-8,zeros-la-3,14,64,9,38,16,0,0,4,8,0,0,16,4,0,0,0,2,2,0,0,2,9,3,2,1,1,0,0,0,0,0,0,0
68,9,zeros-la-3-8,zeros-la-3,15,68,9,40,16,0,0,0,0,0,2,0,8,0,0,4,4,2,0,16,4,9,2,3,1,1,0,0,0,0,0,0,0
76,9,zeros-la-3-8,zeros-la-3,16,76,9,42,16,0,0,0,0,0,0,0,2,0,0,4,8,2,2,16,8,9,3,1,2,1,0,0,0,0,0,0,0
92,9,zeros-la-3-8,zeros-la-3,17,92,9,44,16,0,0,0,0,0,2,0,0,0,0,4,2,2,2,16,16,9,4,1,0,2,0,0,0,0,0,0,0
128,10,zeros-la-3-8,zeros-la-3,18,128,10,46,32,0,0,0,0,2,0,0,2,4,2,0,0,4,32,0,0,10,3,2,0,0,1,0,0,0,0,0,0
136,10,zeros-la-3-8,zeros-la-3,19,136,10,48,32,0,0,0,0,0,0,0,0,2,2,0,2,8,32,0,2,10,4,0,1,0,1,0,0,0,0,0,0
140,10,zeros-la-3-8,zeros-la-3,20,140,10,50,32,0,2,0,0,0,0,0,0,4,2,0,0,8,32,2,0,10,3,1,1,0,1,0,0,0,0,0,0
144,10,zeros-la-3-8,zeros-la-3,21,144,10,52,32,4,4,2,0,8,32,2,0,0,0,0,0,0,0,0,0,10,2,2,1,0,1,0,0,0,0,0,0
148,10,zeros-la-3-8,zeros-la-3,22,148,10,54,32,4,4,4,0,8,32,2,0,0,0,0,0,0,0,0,0,10,1,3,1,0,1,0,0,0,0,0,0
156,10,zeros-la-3-8,zeros-la-3,23,156,10,56,32,8,4,0,0,8,32,2,0,0,0,0,2,0,0,0,0,10,2,1,2,0,1,0,0,0,0,0,0
172,10,zeros-la-3-8,zeros-la-3,24,172,10,58,32,16,4,2,2,0,32,0,0,0,0,0,2,0,0,0,0,10,3,1,0,1,1,0,0,0,0,0,0
176,10,zeros-la-3-8,zeros-la-3,25,176,10,60,32,16,4,4,0,32,0,0,0,2,0,0,0,2,0,0,0,10,2,2,0,1,1,0,0,0,0,0,0
184,10,zeros-la-3-8,zeros-la-3,26,184,10,64,32,0,0,16,8,0,4,0,32,0,0,0,2,0,0,0,2,10,2,1,1,1,1,0,0,0,0,0,0
184,9,zeros-la-3-8,zeros-la-3,27,184,9,66,32,16,8,0,2,4,32,0,0,2,0,0,0,2,0,0,0,9,3,1,1,1,1,0,0,0,0,0,0
188,9,zeros-la-3-8,zeros-la-3,28,188,9,68,32,16,8,0,2,4,32,0,0,4,0,2,0,0,0,0,0,9,2,2,1,1,1,0,0,0,0,0,0
196,9,zeros-la-3-8,zeros-la-3,29,196,9,70,32,16,8,2,2,8,32,0,0,0,2,0,0,0,0,0,0,9,3,0,2,1,1,0,0,0,0,0,0
200,9,zeros-la-3-8,zeros-la-3,30,200,9,72,32,0,16,8,4,0,0,8,32,0,0,2,2,0,0,0,0,9,2,1,2,1,1,0,0,0,0,0,0
216,9,zeros-la-3-8,zeros-la-3,31,216,9,74,32,0,0,0,2,0,0,0,4,0,0,16,32,0,16,2,2,9,3,1,0,2,1,0,0,0,0,0,0
220,9,zeros-la-3-8,zeros-la-3,32,220,9,76,32,2,0,0,0,4,0,0,0,16,32,2,0,16,4,0,0,9,2,2,0,2,1,0,0,0,0,0,0
252,9,zeros-la-3-8,zeros-la-3,33,252,9,78,32,0,0,0,2,2,0,0,0,4,32,0,0,32,4,2,0,9,3,2,0,0,2,0,0,0,0,0,0
252,8,zeros-la-3-8,zeros-la-3,34,252,8,80,32,2,0,2,0,2,0,0,0,4,32,0,0,32,4,2,0,8,4,2,0,0,2,0,0,0,0,0,0
260,9,zeros-la-3-8,zeros-la-3,35,260,9,82,32,0,0,0,0,4,0,2,0,4,32,0,0,32,4,4,0,9,1,4,0,0,2,0,0,0,0,0,0
268,9,zeros-la-3-8,zeros-la-3,36,268,9,84,32,0,2,0,0,4,2,0,0,4,32,0,0,32,8,0,0,9,2,2,1,0,2,0,0,0,0,0,0
280,10,zeros-la-3-8,zeros-la-3,37,280,10,86,32,8,4,0,0,32,32,0,0,0,8,0,0,0,2,0,0,10,1,1,2,0,2,0,0,0,0,0,0
344,10,zeros-la-3-8,zeros-la-3,38,344,10,88,64,0,0,8,4,0,0,2,64,0,0,0,8,0,0,0,2,10,2,1,2,0,0,1,0,0,0,0,0
344,9,zeros-la-3-8,zeros-la-3,39,344,9,90,64,0,0,0,4,0,2,0,64,0,0,8,8,0,0,2,2,9,3,1,2,0,0,1,0,0,0,0,0
364,10,zeros-la-3-8,zeros-la-3,40,364,10,92,64,0,0,0,4,0,0,2,64,0,0,0,16,0,2,0,4,10,2,2,0,1,0,1,0,0,0,0,0
364,9,zeros-la-3-8,zeros-la-3,41,364,9,94,64,0,0,0,4,0,0,2,64,0,0,0,16,0,2,2,4,9,3,2,0,1,0,1,0,0,0,0,0
368,9,zeros-la-3-8,zeros-la-3,42,368,9,96,64,2,0,0,4,0,0,0,64,0,0,0,16,0,2,4,4,9,2,3,0,1,0,1,0,0,0,0,0
368,8,zeros-la-3-8,zeros-la-3,43,368,8,98,64,0,0,0,4,2,0,0,64,0,0,0,16,2,2,4,4,8,3,3,0,1,0,1,0,0,0,0,0
380,9,zeros-la-3-8,zeros-la-3,44,380,9,100,64,0,0,0,4,0,0,2,64,0,2,0,16,0,0,4,8,9,2,2,1,1,0,1,0,0,0,0,0
380,8,zeros-la-3-8,zeros-la-3,45,380,8,102,64,0,2,2,4,0,2,4,64,0,0,0,16,0,0,0,8,8,3,2,1,1,0,1,0,0,0,0,0
384,8,zeros-la-3-8,zeros-la-3,46,384,8,104,64,0,2,0,4,0,0,0,64,0,0,2,16,0,4,4,8,8,2,3,1,1,0,1,0,0,0,0,0
392,8,zeros-la-3-8,zeros-la-3,47,392,8,106,64,0,0,2,4,0,0,2,64,0,0,2,16,0,0,8,8,8,3,1,2,1,0,1,0,0,0,0,0
408,8,zeros-la-3-8,zeros-la-3,48,408,8,108,64,2,0,2,4,0,0,2,64,0,0,2,16,0,0,0,16,8,4,1,0,2,0,1,0,0,0,0,0
412,8,zeros-la-3-8,zeros-la-3,49,412,8,110,64,0,2,4,4,0,0,2,64,0,0,2,16,0,0,0,16,8,3,2,0,2,0,1,0,0,0,0,0
448,9,zeros-la-3-8,zeros-la-3,50,448,9,112,64,0,2,4,4,0,0,4,64,0,2,0,32,0,0,0,0,9,2,3,0,0,1,1,0,0,0,0,0
460,10,zeros-la-3-8,zeros-la-3,51,460,10,114,64,0,4,8,4,0,0,0,64,0,0,0,32,0,0,0,2,10,1,2,1,0,1,1,0,0,0,0,0
460,9,zeros-la-3-8,zeros-la-3,52,460,9,116,64,4,8,4,0,64,0,0,0,32,0,0,2,2,0,0,0,9,2,2,1,0,1,1,0,0,0,0,0
460,8,zeros-la-3-8,zeros-la-3,53,460,8,118,64,0,4,8,4,2,0,0,64,0,0,32,2,0,0,0,2,8,3,2,1,0,1,1,0,0,0,0,0
460,7,zeros-la-3-8,zeros-la-3,54,460,7,122,64,0,4,8,4,0,0,2,64,0,0,32,2,0,4,0,2,7,3,3,1,0,1,1,0,0,0,0,0
472,8,zeros-la-3-8,zeros-la-3,55,472,8,126,64,0,8,8,4,0,0,2,64,0,0,32,4,0,4,0,0,8,1,3,2,0,1,1,0,0,0,0,0
488,8,zeros-la-3-8,zeros-la-3,56,488,8,128,64,0,0,16,4,0,0,2,64,0,2,32,4,0,0,0,4,8,2,3,0,1,1,1,0,0,0,0,0
496,8,zeros-la-3-8,zeros-la-3,57,496,8,130,64,0,0,0,0,0,0,16,4,2,0,2,64,0,2,32,8,8,3,1,1,1,1,1,0,0,0,0,0
500,8,zeros-la-3-8,zeros-la-3,58,500,8,132,64,0,0,0,0,0,0,16,4,0,0,4,64,2,2,32,8,8,2,2,1,1,1,1,0,0,0,0,0
504,8,zeros-la-3-8,zeros-la-3,59,504,8,134,64,0,0,0,0,16,4,0,0,4,64,0,0,4,32,8,2,8,1,3,1,1,1,1,0,0,0,0,0
512,8,zeros-la-3-8,zeros-la-3,60,512,8,136,64,16,4,8,2,8,64,0,0,0,32,0,2,0,0,0,0,8,2,1,2,1,1,1,0,0,0,0,0
512,7,zeros-la-3-8,zeros-la-3,61,512,7,138,64,16,4,8,2,0,0,8,64,0,0,32,2,0,2,0,0,7,3,1,2,1,1,1,0,0,0,0,0
512,6,zeros-la-3-8,zeros-la-3,62,512,6,140,64,16,4,8,2,2,0,8,64,0,0,32,2,0,0,0,2,6,4,1,2,1,1,1,0,0,0,0,0
532,7,zeros-la-3-8,zeros-la-3,63,532,7,142,64,16,4,16,2,2,0,32,64,0,0,0,4,0,0,0,2,7,3,2,0,2,1,1,0,0,0,0,0
532,6,zeros-la-3-8,zeros-la-3,64,532,6,144,64,16,4,16,2,2,0,32,64,0,0,0,4,0,0,2,2,6,4,2,0,2,1,1,0,0,0,0,0
536,6,zeros-la-3-8,zeros-la-3,65,536,6,146,64,16,4,16,2,2,2,32,64,0,0,0,4,0,0,0,4,6,3,3,0,2,1,1,0,0,0,0,0
544,6,zeros-la-3-8,zeros-la-3,66,544,6,148,64,0,0,0,0,2,0,0,2,16,4,16,64,2,2,32,8,6,4,1,1,2,1,1,0,0,0,0,0
552,7,zeros-la-3-8,zeros-la-3,67,552,7,150,64,0,0,0,0,4,2,0,0,16,4,16,64,4,32,8,0,7,1,3,1,2,1,1,0,0,0,0,0
552,6,zeros-la-3-8,zeros-la-3,68,552,6,152,64,0,2,0,0,0,0,4,2,16,4,16,64,0,4,32,8,6,2,3,1,2,1,1,0,0,0,0,0
560,6,zeros-la-3-8,zeros-la-3,69,560,6,154,64,0,0,2,0,0,0,4,2,0,2,16,64,16,8,32,8,6,3,1,2,2,1,1,0,0,0,0,0
560,5,zeros-la-3-8,zeros-la-3,70,560,5,156,64,0,0,2,2,0,0,4,2,0,2,16,64,16,8,32,8,5,4,1,2,2,1,1,0,0,0,0,0
564,5,zeros-la-3-8,zeros-la-3,71,564,5,160,64,0,0,2,0,0,4,4,4,0,2,16,64,16,8,32,8,5,2,3,2,2,1,1,0,0,0,0,0
572,5,zeros-la-3-8,zeros-la-3,72,572,5,162,64,0,2,0,2,0,0,4,8,0,2,16,64,16,8,32,8,5,3,1,3,2,1,1,0,0,0,0,0
576,5,zeros-la-3-8,zeros-la-3,73,576,5,164,64,0,2,0,2,0,0,4,8,0,4,16,64,16,8,32,8,5,2,2,3,2,1,1,0,0,0,0,0
580,5,zeros-la-3-8,zeros-la-3,74,580,5,168,64,4,0,0,4,4,8,0,0,4,16,64,0,16,8,32,8,5,0,4,3,2,1,1,0,0,0,0,0
588,5,zeros-la-3-8,zeros-la-3,75,588,5,170,64,8,0,0,2,4,8,0,0,4,16,64,0,16,8,32,8,5,1,2,4,2,1,1,0,0,0,0,0
596,5,zeros-la-3-8,zeros-la-3,76,596,5,172,64,8,8,64,2,8,16,32,8,16,8,2,0,0,0,0,0,5,2,0,5,2,1,1,0,0,0,0,0
612,5,zeros-la-3-8,zeros-la-3,77,612,5,174,64,16,8,64,2,16,16,32,8,0,8,2,0,2,0,0,0,5,3,0,3,3,1,1,0,0,0,0,0
644,5,zeros-la-3-8,zeros-la-3,78,644,5,176,64,16,8,64,2,32,32,8,0,8,2,0,0,2,2,0,0,5,4,0,3,1,2,1,0,0,0,0,0
712,6,zeros-la-3-8,zeros-la-3,79,712,6,178,64,16,8,64,2,64,8,0,0,8,2,0,0,4,0,0,2,6,3,1,3,1,0,2,0,0,0,0,0
732,7,zeros-la-3-8,zeros-la-3,80,732,7,180,64,16,16,64,4,64,2,0,0,8,0,0,2,4,0,0,0,7,2,2,1,2,0,2,0,0,0,0,0
764,7,zeros-la-3-8,zeros-la-3,81,764,7,182,64,0,32,64,4,0,0,64,2,0,0,8,2,0,0,2,4,7,3,2,1,0,1,2,0,0,0,0,0
896,8,zeros-la-3-8,zeros-la-3,82,896,8,184,128,0,32,128,4,0,2,8,4,0,0,2,4,0,0,0,0,8,2,3,1,0,1,0,1,0,0,0,0
904,8,zeros-la-3-8,zeros-la-3,83,904,8,188,128,0,0,0,0,4,0,128,0,0,32,8,4,0,2,2,8,8,2,2,2,0,1,0,1,0,0,0,0
908,8,zeros-la-3-8,zeros-la-3,84,908,8,190,128,0,0,0,2,4,128,0,0,32,8,4,0,4,8,0,0,8,1,3,2,0,1,0,1,0,0,0,0
924,8,zeros-la-3-8,zeros-la-3,85,924,8,192,128,0,0,0,0,4,0,0,0,32,128,0,2,4,16,4,2,8,2,3,0,1,1,0,1,0,0,0,0
928,8,zeros-la-3-8,zeros-la-3,86,928,8,194,128,0,0,2,0,4,0,0,0,32,128,0,0,4,16,4,4,8,1,4,0,1,1,0,1,0,0,0,0
936,8,zeros-la-3-8,zeros-la-3,87,936,8,196,128,2,0,0,2,4,0,0,0,32,128,0,0,4,16,8,0,8,2,2,1,1,1,0,1,0,0,0,0
940,8,zeros-la-3-8,zeros-la-3,88,940,8,198,128,4,2,0,0,4,0,0,0,32,128,0,0,4,16,8,0,8,1,3,1,1,1,0,1,0,0,0,0
940,7,zeros-la-3-8,zeros-la-3,89,940,7,200,128,4,2,0,2,4,0,0,0,32,128,0,0,4,16,8,0,7,2,3,1,1,1,0,1,0,0,0,0
944,7,zeros-la-3-8,zeros-la-3,90,944,7,202,128,0,0,4,4,2,0,0,4,0,0,32,128,0,4,16,8,7,1,4,1,1,1,0,1,0,0,0,0
952,7,zeros-la-3-8,zeros-la-3,91,952,7,206,128,2,4,4,8,0,0,32,128,0,4,16,8,0,0,0,0,7,1,3,2,1,1,0,1,0,0,0,0
960,7,zeros-la-3-8,zeros-la-3,92,960,7,208,128,0,2,8,8,0,0,32,128,0,4,16,8,2,0,0,0,7,2,1,3,1,1,0,1,0,0,0,0
960,6,zeros-la-3-8,zeros-la-3,93,960,6,210,128,2,2,8,8,0,4,32,128,0,0,16,8,0,0,2,0,6,3,1,3,1,1,0,1,0,0,0,0
980,7,zeros-la-3-8,zeros-la-3,94,980,7,214,128,0,0,4,16,0,4,32,128,0,4,16,8,0,0,0,2,7,1,3,1,2,1,0,1,0,0,0,0
988,7,zeros-la-3-8,zeros-la-3,95,988,7,216,128,2,8,4,16,0,0,32,128,0,0,16,8,0,0,0,2,7,2,1,2,2,1,0,1,0,0,0,0
988,6,zeros-la-3-8,zeros-la-3,96,988,6,218,128,2,8,4,16,32,128,0,0,16,8,0,2,2,0,0,0,6,3,1,2,2,1,0,1,0,0,0,0
988,5,zeros-la-3-8,zeros-la-3,97,988,5,220,128,2,8,4,16,32,128,0,0,16,8,2,0,2,0,0,2,5,4,1,2,2,1,0,1,0,0,0,0
992,5,zeros-la-3-8,zeros-la-3,98,992,5,224,128,2,8,4,16,32,128,0,0,16,8,2,0,4,0,0,4,5,2,3,2,2,1,0,1,0,0,0,0
1000,5,zeros-la-3-8,zeros-la-3,99,1000,5,226,128,2,8,4,16,32,128,0,2,16,8,2,0,8,0,0,0,5,3,1,3,2,1,0,1,0,0,0,0
1000,4,zeros-la-3-8,zeros-la-3,100,1000,4,228,128,2,0,0,0,32,8,2,0,16,128,4,16,8,8,2,2,4,4,1,3,2,1,0,1,0,0,0,0
1020,5,zeros-la-3-8,zeros-la-3,101,1020,5,230,128,2,0,0,0,32,8,2,2,16,128,4,16,16,4,0,0,5,3,2,1,3,1,0,1,0,0,0,0
1052,5,zeros-la-3-8,zeros-la-3,102,1052,5,232,128,0,0,0,0,2,8,2,0,32,128,2,2,32,4,4,16,5,4,2,1,1,2,0,1,0,0,0,0
1120,6,zeros-la-3-8,zeros-la-3,103,1120,6,234,128,0,0,0,0,2,8,0,0,2,128,4,2,64,4,4,16,6,3,3,1,1,0,1,1,0,0,0,0
1132,7,zeros-la-3-8,zeros-la-3,104,1132,7,236,128,0,0,0,0,2,8,0,0,4,128,0,2,64,4,8,16,7,2,2,2,1,0,1,1,0,0,0,0
1132,6,zeros-la-3-8,zeros-la-3,105,1132,6,238,128,0,2,0,0,0,0,2,8,0,4,128,2,64,4,8,16,6,3,2,2,1,0,1,1,0,0,0,0
1140,6,zeros-la-3-8,zeros-la-3,106,1140,6,240,128,0,0,0,2,0,0,2,8,0,2,128,2,64,8,8,16,6,4,0,3,1,0,1,1,0,0,0,0
1156,6,zeros-la-3-8,zeros-la-3,107,1156,6,242,128,2,0,0,0,2,8,0,0,2,128,2,0,64,16,16,2,6,5,0,1,2,0,1,1,0,0,0,0
1188,6,zeros-la-3-8,zeros-la-3,108,1188,6,246,128,0,4,0,2,0,0,2,8,0,2,128,2,0,64,32,2,6,5,1,1,0,1,1,1,0,0,0,0
1192,6,zeros-la-3-8,zeros-la-3,109,1192,6,248,128,2,4,2,2,0,2,128,8,0,64,32,4,0,0,0,0,6,4,2,1,0,1,1,1,0,0,0,0
1196,6,zeros-la-3-8,zeros-la-3,110,1196,6,250,128,2,4,4,2,2,128,8,0,64,32,4,0,0,0,0,0,6,3,3,1,0,1,1,1,0,0,0,0
1200,6,zeros-la-3-8,zeros-la-3,111,1200,6,252,128,0,2,0,0,0,4,4,0,4,128,8,0,64,32,4,2,6,2,4,1,0,1,1,1,0,0,0,0
1208,6,zeros-la-3-8,zeros-la-3,112,1208,6,254,128,0,0,0,2,0,2,0,8,0,4,128,8,64,32,4,2,6,3,2,2,0,1,1,1,0,0,0,0
1224,6,zeros-la-3-8,zeros-la-3,113,1224,6,256,128,64,2,128,2,0,4,4,16,0,32,0,2,0,0,0,2,6,4,2,0,1,1,1,1,0,0,0,0
1232,6,zeros-la-3-8,zeros-la-3,114,1232,6,258,128,64,2,128,2,0,0,8,16,0,0,32,2,0,0,2,2,6,5,0,1,1,1,1,1,0,0,0,0
1236,6,zeros-la-3-8,zeros-la-3,115,1236,6,260,128,0,0,128,0,0,0,8,2,2,0,32,16,64,2,2,4,6,4,1,1,1,1,1,1,0,0,0,0
1240,6,zeros-la-3-8,zeros-la-3,116,1240,6,262,128,0,0,0,128,2,0,8,2,0,2,32,16,0,64,4,4,6,3,2,1,1,1,1,1,0,0,0,0
1248,6,zeros-la-3-8,zeros-la-3,117,1248,6,264,128,128,0,0,0,2,8,2,0,2,32,16,0,64,8,2,0,6,4,0,2,1,1,1,1,0,0,0,0
1252,6,zeros-la-3-8,zeros-la-3,118,1252,6,266,128,128,8,2,0,4,32,16,0,64,8,2,0,0,0,2,0,6,3,1,2,1,1,1,1,0,0,0,0
1256,6,zeros-la-3-8,zeros-la-3,119,1256,6,268,128,2,0,0,0,128,8,2,0,4,32,16,0,64,8,4,0,6,2,2,2,1,1,1,1,0,0,0,0
1256,5,zeros-la-3-8,zeros-la-3,120,1256,5,270,128,0,0,0,2,0,128,8,2,2,4,32,16,0,64,8,4,5,3,2,2,1,1,1,1,0,0,0,0
1260,5,zeros-la-3-8,zeros-la-3,121,1260,5,272,128,2,128,8,4,0,4,32,16,0,64,8,4,2,0,0,0,5,2,3,2,1,1,1,1,0,0,0,0
1264,5,zeros-la-3-8,zeros-la-3,122,1264,5,274,128,0,0,2,0,0,128,8,4,0,4,32,16,4,64,8,4,5,1,4,2,1,1,1,1,0,0,0,0
1264,4,zeros-la-3-8,zeros-la-3,123,1264,4,278,128,2,0,0,4,128,8,4,0,4,32,16,0,4,64,8,4,4,1,5,2,1,1,1,1,0,0,0,0
1280,5,zeros-la-3-8,zeros-la-3,124,1280,5,280,128,0,0,0,0,2,8,4,2,128,32,16,0,8,64,8,8,5,2,1,4,1,1,1,1,0,0,0,0
1296,5,zeros-la-3-8,zeros-la-3,125,1296,5,282,128,0,2,0,0,2,8,4,2,0,128,32,16,0,8,64,16,5,3,1,2,2,1,1,1,0,0,0,0
1328,5,zeros-la-3-8,zeros-la-3,126,1328,5,284,128,2,2,4,2,0,8,32,32,0,128,64,2,0,8,0,0,5,4,1,2,0,2,1,1,0,0,0,0
1396,6,zeros-la-3-8,zeros-la-3,127,1396,6,286,128,4,4,2,0,8,64,0,0,128,64,2,2,8,0,0,0,6,3,2,2,0,0,2,1,0,0,0,0
1408,7,zeros-la-3-8,zeros-la-3,128,1408,7,288,128,8,2,0,0,8,64,0,2,128,64,4,0,8,0,0,0,7,2,1,3,0,0,2,1,0,0,0,0
1552,8,zeros-la-3-8,zeros-la-3,129,1552,8,290,128,0,0,0,2,16,0,0,0,128,2,0,0,8,128,4,2,8,3,1,1,1,0,0,2,0,0,0,0
1556,8,zeros-la-3-8,zeros-la-3,130,1556,8,292,128,0,0,0,0,16,0,2,0,128,2,0,0,8,128,4,4,8,2,2,1,1,0,0,2,0,0,0,0
1564,8,zeros-la-3-8,zeros-la-3,131,1564,8,294,128,0,0,0,2,0,0,16,2,0,0,128,2,0,8,128,8,8,3,0,2,1,0,0,2,0,0,0,0
1824,9,zeros-la-3-8,zeros-la-3,132,1824,9,298,256,0,8,16,4,0,0,256,2,0,0,4,8,0,0,0,0,9,1,2,2,1,0,0,0,1,0,0,0
1824,8,zeros-la-3-8,zeros-la-3,133,1824,8,300,256,8,16,4,0,256,2,0,0,4,8,0,0,0,0,0,2,8,2,2,2,1,0,0,0,1,0,0,0
1824,7,zeros-la-3-8,zeros-la-3,134,1824,7,304,256,0,4,0,0,8,16,0,0,256,2,0,0,4,8,4,2,7,2,3,2,1,0,0,0,1,0,0,0
1824,6,zeros-la-3-8,zeros-la-3,135,1824,6,306,256,0,2,0,4,0,0,8,16,0,0,256,2,4,8,4,2,6,3,3,2,1,0,0,0,1,0,0,0
1828,6,zeros-la-3-8,zeros-la-3,136,1828,6,310,256,0,0,0,4,0,0,8,4,0,2,256,16,4,8,4,4,6,1,5,2,1,0,0,0,1,0,0,0
1836,6,zeros-la-3-8,zeros-la-3,137,1836,6,312,256,0,0,0,4,0,2,8,4,0,2,256,16,0,4,8,8,6,2,3,3,1,0,0,0,1,0,0,0
1848,7,zeros-la-3-8,zeros-la-3,138,1848,7,314,256,0,4,8,8,0,4,256,16,0,0,8,8,0,0,0,2,7,1,2,4,1,0,0,0,1,0,0,0
1880,8,zeros-la-3-8,zeros-la-3,139,1880,8,316,256,4,16,0,0,4,256,16,0,16,0,0,2,2,0,0,0,8,2,2,0,3,0,0,0,1,0,0,0
1888,8,zeros-la-3-8,zeros-la-3,140,1888,8,318,256,8,16,16,2,16,256,2,0,2,0,0,0,0,0,0,0,8,3,0,1,3,0,0,0,1,0,0,0
1920,8,zeros-la-3-8,zeros-la-3,141,1920,8,320,256,8,32,2,0,16,256,2,0,2,0,0,0,0,0,0,2,8,4,0,1,1,1,0,0,1,0,0,0
1924,8,zeros-la-3-8,zeros-la-3,142,1924,8,322,256,8,32,4,2,16,256,2,0,2,0,0,0,0,0,0,0,8,3,1,1,1,1,0,0,1,0,0,0
1924,7,zeros-la-3-8,zeros-la-3,143,1924,7,324,256,8,32,4,2,16,256,2,0,2,0,0,2,0,0,0,0,7,4,1,1,1,1,0,0,1,0,0,0
1928,7,zeros-la-3-8,zeros-la-3,144,1928,7,326,256,8,32,4,2,0,16,256,2,0,0,0,4,0,0,0,2,7,3,2,1,1,1,0,0,1,0,0,0
1932,7,zeros-la-3-8,zeros-la-3,145,1932,7,330,256,8,32,4,4,0,16,256,4,0,0,0,2,0,4,0,0,7,1,4,1,1,1,0,0,1,0,0,0
1940,7,zeros-la-3-8,zeros-la-3,146,1940,7,332,256,8,32,8,0,16,256,4,0,2,0,2,0,4,0,0,0,7,2,2,2,1,1,0,0,1,0,0,0
1944,7,zeros-la-3-8,zeros-la-3,147,1944,7,334,256,8,32,8,2,16,256,4,0,4,0,0,0,4,0,0,0,7,1,3,2,1,1,0,0,1,0,0,0
1952,7,zeros-la-3-8,zeros-la-3,148,1952,7,336,256,0,0,0,0,8,0,2,0,16,32,8,0,8,256,4,2,7,2,1,3,1,1,0,0,1,0,0,0
1952,6,zeros-la-3-8,zeros-la-3,149,1952,6,338,256,8,32,2,2,16,256,8,0,8,0,4,0,0,0,2,0,6,3,1,3,1,1,0,0,1,0,0,0
1952,5,zeros-la-3-8,zeros-la-3,150,1952,5,340,256,8,32,2,2,16,256,8,0,8,2,4,0,0,0,2,0,5,4,1,3,1,1,0,0,1,0,0,0
1956,5,zeros-la-3-8,zeros-la-3,151,1956,5,342,256,0,8,32,4,0,16,256,8,0,8,2,4,0,2,0,2,5,3,2,3,1,1,0,0,1,0,0,0
1960,5,zeros-la-3-8,zeros-la-3,152,1960,5,344,256,0,8,32,4,0,16,256,8,0,8,2,4,0,2,0,4,5,2,3,3,1,1,0,0,1,0,0,0
1968,5,zeros-la-3-8,zeros-la-3,153,1968,5,346,256,0,8,2,0,0,16,32,4,0,8,256,8,0,2,2,8,5,3,1,4,1,1,0,0,1,0,0,0
1972,5,zeros-la-3-8,zeros-la-3,154,1972,5,348,256,0,0,8,2,0,16,32,4,0,8,256,8,0,2,4,8,5,2,2,4,1,1,0,0,1,0,0,0
1988,5,zeros-la-3-8,zeros-la-3,155,1988,5,350,256,0,16,8,2,0,8,32,4,0,2,256,16,0,2,4,0,5,3,2,2,2,1,0,0,1,0,0,0
1992,5,zeros-la-3-8,zeros-la-3,156,1992,5,352,256,0,0,8,0,0,16,32,2,2,8,256,4,0,4,4,16,5,2,3,2,2,1,0,0,1,0,0,0
2000,5,zeros-la-3-8,zeros-la-3,157,2000,5,354,256,0,0,0,8,0,16,32,2,2,8,256,4,0,2,8,16,5,3,1,3,2,1,0,0,1,0,0,0
2000,4,zeros-la-3-8,zeros-la-3,158,2000,4,356,256,8,0,2,0,16,32,2,0,2,8,256,4,2,8,16,0,4,4,1,3,2,1,0,0,1,0,0,0
2024,6,zeros-la-3-8,zeros-la-3,159,2024,6,358,256,8,32,4,4,16,16,256,0,4,2,16,0,0,0,0,0,6,1,3,1,3,1,0,0,1,0,0,0
2064,7,zeros-la-3-8,zeros-la-3,160,2064,7,360,256,0,8,32,8,0,0,32,256,0,4,2,16,0,2,0,0,7,2,1,2,1,2,0,0,1,0,0,0
2128,7,zeros-la-3-8,zeros-la-3,161,2128,7,362,256,2,0,0,0,0,8,0,8,0,4,64,256,0,2,2,16,7,3,1,2,1,0,1,0,1,0,0,0
2148,8,zeros-la-3-8,zeros-la-3,162,2148,8,364,256,2,0,0,0,16,2,0,0,4,64,256,0,4,16,0,0,8,2,2,0,2,0,1,0,1,0,0,0
2156,8,zeros-la-3-8,zeros-la-3,163,2156,8,366,256,0,0,0,0,2,2,2,0,16,64,0,0,8,16,256,0,8,3,0,1,2,0,1,0,1,0,0,0
2160,8,zeros-la-3-8,zeros-la-3,164,2160,8,368,256,0,0,0,0,0,2,2,4,0,0,16,64,0,8,16,256,8,2,1,1,2,0,1,0,1,0,0,0
2164,8,zeros-la-3-8,zeros-la-3,165,2164,8,370,256,0,0,2,0,0,0,4,4,0,0,16,64,0,8,16,256,8,1,2,1,2,0,1,0,1,0,0,0
2172,8,zeros-la-3-8,zeros-la-3,166,2172,8,372,256,0,0,0,2,0,0,2,8,0,0,16,64,0,8,16,256,8,2,0,2,2,0,1,0,1,0,0,0
2204,8,zeros-la-3-8,zeros-la-3,167,2204,8,374,256,0,8,2,2,0,0,32,8,0,0,2,64,0,0,0,256,8,3,0,2,0,1,1,0,1,0,0,0
2208,8,zeros-la-3-8,zeros-la-3,168,2208,8,376,256,0,0,8,4,0,2,32,8,0,0,2,64,0,0,0,256,8,2,1,2,0,1,1,0,1,0,0,0
2208,7,zeros-la-3-8,zeros-la-3,169,2208,7,378,256,2,0,0,4,0,0,8,8,0,0,32,64,0,2,2,256,7,3,1,2,0,1,1,0,1,0,0,0
2228,8,zeros-la-3-8,zeros-la-3,170,2228,8,380,256,0,0,2,4,0,0,0,16,0,0,32,64,0,2,4,256,8,2,2,0,1,1,1,0,1,0,0,0
2228,7,zeros-la-3-8,zeros-la-3,171,2228,7,382,256,0,2,2,4,0,2,32,16,0,0,4,64,0,0,0,256,7,3,2,0,1,1,1,0,1,0,0,0
2232,7,zeros-la-3-8,zeros-la-3,172,2232,7,384,256,2,0,0,4,0,0,2,16,0,0,32,64,0,4,4,256,7,2,3,0,1,1,1,0,1,0,0,0
2240,7,zeros-la-3-8,zeros-la-3,173,2240,7,386,256,0,0,2,4,0,2,2,16,0,0,32,64,0,0,8,256,7,3,1,1,1,1,1,0,1,0,0,0
2244,7,zeros-la-3-8,zeros-la-3,174,2244,7,388,256,0,2,4,4,0,2,32,16,0,0,8,64,0,0,0,256,7,2,2,1,1,1,1,0,1,0,0,0
2248,7,zeros-la-3-8,zeros-la-3,175,2248,7,390,256,0,0,0,4,0,0,4,16,2,0,32,64,0,4,8,256,7,1,3,1,1,1,1,0,1,0,0,0
2248,6,zeros-la-3-8,zeros-la-3,176,2248,6,392,256,2,4,4,4,0,2,32,16,0,0,8,64,0,0,0,256,6,2,3,1,1,1,1,0,1,0,0,0
2256,6,zeros-la-3-8,zeros-la-3,177,2256,6,394,256,2,8,4,0,2,32,16,0,8,64,2,0,256,0,0,0,6,3,1,2,1,1,1,0,1,0,0,0
2260,6,zeros-la-3-8,zeros-la-3,178,2260,6,396,256,4,8,4,0,8,32,16,0,256,64,2,0,0,0,0,2,6,2,2,2,1,1,1,0,1,0,0,0
2260,5,zeros-la-3-8,zeros-la-3,179,2260,5,398,256,0,0,0,0,4,8,4,0,8,32,16,2,256,64,2,2,5,3,2,2,1,1,1,0,1,0,0,0
2264,5,zeros-la-3-8,zeros-la-3,180,2264,5,400,256,4,8,4,4,8,32,16,0,256,64,2,0,0,0,2,0,5,2,3,2,1,1,1,0,1,0,0,0
2272,5,zeros-la-3-8,zeros-la-3,181,2272,5,404,256,0,4,8,8,0,8,32,16,4,256,64,2,0,0,0,2,5,2,2,3,1,1,1,0,1,0,0,0
2276,5,zeros-la-3-8,zeros-la-3,182,2276,5,406,256,4,4,8,8,0,8,32,16,2,256,64,4,0,0,0,0,5,1,3,3,1,1,1,0,1,0,0,0
2300,6,zeros-la-3-8,zeros-la-3,183,2300,6,408,256,0,0,8,16,0,8,32,16,2,256,64,4,0,2,0,0,6,2,1,2,2,1,1,0,1,0,0,0
2332,6,zeros-la-3-8,zeros-la-3,184,2332,6,410,256,0,0,0,0,0,8,8,2,0,256,32,32,2,2,64,4,6,3,1,2,0,2,1,0,1,0,0,0
2416,8,zeros-la-3-8,zeros-la-3,185,2416,8,412,256,2,0,0,0,16,2,0,0,256,64,0,0,4,64,4,0,8,2,2,0,1,0,2,0,1,0,0,0
2544,8,zeros-la-3-8,zeros-la-3,186,2544,8,414,256,2,2,4,0,16,128,0,2,256,0,0,0,4,0,0,0,8,3,2,0,1,0,0,1,1,0,0,0
2548,8,zeros-la-3-8,zeros-la-3,187,2548,8,416,256,4,4,0,0,16,128,2,0,256,0,0,0,4,2,0,0,8,2,3,0,1,0,0,1,1,0,0,0
2556,8,zeros-la-3-8,zeros-la-3,188,2556,8,418,256,8,0,0,0,16,128,2,0,256,0,2,0,4,2,0,0,8,3,1,1,1,0,0,1,1,0,0,0
2556,7,zeros-la-3-8,zeros-la-3,189,2556,7,420,256,8,0,0,0,16,128,2,0,256,2,0,0,4,2,0,2,7,4,1,1,1,0,0,1,1,0,0,0
2560,7,zeros-la-3-8,zeros-la-3,190,2560,7,422,256,8,0,2,0,16,128,2,0,256,2,0,0,4,4,0,0,7,3,2,1,1,0,0,1,1,0,0,0
2568,7,zeros-la-3-8,zeros-la-3,191,2568,7,424,256,8,2,2,0,16,128,2,0,256,2,0,0,8,0,0,0,7,4,0,2,1,0,0,1,1,0,0,0
2572,7,zeros-la-3-8,zeros-la-3,192,2572,7,426,256,0,0,8,4,2,16,128,2,0,0,256,2,0,0,0,8,7,3,1,2,1,0,0,1,1,0,0,0
2576,7,zeros-la-3-8,zeros-la-3,193,2576,7,428,256,0,2,0,0,0,0,8,4,0,0,128,4,2,16,256,8,7,2,2,2,1,0,0,1,1,0,0,0
2584,7,zeros-la-3-8,zeros-la-3,194,2584,7,430,256,2,2,8,8,0,16,128,8,0,0,256,0,0,2,0,0,7,3,0,3,1,0,0,1,1,0,0,0
2604,8,zeros-la-3-8,zeros-la-3,195,2604,8,432,256,0,0,4,16,2,16,128,8,0,0,0,256,0,0,0,2,8,2,1,1,2,0,0,1,1,0,0,0
2604,7,zeros-la-3-8,zeros-la-3,196,2604,7,434,256,4,16,0,0,2,16,128,8,256,0,0,0,2,0,0,2,7,3,1,1,2,0,0,1,1,0,0,0
2636,7,zeros-la-3-8,zeros-la-3,197,2636,7,436,256,4,32,128,8,2,0,2,2,256,0,0,0,2,0,0,0,7,4,1,1,0,1,0,1,1,0,0,0
2640,7,zeros-la-3-8,zeros-la-3,198,2640,7,438,256,4,32,128,8,4,2,0,0,256,0,2,0,2,0,0,0,7,3,2,1,0,1,0,1,1,0,0,0
2648,7,zeros-la-3-8,zeros-la-3,199,2648,7,442,256,8,32,128,8,256,2,2,0,2,0,0,0,0,0,4,0,7,3,1,2,0,1,0,1,1,0,0,0
2652,7,zeros-la-3-8,zeros-la-3,200,2652,7,444,256,8,32,128,8,256,4,0,0,2,0,0,0,4,0,0,2,7,2,2,2,0,1,0,1,1,0,0,0
2652,6,zeros-la-3-8,zeros-la-3,201,2652,6,446,256,8,32,128,8,0,2,256,4,0,0,0,2,0,0,4,2,6,3,2,2,0,1,0,1,1,0,0,0
2656,6,zeros-la-3-8,zeros-la-3,202,2656,6,448,256,8,32,128,8,0,2,256,4,0,2,4,4,0,0,0,0,6,2,3,2,0,1,0,1,1,0,0,0
2668,7,zeros-la-3-8,zeros-la-3,203,2668,7,450,256,0,0,0,2,0,0,128,0,0,32,256,8,8,4,4,8,7,1,2,3,0,1,0,1,1,0,0,0
2676,7,zeros-la-3-8,zeros-la-3,204,2676,7,452,256,2,0,0,0,128,2,0,0,32,256,8,0,8,8,8,0,7,2,0,4,0,1,0,1,1,0,0,0
2692,7,zeros-la-3-8,zeros-la-3,205,2692,7,456,256,2,0,0,0,128,2,4,0,32,256,0,0,8,8,16,0,7,2,1,2,1,1,0,1,1,0,0,0
2708,7,zeros-la-3-8,zeros-la-3,206,2708,7,458,256,2,0,0,2,128,2,4,0,32,256,0,0,16,16,0,0,7,3,1,0,2,1,0,1,1,0,0,0
2744,8,zeros-la-3-8,zeros-la-3,207,2744,8,460,256,4,2,0,0,128,2,4,0,32,256,0,0,32,0,0,0,8,2,2,0,0,2,0,1,1,0,0,0
2812,9,zeros-la-3-8,zeros-la-3,208,2812,9,462,256,4,4,4,0,128,256,0,2,64,0,0,0,0,0,0,0,9,1,3,0,0,0,1,1,1,0,0,0
2812,8,zeros-la-3-8,zeros-la-3,209,2812,8,464,256,4,4,4,2,128,256,2,0,64,0,0,0,0,0,0,0,8,2,3,0,0,0,1,1,1,0,0,0
2812,7,zeros-la-3-8,zeros-la-3,210,2812,7,466,256,0,2,0,0,4,0,0,0,128,4,4,0,64,256,2,2,7,3,3,0,0,0,1,1,1,0,0,0
2812,6,zeros-la-3-8,zeros-la-3,211,2812,6,468,256,0,0,0,0,4,2,0,2,128,4,4,0,64,256,2,2,6,4,3,0,0,0,1,1,1,0,0,0
2828,8,zeros-la-3-8,zeros-la-3,212,2828,8,470,256,0,0,0,0,4,4,0,0,128,8,0,2,64,256,4,0,8,1,3,1,0,0,1,1,1,0,0,0
2836,8,zeros-la-3-8,zeros-la-3,213,2836,8,472,256,0,0,0,0,8,0,2,0,128,8,2,0,64,256,4,0,8,2,1,2,0,0,1,1,1,0,0,0
2840,8,zeros-la-3-8,zeros-la-3,214,2840,8,474,256,8,8,4,0,128,256,4,0,64,0,0,0,2,0,0,0,8,1,2,2,0,0,1,1,1,0,0,0
2848,8,zeros-la-3-8,zeros-la-3,215,2848,8,476,256,8,8,8,2,128,256,0,0,64,0,0,0,2,0,0,0,8,2,0,3,0,0,1,1,1,0,0,0
2864,8,zeros-la-3-8,zeros-la-3,216,2864,8,478,256,16,8,2,0,128,256,0,0,64,2,0,0,2,0,0,0,8,3,0,1,1,0,1,1,1,0,0,0
2864,7,zeros-la-3-8,zeros-la-3,217,2864,7,482,256,16,0,0,0,128,8,0,0,64,256,0,0,2,2,2,4,7,3,1,1,1,0,1,1,1,0,0,0
2868,7,zeros-la-3-8,zeros-la-3,218,2868,7,484,256,0,0,0,16,0,0,128,8,0,2,64,256,0,2,4,4,7,2,2,1,1,0,1,1,1,0,0,0
2872,7,zeros-la-3-8,zeros-la-3,219,2872,7,486,256,0,0,0,16,2,0,128,8,0,0,64,256,0,4,4,4,7,1,3,1,1,0,1,1,1,0,0,0
2880,7,zeros-la-3-8,zeros-la-3,220,2880,7,488,256,0,0,0,16,0,2,128,8,2,0,64,256,0,0,4,8,7,2,1,2,1,0,1,1,1,0,0,0
2880,6,zeros-la-3-8,zeros-la-3,221,2880,6,490,256,0,0,2,16,0,2,128,8,0,2,64,256,0,0,4,8,6,3,1,2,1,0,1,1,1,0,0,0
2884,6,zeros-la-3-8,zeros-la-3,222,2884,6,492,256,0,0,2,16,0,0,128,8,2,0,64,256,0,4,4,8,6,2,2,2,1,0,1,1,1,0,0,0
2892,6,zeros-la-3-8,zeros-la-3,223,2892,6,494,256,0,0,2,16,0,2,128,8,0,2,64,256,0,0,8,8,6,3,0,3,1,0,1,1,1,0,0,0
2908,6,zeros-la-3-8,zeros-la-3,224,2908,6,496,256,0,2,2,16,0,2,128,8,0,2,64,256,0,0,0,16,6,4,0,1,2,0,1,1,1,0,0,0
2912,6,zeros-la-3-8,zeros-la-3,225,2912,6,498,256,0,0,4,16,0,2,128,8,0,2,64,256,2,0,0,16,6,3,1,1,2,0,1,1,1,0,0,0
2916,6,zeros-la-3-8,zeros-la-3,226,2916,6,500,256,2,4,4,16,0,0,128,8,0,2,64,256,0,0,0,16,6,2,2,1,2,0,1,1,1,0,0,0
2924,6,zeros-la-3-8,zeros-la-3,227,2924,6,502,256,0,2,8,16,0,0,128,8,2,2,64,256,0,0,0,16,6,3,0,2,2,0,1,1,1,0,0,0
2928,6,zeros-la-3-8,zeros-la-3,228,2928,6,506,256,0,4,0,16,0,0,8,8,0,0,128,256,2,4,64,16,6,1,2,2,2,0,1,1,1,0,0,0
2936,6,zeros-la-3-8,zeros-la-3,229,2936,6,508,256,2,8,8,16,0,0,128,8,2,0,64,256,0,0,0,16,6,2,0,3,2,0,1,1,1,0,0,0
2952,6,zeros-la-3-8,zeros-la-3,230,2952,6,510,256,0,2,16,16,0,0,128,8,0,2,64,256,0,2,0,16,6,3,0,1,3,0,1,1,1,0,0,0
2956,6,zeros-la-3-8,zeros-la-3,231,2956,6,512,256,0,4,16,16,0,2,128,8,0,2,64,256,0,0,0,16,6,2,1,1,3,0,1,1,1,0,0,0
2960,6,zeros-la-3-8,zeros-la-3,232,2960,6,514,256,0,4,16,16,0,4,128,8,0,0,64,256,0,2,0,16,6,1,2,1,3,0,1,1,1,0,0,0
2992,6,zeros-la-3-8,zeros-la-3,233,2992,6,516,256,0,0,4,32,0,4,128,8,2,0,64,256,0,0,2,16,6,2,2,1,1,1,1,1,1,0,0,0
2992,5,zeros-la-3-8,zeros-la-3,234,2992,5,518,256,4,32,0,2,4,128,8,0,2,64,256,0,2,16,0,0,5,3,2,1,1,1,1,1,1,0,0,0
3004,6,zeros-la-3-8,zeros-la-3,235,3004,6,520,256,8,32,8,2,4,128,256,0,2,64,0,0,0,16,0,0,6,2,1,2,1,1,1,1,1,0,0,0
3004,5,zeros-la-3-8,zeros-la-3,236,3004,5,522,256,0,32,2,0,8,128,0,0,4,64,8,0,2,16,256,2,5,3,1,2,1,1,1,1,1,0,0,0
3004,4,zeros-la-3-8,zeros-la-3,237,3004,4,524,256,8,32,2,2,4,128,8,2,2,64,256,0,0,16,0,0,4,4,1,2,1,1,1,1,1,0,0,0
3008,4,zeros-la-3-8,zeros-la-3,238,3008,4,526,256,8,32,4,2,4,128,8,2,2,64,256,0,16,0,0,0,4,3,2,2,1,1,1,1,1,0,0,0
3008,3,zeros-la-3-8,zeros-la-3,239,3008,3,528,256,8,32,4,2,4,128,8,2,2,2,64,256,0,0,0,16,3,4,2,2,1,1,1,1,1,0,0,0
3012,3,zeros-la-3-8,zeros-la-3,240,3012,3,530,256,8,32,4,2,4,128,8,2,4,64,256,0,16,0,0,2,3,3,3,2,1,1,1,1,1,0,0,0
3024,4,zeros-la-3-8,zeros-la-3,241,3024,4,532,256,8,32,4,4,8,128,8,2,16,64,256,0,0,2,0,0,4,2,2,3,1,1,1,1,1,0,0,0
3040,4,zeros-la-3-8,zeros-la-3,242,3040,4,534,256,16,32,4,4,16,128,8,2,0,64,256,0,0,2,0,2,4,3,2,1,2,1,1,1,1,0,0,0
3052,5,zeros-la-3-8,zeros-la-3,243,3052,5,536,256,16,32,8,0,16,128,8,2,64,256,0,0,4,2,0,0,5,2,1,2,2,1,1,1,1,0,0,0
3100,6,zeros-la-3-8,zeros-la-3,244,3100,6,538,256,32,32,16,2,64,128,0,0,4,256,0,0,2,2,0,0,6,3,1,0,1,2,1,1,1,0,0,0
3168,7,zeros-la-3-8,zeros-la-3,245,3168,7,540,256,64,16,2,2,64,128,0,0,4,256,0,0,4,0,0,0,7,2,2,0,1,0,2,1,1,0,0,0
3304,8,zeros-la-3-8,zeros-la-3,246,3304,8,544,256,0,0,0,0,4,16,0,0,128,128,0,0,8,256,2,2,8,2,1,1,1,0,0,2,1,0,0,0
3564,9,zeros-la-3-8,zeros-la-3,247,3564,9,546,256,0,0,0,0,4,16,0,0,256,0,2,0,8,256,4,0,9,1,2,1,1,0,0,0,2,0,0,0
3564,8,zeros-la-3-8,zeros-la-3,248,3564,8,548,256,4,16,2,0,256,256,4,0,8,0,0,0,0,0,2,0,8,2,2,1,1,0,0,0,2,0,0,0
3564,7,zeros-la-3-8,zeros-la-3,249,3564,7,550,256,4,16,2,0,256,256,4,0,8,0,2,0,2,0,0,0,7,3,2,1,1,0,0,0,2,0,0,0
4076,7,zeros-la-3-8,zeros-la-3,250,4076,7,552,512,4,16,2,2,512,4,0,0,8,2,0,0,2,0,0,0,7,4,2,1,1,0,0,0,0,1,0,0
4080,7,zeros-la-3-8,zeros-la-3,251,4080,7,554,512,0,4,16,4,0,0,512,4,0,2,8,2,0,0,0,2,7,3,3,1,1,0,0,0,0,1,0,0
4092,8,zeros-la-3-8,zeros-la-3,252,4092,8,556,512,0,4,16,8,2,2,512,4,0,0,8,0,0,0,0,0,8,2,2,2,1,0,0,0,0,1,0,0
4096,8,zeros-la-3-8,zeros-la-3,253,4096,8,558,512,4,16,8,0,4,512,4,0,8,0,0,0,0,2,0,0,8,1,3,2,1,0,0,0,0,1,0,0
4104,8,zeros-la-3-8,zeros-la-3,254,4104,8,560,512,8,16,8,2,8,512,4,0,0,2,0,0,0,0,0,0,8,2,1,3,1,0,0,0,0,1,0,0
4120,8,zeros-la-3-8,zeros-la-3,255,4120,8,562,512,16,16,8,2,0,512,4,0,2,2,0,0,0,0,0,0,8,3,1,1,2,0,0,0,0,1,0,0
4156,9,zeros-la-3-8,zeros-la-3,256,4156,9,564,512,0,32,8,2,0,0,512,4,0,0,0,4,2,0,0,0,9,2,2,1,0,1,0,0,0,1,0,0
4164,9,zeros-la-3-8,zeros-la-3,257,4164,9,566,512,2,32,8,2,0,0,512,8,0,0,0,0,0,0,2,0,9,3,0,2,0,1,0,0,0,1,0,0
4164,8,zeros-la-3-8,zeros-la-3,258,4164,8,568,512,2,32,8,2,0,0,512,8,0,0,0,0,0,0,2,2,8,4,0,2,0,1,0,0,0,1,0,0
4164,7,zeros-la-3-8,zeros-la-3,259,4164,7,570,512,0,0,0,0,2,0,8,2,0,0,512,8,2,32,2,2,7,5,0,2,0,1,0,0,0,1,0,0
4168,7,zeros-la-3-8,zeros-la-3,260,4168,7,572,512,0,0,0,0,2,8,2,2,512,8,0,0,2,32,4,0,7,4,1,2,0,1,0,0,0,1,0,0
4184,7,zeros-la-3-8,zeros-la-3,261,4184,7,574,512,0,0,0,0,2,0,2,0,512,16,2,0,2,32,4,2,7,5,1,0,1,1,0,0,0,1,0,0
4188,7,zeros-la-3-8,zeros-la-3,262,4188,7,576,512,0,2,0,0,0,0,0,4,0,512,16,2,2,32,4,2,7,4,2,0,1,1,0,0,0,1,0,0
4192,7,zeros-la-3-8,zeros-la-3,263,4192,7,578,512,2,2,16,4,0,512,4,4,0,32,2,0,0,0,0,0,7,3,3,0,1,1,0,0,0,1,0,0
4204,8,zeros-la-3-8,zeros-la-3,264,4204,8,580,512,4,16,4,0,512,8,0,0,32,2,0,0,2,0,0,0,8,2,2,1,1,1,0,0,0,1,0,0
4204,7,zeros-la-3-8,zeros-la-3,265,4204,7,582,512,4,0,2,0,512,16,0,0,32,8,0,0,2,2,4,0,7,3,2,1,1,1,0,0,0,1,0,0
4208,7,zeros-la-3-8,zeros-la-3,266,4208,7,584,512,4,2,0,0,512,16,2,0,32,8,0,0,4,4,0,0,7,2,3,1,1,1,0,0,0,1,0,0
4216,7,zeros-la-3-8,zeros-la-3,267,4216,7,586,512,0,0,4,2,0,512,16,2,0,0,32,8,0,0,2,8,7,3,1,2,1,1,0,0,0,1,0,0
4236,8,zeros-la-3-8,zeros-la-3,268,4236,8,588,512,0,512,4,4,0,0,16,16,0,0,32,2,0,0,2,0,8,2,2,0,2,1,0,0,0,1,0,0
4276,9,zeros-la-3-8,zeros-la-3,269,4276,9,590,512,512,8,0,0,32,0,0,2,32,2,0,0,2,0,0,0,9,3,0,1,0,2,0,0,0,1,0,0
4340,9,zeros-la-3-8,zeros-la-3,270,4340,9,594,512,0,0,0,0,512,0,0,0,64,8,4,0,2,2,0,2,9,3,1,1,0,0,1,0,0,1,0,0
4344,9,zeros-la-3-8,zeros-la-3,271,4344,9,596,512,2,0,0,0,0,0,0,512,0,64,8,4,0,0,2,4,9,2,2,1,0,0,1,0,0,1,0,0
4352,9,zeros-la-3-8,zeros-la-3,272,4352,9,598,512,2,64,8,512,0,0,2,8,0,0,0,0,2,0,0,0,9,3,0,2,0,0,1,0,0,1,0,0
4352,8,zeros-la-3-8,zeros-la-3,273,4352,8,602,512,2,64,8,512,2,8,0,0,0,0,0,4,2,0,0,0,8,3,1,2,0,0,1,0,0,1,0,0
4356,8,zeros-la-3-8,zeros-la-3,274,4356,8,604,512,0,0,0,0,2,0,0,0,2,64,0,512,4,8,8,4,8,2,2,2,0,0,1,0,0,1,0,0
4360,8,zeros-la-3-8,zeros-la-3,275,4360,8,606,512,0,0,0,0,0,2,0,0,4,64,0,512,4,8,8,4,8,1,3,2,0,0,1,0,0,1,0,0
4376,8,zeros-la-3-8,zeros-la-3,276,4376,8,608,512,0,0,0,2,0,0,0,2,0,4,64,512,0,4,16,4,8,2,3,0,1,0,1,0,0,1,0,0
4388,9,zeros-la-3-8,zeros-la-3,277,4388,9,610,512,0,8,64,4,0,0,16,512,0,0,0,4,0,0,0,2,9,1,2,1,1,0,1,0,0,1,0,0
4388,8,zeros-la-3-8,zeros-la-3,278,4388,8,612,512,0,8,64,4,0,0,16,512,0,0,0,4,2,0,0,2,8,2,2,1,1,0,1,0,0,1,0,0
4392,8,zeros-la-3-8,zeros-la-3,279,4392,8,614,512,0,8,64,4,0,0,16,512,0,0,2,4,0,0,0,4,8,1,3,1,1,0,1,0,0,1,0,0
4400,8,zeros-la-3-8,zeros-la-3,280,4400,8,616,512,0,8,64,4,0,0,16,512,0,0,2,8,0,0,0,2,8,2,1,2,1,0,1,0,0,1,0,0
4400,7,zeros-la-3-8,zeros-la-3,281,4400,7,618,512,8,64,4,0,16,512,0,2,2,8,0,0,2,0,0,0,7,3,1,2,1,0,1,0,0,1,0,0
4404,7,zeros-la-3-8,zeros-la-3,282,4404,7,620,512,8,64,4,2,16,512,0,2,4,8,0,0,0,0,0,0,7,2,2,2,1,0,1,0,0,1,0,0
4408,7,zeros-la-3-8,zeros-la-3,283,4408,7,622,512,0,0,0,2,8,64,0,0,16,512,0,0,4,8,4,4,7,1,3,2,1,0,1,0,0,1,0,0
4416,7,zeros-la-3-8,zeros-la-3,284,4416,7,624,512,0,2,0,2,0,0,8,64,0,0,16,512,0,4,8,8,7,2,1,3,1,0,1,0,0,1,0,0
4436,8,zeros-la-3-8,zeros-la-3,285,4436,8,626,512,4,0,0,0,8,64,0,0,16,512,2,0,4,16,0,0,8,1,2,1,2,0,1,0,0,1,0,0
4436,7,zeros-la-3-8,zeros-la-3,286,4436,7,628,512,4,0,2,0,8,64,0,0,16,512,0,0,4,16,2,0,7,2,2,1,2,0,1,0,0,1,0,0
4440,7,zeros-la-3-8,zeros-la-3,287,4440,7,630,512,4,64,4,0,8,512,0,0,16,16,0,0,4,0,0,2,7,1,3,1,2,0,1,0,0,1,0,0
4472,7,zeros-la-3-8,zeros-la-3,288,4472,7,632,512,4,64,4,0,8,512,0,2,32,0,0,0,4,2,0,0,7,2,3,1,0,1,1,0,0,1,0,0
4472,6,zeros-la-3-8,zeros-la-3,289,4472,6,636,512,4,64,4,2,8,512,0,0,32,2,4,0,4,0,0,0,6,2,4,1,0,1,1,0,0,1,0,0
4480,6,zeros-la-3-8,zeros-la-3,290,4480,6,638,512,4,64,8,2,8,512,2,0,32,2,0,0,4,0,0,0,6,3,2,2,0,1,1,0,0,1,0,0
4480,5,zeros-la-3-8,zeros-la-3,291,4480,5,640,512,4,0,2,0,8,64,0,0,32,512,8,0,4,2,2,2,5,4,2,2,0,1,1,0,0,1,0,0
4484,5,zeros-la-3-8,zeros-la-3,292,4484,5,642,512,4,2,2,0,8,64,0,0,32,512,8,0,4,4,2,0,5,3,3,2,0,1,1,0,0,1,0,0
4496,6,zeros-la-3-8,zeros-la-3,293,4496,6,644,512,4,4,0,0,8,64,0,0,32,512,8,0,8,2,2,0,6,2,2,3,0,1,1,0,0,1,0,0
4508,7,zeros-la-3-8,zeros-la-3,294,4508,7,646,512,8,0,0,0,8,64,2,0,32,512,8,0,8,4,0,0,7,1,1,4,0,1,1,0,0,1,0,0
4508,6,zeros-la-3-8,zeros-la-3,295,4508,6,648,512,8,0,0,0,8,64,2,0,32,512,8,0,8,4,0,2,6,2,1,4,0,1,1,0,0,1,0,0
4524,6,zeros-la-3-8,zeros-la-3,296,4524,6,650,512,16,64,2,2,32,512,8,0,8,4,0,0,0,2,0,0,6,3,1,2,1,1,1,0,0,1,0,0
4528,6,zeros-la-3-8,zeros-la-3,297,4528,6,654,512,16,64,4,0,32,512,8,0,8,4,0,0,2,4,0,0,6,1,3,2,1,1,1,0,0,1,0,0
4536,6,zeros-la-3-8,zeros-la-3,298,4536,6,656,512,16,64,4,0,32,512,8,0,8,8,2,0,2,0,0,0,6,2,1,3,1,1,1,0,0,1,0,0
4552,6,zeros-la-3-8,zeros-la-3,299,4552,6,660,512,16,64,4,0,32,512,8,0,16,2,0,0,2,0,4,0,6,2,2,1,2,1,1,0,0,1,0,0
4552,5,zeros-la-3-8,zeros-la-3,300,4552,5,662,512,16,2,0,0,32,64,4,0,16,512,8,0,2,2,4,0,5,3,2,1,2,1,1,0,0,1,0,0
4556,5,zeros-la-3-8,zeros-la-3,301,4556,5,664,512,16,2,2,0,32,64,4,0,16,512,8,0,4,4,0,0,5,2,3,1,2,1,1,0,0,1,0,0
4568,6,zeros-la-3-8,zeros-la-3,302,4568,6,666,512,0,0,16,4,2,32,64,4,0,16,512,8,0,0,0,8,6,1,2,2,2,1,1,0,0,1,0,0
4592,7,zeros-la-3-8,zeros-la-3,303,4592,7,668,512,2,32,16,8,2,16,64,16,0,0,512,0,0,0,0,0,7,2,0,1,3,1,1,0,0,1,0,0
4596,7,zeros-la-3-8,zeros-la-3,304,4596,7,670,512,4,32,16,8,0,16,64,16,0,0,512,0,0,0,0,2,7,1,1,1,3,1,1,0,0,1,0,0
4596,6,zeros-la-3-8,zeros-la-3,305,4596,6,672,512,4,32,16,8,16,64,16,0,512,2,0,0,2,0,0,0,6,2,1,1,3,1,1,0,0,1,0,0
4628,6,zeros-la-3-8,zeros-la-3,306,4628,6,674,512,4,32,32,8,16,64,0,0,512,2,0,0,2,2,0,0,6,3,1,1,1,2,1,0,0,1,0,0
4696,7,zeros-la-3-8,zeros-la-3,307,4696,7,676,512,4,64,8,0,16,64,0,0,512,2,0,0,4,2,0,0,7,2,2,1,1,0,2,0,0,1,0,0
4828,8,zeros-la-3-8,zeros-la-3,308,4828,8,678,512,4,0,2,0,16,0,0,0,512,128,0,0,4,4,8,0,8,1,3,1,1,0,0,1,0,1,0,0
4836,8,zeros-la-3-8,zeros-la-3,309,4836,8,680,512,4,2,0,0,16,0,0,0,512,128,0,2,8,8,0,0,8,2,1,2,1,0,0,1,0,1,0,0
4852,8,zeros-la-3-8,zeros-la-3,310,4852,8,682,512,4,2,0,0,16,0,0,0,512,128,2,2,16,0,0,0,8,3,1,0,2,0,0,1,0,1,0,0
4852,7,zeros-la-3-8,zeros-la-3,311,4852,7,684,512,4,2,0,0,16,0,0,0,512,2,0,0,16,128,2,2,7,4,1,0,2,0,0,1,0,1,0,0
4856,7,zeros-la-3-8,zeros-la-3,312,4856,7,686,512,4,4,2,2,16,128,0,0,512,0,0,0,16,2,0,0,7,3,2,0,2,0,0,1,0,1,0,0
4868,8,zeros-la-3-8,zeros-la-3,313,4868,8,688,512,0,0,8,4,0,0,16,128,0,0,0,512,2,0,16,2,8,2,1,1,2,0,0,1,0,1,0,0
4900,8,zeros-la-3-8,zeros-la-3,314,4900,8,690,512,2,0,8,4,0,0,32,128,0,0,0,512,2,0,0,2,8,3,1,1,0,1,0,1,0,1,0,0
4904,8,zeros-la-3-8,zeros-la-3,315,4904,8,692,512,4,0,8,4,0,2,32,128,0,0,0,512,0,0,0,2,8,2,2,1,0,1,0,1,0,1,0,0
4904,7,zeros-la-3-8,zeros-la-3,316,4904,7,694,512,4,2,8,4,2,0,32,128,0,0,0,512,0,0,0,2,7,3,2,1,0,1,0,1,0,1,0,0
4904,6,zeros-la-3-8,zeros-la-3,317,4904,6,698,512,0,0,0,4,0,0,0,128,4,4,8,512,2,2,32,2,6,3,3,1,0,1,0,1,0,1,0,0
4916,7,zeros-la-3-8,zeros-la-3,318,4916,7,702,512,0,0,0,4,0,0,0,128,0,8,8,512,4,4,32,2,7,1,3,2,0,1,0,1,0,1,0,0
4940,8,zeros-la-3-8,zeros-la-3,319,4940,8,704,512,4,0,0,2,128,0,0,0,16,512,0,0,8,32,2,0,8,2,1,1,1,1,0,1,0,1,0,0
4940,7,zeros-la-3-8,zeros-la-3,320,4940,7,708,512,4,2,0,0,128,0,0,4,16,512,0,0,8,32,2,0,7,2,2,1,1,1,0,1,0,1,0,0
4940,6,zeros-la-3-8,zeros-la-3,321,4940,6,710,512,4,2,2,4,128,512,0,0,16,32,0,0,8,0,2,0,6,3,2,1,1,1,0,1,0,1,0,0
4944,6,zeros-la-3-8,zeros-la-3,322,4944,6,712,512,0,4,4,4,2,0,128,512,0,0,16,32,0,0,8,2,6,2,3,1,1,1,0,1,0,1,0,0
4952,6,zeros-la-3-8,zeros-la-3,323,4952,6,714,512,2,0,4,8,0,2,128,512,0,0,16,32,0,0,8,2,6,3,1,2,1,1,0,1,0,1,0,0
4952,5,zeros-la-3-8,zeros-la-3,324,4952,5,716,512,2,2,4,8,0,0,128,512,2,0,16,32,0,0,8,2,5,4,1,2,1,1,0,1,0,1,0,0
4956,5,zeros-la-3-8,zeros-la-3,325,4956,5,718,512,0,4,4,8,0,0,128,512,2,2,16,32,0,0,8,2,5,3,2,2,1,1,0,1,0,1,0,0
4968,6,zeros-la-3-8,zeros-la-3,326,4968,6,720,512,0,0,8,8,0,0,128,512,2,4,16,32,0,0,8,2,6,2,1,3,1,1,0,1,0,1,0,0
4984,6,zeros-la-3-8,zeros-la-3,327,4984,6,722,512,16,0,0,2,128,512,0,0,2,4,16,32,8,2,0,0,6,3,1,1,2,1,0,1,0,1,0,0
4984,5,zeros-la-3-8,zeros-la-3,328,4984,5,724,512,16,0,0,2,128,512,0,0,2,4,0,2,8,2,16,32,5,4,1,1,2,1,0,1,0,1,0,0
4988,5,zeros-la-3-8,zeros-la-3,329,4988,5,726,512,16,512,16,4,128,4,2,32,2,2,0,0,8,0,0,0,5,3,2,1,2,1,0,1,0,1,0,0
4992,5,zeros-la-3-8,zeros-la-3,330,4992,5,728,512,16,512,16,4,128,4,2,32,0,0,0,4,0,2,0,8,5,2,3,1,2,1,0,1,0,1,0,0
4992,4,zeros-la-3-8,zeros-la-3,331,4992,4,730,512,16,512,16,4,128,4,2,32,0,0,2,4,0,0,2,8,4,3,3,1,2,1,0,1,0,1,0,0
4996,4,zeros-la-3-8,zeros-la-3,332,4996,4,732,512,0,0,2,4,0,0,16,32,16,512,2,4,128,4,4,8,4,2,4,1,2,1,0,1,0,1,0,0
5004,4,zeros-la-3-8,zeros-la-3,333,5004,4,734,512,2,4,0,2,16,32,0,0,16,512,2,4,128,8,8,0,4,3,2,2,2,1,0,1,0,1,0,0
5036,4,zeros-la-3-8,zeros-la-3,334,5036,4,736,512,0,4,2,0,2,32,0,0,32,512,2,2,128,8,8,4,4,4,2,2,0,2,0,1,0,1,0,0
5056,5,zeros-la-3-8,zeros-la-3,335,5056,5,738,512,0,0,4,2,0,0,2,32,0,32,512,4,2,128,16,4,5,3,3,0,1,2,0,1,0,1,0,0
5064,5,zeros-la-3-8,zeros-la-3,336,5064,5,740,512,0,0,4,0,0,2,2,2,0,32,512,32,2,128,16,8,5,4,1,1,1,2,0,1,0,1,0,0
5068,5,zeros-la-3-8,zeros-la-3,337,5068,5,742,512,0,0,2,4,0,0,2,4,0,32,512,32,2,128,16,8,5,3,2,1,1,2,0,1,0,1,0,0
5080,6,zeros-la-3-8,zeros-la-3,338,5080,6,744,512,0,0,0,0,2,0,4,8,0,32,512,32,2,128,16,8,6,2,1,2,1,2,0,1,0,1,0,0
5080,5,zeros-la-3-8,zeros-la-3,339,5080,5,746,512,0,0,2,0,2,4,8,0,32,512,32,0,2,128,16,8,5,3,1,2,1,2,0,1,0,1,0,0
5080,4,zeros-la-3-8,zeros-la-3,340,5080,4,748,512,2,0,2,0,2,4,8,0,32,512,32,0,2,128,16,8,4,4,1,2,1,2,0,1,0,1,0,0
5084,4,zeros-la-3-8,zeros-la-3,341,5084,4,750,512,0,0,2,2,4,4,8,0,32,512,32,0,2,128,16,8,4,3,2,2,1,2,0,1,0,1,0,0
5096,5,zeros-la-3-8,zeros-la-3,342,5096,5,752,512,0,0,0,4,2,0,8,8,0,32,512,32,2,128,16,8,5,2,1,3,1,2,0,1,0,1,0,0
5112,5,zeros-la-3-8,zeros-la-3,343,5112,5,754,512,0,0,0,4,0,2,2,16,0,32,512,32,2,128,16,8,5,3,1,1,2,2,0,1,0,1,0,0
5116,5,zeros-la-3-8,zeros-la-3,344,5116,5,756,512,4,0,0,0,4,16,0,0,32,512,32,2,2,128,16,8,5,2,2,1,2,2,0,1,0,1,0,0
5124,5,zeros-la-3-8,zeros-la-3,345,5124,5,758,512,0,0,0,2,8,16,0,0,32,512,32,2,2,128,16,8,5,3,0,2,2,2,0,1,0,1,0,0
5128,5,zeros-la-3-8,zeros-la-3,346,5128,5,762,512,0,0,0,4,8,16,0,0,32,512,32,4,2,128,16,8,5,1,2,2,2,2,0,1,0,1,0,0
5136,5,zeros-la-3-8,zeros-la-3,347,5136,5,764,512,8,16,32,8,32,512,16,8,2,128,0,0,0,2,0,0,5,2,0,3,2,2,0,1,0,1,0,0
5152,5,zeros-la-3-8,zeros-la-3,348,5152,5,766,512,0,16,0,0,8,512,2,0,32,128,32,0,2,2,16,16,5,3,0,1,3,2,0,1,0,1,0,0
5188,6,zeros-la-3-8,zeros-la-3,349,5188,6,768,512,16,0,2,0,8,512,2,0,32,128,32,0,4,32,0,0,6,2,1,1,1,3,0,1,0,1,0,0
5192,6,zeros-la-3-8,zeros-la-3,350,5192,6,770,512,16,512,4,0,8,128,32,2,32,32,0,0,4,0,0,0,6,1,2,1,1,3,0,1,0,1,0,0
5256,6,zeros-la-3-8,zeros-la-3,351,5256,6,772,512,16,512,4,0,8,128,32,2,64,0,2,0,4,0,0,0,6,2,2,1,1,1,1,1,0,1,0,0
5256,5,zeros-la-3-8,zeros-la-3,352,5256,5,774,512,16,0,0,0,8,0,4,2,64,512,32,0,4,128,2,2,5,3,2,1,1,1,1,1,0,1,0,0
5260,5,zeros-la-3-8,zeros-la-3,353,5260,5,776,512,16,512,4,4,8,128,32,0,64,0,2,2,4,0,0,0,5,2,3,1,1,1,1,1,0,1,0,0
5272,6,zeros-la-3-8,zeros-la-3,354,5272,6,778,512,0,16,512,8,0,8,128,32,0,2,64,4,0,0,0,4,6,1,2,2,1,1,1,1,0,1,0,0
5280,6,zeros-la-3-8,zeros-la-3,355,5280,6,780,512,0,16,512,8,0,8,128,32,0,2,64,8,2,0,0,0,6,2,0,3,1,1,1,1,0,1,0,0
5280,5,zeros-la-3-8,zeros-la-3,356,5280,5,782,512,16,512,8,0,8,128,32,2,2,64,8,0,2,0,0,0,5,3,0,3,1,1,1,1,0,1,0,0
5284,5,zeros-la-3-8,zeros-la-3,357,5284,5,784,512,0,0,0,0,16,512,8,2,8,128,32,0,4,64,8,2,5,2,1,3,1,1,1,1,0,1,0,0
5288,5,zeros-la-3-8,zeros-la-3,358,5288,5,786,512,0,0,0,0,16,512,8,2,8,128,32,0,4,64,8,4,5,1,2,3,1,1,1,1,0,1,0,0
5288,4,zeros-la-3-8,zeros-la-3,359,5288,4,788,512,0,0,0,2,16,512,8,0,8,128,32,2,4,64,8,4,4,2,2,3,1,1,1,1,0,1,0,0
5292,4,zeros-la-3-8,zeros-la-3,360,5292,4,792,512,16,512,8,4,8,128,32,4,4,64,8,0,0,0,0,4,4,0,4,3,1,1,1,1,0,1,0,0
5300,4,zeros-la-3-8,zeros-la-3,361,5300,4,794,512,0,0,0,2,16,512,8,0,8,128,32,4,4,64,8,8,4,1,2,4,1,1,1,1,0,1,0,0
5316,4,zeros-la-3-8,zeros-la-3,362,5316,4,796,512,2,0,2,0,16,512,8,0,8,128,32,4,4,64,16,0,4,2,2,2,2,1,1,1,0,1,0,0
5320,4,zeros-la-3-8,zeros-la-3,363,5320,4,798,512,0,0,2,4,0,16,512,8,8,128,32,4,0,4,64,16,4,1,3,2,2,1,1,1,0,1,0,0
5320,3,zeros-la-3-8,zeros-la-3,364,5320,3,800,512,2,0,2,4,0,16,512,8,0,128,32,4,8,4,64,16,3,2,3,2,2,1,1,1,0,1,0,0
5324,3,zeros-la-3-8,zeros-la-3,365,5324,3,802,512,4,4,0,0,16,512,8,0,128,32,4,2,8,4,64,16,3,1,4,2,2,1,1,1,0,1,0,0
5332,3,zeros-la-3-8,zeros-la-3,366,5332,3,804,512,2,0,0,8,0,16,512,8,128,32,4,2,8,4,64,16,3,2,2,3,2,1,1,1,0,1,0,0
5332,2,zeros-la-3-8,zeros-la-3,367,5332,2,806,512,2,0,2,8,0,16,512,8,128,32,4,2,8,4,64,16,2,3,2,3,2,1,1,1,0,1,0,0
5348,2,zeros-la-3-8,zeros-la-3,368,5348,2,808,512,2,16,2,16,128,32,512,2,8,4,4,16,0,0,64,2,2,4,2,1,3,1,1,1,0,1,0,0
5356,2,zeros-la-3-8,zeros-la-3,369,5356,2,810,512,2,16,2,16,128,32,512,2,8,8,16,0,64,2,0,2,2,5,0,2,3,1,1,1,0,1,0,0
5376,3,zeros-la-3-8,zeros-la-3,370,5376,3,812,512,2,16,2,16,128,32,512,2,16,16,2,0,64,4,0,0,3,4,1,0,4,1,1,1,0,1,0,0
5376,2,zeros-la-3-8,zeros-la-3,371,5376,2,814,512,2,16,2,0,128,32,2,0,16,16,512,16,64,4,2,2,2,5,1,0,4,1,1,1,0,1,0,0
5412,3,zeros-la-3-8,zeros-la-3,372,5412,3,816,512,0,2,16,2,2,128,32,2,0,32,512,16,0,64,4,4,3,4,2,0,2,2,1,1,0,1,0,0
5420,3,zeros-la-3-8,zeros-la-3,373,5420,3,818,512,2,2,16,2,2,128,32,2,0,32,512,16,0,0,64,8,3,5,0,1,2,2,1,1,0,1,0,0
5428,4,zeros-la-3-8,zeros-la-3,374,5428,4,820,512,0,2,16,0,0,2,32,4,0,128,512,16,4,32,64,8,4,2,2,1,2,2,1,1,0,1,0,0
5432,4,zeros-la-3-8,zeros-la-3,375,5432,4,822,512,4,4,16,4,0,128,32,16,2,32,512,8,0,0,64,0,4,1,3,1,2,2,1,1,0,1,0,0
5440,4,zeros-la-3-8,zeros-la-3,376,5440,4,824,512,8,16,4,0,128,32,16,0,2,32,512,8,64,0,0,2,4,2,1,2,2,2,1,1,0,1,0,0
5504,4,zeros-la-3-8,zeros-la-3,377,5504,4,828,512,8,0,4,0,128,0,4,0,2,16,16,8,64,64,512,2,4,2,2,2,2,0,2,1,0,1,0,0
5664,5,zeros-la-3-8,zeros-la-3,378,5664,5,830,512,0,0,8,4,2,0,128,4,0,2,32,8,0,128,512,2,5,3,2,2,0,1,0,2,0,1,0,0
5672,5,zeros-la-3-8,zeros-la-3,379,5672,5,832,512,2,2,8,8,0,128,128,8,2,0,32,2,0,0,512,0,5,4,0,3,0,1,0,2,0,1,0,0
5948,7,zeros-la-3-8,zeros-la-3,380,5948,7,834,512,4,16,0,0,256,8,0,0,2,32,2,2,512,0,0,0,7,3,1,1,1,1,0,0,1,1,0,0
5952,7,zeros-la-3-8,zeros-la-3,381,5952,7,836,512,0,0,4,16,0,0,256,8,0,2,32,4,0,2,0,512,7,2,2,1,1,1,0,0,1,1,0,0
5956,7,zeros-la-3-8,zeros-la-3,382,5956,7,838,512,2,4,4,16,0,0,256,8,0,0,32,4,0,0,0,512,7,1,3,1,1,1,0,0,1,1,0,0
5964,7,zeros-la-3-8,zeros-la-3,383,5964,7,840,512,2,8,16,0,256,8,0,0,32,4,2,0,512,0,0,0,7,2,1,2,1,1,0,0,1,1,0,0
5980,7,zeros-la-3-8,zeros-la-3,384,5980,7,842,512,2,2,0,0,256,0,0,0,32,16,16,0,512,4,2,0,7,3,1,0,2,1,0,0,1,1,0,0
6016,8,zeros-la-3-8,zeros-la-3,385,6016,8,846,512,4,0,0,0,256,0,0,0,32,32,0,4,512,4,2,0,8,1,3,0,0,2,0,0,1,1,0,0
6080,8,zeros-la-3-8,zeros-la-3,386,6080,8,848,512,4,0,0,0,256,0,2,0,64,4,0,0,512,4,2,0,8,2,3,0,0,0,1,0,1,1,0,0
6092,9,zeros-la-3-8,zeros-la-3,387,6092,9,850,512,4,8,4,0,256,0,2,0,64,0,0,0,512,0,0,0,9,1,2,1,0,0,1,0,1,1,0,0
6092,8,zeros-la-3-8,zeros-la-3,388,6092,8,852,512,4,8,4,0,256,2,2,0,64,0,0,0,512,0,0,0,8,2,2,1,0,0,1,0,1,1,0,0
6096,8,zeros-la-3-8,zeros-la-3,389,6096,8,854,512,0,4,8,4,2,0,256,4,0,0,0,64,0,0,0,512,8,1,3,1,0,0,1,0,1,1,0,0
6104,8,zeros-la-3-8,zeros-la-3,390,6104,8,856,512,2,4,8,8,0,0,256,64,0,0,0,512,0,0,0,2,8,2,1,2,0,0,1,0,1,1,0,0
6120,8,zeros-la-3-8,zeros-la-3,391,6120,8,858,512,0,2,4,16,0,0,256,64,0,0,0,512,2,0,0,2,8,3,1,0,1,0,1,0,1,1,0,0
6124,8,zeros-la-3-8,zeros-la-3,392,6124,8,860,512,0,2,4,16,0,0,256,64,0,2,0,512,0,0,0,4,8,2,2,0,1,0,1,0,1,1,0,0
6128,8,zeros-la-3-8,zeros-la-3,393,6128,8,862,512,0,4,4,16,2,0,256,64,0,0,0,512,0,0,0,4,8,1,3,0,1,0,1,0,1,1,0,0
6136,8,zeros-la-3-8,zeros-la-3,394,6136,8,866,512,0,0,8,16,0,2,256,64,0,0,4,512,0,0,0,4,8,1,2,1,1,0,1,0,1,1,0,0
6136,7,zeros-la-3-8,zeros-la-3,395,6136,7,868,512,0,2,8,16,0,0,256,64,2,0,4,512,0,0,0,4,7,2,2,1,1,0,1,0,1,1,0,0
6136,6,zeros-la-3-8,zeros-la-3,396,6136,6,870,512,2,0,0,16,0,0,8,64,0,0,256,512,2,2,4,4,6,3,2,1,1,0,1,0,1,1,0,0
6140,6,zeros-la-3-8,zeros-la-3,397,6140,6,872,512,0,0,0,16,0,2,8,64,0,0,256,512,4,2,4,4,6,2,3,1,1,0,1,0,1,1,0,0
6144,6,zeros-la-3-8,zeros-la-3,398,6144,6,874,512,0,0,0,16,0,0,8,64,0,2,256,512,4,4,4,4,6,1,4,1,1,0,1,0,1,1,0,0
6160,7,zeros-la-3-8,zeros-la-3,399,6160,7,876,512,0,0,0,16,0,2,8,64,0,2,256,512,0,0,8,8,7,2,0,3,1,0,1,0,1,1,0,0
6176,7,zeros-la-3-8,zeros-la-3,400,6176,7,878,512,16,0,0,0,2,8,64,0,2,256,512,0,16,0,2,0,7,3,0,1,2,0,1,0,1,1,0,0
6180,7,zeros-la-3-8,zeros-la-3,401,6180,7,880,512,16,8,64,0,4,256,512,0,16,0,2,0,0,2,0,0,7,2,1,1,2,0,1,0,1,1,0,0
6180,6,zeros-la-3-8,zeros-la-3,402,6180,6,882,512,0,2,0,0,16,8,64,0,4,256,512,0,16,2,2,0,6,3,1,1,2,0,1,0,1,1,0,0
6184,6,zeros-la-3-8,zeros-la-3,403,6184,6,884,512,2,0,0,2,16,8,64,0,4,256,512,0,16,4,0,0,6,2,2,1,2,0,1,0,1,1,0,0
6184,5,zeros-la-3-8,zeros-la-3,404,6184,5,886,512,2,8,64,2,16,256,512,0,4,4,0,2,16,0,0,0,5,3,2,1,2,0,1,0,1,1,0,0
6188,5,zeros-la-3-8,zeros-la-3,405,6188,5,888,512,2,8,64,4,16,256,512,2,4,4,0,0,16,0,0,0,5,2,3,1,2,0,1,0,1,1,0,0
6196,5,zeros-la-3-8,zeros-la-3,406,6196,5,890,512,2,8,64,4,16,256,512,2,8,0,0,0,16,0,2,0,5,3,1,2,2,0,1,0,1,1,0,0
6196,4,zeros-la-3-8,zeros-la-3,407,6196,4,892,512,2,0,0,2,16,0,64,0,8,8,512,4,16,256,2,2,4,4,1,2,2,0,1,0,1,1,0,0
6220,6,zeros-la-3-8,zeros-la-3,408,6220,6,894,512,2,0,0,4,0,0,16,64,0,16,512,4,0,16,256,4,6,1,3,0,3,0,1,0,1,1,0,0
6260,7,zeros-la-3-8,zeros-la-3,409,6260,7,896,512,2,32,16,4,0,0,512,64,0,0,256,8,0,0,0,2,7,2,1,1,1,1,1,0,1,1,0,0
6260,6,zeros-la-3-8,zeros-la-3,410,6260,6,898,512,2,32,16,4,0,0,512,64,0,2,256,8,0,0,0,2,6,3,1,1,1,1,1,0,1,1,0,0
6260,5,zeros-la-3-8,zeros-la-3,411,6260,5,900,512,2,32,16,4,0,2,512,64,0,0,256,8,0,2,0,2,5,4,1,1,1,1,1,0,1,1,0,0
6264,5,zeros-la-3-8,zeros-la-3,412,6264,5,904,512,0,0,0,4,4,0,16,64,0,32,512,8,2,4,256,2,5,2,3,1,1,1,1,0,1,1,0,0
6264,4,zeros-la-3-8,zeros-la-3,413,6264,4,906,512,4,32,16,4,2,4,512,64,0,2,256,8,0,0,0,2,4,3,3,1,1,1,1,0,1,1,0,0
6264,3,zeros-la-3-8,zeros-la-3,414,6264,3,908,512,4,32,16,4,2,4,512,64,2,2,256,8,0,0,0,2,3,4,3,1,1,1,1,0,1,1,0,0
6268,3,zeros-la-3-8,zeros-la-3,415,6268,3,910,512,4,32,16,4,4,4,512,64,2,2,256,8,0,0,0,2,3,3,4,1,1,1,1,0,1,1,0,0
6280,4,zeros-la-3-8,zeros-la-3,416,6280,4,912,512,4,32,16,4,2,8,512,64,0,4,256,8,0,0,0,2,4,2,3,2,1,1,1,0,1,1,0,0
6280,3,zeros-la-3-8,zeros-la-3,417,6280,3,914,512,4,32,16,4,2,8,512,64,0,4,256,8,2,0,0,2,3,3,3,2,1,1,1,0,1,1,0,0
6284,3,zeros-la-3-8,zeros-la-3,418,6284,3,916,512,4,32,16,4,4,8,512,64,0,4,256,8,2,0,0,2,3,2,4,2,1,1,1,0,1,1,0,0
6288,3,zeros-la-3-8,zeros-la-3,419,6288,3,918,512,4,32,16,4,4,8,512,64,4,256,8,0,4,0,0,2,3,1,5,2,1,1,1,0,1,1,0,0
6304,4,zeros-la-3-8,zeros-la-3,420,6304,4,920,512,0,0,2,0,0,32,16,4,8,8,512,64,8,256,8,2,4,2,1,4,1,1,1,0,1,1,0,0
6320,4,zeros-la-3-8,zeros-la-3,421,6320,4,924,512,2,4,0,0,32,16,4,0,16,512,64,0,8,256,8,2,4,2,2,2,2,1,1,0,1,1,0,0
6320,3,zeros-la-3-8,zeros-la-3,422,6320,3,926,512,2,4,4,2,32,16,64,0,16,512,8,0,8,256,2,0,3,3,2,2,2,1,1,0,1,1,0,0
6320,2,zeros-la-3-8,zeros-la-3,423,6320,2,930,512,2,4,4,2,32,16,64,0,16,512,8,0,8,256,2,4,2,3,3,2,2,1,1,0,1,1,0,0
6328,2,zeros-la-3-8,zeros-la-3,424,6328,2,932,512,2,2,8,2,0,32,16,64,0,16,512,8,8,256,2,4,2,4,1,3,2,1,1,0,1,1,0,0
6332,2,zeros-la-3-8,zeros-la-3,425,6332,2,934,512,4,8,2,2,32,16,64,0,16,512,8,0,8,256,2,4,2,3,2,3,2,1,1,0,1,1,0,0
6332,1,zeros-la-3-8,zeros-la-3,426,6332,1,936,512,4,8,2,2,32,16,64,4,16,512,8,2,8,256,2,0,1,4,2,3,2,1,1,0,1,1,0,0
6336,1,zeros-la-3-8,zeros-la-3,427,6336,1,938,512,2,4,8,4,32,16,64,4,16,512,8,2,0,8,256,2,1,3,3,3,2,1,1,0,1,1,0,0
6348,2,zeros-la-3-8,zeros-la-3,428,6348,2,940,512,2,4,8,0,2,16,64,0,32,512,8,8,16,8,256,4,2,2,2,4,2,1,1,0,1,1,0,0
6352,2,zeros-la-3-8,zeros-la-3,429,6352,2,942,512,4,4,8,8,32,16,64,4,16,512,8,0,2,8,256,0,2,1,3,4,2,1,1,0,1,1,0,0
6376,3,zeros-la-3-8,zeros-la-3,430,6376,3,944,512,2,0,8,16,32,16,64,4,0,16,512,8,0,2,8,256,3,2,1,3,3,1,1,0,1,1,0,0
6408,3,zeros-la-3-8,zeros-la-3,431,6408,3,946,512,2,32,8,16,32,2,64,4,0,0,512,8,2,0,8,256,3,3,1,3,1,2,1,0,1,1,0,0
6408,2,zeros-la-3-8,zeros-la-3,432,6408,2,948,512,2,0,8,16,2,0,64,4,32,32,512,8,2,2,8,256,2,4,1,3,1,2,1,0,1,1,0,0
6476,3,zeros-la-3-8,zeros-la-3,433,6476,3,950,512,2,2,8,16,0,2,64,4,0,64,512,8,0,4,8,256,3,3,2,3,1,0,2,0,1,1,0,0
6480,3,zeros-la-3-8,zeros-la-3,434,6480,3,954,512,2,4,8,16,0,64,64,4,0,4,512,8,4,0,8,256,3,1,4,3,1,0,2,0,1,1,0,0
6608,3,zeros-la-3-8,zeros-la-3,435,6608,3,956,512,2,4,8,16,128,4,0,2,4,512,8,0,4,8,256,0,3,2,4,3,1,0,0,1,1,1,0,0
6640,5,zeros-la-3-8,zeros-la-3,436,6640,5,958,512,0,0,0,0,2,8,2,0,128,512,16,16,8,8,256,2,5,3,0,3,2,0,0,1,1,1,0,0
6688,6,zeros-la-3-8,zeros-la-3,437,6688,6,960,512,0,0,0,0,2,2,8,2,0,128,512,32,0,16,256,2,6,4,0,1,1,1,0,1,1,1,0,0
6692,6,zeros-la-3-8,zeros-la-3,438,6692,6,962,512,0,0,0,0,4,8,2,0,128,512,32,2,16,256,2,0,6,3,1,1,1,1,0,1,1,1,0,0
6692,5,zeros-la-3-8,zeros-la-3,439,6692,5,964,512,0,0,2,0,4,8,2,0,128,512,32,0,16,256,2,2,5,4,1,1,1,1,0,1,1,1,0,0
6696,5,zeros-la-3-8,zeros-la-3,440,6696,5,966,512,0,0,2,0,4,8,4,0,128,512,32,0,16,256,2,2,5,3,2,1,1,1,0,1,1,1,0,0
6700,5,zeros-la-3-8,zeros-la-3,441,6700,5,968,512,2,0,0,0,4,8,4,0,128,512,32,0,16,256,4,2,5,2,3,1,1,1,0,1,1,1,0,0
6700,4,zeros-la-3-8,zeros-la-3,442,6700,4,970,512,2,0,0,0,4,8,4,2,128,512,32,0,16,256,4,2,4,3,3,1,1,1,0,1,1,1,0,0
6704,4,zeros-la-3-8,zeros-la-3,443,6704,4,972,512,2,2,0,0,4,8,4,0,128,512,32,0,16,256,4,4,4,2,4,1,1,1,0,1,1,1,0,0
6716,5,zeros-la-3-8,zeros-la-3,444,6716,5,974,512,4,2,0,0,4,8,4,0,128,512,32,0,16,256,8,0,5,1,3,2,1,1,0,1,1,1,0,0
6724,5,zeros-la-3-8,zeros-la-3,445,6724,5,976,512,0,2,0,0,8,8,4,0,128,512,32,2,16,256,8,0,5,2,1,3,1,1,0,1,1,1,0,0
6724,4,zeros-la-3-8,zeros-la-3,446,6724,4,978,512,0,2,0,0,8,8,4,2,128,512,32,0,16,256,8,2,4,3,1,3,1,1,0,1,1,1,0,0
6740,4,zeros-la-3-8,zeros-la-3,447,6740,4,980,512,2,0,0,0,16,4,2,0,128,512,32,2,16,256,8,2,4,4,1,1,2,1,0,1,1,1,0,0
6740,3,zeros-la-3-8,zeros-la-3,448,6740,3,982,512,0,0,0,2,2,16,4,2,128,512,32,2,16,256,8,2,3,5,1,1,2,1,0,1,1,1,0,0
6748,4,zeros-la-3-8,zeros-la-3,449,6748,4,986,512,0,0,0,0,2,16,4,4,128,512,32,4,16,256,8,4,4,1,4,1,2,1,0,1,1,1,0,0
6756,4,zeros-la-3-8,zeros-la-3,450,6756,4,988,512,0,2,0,0,0,2,16,8,128,512,32,4,16,256,8,4,4,2,2,2,2,1,0,1,1,1,0,0
6768,5,zeros-la-3-8,zeros-la-3,451,6768,5,990,512,2,0,0,0,0,4,16,0,128,512,32,8,16,256,8,8,5,1,1,3,2,1,0,1,1,1,0,0
6784,5,zeros-la-3-8,zeros-la-3,452,6784,5,992,512,2,4,16,16,128,512,32,0,16,256,8,0,2,0,0,0,5,2,1,1,3,1,0,1,1,1,0,0
6816,5,zeros-la-3-8,zeros-la-3,453,6816,5,994,512,0,2,4,32,0,128,512,32,0,16,256,8,2,0,0,2,5,3,1,1,1,2,0,1,1,1,0,0
6880,5,zeros-la-3-8,zeros-la-3,454,6880,5,996,512,2,2,4,64,2,128,512,8,0,16,256,2,0,0,0,0,5,4,1,1,1,0,1,1,1,1,0,0
6884,5,zeros-la-3-8,zeros-la-3,455,6884,5,998,512,2,4,4,64,2,128,512,8,0,16,256,2,0,0,0,0,5,3,2,1,1,0,1,1,1,1,0,0
6892,5,zeros-la-3-8,zeros-la-3,456,6892,5,1000,512,0,2,8,64,2,128,512,8,0,16,256,2,0,0,2,0,5,4,0,2,1,0,1,1,1,1,0,0
6892,4,zeros-la-3-8,zeros-la-3,457,6892,4,1002,512,0,2,8,64,2,128,512,8,0,16,256,2,2,0,0,2,4,5,0,2,1,0,1,1,1,1,0,0
6900,5,zeros-la-3-8,zeros-la-3,458,6900,5,1004,512,0,0,2,0,0,2,8,64,0,128,512,8,4,16,256,4,5,2,2,2,1,0,1,1,1,1,0,0
6900,4,zeros-la-3-8,zeros-la-3,459,6900,4,1006,512,4,2,2,64,2,128,8,8,0,16,512,4,0,0,256,0,4,3,2,2,1,0,1,1,1,1,0,0
6920,5,zeros-la-3-8,zeros-la-3,460,6920,5,1008,512,0,4,4,64,2,2,128,16,0,16,512,4,0,0,0,256,5,2,3,0,2,0,1,1,1,1,0,0
6932,6,zeros-la-3-8,zeros-la-3,461,6932,6,1010,512,8,64,0,0,4,128,16,0,16,512,4,0,256,2,0,0,6,1,2,1,2,0,1,1,1,1,0,0
6932,5,zeros-la-3-8,zeros-la-3,462,6932,5,1012,512,8,64,16,0,4,128,4,0,16,512,0,0,256,2,2,0,5,2,2,1,2,0,1,1,1,1,0,0
6932,4,zeros-la-3-8,zeros-la-3,463,6932,4,1014,512,8,64,16,0,4,128,4,0,16,512,2,0,256,2,2,0,4,3,2,1,2,0,1,1,1,1,0,0
6936,4,zeros-la-3-8,zeros-la-3,464,6936,4,1018,512,8,64,16,0,4,128,4,4,16,512,2,0,256,4,0,0,4,1,4,1,2,0,1,1,1,1,0,0
6944,4,zeros-la-3-8,zeros-la-3,465,6944,4,1020,512,8,64,16,0,4,128,8,2,16,512,2,0,256,4,0,0,4,2,2,2,2,0,1,1,1,1,0,0
6944,3,zeros-la-3-8,zeros-la-3,466,6944,3,1022,512,8,64,2,0,4,128,16,0,16,512,8,0,256,4,2,2,3,3,2,2,2,0,1,1,1,1,0,0
6948,3,zeros-la-3-8,zeros-la-3,467,6948,3,1024,512,0,8,64,2,2,4,128,16,0,16,512,8,0,256,4,4,3,2,3,2,2,0,1,1,1,1,0,0
6956,3,zeros-la-3-8,zeros-la-3,468,6956,3,1026,512,0,8,64,2,2,4,128,16,0,16,512,8,0,2,256,8,3,3,1,3,2,0,1,1,1,1,0,0
6972,3,zeros-la-3-8,zeros-la-3,469,6972,3,1028,512,0,8,64,0,0,4,128,2,2,16,512,16,2,2,256,16,3,4,1,1,3,0,1,1,1,1,0,0
7008,4,zeros-la-3-8,zeros-la-3,470,7008,4,1030,512,4,8,64,2,0,4,128,32,0,16,512,0,2,2,256,0,4,3,2,1,1,1,1,1,1,1,0,0
7012,4,zeros-la-3-8,zeros-la-3,471,7012,4,1032,512,4,8,64,2,4,128,32,2,16,512,0,0,4,256,0,0,4,2,3,1,1,1,1,1,1,1,0,0
7024,5,zeros-la-3-8,zeros-la-3,472,7024,5,1034,512,8,8,64,4,16,128,32,0,4,512,0,0,2,256,0,0,5,1,2,2,1,1,1,1,1,1,0,0
7040,5,zeros-la-3-8,zeros-la-3,473,7040,5,1036,512,0,16,64,4,0,16,128,32,0,0,4,512,0,2,2,256,5,2,2,0,2,1,1,1,1,1,0,0
7044,5,zeros-la-3-8,zeros-la-3,474,7044,5,1038,512,0,16,64,4,0,16,128,32,0,0,4,512,0,2,4,256,5,1,3,0,2,1,1,1,1,1,0,0
7084,6,zeros-la-3-8,zeros-la-3,475,7084,6,1040,512,0,0,2,4,0,0,64,32,0,32,128,512,0,2,8,256,6,2,1,1,0,2,1,1,1,1,0,0
7084,5,zeros-la-3-8,zeros-la-3,476,7084,5,1042,512,0,0,2,4,0,0,64,32,0,32,128,512,2,2,8,256,5,3,1,1,0,2,1,1,1,1,0,0
7088,5,zeros-la-3-8,zeros-la-3,477,7088,5,1044,512,0,2,2,4,0,0,64,32,0,32,128,512,0,4,8,256,5,2,2,1,0,2,1,1,1,1,0,0
7092,5,zeros-la-3-8,zeros-la-3,478,7092,5,1046,512,4,4,0,0,64,32,0,2,32,128,512,0,4,8,256,0,5,1,3,1,0,2,1,1,1,1,0,0
7092,4,zeros-la-3-8,zeros-la-3,479,7092,4,1050,512,4,4,512,2,64,32,256,0,32,128,4,0,4,8,0,0,4,1,4,1,0,2,1,1,1,1,0,0
7092,3,zeros-la-3-8,zeros-la-3,480,7092,3,1052,512,4,4,0,2,64,32,512,0,32,128,256,0,4,8,4,2,3,2,4,1,0,2,1,1,1,1,0,0
7096,3,zeros-la-3-8,zeros-la-3,481,7096,3,1054,512,4,4,2,0,64,32,512,0,32,128,256,0,4,8,4,4,3,1,5,1,0,2,1,1,1,1,0,0
7112,4,zeros-la-3-8,zeros-la-3,482,7112,4,1056,512,8,2,0,2,64,32,512,0,32,128,256,0,4,8,8,0,4,2,1,3,0,2,1,1,1,1,0,0
7132,5,zeros-la-3-8,zeros-la-3,483,7132,5,1058,512,8,4,0,0,64,32,512,0,32,128,256,2,4,16,0,0,5,1,2,1,1,2,1,1,1,1,0,0
7132,4,zeros-la-3-8,zeros-la-3,484,7132,4,1060,512,8,4,512,2,64,32,256,0,32,128,0,0,4,16,0,2,4,2,2,1,1,2,1,1,1,1,0,0
7132,3,zeros-la-3-8,zeros-la-3,485,7132,3,1062,512,8,4,512,2,0,64,32,256,0,2,32,128,0,4,16,2,3,3,2,1,1,2,1,1,1,1,0,0
7196,3,zeros-la-3-8,zeros-la-3,486,7196,3,1064,512,8,4,512,2,0,64,64,256,2,2,16,128,0,4,0,2,3,4,2,1,1,0,2,1,1,1,0,0
7328,4,zeros-la-3-8,zeros-la-3,487,7328,4,1066,512,8,4,512,2,128,256,0,2,4,16,128,0,4,2,0,0,4,3,3,1,1,0,0,2,1,1,0,0
7340,5,zeros-la-3-8,zeros-la-3,488,7340,5,1068,512,8,4,512,4,128,256,128,0,8,16,2,0,0,2,0,0,5,2,2,2,1,0,0,2,1,1,0,0
7340,4,zeros-la-3-8,zeros-la-3,489,7340,4,1070,512,8,4,512,4,0,128,256,128,0,8,16,2,2,0,0,2,4,3,2,2,1,0,0,2,1,1,0,0
7344,4,zeros-la-3-8,zeros-la-3,490,7344,4,1072,512,8,4,512,4,128,256,128,0,8,16,2,2,4,0,0,0,4,2,3,2,1,0,0,2,1,1,0,0
7348,4,zeros-la-3-8,zeros-la-3,491,7348,4,1074,512,8,4,512,4,128,256,128,0,8,16,4,0,4,2,0,0,4,1,4,2,1,0,0,2,1,1,0,0
7348,3,zeros-la-3-8,zeros-la-3,492,7348,3,1076,512,8,4,512,4,128,256,128,0,8,16,4,0,4,2,0,2,3,2,4,2,1,0,0,2,1,1,0,0
7352,3,zeros-la-3-8,zeros-la-3,493,7352,3,1078,512,8,4,512,4,128,256,128,0,8,16,4,0,4,4,2,0,3,1,5,2,1,0,0,2,1,1,0,0
7360,3,zeros-la-3-8,zeros-la-3,494,7360,3,1080,512,8,4,512,4,128,256,128,0,8,16,4,0,8,2,0,2,3,2,3,3,1,0,0,2,1,1,0,0
7376,3,zeros-la-3-8,zeros-la-3,495,7376,3,1082,512,8,4,512,4,128,256,128,2,16,16,4,2,0,2,0,0,3,3,3,1,2,0,0,2,1,1,0,0
7380,3,zeros-la-3-8,zeros-la-3,496,7380,3,1084,512,8,4,512,4,128,256,128,4,16,16,4,2,0,2,0,0,3,2,4,1,2,0,0,2,1,1,0,0
7412,3,zeros-la-3-8,zeros-la-3,497,7412,3,1086,512,8,4,512,4,128,256,128,4,0,32,4,2,0,2,0,2,3,3,4,1,0,1,0,2,1,1,0,0
7424,4,zeros-la-3-8,zeros-la-3,498,7424,4,1088,512,0,4,2,0,0,256,512,0,8,32,128,8,128,2,4,4,4,2,3,2,0,1,0,2,1,1,0,0
7432,4,zeros-la-3-8,zeros-la-3,499,7432,4,1092,512,4,2,0,0,256,512,0,0,8,32,128,8,128,2,8,4,4,2,2,3,0,1,0,2,1,1,0,0
7432,3,zeros-la-3-8,zeros-la-3,500,7432,3,1094,512,2,0,4,2,0,0,256,512,8,32,128,8,128,2,8,4,3,3,2,3,0,1,0,2,1,1,0,0
7432,2,zeros-la-3-8,zeros-la-3,501,7432,2,1096,512,0,2,4,2,2,0,256,512,8,32,128,8,128,2,8,4,2,4,2,3,0,1,0,2,1,1,0,0
7432,1,zeros-la-3-8,zeros-la-3,502,7432,1,1098,512,2,2,4,2,8,32,256,512,128,2,128,8,2,0,8,4,1,5,2,3,0,1,0,2,1,1,0,0
7436,1,zeros-la-3-8,zeros-la-3,503,7436,1,1102,512,4,4,2,4,8,32,256,512,128,2,128,8,2,8,4,0,1,3,4,3,0,1,0,2,1,1,0,0
7436,0,zeros-la-3-8,zeros-la-3,504,7436,0,1104,512,4,4,2,2,8,32,256,4,128,2,128,512,2,8,4,8,0,4,4,3,0,1,0,2,1,1,0,0
7448,1,zeros-la-3-8,zeros-la-3,505,7448,1,1106,512,0,2,8,4,8,32,256,4,128,2,128,512,2,8,4,8,1,3,3,4,0,1,0,2,1,1,0,0
7456,1,zeros-la-3-8,zeros-la-3,506,7456,1,1108,512,8,2,8,8,128,32,256,512,2,2,128,8,0,8,4,2,1,4,1,5,0,1,0,2,1,1,0,0
7476,2,zeros-la-3-8,zeros-la-3,507,7476,2,1110,512,8,2,16,0,128,32,256,512,4,128,8,0,8,4,2,2,2,3,2,3,1,1,0,2,1,1,0,0
7480,2,zeros-la-3-8,zeros-la-3,508,7480,2,1112,512,0,8,2,16,128,32,256,512,2,4,128,8,0,8,4,4,2,2,3,3,1,1,0,2,1,1,0,0
7488,2,zeros-la-3-8,zeros-la-3,509,7488,2,1114,512,0,8,2,16,128,32,256,512,2,4,128,8,0,2,8,8,2,3,1,4,1,1,0,2,1,1,0,0
7504,2,zeros-la-3-8,zeros-la-3,510,7504,2,1116,512,2,8,2,0,0,32,256,16,128,4,128,512,2,2,8,16,2,4,1,2,2,1,0,2,1,1,0,0
7508,2,zeros-la-3-8,zeros-la-3,511,7508,2,1118,512,2,2,8,2,0,32,256,16,128,4,128,512,0,4,8,16,2,3,2,2,2,1,0,2,1,1,0,0
7516,2,zeros-la-3-8,zeros-la-3,512,7516,2,1120,512,2,0,8,2,0,2,256,16,2,32,128,512,128,8,8,16,2,4,0,3,2,1,0,2,1,1,0,0
7532,2,zeros-la-3-8,zeros-la-3,513,7532,2,1124,512,0,2,8,2,4,2,256,16,2,32,128,512,0,128,16,16,2,4,1,1,3,1,0,2,1,1,0,0
7536,2,zeros-la-3-8,zeros-la-3,514,7536,2,1126,512,4,4,8,2,2,32,256,16,0,128,128,512,0,2,16,16,2,3,2,1,3,1,0,2,1,1,0,0
7832,4,zeros-la-3-8,zeros-la-3,515,7832,4,1128,512,0,8,8,2,2,32,256,16,0,2,256,512,0,0,2,32,4,4,0,2,1,2,0,0,2,1,0,0
8344,4,zeros-la-3-8,zeros-la-3,516,8344,4,1130,512,0,0,2,2,0,8,8,16,0,32,512,512,2,2,2,32,4,5,0,2,1,2,0,0,0,2,0,0
9392,7,zeros-la-3-8,zeros-la-3,517,9392,7,1132,1024,0,0,0,4,0,0,16,16,2,0,32,1024,0,2,4,32,7,2,2,0,2,2,0,0,0,0,1,0
9424,7,zeros-la-3-8,zeros-la-3,518,9424,7,1134,1024,4,0,0,0,32,0,2,0,2,32,1024,0,2,4,32,0,7,3,2,0,0,3,0,0,0,0,1,0
9424,6,zeros-la-3-8,zeros-la-3,519,9424,6,1136,1024,4,0,0,0,32,2,0,2,2,32,1024,0,2,4,32,0,6,4,2,0,0,3,0,0,0,0,1,0
9428,6,zeros-la-3-8,zeros-la-3,520,9428,6,1138,1024,2,0,0,0,4,2,0,0,32,32,1024,0,4,4,32,2,6,3,3,0,0,3,0,0,0,0,1,0
9500,7,zeros-la-3-8,zeros-la-3,521,9500,7,1142,1024,2,0,0,0,4,2,0,0,64,1024,0,0,8,32,2,4,7,3,2,1,0,1,1,0,0,0,1,0
9500,6,zeros-la-3-8,zeros-la-3,522,9500,6,1144,1024,2,0,2,0,4,2,0,0,64,1024,0,0,8,32,2,4,6,4,2,1,0,1,1,0,0,0,1,0
9504,6,zeros-la-3-8,zeros-la-3,523,9504,6,1146,1024,4,2,0,0,4,2,0,0,64,1024,0,0,8,32,2,4,6,3,3,1,0,1,1,0,0,0,1,0
9516,7,zeros-la-3-8,zeros-la-3,524,9516,7,1148,1024,0,0,0,0,8,4,2,0,64,1024,0,0,8,32,2,4,7,2,2,2,0,1,1,0,0,0,1,0
9520,7,zeros-la-3-8,zeros-la-3,525,9520,7,1150,1024,8,4,4,4,64,1024,0,0,8,32,0,2,0,0,0,0,7,1,3,2,0,1,1,0,0,0,1,0
9528,7,zeros-la-3-8,zeros-la-3,526,9528,7,1152,1024,2,8,4,8,0,0,64,1024,0,8,32,2,0,0,0,0,7,2,1,3,0,1,1,0,0,0,1,0
9544,7,zeros-la-3-8,zeros-la-3,527,9544,7,1154,1024,0,0,2,0,0,0,4,8,0,0,64,1024,2,16,32,2,7,3,1,1,1,1,1,0,0,0,1,0
9544,6,zeros-la-3-8,zeros-la-3,528,9544,6,1156,1024,0,0,0,2,0,2,4,8,0,0,64,1024,2,16,32,2,6,4,1,1,1,1,1,0,0,0,1,0
9544,5,zeros-la-3-8,zeros-la-3,529,9544,5,1158,1024,2,0,0,2,2,4,8,0,64,1024,0,0,2,16,32,2,5,5,1,1,1,1,1,0,0,0,1,0
9552,6,zeros-la-3-8,zeros-la-3,530,9552,6,1160,1024,4,4,8,4,64,1024,32,0,2,16,0,2,0,0,0,0,6,2,3,1,1,1,1,0,0,0,1,0
9560,6,zeros-la-3-8,zeros-la-3,531,9560,6,1162,1024,8,8,4,0,64,1024,32,0,2,16,2,0,2,0,0,0,6,3,1,2,1,1,1,0,0,0,1,0
9564,6,zeros-la-3-8,zeros-la-3,532,9564,6,1164,1024,8,8,4,0,64,1024,32,0,4,16,2,0,0,0,2,0,6,2,2,2,1,1,1,0,0,0,1,0
9580,6,zeros-la-3-8,zeros-la-3,533,9580,6,1166,1024,0,0,16,4,0,64,1024,32,2,4,16,2,0,0,0,2,6,3,2,0,2,1,1,0,0,0,1,0
9584,6,zeros-la-3-8,zeros-la-3,534,9584,6,1168,1024,2,64,16,4,0,4,1024,32,2,0,16,4,0,0,0,0,6,2,3,0,2,1,1,0,0,0,1,0
9588,6,zeros-la-3-8,zeros-la-3,535,9588,6,1170,1024,0,0,0,2,0,0,16,4,0,64,1024,32,4,4,16,4,6,1,4,0,2,1,1,0,0,0,1,0
9596,6,zeros-la-3-8,zeros-la-3,536,9596,6,1172,1024,0,0,0,2,0,0,16,4,2,64,1024,32,0,8,16,4,6,2,2,1,2,1,1,0,0,0,1,0
9596,5,zeros-la-3-8,zeros-la-3,537,9596,5,1174,1024,2,64,16,2,0,8,1024,4,0,2,16,32,0,0,0,4,5,3,2,1,2,1,1,0,0,0,1,0
9596,4,zeros-la-3-8,zeros-la-3,538,9596,4,1176,1024,2,64,16,2,0,8,1024,4,0,2,16,32,2,0,0,4,4,4,2,1,2,1,1,0,0,0,1,0
9600,4,zeros-la-3-8,zeros-la-3,539,9600,4,1178,1024,2,0,0,2,0,64,16,4,0,8,1024,32,4,2,16,4,4,3,3,1,2,1,1,0,0,0,1,0
9604,4,zeros-la-3-8,zeros-la-3,540,9604,4,1180,1024,2,0,0,4,0,64,16,4,0,8,1024,32,4,2,16,4,4,2,4,1,2,1,1,0,0,0,1,0
9604,3,zeros-la-3-8,zeros-la-3,541,9604,3,1182,1024,2,0,2,4,0,64,16,4,0,8,1024,32,4,2,16,4,3,3,4,1,2,1,1,0,0,0,1,0
9608,3,zeros-la-3-8,zeros-la-3,542,9608,3,1184,1024,0,2,4,4,0,64,16,4,0,8,1024,32,4,2,16,4,3,2,5,1,2,1,1,0,0,0,1,0
9616,3,zeros-la-3-8,zeros-la-3,543,9616,3,1186,1024,4,2,4,8,0,64,16,32,2,8,1024,4,0,2,16,0,3,3,3,2,2,1,1,0,0,0,1,0
9616,2,zeros-la-3-8,zeros-la-3,544,9616,2,1188,1024,4,2,4,8,2,64,16,32,0,8,1024,4,0,2,16,2,2,4,3,2,2,1,1,0,0,0,1,0
9616,1,zeros-la-3-8,zeros-la-3,545,9616,1,1190,1024,2,2,4,8,0,64,16,32,4,8,1024,4,2,2,16,2,1,5,3,2,2,1,1,0,0,0,1,0
9624,2,zeros-la-3-8,zeros-la-3,546,9624,2,1192,1024,4,4,8,2,64,16,32,0,4,8,1024,4,4,16,2,0,2,2,5,2,2,1,1,0,0,0,1,0
9632,2,zeros-la-3-8,zeros-la-3,547,9632,2,1194,1024,4,4,8,2,64,16,32,4,8,8,1024,0,0,16,2,2,2,3,3,3,2,1,1,0,0,0,1,0
9660,4,zeros-la-3-8,zeros-la-3,548,9660,4,1198,1024,0,8,8,2,64,16,32,4,4,0,16,1024,0,0,16,4,4,1,3,2,3,1,1,0,0,0,1,0
9692,4,zeros-la-3-8,zeros-la-3,549,9692,4,1200,1024,0,0,0,2,2,0,8,4,64,8,32,1024,4,16,32,4,4,2,3,2,1,2,1,0,0,0,1,0
9756,4,zeros-la-3-8,zeros-la-3,550,9756,4,1202,1024,0,0,2,2,2,0,0,4,64,8,8,1024,4,16,64,4,4,3,3,2,1,0,2,0,0,0,1,0
9776,5,zeros-la-3-8,zeros-la-3,551,9776,5,1204,1024,2,0,0,4,0,0,2,4,0,64,16,1024,4,16,64,4,5,2,4,0,2,0,2,0,0,0,1,0
9784,5,zeros-la-3-8,zeros-la-3,552,9784,5,1206,1024,0,0,0,2,0,0,2,8,2,64,16,1024,4,16,64,4,5,3,2,1,2,0,2,0,0,0,1,0
9784,4,zeros-la-3-8,zeros-la-3,553,9784,4,1208,1024,0,2,0,2,0,0,2,8,2,64,16,1024,4,16,64,4,4,4,2,1,2,0,2,0,0,0,1,0
9788,4,zeros-la-3-8,zeros-la-3,554,9788,4,1210,1024,4,2,0,0,2,8,0,0,2,64,16,1024,4,16,64,4,4,3,3,1,2,0,2,0,0,0,1,0
9788,3,zeros-la-3-8,zeros-la-3,555,9788,3,1212,1024,4,2,0,0,2,8,2,0,2,64,16,1024,4,16,64,4,3,4,3,1,2,0,2,0,0,0,1,0
9792,3,zeros-la-3-8,zeros-la-3,556,9792,3,1214,1024,4,2,2,1024,4,8,16,4,4,64,64,2,0,16,0,0,3,3,4,1,2,0,2,0,0,0,1,0
9924,4,zeros-la-3-8,zeros-la-3,557,9924,4,1216,1024,4,4,1024,0,4,8,16,4,4,128,2,0,16,0,0,2,4,2,5,1,2,0,0,1,0,0,1,0
9932,4,zeros-la-3-8,zeros-la-3,558,9932,4,1218,1024,0,0,2,0,4,4,1024,0,8,8,16,4,16,128,2,2,4,3,3,2,2,0,0,1,0,0,1,0
9960,6,zeros-la-3-8,zeros-la-3,559,9960,6,1220,1024,0,0,0,2,0,0,8,1024,2,16,16,4,0,16,128,4,6,2,2,1,3,0,0,1,0,0,1,0
10000,7,zeros-la-3-8,zeros-la-3,560,10000,7,1222,1024,2,32,8,2,0,0,16,1024,0,2,128,8,0,0,0,0,7,3,0,2,1,1,0,1,0,0,1,0
10000,6,zeros-la-3-8,zeros-la-3,561,10000,6,1224,1024,2,32,8,2,16,1024,0,0,2,128,8,0,0,0,0,2,6,4,0,2,1,1,0,1,0,0,1,0
10020,7,zeros-la-3-8,zeros-la-3,562,10020,7,1226,1024,0,0,0,0,2,32,0,2,16,1024,0,0,2,128,16,4,7,3,1,0,2,1,0,1,0,0,1,0
10020,6,zeros-la-3-8,zeros-la-3,563,10020,6,1228,1024,0,0,0,0,0,2,32,2,0,2,16,1024,2,128,16,4,6,4,1,0,2,1,0,1,0,0,1,0
10056,7,zeros-la-3-8,zeros-la-3,564,10056,7,1230,1024,0,0,0,2,0,0,0,2,0,4,32,1024,2,128,32,4,7,3,2,0,0,2,0,1,0,0,1,0
10124,8,zeros-la-3-8,zeros-la-3,565,10124,8,1232,1024,2,4,64,4,2,128,0,1024,0,0,0,4,0,0,0,0,8,2,3,0,0,0,1,1,0,0,1,0
10128,8,zeros-la-3-8,zeros-la-3,566,10128,8,1234,1024,4,4,64,4,0,128,0,1024,0,0,0,4,2,0,0,0,8,1,4,0,0,0,1,1,0,0,1,0
10136,8,zeros-la-3-8,zeros-la-3,567,10136,8,1236,1024,2,8,64,4,0,0,128,1024,0,0,0,4,0,0,0,2,8,2,2,1,0,0,1,1,0,0,1,0
10136,7,zeros-la-3-8,zeros-la-3,568,10136,7,1240,1024,2,8,64,4,0,0,128,1024,0,4,0,4,0,0,0,2,7,2,3,1,0,0,1,1,0,0,1,0
10144,7,zeros-la-3-8,zeros-la-3,569,10144,7,1242,1024,2,8,64,4,0,0,128,1024,2,0,0,8,0,0,0,2,7,3,1,2,0,0,1,1,0,0,1,0
10148,7,zeros-la-3-8,zeros-la-3,570,10148,7,1244,1024,4,8,64,4,2,0,128,1024,0,0,0,8,0,0,0,2,7,2,2,2,0,0,1,1,0,0,1,0
10148,6,zeros-la-3-8,zeros-la-3,571,10148,6,1246,1024,4,8,64,4,0,2,128,1024,0,0,0,8,0,0,2,2,6,3,2,2,0,0,1,1,0,0,1,0
10148,5,zeros-la-3-8,zeros-la-3,572,10148,5,1248,1024,4,8,64,4,0,2,128,1024,0,2,2,8,0,0,0,2,5,4,2,2,0,0,1,1,0,0,1,0
10152,5,zeros-la-3-8,zeros-la-3,573,10152,5,1250,1024,0,0,0,4,0,2,64,1024,0,8,128,8,4,4,2,2,5,3,3,2,0,0,1,1,0,0,1,0
10164,6,zeros-la-3-8,zeros-la-3,574,10164,6,1254,1024,4,0,0,4,0,2,64,1024,0,8,128,8,0,0,8,4,6,1,3,3,0,0,1,1,0,0,1,0
10172,6,zeros-la-3-8,zeros-la-3,575,10172,6,1256,1024,8,0,0,2,2,64,1024,0,8,128,8,0,8,4,0,0,6,2,1,4,0,0,1,1,0,0,1,0
10188,6,zeros-la-3-8,zeros-la-3,576,10188,6,1258,1024,8,64,1024,2,2,128,8,0,16,4,0,0,0,2,0,0,6,3,1,2,1,0,1,1,0,0,1,0
10188,5,zeros-la-3-8,zeros-la-3,577,10188,5,1260,1024,8,64,1024,2,2,128,8,0,16,4,0,0,0,2,2,0,5,4,1,2,1,0,1,1,0,0,1,0
10192,5,zeros-la-3-8,zeros-la-3,578,10192,5,1262,1024,8,64,1024,2,0,2,128,8,0,0,16,4,0,0,2,4,5,3,2,2,1,0,1,1,0,0,1,0
10200,5,zeros-la-3-8,zeros-la-3,579,10200,5,1264,1024,8,64,1024,2,0,2,128,8,0,2,16,8,0,0,2,0,5,4,0,3,1,0,1,1,0,0,1,0
10220,6,zeros-la-3-8,zeros-la-3,580,10220,6,1268,1024,8,64,1024,2,0,4,128,16,0,0,16,4,0,0,2,0,6,2,2,1,2,0,1,1,0,0,1,0
10220,5,zeros-la-3-8,zeros-la-3,581,10220,5,1270,1024,8,64,1024,2,4,128,16,0,16,4,0,2,2,0,0,0,5,3,2,1,2,0,1,1,0,0,1,0
10220,4,zeros-la-3-8,zeros-la-3,582,10220,4,1272,1024,8,64,1024,2,4,128,16,0,16,4,2,0,2,2,0,0,4,4,2,1,2,0,1,1,0,0,1,0
10224,4,zeros-la-3-8,zeros-la-3,583,10224,4,1274,1024,8,64,1024,2,4,128,16,0,16,4,2,2,4,0,0,0,4,3,3,1,2,0,1,1,0,0,1,0
10228,4,zeros-la-3-8,zeros-la-3,584,10228,4,1276,1024,8,64,1024,2,4,128,16,0,16,4,4,0,4,0,0,2,4,2,4,1,2,0,1,1,0,0,1,0
10232,4,zeros-la-3-8,zeros-la-3,585,10232,4,1278,1024,8,2,0,0,4,64,1024,0,16,128,16,0,4,4,4,4,4,1,5,1,2,0,1,1,0,0,1,0
10248,5,zeros-la-3-8,zeros-la-3,586,10248,5,1280,1024,8,2,0,0,4,64,1024,0,16,128,16,2,8,8,0,0,5,2,1,3,2,0,1,1,0,0,1,0
10264,5,zeros-la-3-8,zeros-la-3,587,10264,5,1282,1024,8,2,0,0,4,64,1024,0,16,128,16,2,16,0,0,2,5,3,1,1,3,0,1,1,0,0,1,0
10264,4,zeros-la-3-8,zeros-la-3,588,10264,4,1284,1024,0,2,8,2,0,4,64,1024,16,128,16,2,0,0,16,2,4,4,1,1,3,0,1,1,0,0,1,0
10300,5,zeros-la-3-8,zeros-la-3,589,10300,5,1286,1024,2,0,0,0,0,2,8,2,0,4,64,1024,16,128,32,4,5,3,2,1,1,1,1,1,0,0,1,0
10300,4,zeros-la-3-8,zeros-la-3,590,10300,4,1288,1024,0,0,2,2,0,2,8,2,0,4,64,1024,16,128,32,4,4,4,2,1,1,1,1,1,0,0,1,0
10304,4,zeros-la-3-8,zeros-la-3,591,10304,4,1290,1024,16,2,2,4,0,4,8,1024,2,128,64,4,0,0,32,0,4,3,3,1,1,1,1,1,0,0,1,0
10308,4,zeros-la-3-8,zeros-la-3,592,10308,4,1292,1024,0,16,4,4,0,4,8,1024,2,128,64,4,0,2,0,32,4,2,4,1,1,1,1,1,0,0,1,0
10316,4,zeros-la-3-8,zeros-la-3,593,10316,4,1294,1024,16,8,0,0,4,8,1024,2,2,128,64,4,2,32,0,0,4,3,2,2,1,1,1,1,0,0,1,0
10336,5,zeros-la-3-8,zeros-la-3,594,10336,5,1296,1024,0,0,0,0,16,16,2,0,4,128,1024,2,4,32,64,4,5,2,3,0,2,1,1,1,0,0,1,0
10368,5,zeros-la-3-8,zeros-la-3,595,10368,5,1298,1024,0,0,0,2,0,0,32,2,4,128,1024,2,4,32,64,4,5,3,3,0,0,2,1,1,0,0,1,0
10380,6,zeros-la-3-8,zeros-la-3,596,10380,6,1300,1024,0,0,0,0,0,2,32,2,0,128,1024,4,8,32,64,4,6,2,2,1,0,2,1,1,0,0,1,0
10388,6,zeros-la-3-8,zeros-la-3,597,10388,6,1302,1024,0,0,0,0,2,2,32,0,0,128,1024,2,8,32,64,8,6,3,0,2,0,2,1,1,0,0,1,0
10392,6,zeros-la-3-8,zeros-la-3,598,10392,6,1304,1024,0,0,0,0,4,32,2,0,128,1024,2,0,8,32,64,8,6,2,1,2,0,2,1,1,0,0,1,0
10396,6,zeros-la-3-8,zeros-la-3,599,10396,6,1306,1024,0,0,2,0,4,32,0,0,128,1024,4,0,8,32,64,8,6,1,2,2,0,2,1,1,0,0,1,0
10396,5,zeros-la-3-8,zeros-la-3,600,10396,5,1308,1024,2,2,0,0,4,32,0,0,128,1024,4,0,8,32,64,8,5,2,2,2,0,2,1,1,0,0,1,0
10400,5,zeros-la-3-8,zeros-la-3,601,10400,5,1310,1024,4,0,0,0,4,32,2,0,128,1024,4,0,8,32,64,8,5,1,3,2,0,2,1,1,0,0,1,0
10408,5,zeros-la-3-8,zeros-la-3,602,10408,5,1312,1024,0,0,0,0,8,32,2,2,128,1024,4,0,8,32,64,8,5,2,1,3,0,2,1,1,0,0,1,0
10412,5,zeros-la-3-8,zeros-la-3,603,10412,5,1316,1024,4,0,0,0,0,8,32,4,0,128,1024,4,8,32,64,8,5,0,3,3,0,2,1,1,0,0,1,0
10420,5,zeros-la-3-8,zeros-la-3,604,10420,5,1318,1024,0,2,0,0,0,8,32,0,4,128,1024,8,8,32,64,8,5,1,1,4,0,2,1,1,0,0,1,0
10436,5,zeros-la-3-8,zeros-la-3,605,10436,5,1320,1024,0,2,0,0,0,8,32,2,4,128,1024,0,8,32,64,16,5,2,1,2,1,2,1,1,0,0,1,0
10436,4,zeros-la-3-8,zeros-la-3,606,10436,4,1322,1024,0,0,0,2,2,8,32,2,0,4,128,1024,8,32,64,16,4,3,1,2,1,2,1,1,0,0,1,0
10436,3,zeros-la-3-8,zeros-la-3,607,10436,3,1324,1024,2,0,2,0,2,8,32,2,4,128,1024,0,8,32,64,16,3,4,1,2,1,2,1,1,0,0,1,0
10440,3,zeros-la-3-8,zeros-la-3,608,10440,3,1326,1024,0,0,2,2,4,8,32,0,4,128,1024,2,8,32,64,16,3,3,2,2,1,2,1,1,0,0,1,0
10452,4,zeros-la-3-8,zeros-la-3,609,10452,4,1328,1024,8,8,2,4,8,128,32,16,2,32,1024,0,0,0,64,0,4,2,1,3,1,2,1,1,0,0,1,0
10468,4,zeros-la-3-8,zeros-la-3,610,10468,4,1330,1024,0,16,2,4,8,128,32,16,0,2,32,1024,0,2,0,64,4,3,1,1,2,2,1,1,0,0,1,0
10536,5,zeros-la-3-8,zeros-la-3,611,10536,5,1332,1024,2,0,0,4,0,16,0,16,0,128,2,1024,8,4,64,64,5,2,2,1,2,0,2,1,0,0,1,0
10696,6,zeros-la-3-8,zeros-la-3,612,10696,6,1334,1024,0,0,2,4,0,0,2,32,0,128,2,1024,0,8,4,128,6,3,2,1,0,1,0,2,0,0,1,0
10700,6,zeros-la-3-8,zeros-la-3,613,10700,6,1336,1024,0,0,0,4,0,0,2,32,0,128,4,1024,2,8,4,128,6,2,3,1,0,1,0,2,0,0,1,0
10708,6,zeros-la-3-8,zeros-la-3,614,10708,6,1338,1024,2,128,2,4,0,8,8,32,0,0,0,1024,0,2,0,128,6,3,1,2,0,1,0,2,0,0,1,0
10724,6,zeros-la-3-8,zeros-la-3,615,10724,6,1340,1024,2,128,2,4,0,0,16,32,0,0,0,1024,2,0,2,128,6,4,1,0,1,1,0,2,0,0,1,0
10728,6,zeros-la-3-8,zeros-la-3,616,10728,6,1342,1024,2,128,2,4,16,32,0,0,1024,0,0,0,4,128,2,0,6,3,2,0,1,1,0,2,0,0,1,0
10732,6,zeros-la-3-8,zeros-la-3,617,10732,6,1344,1024,2,0,0,2,16,128,0,0,1024,32,0,0,4,128,4,4,6,2,3,0,1,1,0,2,0,0,1,0
10744,7,zeros-la-3-8,zeros-la-3,618,10744,7,1346,1024,0,0,0,4,0,0,16,128,0,2,1024,32,0,4,128,8,7,1,2,1,1,1,0,2,0,0,1,0
10744,6,zeros-la-3-8,zeros-la-3,619,10744,6,1348,1024,0,0,0,4,0,2,16,128,0,2,1024,32,0,4,128,8,6,2,2,1,1,1,0,2,0,0,1,0
10748,6,zeros-la-3-8,zeros-la-3,620,10748,6,1352,1024,0,4,16,4,0,4,1024,128,0,0,128,32,0,0,4,8,6,0,4,1,1,1,0,2,0,0,1,0
10756,6,zeros-la-3-8,zeros-la-3,621,10756,6,1354,1024,0,8,16,4,0,0,1024,128,0,2,128,32,0,0,4,8,6,1,2,2,1,1,0,2,0,0,1,0
10756,5,zeros-la-3-8,zeros-la-3,622,10756,5,1356,1024,2,8,16,4,0,0,1024,128,0,2,128,32,0,0,4,8,5,2,2,2,1,1,0,2,0,0,1,0
10756,4,zeros-la-3-8,zeros-la-3,623,10756,4,1358,1024,2,0,16,4,0,0,1024,128,0,8,128,32,2,2,4,8,4,3,2,2,1,1,0,2,0,0,1,0
10760,4,zeros-la-3-8,zeros-la-3,624,10760,4,1360,1024,2,16,4,0,1024,128,2,0,8,128,32,0,4,4,8,0,4,2,3,2,1,1,0,2,0,0,1,0
10768,4,zeros-la-3-8,zeros-la-3,625,10768,4,1362,1024,2,16,4,0,1024,128,2,0,8,128,32,2,8,8,0,0,4,3,1,3,1,1,0,2,0,0,1,0
11040,5,zeros-la-3-8,zeros-la-3,626,11040,5,1364,1024,0,0,0,0,2,16,4,0,1024,256,2,2,16,8,32,2,5,4,1,1,2,1,0,0,1,0,1,0
11044,5,zeros-la-3-8,zeros-la-3,627,11044,5,1366,1024,0,0,0,0,2,16,4,2,1024,256,4,0,16,8,32,2,5,3,2,1,2,1,0,0,1,0,1,0
11044,4,zeros-la-3-8,zeros-la-3,628,11044,4,1368,1024,0,0,2,0,2,16,4,2,1024,256,4,0,16,8,32,2,4,4,2,1,2,1,0,0,1,0,1,0
11056,5,zeros-la-3-8,zeros-la-3,629,11056,5,1370,1024,0,0,0,0,2,16,2,2,1024,256,8,0,16,8,32,4,5,3,1,2,2,1,0,0,1,0,1,0
11060,5,zeros-la-3-8,zeros-la-3,630,11060,5,1372,1024,0,0,0,2,2,16,4,0,1024,256,8,0,16,8,32,4,5,2,2,2,2,1,0,0,1,0,1,0
11060,4,zeros-la-3-8,zeros-la-3,631,11060,4,1374,1024,2,0,0,2,2,16,4,0,1024,256,8,0,16,8,32,4,4,3,2,2,2,1,0,0,1,0,1,0
11064,4,zeros-la-3-8,zeros-la-3,632,11064,4,1376,1024,0,2,0,4,0,2,16,4,0,1024,256,8,16,8,32,4,4,2,3,2,2,1,0,0,1,0,1,0
11076,5,zeros-la-3-8,zeros-la-3,633,11076,5,1378,1024,16,4,16,8,0,1024,256,8,0,8,32,4,0,0,0,2,5,1,2,3,2,1,0,0,1,0,1,0
11092,5,zeros-la-3-8,zeros-la-3,634,11092,5,1380,1024,0,2,0,0,0,4,16,16,0,1024,256,4,16,8,32,2,5,2,2,1,3,1,0,0,1,0,1,0
11124,5,zeros-la-3-8,zeros-la-3,635,11124,5,1382,1024,0,2,0,2,0,0,4,32,0,1024,256,4,16,8,32,2,5,3,2,1,1,2,0,0,1,0,1,0
11128,5,zeros-la-3-8,zeros-la-3,636,11128,5,1384,1024,4,0,0,0,4,32,0,2,1024,256,4,0,16,8,32,2,5,2,3,1,1,2,0,0,1,0,1,0
11140,6,zeros-la-3-8,zeros-la-3,637,11140,6,1386,1024,8,32,4,4,1024,256,32,0,16,8,0,0,0,0,2,0,6,1,2,2,1,2,0,0,1,0,1,0
11148,6,zeros-la-3-8,zeros-la-3,638,11148,6,1388,1024,8,32,8,0,1024,256,32,0,16,8,0,0,2,0,2,0,6,2,0,3,1,2,0,0,1,0,1,0
11152,6,zeros-la-3-8,zeros-la-3,639,11152,6,1392,1024,0,8,32,8,0,1024,256,32,0,0,16,8,0,0,4,4,6,0,2,3,1,2,0,0,1,0,1,0
11160,6,zeros-la-3-8,zeros-la-3,640,11160,6,1394,1024,0,8,32,8,0,1024,256,32,0,0,16,8,2,0,0,8,6,1,0,4,1,2,0,0,1,0,1,0
11176,6,zeros-la-3-8,zeros-la-3,641,11176,6,1396,1024,2,8,32,8,2,1024,256,32,0,0,16,16,0,0,0,0,6,2,0,2,2,2,0,0,1,0,1,0
11208,6,zeros-la-3-8,zeros-la-3,642,11208,6,1398,1024,2,8,32,8,2,1024,256,32,0,0,0,32,0,0,0,2,6,3,0,2,0,3,0,0,1,0,1,0
11276,7,zeros-la-3-8,zeros-la-3,643,11276,7,1400,1024,4,8,32,8,0,1024,256,64,0,0,0,2,0,2,0,0,7,2,1,2,0,1,1,0,1,0,1,0
11276,6,zeros-la-3-8,zeros-la-3,644,11276,6,1402,1024,4,8,32,8,0,1024,256,64,0,0,0,2,0,2,0,2,6,3,1,2,0,1,1,0,1,0,1,0
11280,6,zeros-la-3-8,zeros-la-3,645,11280,6,1404,1024,0,0,0,0,0,8,2,8,0,1024,32,64,4,2,256,4,6,2,2,2,0,1,1,0,1,0,1,0
11280,5,zeros-la-3-8,zeros-la-3,646,11280,5,1408,1024,4,8,2,8,0,1024,32,64,0,2,256,4,0,0,4,0,5,2,3,2,0,1,1,0,1,0,1,0
11280,4,zeros-la-3-8,zeros-la-3,647,11280,4,1410,1024,4,8,2,8,0,1024,32,64,0,2,256,4,0,0,2,4,4,3,3,2,0,1,1,0,1,0,1,0
11288,4,zeros-la-3-8,zeros-la-3,648,11288,4,1412,1024,2,0,2,0,0,8,32,8,0,1024,256,64,4,2,2,8,4,4,1,3,0,1,1,0,1,0,1,0
11296,5,zeros-la-3-8,zeros-la-3,649,11296,5,1414,1024,0,0,0,4,0,8,32,8,2,1024,256,64,0,4,4,8,5,1,3,3,0,1,1,0,1,0,1,0
11304,5,zeros-la-3-8,zeros-la-3,650,11304,5,1416,1024,0,0,0,4,0,8,32,8,2,1024,256,64,0,2,8,8,5,2,1,4,0,1,1,0,1,0,1,0
11320,5,zeros-la-3-8,zeros-la-3,651,11320,5,1418,1024,2,0,0,4,0,8,32,8,2,1024,256,64,0,0,2,16,5,3,1,2,1,1,1,0,1,0,1,0
11324,5,zeros-la-3-8,zeros-la-3,652,11324,5,1422,1024,4,8,32,4,0,1024,256,8,0,4,2,64,0,0,0,16,5,1,3,2,1,1,1,0,1,0,1,0
11324,4,zeros-la-3-8,zeros-la-3,653,11324,4,1424,1024,0,0,0,4,2,8,32,8,0,1024,256,64,4,4,2,16,4,2,3,2,1,1,1,0,1,0,1,0
11332,4,zeros-la-3-8,zeros-la-3,654,11332,4,1426,1024,2,0,0,4,2,8,32,8,0,1024,256,64,0,8,2,16,4,3,1,3,1,1,1,0,1,0,1,0
11332,3,zeros-la-3-8,zeros-la-3,655,11332,3,1428,1024,2,4,0,2,2,8,32,8,1024,256,64,0,8,2,16,0,3,4,1,3,1,1,1,0,1,0,1,0
11336,3,zeros-la-3-8,zeros-la-3,656,11336,3,1430,1024,4,4,32,2,1024,8,64,8,8,256,16,0,0,2,2,0,3,3,2,3,1,1,1,0,1,0,1,0
11348,4,zeros-la-3-8,zeros-la-3,657,11348,4,1432,1024,0,8,32,2,1024,8,64,8,0,8,256,16,0,2,0,4,4,2,1,4,1,1,1,0,1,0,1,0
11364,4,zeros-la-3-8,zeros-la-3,658,11364,4,1436,1024,0,4,0,2,0,8,32,8,0,16,64,16,1024,2,256,4,4,2,2,2,2,1,1,0,1,0,1,0
11364,3,zeros-la-3-8,zeros-la-3,659,11364,3,1438,1024,2,4,0,2,0,8,32,8,0,16,64,16,1024,2,256,4,3,3,2,2,2,1,1,0,1,0,1,0
11364,2,zeros-la-3-8,zeros-la-3,660,11364,2,1440,1024,2,4,0,2,0,8,32,8,2,16,64,16,1024,2,256,4,2,4,2,2,2,1,1,0,1,0,1,0
11368,2,zeros-la-3-8,zeros-la-3,661,11368,2,1442,1024,4,4,32,2,1024,8,64,8,0,16,256,16,2,2,0,4,2,3,3,2,2,1,1,0,1,0,1,0
11380,3,zeros-la-3-8,zeros-la-3,662,11380,3,1444,1024,2,8,32,2,1024,8,64,8,0,16,256,16,0,0,4,4,3,2,2,3,2,1,1,0,1,0,1,0
11396,3,zeros-la-3-8,zeros-la-3,663,11396,3,1446,1024,2,0,32,2,0,0,64,8,2,16,256,16,1024,16,4,4,3,3,2,1,3,1,1,0,1,0,1,0
11432,4,zeros-la-3-8,zeros-la-3,664,11432,4,1450,1024,4,32,32,2,1024,0,64,8,0,4,256,16,0,0,4,4,4,1,4,1,1,2,1,0,1,0,1,0
11504,5,zeros-la-3-8,zeros-la-3,665,11504,5,1452,1024,4,64,2,0,1024,64,8,0,4,256,16,2,8,0,0,0,5,2,2,2,1,0,2,0,1,0,1,0
11632,5,zeros-la-3-8,zeros-la-3,666,11632,5,1454,1024,4,0,0,0,1024,2,2,0,4,128,8,0,8,256,16,2,5,3,2,2,1,0,0,1,1,0,1,0
11636,5,zeros-la-3-8,zeros-la-3,667,11636,5,1456,1024,0,0,2,4,0,0,1024,4,0,4,128,8,8,256,16,2,5,2,3,2,1,0,0,1,1,0,1,0
11644,5,zeros-la-3-8,zeros-la-3,668,11644,5,1458,1024,2,0,2,0,0,0,1024,8,0,4,128,8,8,256,16,2,5,3,1,3,1,0,0,1,1,0,1,0
11660,5,zeros-la-3-8,zeros-la-3,669,11660,5,1460,1024,0,2,2,0,0,0,1024,0,2,4,128,16,8,256,16,2,5,4,1,1,2,0,0,1,1,0,1,0
11664,5,zeros-la-3-8,zeros-la-3,670,11664,5,1462,1024,0,2,0,4,0,0,0,1024,2,4,128,16,8,256,16,2,5,3,2,1,2,0,0,1,1,0,1,0
11664,4,zeros-la-3-8,zeros-la-3,671,11664,4,1464,1024,0,0,2,4,0,2,0,1024,2,4,128,16,8,256,16,2,4,4,2,1,2,0,0,1,1,0,1,0
11664,3,zeros-la-3-8,zeros-la-3,672,11664,3,1466,1024,0,0,2,4,2,0,2,1024,2,4,128,16,8,256,16,2,3,5,2,1,2,0,0,1,1,0,1,0
11672,4,zeros-la-3-8,zeros-la-3,673,11672,4,1468,1024,4,4,4,4,8,256,128,1024,2,0,16,16,0,0,0,2,4,2,4,1,2,0,0,1,1,0,1,0
11720,6,zeros-la-3-8,zeros-la-3,674,11720,6,1470,1024,8,8,2,0,8,256,128,1024,2,32,0,0,2,0,0,0,6,3,0,3,0,1,0,1,1,0,1,0
11740,7,zeros-la-3-8,zeros-la-3,675,11740,7,1472,1024,0,0,0,0,0,8,2,0,16,256,2,0,4,32,128,1024,7,2,1,1,1,1,0,1,1,0,1,0
11744,7,zeros-la-3-8,zeros-la-3,676,11744,7,1474,1024,16,8,4,1024,4,256,128,0,0,32,2,0,0,0,0,0,7,1,2,1,1,1,0,1,1,0,1,0
11744,6,zeros-la-3-8,zeros-la-3,677,11744,6,1476,1024,16,8,4,1024,4,256,128,2,32,2,0,0,0,0,0,0,6,2,2,1,1,1,0,1,1,0,1,0
11744,5,zeros-la-3-8,zeros-la-3,678,11744,5,1478,1024,16,8,4,1024,4,256,128,2,0,0,32,2,0,0,2,0,5,3,2,1,1,1,0,1,1,0,1,0
11748,5,zeros-la-3-8,zeros-la-3,679,11748,5,1480,1024,16,8,4,1024,4,256,128,4,0,0,32,0,0,2,2,0,5,2,3,1,1,1,0,1,1,0,1,0
11752,5,zeros-la-3-8,zeros-la-3,680,11752,5,1482,1024,16,8,4,1024,4,256,128,4,32,2,0,0,4,0,0,0,5,1,4,1,1,1,0,1,1,0,1,0
11752,4,zeros-la-3-8,zeros-la-3,681,11752,4,1484,1024,16,8,4,1024,4,256,128,4,0,0,32,2,0,2,0,4,4,2,4,1,1,1,0,1,1,0,1,0
11752,3,zeros-la-3-8,zeros-la-3,682,11752,3,1486,1024,0,0,2,1024,0,8,4,4,16,256,128,2,4,2,32,4,3,3,4,1,1,1,0,1,1,0,1,0
11760,3,zeros-la-3-8,zeros-la-3,683,11760,3,1490,1024,0,0,2,1024,0,4,8,8,16,256,128,2,4,2,32,4,3,3,3,2,1,1,0,1,1,0,1,0
11776,3,zeros-la-3-8,zeros-la-3,684,11776,3,1492,1024,0,2,2,1024,0,0,4,16,16,256,128,2,4,2,32,4,3,4,3,0,2,1,0,1,1,0,1,0
11780,3,zeros-la-3-8,zeros-la-3,685,11780,3,1494,1024,4,1024,0,2,4,16,0,0,16,256,128,2,4,2,32,4,3,3,4,0,2,1,0,1,1,0,1,0
11792,4,zeros-la-3-8,zeros-la-3,686,11792,4,1496,1024,8,1024,128,4,16,16,32,4,4,256,0,0,0,2,2,0,4,2,3,1,2,1,0,1,1,0,1,0
11828,5,zeros-la-3-8,zeros-la-3,687,11828,5,1498,1024,8,1024,128,4,0,32,32,4,2,0,4,256,0,0,0,4,5,1,4,1,0,2,0,1,1,0,1,0
11892,5,zeros-la-3-8,zeros-la-3,688,11892,5,1500,1024,8,1024,128,4,0,0,64,4,0,2,4,256,0,0,2,4,5,2,4,1,0,0,1,1,1,0,1,0
11892,4,zeros-la-3-8,zeros-la-3,689,11892,4,1502,1024,8,1024,128,4,64,4,0,2,2,4,256,0,2,4,0,0,4,3,4,1,0,0,1,1,1,0,1,0
11904,5,zeros-la-3-8,zeros-la-3,690,11904,5,1504,1024,8,1024,128,4,64,8,256,2,4,4,0,0,0,0,2,0,5,2,3,2,0,0,1,1,1,0,1,0
11912,5,zeros-la-3-8,zeros-la-3,691,11912,5,1506,1024,8,1024,128,4,64,8,256,2,8,2,0,0,2,0,0,0,5,3,1,3,0,0,1,1,1,0,1,0
11912,4,zeros-la-3-8,zeros-la-3,692,11912,4,1508,1024,8,1024,128,4,64,8,256,2,8,2,0,0,2,0,0,2,4,4,1,3,0,0,1,1,1,0,1,0
11916,4,zeros-la-3-8,zeros-la-3,693,11916,4,1510,1024,8,0,2,0,64,1024,0,0,8,8,128,4,2,2,256,4,4,3,2,3,0,0,1,1,1,0,1,0
11924,4,zeros-la-3-8,zeros-la-3,694,11924,4,1512,1024,8,0,0,0,64,1024,2,2,8,8,128,0,2,2,256,8,4,4,0,4,0,0,1,1,1,0,1,0
11948,6,zeros-la-3-8,zeros-la-3,695,11948,6,1516,1024,8,4,0,0,64,1024,4,0,16,128,0,0,4,256,8,0,6,0,3,2,1,0,1,1,1,0,1,0
11948,5,zeros-la-3-8,zeros-la-3,696,11948,5,1518,1024,8,4,4,2,64,1024,8,0,16,128,0,0,4,256,0,0,5,1,3,2,1,0,1,1,1,0,1,0
11956,5,zeros-la-3-8,zeros-la-3,697,11956,5,1520,1024,8,8,2,0,64,1024,8,0,16,128,0,2,4,256,0,0,5,2,1,3,1,0,1,1,1,0,1,0
11956,4,zeros-la-3-8,zeros-la-3,698,11956,4,1522,1024,8,8,0,2,64,1024,0,0,16,128,2,0,4,256,8,2,4,3,1,3,1,0,1,1,1,0,1,0
11972,4,zeros-la-3-8,zeros-la-3,699,11972,4,1524,1024,16,2,2,0,64,1024,0,0,16,128,2,0,4,256,8,2,4,4,1,1,2,0,1,1,1,0,1,0
11976,4,zeros-la-3-8,zeros-la-3,700,11976,4,1526,1024,0,2,16,4,0,0,64,1024,0,16,128,2,4,256,8,2,4,3,2,1,2,0,1,1,1,0,1,0
11980,4,zeros-la-3-8,zeros-la-3,701,11980,4,1528,1024,2,0,16,0,0,2,64,4,0,16,128,1024,4,256,8,4,4,2,3,1,2,0,1,1,1,0,1,0
11980,3,zeros-la-3-8,zeros-la-3,702,11980,3,1530,1024,2,16,0,0,2,64,4,0,16,128,1024,2,4,256,8,4,3,3,3,1,2,0,1,1,1,0,1,0
11984,3,zeros-la-3-8,zeros-la-3,703,11984,3,1532,1024,0,16,0,0,4,64,4,2,16,128,1024,2,4,256,8,4,3,2,4,1,2,0,1,1,1,0,1,0
11988,3,zeros-la-3-8,zeros-la-3,704,11988,3,1534,1024,0,16,0,2,4,64,4,0,16,128,1024,4,4,256,8,4,3,1,5,1,2,0,1,1,1,0,1,0
11996,3,zeros-la-3-8,zeros-la-3,705,11996,3,1536,1024,2,16,0,0,4,64,4,0,16,128,1024,2,4,256,8,8,3,2,3,2,2,0,1,1,1,0,1,0
12012,3,zeros-la-3-8,zeros-la-3,706,12012,3,1538,1024,2,16,0,0,4,64,4,0,16,128,1024,2,4,256,16,2,3,3,3,0,3,0,1,1,1,0,1,0
12012,2,zeros-la-3-8,zeros-la-3,707,12012,2,1540,1024,2,0,2,16,0,4,64,4,16,128,1024,2,4,256,16,2,2,4,3,0,3,0,1,1,1,0,1,0
12016,2,zeros-la-3-8,zeros-la-3,708,12016,2,1542,1024,4,16,0,0,4,64,4,2,16,128,1024,2,4,256,16,2,2,3,4,0,3,0,1,1,1,0,1,0
12028,3,zeros-la-3-8,zeros-la-3,709,12028,3,1546,1024,8,16,4,4,16,64,1024,2,4,128,16,4,0,256,0,0,3,1,4,1,3,0,1,1,1,0,1,0
12036,3,zeros-la-3-8,zeros-la-3,710,12036,3,1548,1024,8,16,8,2,16,64,1024,2,4,128,16,4,256,0,0,0,3,2,2,2,3,0,1,1,1,0,1,0
12040,3,zeros-la-3-8,zeros-la-3,711,12040,3,1550,1024,8,0,0,0,16,16,8,2,4,64,1024,4,256,128,16,4,3,1,3,2,3,0,1,1,1,0,1,0
12072,3,zeros-la-3-8,zeros-la-3,712,12072,3,1552,1024,8,2,0,0,32,8,2,0,4,64,1024,4,256,128,16,4,3,2,3,2,1,1,1,1,1,0,1,0
12072,2,zeros-la-3-8,zeros-la-3,713,12072,2,1554,1024,0,0,8,2,2,32,8,2,4,64,1024,4,256,128,16,4,2,3,3,2,1,1,1,1,1,0,1,0
12100,4,zeros-la-3-8,zeros-la-3,714,12100,4,1556,1024,0,0,0,0,2,32,16,2,4,64,1024,4,256,128,16,8,4,2,2,1,2,1,1,1,1,0,1,0
12100,3,zeros-la-3-8,zeros-la-3,715,12100,3,1558,1024,0,2,0,0,2,32,16,2,4,64,1024,4,256,128,16,8,3,3,2,1,2,1,1,1,1,0,1,0
12100,2,zeros-la-3-8,zeros-la-3,716,12100,2,1560,1024,2,2,0,0,2,32,16,2,4,64,1024,4,256,128,16,8,2,4,2,1,2,1,1,1,1,0,1,0
12104,2,zeros-la-3-8,zeros-la-3,717,12104,2,1562,1024,0,2,2,0,4,32,16,2,4,64,1024,4,256,128,16,8,2,3,3,1,2,1,1,1,1,0,1,0
12112,2,zeros-la-3-8,zeros-la-3,718,12112,2,1564,1024,0,2,2,0,2,32,16,2,8,64,1024,4,256,128,16,8,2,4,1,2,2,1,1,1,1,0,1,0
12116,2,zeros-la-3-8,zeros-la-3,719,12116,2,1566,1024,4,0,2,0,2,32,16,2,8,64,1024,4,256,128,16,8,2,3,2,2,2,1,1,1,1,0,1,0
12116,1,zeros-la-3-8,zeros-la-3,720,12116,1,1568,1024,0,2,4,2,2,32,16,2,8,64,1024,4,256,128,16,8,1,4,2,2,2,1,1,1,1,0,1,0
12120,1,zeros-la-3-8,zeros-la-3,721,12120,1,1572,1024,2,2,4,4,8,32,16,4,256,64,1024,8,0,128,16,4,1,2,4,2,2,1,1,1,1,0,1,0
12128,1,zeros-la-3-8,zeros-la-3,722,12128,1,1574,1024,2,2,4,8,8,32,16,8,256,64,1024,4,2,128,16,0,1,3,2,3,2,1,1,1,1,0,1,0
12132,1,zeros-la-3-8,zeros-la-3,723,12132,1,1576,1024,0,4,4,8,8,32,16,8,256,64,1024,4,2,2,128,16,1,2,3,3,2,1,1,1,1,0,1,0
12148,1,zeros-la-3-8,zeros-la-3,724,12148,1,1578,1024,0,4,4,2,8,32,16,16,256,64,1024,4,2,2,128,16,1,3,3,1,3,1,1,1,1,0,1,0
12192,3,zeros-la-3-8,zeros-la-3,725,12192,3,1580,1024,8,2,0,2,8,32,32,0,256,64,1024,4,4,128,16,0,3,2,2,2,1,2,1,1,1,0,1,0
12260,4,zeros-la-3-8,zeros-la-3,726,12260,4,1582,1024,8,4,0,0,8,64,2,0,256,64,1024,4,4,128,16,0,4,1,3,2,1,0,2,1,1,0,1,0
12404,5,zeros-la-3-8,zeros-la-3,727,12404,5,1584,1024,0,0,0,0,16,4,2,2,256,128,1024,0,4,128,16,4,5,2,3,0,2,0,0,2,1,0,1,0
12660,5,zeros-la-3-8,zeros-la-3,728,12660,5,1586,1024,16,4,2,2,256,256,1024,4,4,0,16,0,0,0,0,2,5,3,3,0,2,0,0,0,2,0,1,0
13176,6,zeros-la-3-8,zeros-la-3,729,13176,6,1588,1024,16,4,4,0,512,1024,4,0,4,16,0,0,2,2,0,0,6,2,4,0,2,0,0,0,0,1,1,0
13188,7,zeros-la-3-8,zeros-la-3,730,13188,7,1590,1024,16,8,2,0,512,1024,4,0,4,16,0,0,4,0,0,0,7,1,3,1,2,0,0,0,0,1,1,0
13196,7,zeros-la-3-8,zeros-la-3,731,13196,7,1592,1024,0,2,0,0,16,8,0,0,512,1024,2,0,8,16,4,0,7,2,1,2,2,0,0,0,0,1,1,0
13196,6,zeros-la-3-8,zeros-la-3,732,13196,6,1594,1024,0,2,2,0,16,8,0,0,512,1024,2,0,8,16,4,0,6,3,1,2,2,0,0,0,0,1,1,0
13200,6,zeros-la-3-8,zeros-la-3,733,13200,6,1596,1024,0,2,0,2,16,8,0,0,512,1024,4,0,8,16,4,0,6,2,2,2,2,0,0,0,0,1,1,0
13204,6,zeros-la-3-8,zeros-la-3,734,13204,6,1598,1024,2,0,0,4,0,0,16,8,0,512,1024,4,0,8,16,4,6,1,3,2,2,0,0,0,0,1,1,0
13212,6,zeros-la-3-8,zeros-la-3,735,13212,6,1600,1024,2,512,16,4,2,8,1024,8,0,0,16,8,0,0,0,0,6,2,1,3,2,0,0,0,0,1,1,0
13232,7,zeros-la-3-8,zeros-la-3,736,13232,7,1602,1024,0,0,0,0,0,0,16,0,2,512,1024,4,4,8,16,16,7,1,2,1,3,0,0,0,0,1,1,0
13264,7,zeros-la-3-8,zeros-la-3,737,13264,7,1604,1024,0,0,2,0,0,0,0,16,2,512,1024,4,0,4,8,32,7,2,2,1,1,1,0,0,0,1,1,0
13264,6,zeros-la-3-8,zeros-la-3,738,13264,6,1606,1024,0,0,2,0,0,0,2,16,0,512,1024,4,2,4,8,32,6,3,2,1,1,1,0,0,0,1,1,0
13268,6,zeros-la-3-8,zeros-la-3,739,13268,6,1610,1024,2,512,4,16,0,4,1024,4,0,4,8,32,0,0,0,0,6,1,4,1,1,1,0,0,0,1,1,0
13276,6,zeros-la-3-8,zeros-la-3,740,13276,6,1612,1024,0,0,0,0,0,2,4,16,0,512,1024,4,2,8,8,32,6,2,2,2,1,1,0,0,0,1,1,0
13292,6,zeros-la-3-8,zeros-la-3,741,13292,6,1616,1024,0,0,0,4,2,4,16,0,512,1024,4,0,2,16,32,0,6,2,3,0,2,1,0,0,0,1,1,0
13292,5,zeros-la-3-8,zeros-la-3,742,13292,5,1618,1024,0,0,2,4,0,2,4,16,0,512,1024,4,0,2,16,32,5,3,3,0,2,1,0,0,0,1,1,0
13292,4,zeros-la-3-8,zeros-la-3,743,13292,4,1620,1024,2,4,0,0,2,4,16,0,512,1024,4,0,2,16,32,2,4,4,3,0,2,1,0,0,0,1,1,0
13304,5,zeros-la-3-8,zeros-la-3,744,13304,5,1622,1024,4,8,16,2,512,1024,4,2,2,16,32,0,0,0,0,0,5,3,2,1,2,1,0,0,0,1,1,0
13308,5,zeros-la-3-8,zeros-la-3,745,13308,5,1624,1024,4,8,16,4,512,1024,4,0,2,16,32,0,2,0,0,0,5,2,3,1,2,1,0,0,0,1,1,0
13308,4,zeros-la-3-8,zeros-la-3,746,13308,4,1626,1024,4,8,16,4,0,512,1024,4,2,2,16,32,0,0,0,2,4,3,3,1,2,1,0,0,0,1,1,0
13316,4,zeros-la-3-8,zeros-la-3,747,13316,4,1628,1024,4,8,16,8,2,512,1024,32,0,2,16,2,0,2,0,0,4,4,1,2,2,1,0,0,0,1,1,0
13316,3,zeros-la-3-8,zeros-la-3,748,13316,3,1630,1024,4,8,16,8,2,512,1024,32,0,2,16,2,0,2,0,2,3,5,1,2,2,1,0,0,0,1,1,0
13324,4,zeros-la-3-8,zeros-la-3,749,13324,4,1632,1024,4,8,16,8,2,512,1024,32,2,4,16,4,0,0,0,0,4,2,3,2,2,1,0,0,0,1,1,0
13328,4,zeros-la-3-8,zeros-la-3,750,13328,4,1634,1024,0,0,0,0,2,8,16,8,4,512,1024,32,4,4,16,4,4,1,4,2,2,1,0,0,0,1,1,0
13336,4,zeros-la-3-8,zeros-la-3,751,13336,4,1636,1024,2,8,16,8,8,512,1024,32,0,4,16,4,2,0,0,0,4,2,2,3,2,1,0,0,0,1,1,0
13336,3,zeros-la-3-8,zeros-la-3,752,13336,3,1638,1024,2,8,16,8,8,512,1024,32,2,4,16,4,0,0,0,2,3,3,2,3,2,1,0,0,0,1,1,0
13336,2,zeros-la-3-8,zeros-la-3,753,13336,2,1642,1024,2,8,16,8,8,512,1024,32,2,4,16,4,2,0,4,0,2,3,3,3,2,1,0,0,0,1,1,0
13340,2,zeros-la-3-8,zeros-la-3,754,13340,2,1644,1024,0,0,16,2,2,8,1024,8,8,512,16,32,4,4,4,4,2,2,4,3,2,1,0,0,0,1,1,0
13356,3,zeros-la-3-8,zeros-la-3,755,13356,3,1646,1024,16,2,0,2,2,8,1024,8,8,512,16,32,8,8,0,0,3,3,0,5,2,1,0,0,0,1,1,0
13376,4,zeros-la-3-8,zeros-la-3,756,13376,4,1648,1024,16,4,0,2,2,8,1024,8,8,512,16,32,16,0,0,0,4,2,1,3,3,1,0,0,0,1,1,0
13376,3,zeros-la-3-8,zeros-la-3,757,13376,3,1650,1024,16,0,2,0,2,4,0,2,8,8,1024,8,16,512,16,32,3,3,1,3,3,1,0,0,0,1,1,0
13392,3,zeros-la-3-8,zeros-la-3,758,13392,3,1652,1024,0,0,16,2,2,2,4,2,0,16,1024,8,16,512,16,32,3,4,1,1,4,1,0,0,0,1,1,0
13396,3,zeros-la-3-8,zeros-la-3,759,13396,3,1654,1024,16,2,0,2,4,4,2,0,16,1024,8,0,16,512,16,32,3,3,2,1,4,1,0,0,0,1,1,0
13408,4,zeros-la-3-8,zeros-la-3,760,13408,4,1656,1024,16,4,2,0,8,2,0,0,16,1024,8,0,16,512,16,32,4,2,1,2,4,1,0,0,0,1,1,0
13440,4,zeros-la-3-8,zeros-la-3,761,13440,4,1658,1024,0,4,0,0,16,2,2,2,8,1024,8,0,32,512,16,32,4,3,1,2,2,2,0,0,0,1,1,0
13444,4,zeros-la-3-8,zeros-la-3,762,13444,4,1660,1024,0,0,0,4,0,16,2,4,2,8,1024,8,32,512,16,32,4,2,2,2,2,2,0,0,0,1,1,0
13452,4,zeros-la-3-8,zeros-la-3,763,13452,4,1662,1024,2,0,0,0,0,16,2,8,2,8,1024,8,32,512,16,32,4,3,0,3,2,2,0,0,0,1,1,0
13472,5,zeros-la-3-8,zeros-la-3,764,13472,5,1664,1024,0,2,0,0,0,16,2,0,4,8,1024,16,32,512,16,32,5,2,1,1,3,2,0,0,0,1,1,0
13472,4,zeros-la-3-8,zeros-la-3,765,13472,4,1666,1024,2,0,0,0,16,2,2,0,4,8,1024,16,32,512,16,32,4,3,1,1,3,2,0,0,0,1,1,0
13476,4,zeros-la-3-8,zeros-la-3,766,13476,4,1668,1024,2,0,0,2,0,0,16,4,4,8,1024,16,32,512,16,32,4,2,2,1,3,2,0,0,0,1,1,0
13480,4,zeros-la-3-8,zeros-la-3,767,13480,4,1670,1024,2,0,0,4,0,0,16,4,4,8,1024,16,32,512,16,32,4,1,3,1,3,2,0,0,0,1,1,0
13488,4,zeros-la-3-8,zeros-la-3,768,13488,4,1672,1024,0,2,0,0,2,0,16,8,4,8,1024,16,32,512,16,32,4,2,1,2,3,2,0,0,0,1,1,0
13488,3,zeros-la-3-8,zeros-la-3,769,13488,3,1674,1024,2,0,0,0,2,2,16,8,4,8,1024,16,32,512,16,32,3,3,1,2,3,2,0,0,0,1,1,0
13492,3,zeros-la-3-8,zeros-la-3,770,13492,3,1676,1024,2,0,0,0,4,16,8,2,4,8,1024,16,32,512,16,32,3,2,2,2,3,2,0,0,0,1,1,0
13500,3,zeros-la-3-8,zeros-la-3,771,13500,3,1678,1024,2,16,8,2,8,8,1024,16,32,512,16,32,0,0,0,2,3,3,0,3,3,2,0,0,0,1,1,0
13516,3,zeros-la-3-8,zeros-la-3,772,13516,3,1680,1024,2,16,8,2,16,1024,16,2,32,512,16,32,2,0,0,0,3,4,0,1,4,2,0,0,0,1,1,0
13552,4,zeros-la-3-8,zeros-la-3,773,13552,4,1682,1024,2,0,0,0,16,16,0,2,32,1024,8,4,2,512,32,32,4,3,1,1,2,3,0,0,0,1,1,0
13648,5,zeros-la-3-8,zeros-la-3,774,13648,5,1684,1024,2,2,0,0,32,2,0,0,32,1024,8,4,2,512,64,0,5,4,1,1,0,2,1,0,0,1,1,0
13716,6,zeros-la-3-8,zeros-la-3,775,13716,6,1686,1024,2,4,8,4,64,1024,64,0,2,512,2,0,0,0,0,0,6,3,2,1,0,0,2,0,0,1,1,0
13716,5,zeros-la-3-8,zeros-la-3,776,13716,5,1688,1024,0,0,0,0,2,4,8,2,64,1024,64,0,2,512,2,4,5,4,2,1,0,0,2,0,0,1,1,0
13716,4,zeros-la-3-8,zeros-la-3,777,13716,4,1690,1024,2,0,0,0,2,4,8,2,0,64,1024,64,2,512,2,4,4,5,2,1,0,0,2,0,0,1,1,0
13720,4,zeros-la-3-8,zeros-la-3,778,13720,4,1692,1024,4,4,8,2,2,64,1024,64,0,512,2,4,0,0,2,0,4,4,3,1,0,0,2,0,0,1,1,0
13728,4,zeros-la-3-8,zeros-la-3,779,13728,4,1694,1024,8,8,2,0,2,64,1024,64,512,2,4,0,2,0,2,0,4,5,1,2,0,0,2,0,0,1,1,0
13748,5,zeros-la-3-8,zeros-la-3,780,13748,5,1696,1024,2,0,16,2,2,64,1024,64,0,512,2,4,0,0,0,4,5,4,2,0,1,0,2,0,0,1,1,0
13760,6,zeros-la-3-8,zeros-la-3,781,13760,6,1698,1024,0,0,0,0,0,2,16,2,0,64,1024,64,4,512,2,8,6,3,1,1,1,0,2,0,0,1,1,0
13760,5,zeros-la-3-8,zeros-la-3,782,13760,5,1700,1024,0,2,0,0,0,2,16,2,0,64,1024,64,4,512,2,8,5,4,1,1,1,0,2,0,0,1,1,0
13764,5,zeros-la-3-8,zeros-la-3,783,13764,5,1702,1024,4,4,16,2,0,64,1024,64,0,512,2,8,0,0,0,2,5,3,2,1,1,0,2,0,0,1,1,0
13772,5,zeros-la-3-8,zeros-la-3,784,13772,5,1704,1024,0,8,16,2,2,64,1024,64,0,512,2,8,0,0,0,2,5,4,0,2,1,0,2,0,0,1,1,0
13772,4,zeros-la-3-8,zeros-la-3,785,13772,4,1706,1024,0,0,0,2,2,8,16,64,0,64,1024,8,2,512,2,2,4,5,0,2,1,0,2,0,0,1,1,0
13776,4,zeros-la-3-8,zeros-la-3,786,13776,4,1708,1024,2,0,0,2,2,8,16,64,64,1024,8,0,2,512,4,0,4,4,1,2,1,0,2,0,0,1,1,0
13780,4,zeros-la-3-8,zeros-la-3,787,13780,4,1710,1024,0,0,0,2,4,8,16,0,64,1024,8,2,2,512,4,64,4,3,2,2,1,0,2,0,0,1,1,0
13780,3,zeros-la-3-8,zeros-la-3,788,13780,3,1712,1024,0,0,0,2,2,4,8,16,64,1024,8,2,2,512,4,64,3,4,2,2,1,0,2,0,0,1,1,0
13796,3,zeros-la-3-8,zeros-la-3,789,13796,3,1714,1024,0,0,2,2,2,4,0,16,64,1024,16,2,2,512,4,64,3,5,2,0,2,0,2,0,0,1,1,0
13800,3,zeros-la-3-8,zeros-la-3,790,13800,3,1716,1024,4,0,0,0,2,4,16,2,64,1024,16,2,2,512,4,64,3,4,3,0,2,0,2,0,0,1,1,0
13836,4,zeros-la-3-8,zeros-la-3,791,13836,4,1718,1024,4,4,32,4,2,1024,4,64,64,512,0,2,2,0,0,0,4,3,4,0,0,1,2,0,0,1,1,0
13844,4,zeros-la-3-8,zeros-la-3,792,13844,4,1720,1024,0,8,32,4,2,1024,4,64,0,64,512,2,2,0,0,2,4,4,2,1,0,1,2,0,0,1,1,0
13852,5,zeros-la-3-8,zeros-la-3,793,13852,5,1722,1024,4,8,32,4,2,1024,4,64,0,64,512,4,0,0,0,0,5,1,4,1,0,1,2,0,0,1,1,0
13852,4,zeros-la-3-8,zeros-la-3,794,13852,4,1724,1024,4,8,32,4,2,1024,4,64,2,64,512,4,0,0,0,0,4,2,4,1,0,1,2,0,0,1,1,0
13856,4,zeros-la-3-8,zeros-la-3,795,13856,4,1726,1024,4,8,32,4,4,1024,4,64,0,64,512,4,0,0,0,2,4,1,5,1,0,1,2,0,0,1,1,0
13864,4,zeros-la-3-8,zeros-la-3,796,13864,4,1728,1024,8,8,32,4,0,1024,4,64,0,64,512,4,0,2,0,2,4,2,3,2,0,1,2,0,0,1,1,0
13884,5,zeros-la-3-8,zeros-la-3,797,13884,5,1730,1024,0,16,32,4,0,1024,4,64,2,64,512,4,0,0,0,4,5,1,4,0,1,1,2,0,0,1,1,0
13892,5,zeros-la-3-8,zeros-la-3,798,13892,5,1732,1024,2,16,32,4,0,1024,4,64,0,64,512,8,2,0,0,0,5,2,2,1,1,1,2,0,0,1,1,0
13896,5,zeros-la-3-8,zeros-la-3,799,13896,5,1734,1024,0,0,0,2,0,16,32,4,0,1024,4,64,4,64,512,8,5,1,3,1,1,1,2,0,0,1,1,0
13896,4,zeros-la-3-8,zeros-la-3,800,13896,4,1736,1024,4,16,32,2,0,1024,4,4,0,64,512,64,2,0,0,8,4,2,3,1,1,1,2,0,0,1,1,0
13904,4,zeros-la-3-8,zeros-la-3,801,13904,4,1738,1024,4,16,32,2,0,0,1024,8,0,64,512,64,2,0,2,8,4,3,1,2,1,1,2,0,0,1,1,0
13908,4,zeros-la-3-8,zeros-la-3,802,13908,4,1742,1024,4,16,32,2,1024,8,0,0,64,512,64,4,4,8,0,0,4,1,3,2,1,1,2,0,0,1,1,0
13908,3,zeros-la-3-8,zeros-la-3,803,13908,3,1744,1024,4,16,32,2,0,0,1024,8,64,512,64,4,2,0,4,8,3,2,3,2,1,1,2,0,0,1,1,0
13908,2,zeros-la-3-8,zeros-la-3,804,13908,2,1746,1024,4,16,32,2,0,2,1024,8,64,512,64,4,0,2,4,8,2,3,3,2,1,1,2,0,0,1,1,0
13908,1,zeros-la-3-8,zeros-la-3,805,13908,1,1748,1024,4,16,32,2,2,1024,8,0,64,512,64,4,2,4,8,2,1,4,3,2,1,1,2,0,0,1,1,0
13908,0,zeros-la-3-8,zeros-la-3,806,13908,0,1750,1024,4,16,32,2,2,1024,8,4,64,512,64,2,2,4,8,2,0,5,3,2,1,1,2,0,0,1,1,0
13912,0,zeros-la-3-8,zeros-la-3,807,13912,0,1754,1024,4,16,32,4,2,1024,8,2,64,512,64,4,2,4,8,4,0,3,5,2,1,1,2,0,0,1,1,0
13920,0,zeros-la-3-8,zeros-la-3,808,13920,0,1756,1024,4,16,32,2,2,1024,8,4,64,512,64,2,2,4,8,8,0,4,3,3,1,1,2,0,0,1,1,0
13936,0,zeros-la-3-8,zeros-la-3,809,13936,0,1758,1024,4,16,32,2,2,1024,8,4,64,512,64,2,2,4,16,2,0,5,3,1,2,1,2,0,0,1,1,0
13940,0,zeros-la-3-8,zeros-la-3,810,13940,0,1760,1024,4,16,32,2,2,1024,8,2,64,512,64,4,2,4,16,4,0,4,4,1,2,1,2,0,0,1,1,0
13952,1,zeros-la-3-8,zeros-la-3,811,13952,1,1762,1024,4,16,32,4,2,1024,8,8,64,512,64,2,2,4,16,0,1,3,3,2,2,1,2,0,0,1,1,0
13968,1,zeros-la-3-8,zeros-la-3,812,13968,1,1764,1024,4,16,32,4,2,2,1024,16,64,512,64,2,0,2,4,16,1,4,3,0,3,1,2,0,0,1,1,0
13972,1,zeros-la-3-8,zeros-la-3,813,13972,1,1766,1024,4,16,32,4,4,1024,16,0,64,512,64,2,2,4,16,2,1,3,4,0,3,1,2,0,0,1,1,0
13984,2,zeros-la-3-8,zeros-la-3,814,13984,2,1768,1024,8,16,32,4,64,1024,16,4,2,512,64,0,0,4,16,2,2,2,3,1,3,1,2,0,0,1,1,0
13992,2,zeros-la-3-8,zeros-la-3,815,13992,2,1770,1024,8,16,32,8,64,1024,16,2,2,512,64,0,0,4,16,2,2,3,1,2,3,1,2,0,0,1,1,0
13996,2,zeros-la-3-8,zeros-la-3,816,13996,2,1772,1024,8,16,32,8,64,1024,16,4,2,512,64,0,0,4,16,2,2,2,2,2,3,1,2,0,0,1,1,0
13996,1,zeros-la-3-8,zeros-la-3,817,13996,1,1774,1024,8,16,32,8,64,1024,16,4,2,512,64,2,2,4,16,0,1,3,2,2,3,1,2,0,0,1,1,0
13996,0,zeros-la-3-8,zeros-la-3,818,13996,0,1776,1024,8,16,32,8,64,1024,16,4,2,512,64,2,2,4,16,2,0,4,2,2,3,1,2,0,0,1,1,0
14004,1,zeros-la-3-8,zeros-la-3,819,14004,1,1778,1024,8,16,32,8,64,1024,16,4,4,512,64,4,2,4,16,0,1,1,4,2,3,1,2,0,0,1,1,0
14012,1,zeros-la-3-8,zeros-la-3,820,14012,1,1780,1024,8,16,32,0,64,1024,16,2,4,512,64,8,2,4,16,8,1,2,2,3,3,1,2,0,0,1,1,0
14012,0,zeros-la-3-8,zeros-la-3,821,14012,0,1782,1024,2,8,16,32,64,1024,16,2,4,512,64,8,2,4,16,8,0,3,2,3,3,1,2,0,0,1,1,0
14060,1,zeros-la-3-8,zeros-la-3,822,14060,1,1784,1024,2,8,32,32,64,1024,64,2,4,512,16,16,2,4,2,0,1,4,2,1,2,2,2,0,0,1,1,0
14156,2,zeros-la-3-8,zeros-la-3,823,14156,2,1786,1024,2,8,64,2,64,1024,64,2,4,512,32,0,2,4,2,0,2,5,2,1,0,1,3,0,0,1,1,0
14156,1,zeros-la-3-8,zeros-la-3,824,14156,1,1790,1024,2,8,64,2,64,1024,64,2,4,4,512,32,0,2,4,2,1,5,3,1,0,1,3,0,0,1,1,0
14288,2,zeros-la-3-8,zeros-la-3,825,14288,2,1792,1024,2,8,128,4,64,1024,512,32,4,4,4,2,0,2,0,2,2,4,4,1,0,1,1,1,0,1,1,0
14292,2,zeros-la-3-8,zeros-la-3,826,14292,2,1794,1024,2,8,128,4,64,1024,512,32,4,4,4,4,2,2,0,0,2,3,5,1,0,1,1,1,0,1,1,0
14312,4,zeros-la-3-8,zeros-la-3,827,14312,4,1796,1024,2,8,128,4,64,1024,512,32,0,0,8,8,0,0,2,4,4,2,2,3,0,1,1,1,0,1,1,0
14328,4,zeros-la-3-8,zeros-la-3,828,14328,4,1798,1024,2,8,128,4,64,1024,512,32,16,2,0,0,2,4,0,0,4,3,2,1,1,1,1,1,0,1,1,0
14328,3,zeros-la-3-8,zeros-la-3,829,14328,3,1800,1024,2,8,128,4,64,1024,512,32,16,2,0,0,2,4,0,2,3,4,2,1,1,1,1,1,0,1,1,0
14328,2,zeros-la-3-8,zeros-la-3,830,14328,2,1802,1024,2,8,128,4,64,1024,512,32,0,2,16,2,0,2,4,2,2,5,2,1,1,1,1,1,0,1,1,0
14336,3,zeros-la-3-8,zeros-la-3,831,14336,3,1804,1024,0,2,128,0,0,8,512,4,2,1024,16,32,64,4,4,4,3,2,4,1,1,1,1,1,0,1,1,0
14336,2,zeros-la-3-8,zeros-la-3,832,14336,2,1806,1024,2,2,128,4,64,8,512,32,2,1024,16,4,0,4,4,0,2,3,4,1,1,1,1,1,0,1,1,0
14348,3,zeros-la-3-8,zeros-la-3,833,14348,3,1808,1024,0,4,128,4,64,8,512,32,2,1024,16,4,0,2,0,8,3,2,3,2,1,1,1,1,0,1,1,0
14348,2,zeros-la-3-8,zeros-la-3,834,14348,2,1810,1024,0,4,2,4,0,8,128,32,64,1024,512,4,2,2,16,8,2,3,3,2,1,1,1,1,0,1,1,0
14352,2,zeros-la-3-8,zeros-la-3,835,14352,2,1812,1024,4,2,4,0,8,128,32,2,64,1024,512,4,4,16,8,0,2,2,4,2,1,1,1,1,0,1,1,0
14352,1,zeros-la-3-8,zeros-la-3,836,14352,1,1814,1024,4,2,4,0,8,128,32,2,64,1024,512,2,4,16,8,4,1,3,4,2,1,1,1,1,0,1,1,0
14356,1,zeros-la-3-8,zeros-la-3,837,14356,1,1816,1024,4,2,4,2,8,128,32,0,64,1024,512,4,4,16,8,4,1,2,5,2,1,1,1,1,0,1,1,0
14364,1,zeros-la-3-8,zeros-la-3,838,14364,1,1818,1024,4,2,4,2,8,128,32,0,64,1024,512,2,4,16,8,8,1,3,3,3,1,1,1,1,0,1,1,0
14368,1,zeros-la-3-8,zeros-la-3,839,14368,1,1820,1024,4,2,4,2,8,128,32,0,64,1024,512,4,4,16,8,8,1,2,4,3,1,1,1,1,0,1,1,0
14384,1,zeros-la-3-8,zeros-la-3,840,14384,1,1822,1024,4,2,4,2,8,128,32,2,64,1024,512,4,4,16,16,0,1,3,4,1,2,1,1,1,0,1,1,0
14416,1,zeros-la-3-8,zeros-la-3,841,14416,1,1824,1024,4,2,4,2,8,128,32,2,64,1024,512,4,0,2,4,32,1,4,4,1,0,2,1,1,0,1,1,0
14420,1,zeros-la-3-8,zeros-la-3,842,14420,1,1826,1024,4,2,4,4,8,128,32,4,64,1024,512,32,2,2,4,0,1,3,5,1,0,2,1,1,0,1,1,0
14428,1,zeros-la-3-8,zeros-la-3,843,14428,1,1828,1024,4,2,4,8,8,128,32,32,64,1024,512,0,2,2,4,2,1,4,3,2,0,2,1,1,0,1,1,0
14496,2,zeros-la-3-8,zeros-la-3,844,14496,2,1830,1024,4,2,4,8,8,128,64,0,64,1024,512,2,4,4,2,0,2,3,4,2,0,0,2,1,0,1,1,0
14504,2,zeros-la-3-8,zeros-la-3,845,14504,2,1832,1024,4,2,4,8,0,8,128,64,64,1024,512,2,2,0,8,2,2,4,2,3,0,0,2,1,0,1,1,0
14508,2,zeros-la-3-8,zeros-la-3,846,14508,2,1834,1024,4,2,4,8,64,8,128,64,2,1024,512,4,0,2,8,0,2,3,3,3,0,0,2,1,0,1,1,0
14508,1,zeros-la-3-8,zeros-la-3,847,14508,1,1836,1024,0,2,4,2,4,8,128,8,64,1024,512,64,2,2,8,4,1,4,3,3,0,0,2,1,0,1,1,0
14508,0,zeros-la-3-8,zeros-la-3,848,14508,0,1838,1024,2,2,4,2,4,8,128,8,64,1024,512,64,2,2,8,4,0,5,3,3,0,0,2,1,0,1,1,0
14516,1,zeros-la-3-8,zeros-la-3,849,14516,1,1840,1024,4,4,2,0,4,8,128,8,64,1024,512,64,4,8,4,2,1,2,5,3,0,0,2,1,0,1,1,0
14524,1,zeros-la-3-8,zeros-la-3,850,14524,1,1842,1024,8,4,2,8,64,8,128,64,4,1024,512,2,2,8,4,0,1,3,3,4,0,0,2,1,0,1,1,0
14524,0,zeros-la-3-8,zeros-la-3,851,14524,0,1844,1024,8,4,2,8,64,8,128,64,4,1024,512,2,2,8,4,2,0,4,3,4,0,0,2,1,0,1,1,0
14528,0,zeros-la-3-8,zeros-la-3,852,14528,0,1846,1024,8,4,2,2,64,8,128,8,4,1024,512,64,2,8,4,4,0,3,4,4,0,0,2,1,0,1,1,0
14540,1,zeros-la-3-8,zeros-la-3,853,14540,1,1848,1024,2,8,4,4,64,8,128,8,4,1024,512,64,0,2,8,8,1,2,3,5,0,0,2,1,0,1,1,0
14564,2,zeros-la-3-8,zeros-la-3,854,14564,2,1850,1024,2,2,8,8,64,8,128,8,4,1024,512,64,0,0,2,16,2,3,1,4,1,0,2,1,0,1,1,0
14584,3,zeros-la-3-8,zeros-la-3,855,14584,3,1852,1024,0,2,4,16,64,8,128,8,4,1024,512,64,0,0,2,16,3,2,2,2,2,0,2,1,0,1,1,0
14584,2,zeros-la-3-8,zeros-la-3,856,14584,2,1854,1024,0,2,4,16,64,8,128,8,4,1024,512,64,0,2,2,16,2,3,2,2,2,0,2,1,0,1,1,0
14588,2,zeros-la-3-8,zeros-la-3,857,14588,2,1856,1024,0,2,4,16,64,8,128,8,4,1024,512,64,0,2,4,16,2,2,3,2,2,0,2,1,0,1,1,0
14588,1,zeros-la-3-8,zeros-la-3,858,14588,1,1860,1024,4,2,4,16,64,8,128,8,4,1024,512,64,0,2,4,16,1,2,4,2,2,0,2,1,0,1,1,0
14588,0,zeros-la-3-8,zeros-la-3,859,14588,0,1862,1024,4,2,4,16,64,8,128,8,4,1024,512,64,2,2,4,16,0,3,4,2,2,0,2,1,0,1,1,0
14592,0,zeros-la-3-8,zeros-la-3,860,14592,0,1864,1024,4,2,4,16,64,8,128,8,4,1024,512,64,2,4,4,16,0,2,5,2,2,0,2,1,0,1,1,0
14600,0,zeros-la-3-8,zeros-la-3,861,14600,0,1866,1024,4,2,4,16,64,8,128,8,4,1024,512,64,2,2,8,16,0,3,3,3,2,0,2,1,0,1,1,0
14604,0,zeros-la-3-8,zeros-la-3,862,14604,0,1868,1024,4,2,4,16,64,8,128,8,4,1024,512,64,4,8,16,2,0,2,4,3,2,0,2,1,0,1,1,0
14612,0,zeros-la-3-8,zeros-la-3,863,14612,0,1870,1024,2,2,4,16,4,8,128,8,64,1024,512,64,8,8,16,2,0,3,2,4,2,0,2,1,0,1,1,0
14632,1,zeros-la-3-8,zeros-la-3,864,14632,1,1872,1024,0,4,4,16,4,8,128,8,64,1024,512,64,2,16,16,2,1,2,3,2,3,0,2,1,0,1,1,0
14632,0,zeros-la-3-8,zeros-la-3,865,14632,0,1874,1024,2,4,4,16,4,8,128,8,64,1024,512,64,2,16,16,2,0,3,3,2,3,0,2,1,0,1,1,0
14672,1,zeros-la-3-8,zeros-la-3,866,14672,1,1876,1024,2,2,8,16,4,8,128,8,64,1024,512,64,0,2,32,2,1,4,1,3,1,1,2,1,0,1,1,0
14676,1,zeros-la-3-8,zeros-la-3,867,14676,1,1878,1024,4,8,16,0,4,8,128,8,64,1024,512,64,2,32,2,2,1,3,2,3,1,1,2,1,0,1,1,0
14700,2,zeros-la-3-8,zeros-la-3,868,14700,2,1880,1024,8,16,16,8,64,1024,128,64,2,32,512,2,0,2,2,0,2,4,0,2,2,1,2,1,0,1,1,0
14700,1,zeros-la-3-8,zeros-la-3,869,14700,1,1882,1024,0,16,16,2,8,1024,128,8,64,32,512,64,2,2,2,2,1,5,0,2,2,1,2,1,0,1,1,0
14740,3,zeros-la-3-8,zeros-la-3,870,14740,3,1884,1024,32,2,2,0,8,1024,128,8,64,32,512,64,4,4,0,0,3,2,2,2,0,2,2,1,0,1,1,0
14752,4,zeros-la-3-8,zeros-la-3,871,14752,4,1888,1024,32,4,0,0,8,1024,128,8,64,32,512,64,8,4,0,0,4,0,2,3,0,2,2,1,0,1,1,0
14752,3,zeros-la-3-8,zeros-la-3,872,14752,3,1890,1024,32,4,2,0,8,1024,0,0,64,32,128,8,8,4,512,64,3,1,2,3,0,2,2,1,0,1,1,0
14752,2,zeros-la-3-8,zeros-la-3,873,14752,2,1894,1024,32,4,2,0,8,1024,0,4,64,32,128,8,8,4,512,64,2,1,3,3,0,2,2,1,0,1,1,0
14752,1,zeros-la-3-8,zeros-la-3,874,14752,1,1896,1024,32,4,0,2,8,1024,2,4,64,32,128,8,8,4,512,64,1,2,3,3,0,2,2,1,0,1,1,0
14752,0,zeros-la-3-8,zeros-la-3,875,14752,0,1898,1024,32,4,2,2,8,1024,2,4,64,32,128,8,8,4,512,64,0,3,3,3,0,2,2,1,0,1,1,0
14756,0,zeros-la-3-8,zeros-la-3,876,14756,0,1900,1024,32,4,2,2,8,1024,4,4,64,32,128,8,8,4,512,64,0,2,4,3,0,2,2,1,0,1,1,0
14768,1,zeros-la-3-8,zeros-la-3,877,14768,1,1902,1024,2,32,4,4,0,8,1024,8,64,32,128,8,8,4,512,64,1,1,3,4,0,2,2,1,0,1,1,0
14776,1,zeros-la-3-8,zeros-la-3,878,14776,1,1904,1024,2,2,32,8,0,8,1024,8,64,32,128,8,8,4,512,64,1,2,1,5,0,2,2,1,0,1,1,0
14792,1,zeros-la-3-8,zeros-la-3,879,14792,1,1906,1024,0,2,32,2,2,8,1024,8,64,32,128,16,8,4,512,64,1,3,1,3,1,2,2,1,0,1,1,0
14792,0,zeros-la-3-8,zeros-la-3,880,14792,0,1908,1024,2,2,32,2,2,8,1024,8,64,32,128,16,8,4,512,64,0,4,1,3,1,2,2,1,0,1,1,0
14796,0,zeros-la-3-8,zeros-la-3,881,14796,0,1910,1024,2,4,32,2,2,8,1024,8,64,32,128,16,8,4,512,64,0,3,2,3,1,2,2,1,0,1,1,0
14800,0,zeros-la-3-8,zeros-la-3,882,14800,0,1912,1024,4,4,32,2,64,8,1024,8,8,32,128,16,2,4,512,64,0,2,3,3,1,2,2,1,0,1,1,0
14808,0,zeros-la-3-8,zeros-la-3,883,14808,0,1914,1024,2,8,32,2,64,8,1024,8,8,32,128,16,2,4,512,64,0,3,1,4,1,2,2,1,0,1,1,0
14824,0,zeros-la-3-8,zeros-la-3,884,14824,0,1916,1024,2,16,32,2,64,32,1024,8,8,4,128,16,2,2,512,64,0,4,1,2,2,2,2,1,0,1,1,0
14828,0,zeros-la-3-8,zeros-la-3,885,14828,0,1918,1024,2,16,32,2,64,32,1024,8,8,4,128,16,2,4,512,64,0,3,2,2,2,2,2,1,0,1,1,0
14836,0,zeros-la-3-8,zeros-la-3,886,14836,0,1922,1024,2,16,32,2,64,32,1024,8,8,8,128,16,2,4,512,64,0,3,1,3,2,2,2,1,0,1,1,0
14852,0,zeros-la-3-8,zeros-la-3,887,14852,0,1924,1024,2,16,32,2,64,32,1024,8,16,128,16,2,2,4,512,64,0,4,1,1,3,2,2,1,0,1,1,0
0,13,zeros-la-3-9,zeros-la-3,0,0,13,6,2,2,0,0,0,0,0,0,0,0,0,0,0,0,2,0,2,13,3,0,0,0,0,0,0,0,0,0,0
4,13,zeros-la-3-9,zeros-la-3,1,4,13,10,4,0,0,4,2,0,0,0,0,0,0,0,0,0,0,0,4,13,1,2,0,0,0,0,0,0,0,0,0
4,12,zeros-la-3-9,zeros-la-3,2,4,12,12,4,0,0,2,0,0,0,0,0,0,0,0,2,0,0,4,4,12,2,2,0,0,0,0,0,0,0,0,0
12,12,zeros-la-3-9,zeros-la-3,3,12,12,14,8,2,0,0,0,0,0,0,0,2,2,0,0,8,0,0,0,12,3,0,1,0,0,0,0,0,0,0,0
16,12,zeros-la-3-9,zeros-la-3,4,16,12,16,8,4,2,0,0,8,0,0,0,2,0,0,0,0,0,0,0,12,2,1,1,0,0,0,0,0,0,0,0
16,11,zeros-la-3-9,zeros-la-3,5,16,11,18,8,4,2,0,0,8,0,0,0,2,0,0,0,0,0,0,2,11,3,1,1,0,0,0,0,0,0,0,0
16,10,zeros-la-3-9,zeros-la-3,6,16,10,20,8,4,2,0,2,8,0,0,0,2,0,0,2,0,0,0,0,10,4,1,1,0,0,0,0,0,0,0,0
24,11,zeros-la-3-9,zeros-la-3,7,24,11,24,8,0,0,4,4,0,0,0,8,0,0,0,4,0,4,0,0,11,0,4,1,0,0,0,0,0,0,0,0
32,11,zeros-la-3-9,zeros-la-3,8,32,11,26,8,8,0,0,0,8,0,0,2,4,0,0,0,4,0,0,0,11,1,2,2,0,0,0,0,0,0,0,0
56,12,zeros-la-3-9,zeros-la-3,9,56,12,28,16,0,0,0,0,0,0,0,0,16,0,0,0,8,2,0,2,12,2,0,1,1,0,0,0,0,0,0,0
56,11,zeros-la-3-9,zeros-la-3,10,56,11,30,16,0,0,0,0,0,0,0,0,16,0,2,0,8,2,0,2,11,3,0,1,1,0,0,0,0,0,0,0
60,11,zeros-la-3-9,zeros-la-3,11,60,11,32,16,0,2,0,0,0,0,0,0,0,0,16,2,0,0,8,4,11,2,1,1,1,0,0,0,0,0,0,0
60,10,zeros-la-3-9,zeros-la-3,12,60,10,34,16,2,0,0,0,2,0,0,0,16,2,0,0,8,4,0,0,10,3,1,1,1,0,0,0,0,0,0,0
60,9,zeros-la-3-9,zeros-la-3,13,60,9,36,16,2,0,2,0,2,0,0,0,16,2,0,0,8,4,0,0,9,4,1,1,1,0,0,0,0,0,0,0
64,9,zeros-la-3-9,zeros-la-3,14,64,9,38,16,4,2,2,0,16,4,2,0,8,0,0,0,0,0,0,0,9,3,2,1,1,0,0,0,0,0,0,0
68,9,zeros-la-3-9,zeros-la-3,15,68,9,40,16,4,4,0,0,16,4,2,0,8,0,2,0,0,0,0,0,9,2,3,1,1,0,0,0,0,0,0,0
80,10,zeros-la-3-9,zeros-la-3,16,80,10,42,16,0,0,0,0,4,0,0,0,16,0,0,0,8,8,4,2,10,1,2,2,1,0,0,0,0,0,0,0
96,10,zeros-la-3-9,zeros-la-3,17,96,10,44,16,0,2,0,0,4,0,0,0,16,0,0,0,16,4,2,0,10,2,2,0,2,0,0,0,0,0,0,0
128,10,zeros-la-3-9,zeros-la-3,18,128,10,46,32,4,2,2,0,32,4,0,0,0,2,0,0,0,0,0,0,10,3,2,0,0,1,0,0,0,0,0,0
132,10,zeros-la-3-9,zeros-la-3,19,132,10,48,32,4,4,0,0,32,4,0,0,2,2,0,0,0,0,0,0,10,2,3,0,0,1,0,0,0,0,0,0
144,11,zeros-la-3-9,zeros-la-3,20,144,11,50,32,0,0,0,8,0,0,32,4,0,0,2,4,0,0,0,0,11,1,2,1,0,1,0,0,0,0,0,0
152,11,zeros-la-3-9,zeros-la-3,21,152,11,52,32,0,0,32,8,0,0,2,8,0,2,0,0,0,0,0,0,11,2,0,2,0,1,0,0,0,0,0,0
168,11,zeros-la-3-9,zeros-la-3,22,168,11,54,32,0,2,32,16,0,2,2,0,0,0,0,0,0,0,0,0,11,3,0,0,1,1,0,0,0,0,0,0
172,11,zeros-la-3-9,zeros-la-3,23,172,11,56,32,0,4,32,16,0,0,2,0,0,0,0,0,0,0,0,2,11,2,1,0,1,1,0,0,0,0,0,0
172,10,zeros-la-3-9,zeros-la-3,24,172,10,58,32,4,32,16,0,2,0,0,0,0,0,2,0,2,0,0,0,10,3,1,0,1,1,0,0,0,0,0,0
176,10,zeros-la-3-9,zeros-la-3,25,176,10,60,32,0,0,2,0,0,0,0,0,4,0,16,0,4,32,2,0,10,2,2,0,1,1,0,0,0,0,0,0
184,10,zeros-la-3-9,zeros-la-3,26,184,10,62,32,8,32,2,0,2,0,16,0,0,0,2,0,0,0,0,0,10,3,0,1,1,1,0,0,0,0,0,0
184,9,zeros-la-3-9,zeros-la-3,27,184,9,64,32,8,32,2,0,2,16,0,2,2,0,0,0,0,0,0,0,9,4,0,1,1,1,0,0,0,0,0,0
188,9,zeros-la-3-9,zeros-la-3,28,188,9,66,32,8,32,2,2,4,16,0,0,0,0,0,2,0,0,0,0,9,3,1,1,1,1,0,0,0,0,0,0
192,9,zeros-la-3-9,zeros-la-3,29,192,9,68,32,0,8,32,4,2,0,4,16,0,0,0,2,0,0,0,0,9,2,2,1,1,1,0,0,0,0,0,0
192,8,zeros-la-3-9,zeros-la-3,30,192,8,70,32,8,32,4,0,2,4,16,0,2,0,0,0,0,0,0,2,8,3,2,1,1,1,0,0,0,0,0,0
196,8,zeros-la-3-9,zeros-la-3,31,196,8,72,32,0,0,0,0,0,0,0,2,8,32,4,0,4,4,16,2,8,2,3,1,1,1,0,0,0,0,0,0
204,8,zeros-la-3-9,zeros-la-3,32,204,8,74,32,0,2,0,0,2,0,0,0,8,32,4,0,8,16,2,0,8,3,1,2,1,1,0,0,0,0,0,0
220,8,zeros-la-3-9,zeros-la-3,33,220,8,76,32,0,0,0,0,0,2,2,0,2,32,4,0,16,16,2,0,8,4,1,0,2,1,0,0,0,0,0,0
256,9,zeros-la-3-9,zeros-la-3,34,256,9,78,32,0,0,0,0,0,0,0,4,0,2,32,4,2,0,32,2,9,3,2,0,0,2,0,0,0,0,0,0
328,10,zeros-la-3-9,zeros-la-3,35,328,10,80,64,2,0,0,0,0,0,0,0,0,0,0,8,2,2,64,2,10,4,0,1,0,0,1,0,0,0,0,0
332,10,zeros-la-3-9,zeros-la-3,36,332,10,82,64,4,2,64,8,0,0,0,2,0,0,0,2,0,0,0,0,10,3,1,1,0,0,1,0,0,0,0,0
336,10,zeros-la-3-9,zeros-la-3,37,336,10,84,64,4,2,64,8,0,0,0,4,0,0,0,0,2,0,0,0,10,2,2,1,0,0,1,0,0,0,0,0
336,9,zeros-la-3-9,zeros-la-3,38,336,9,88,64,4,2,64,8,4,4,0,0,0,0,0,0,2,0,0,0,9,2,3,1,0,0,1,0,0,0,0,0
344,9,zeros-la-3-9,zeros-la-3,39,344,9,90,64,4,2,64,8,0,0,0,8,0,0,0,0,2,0,0,2,9,3,1,2,0,0,1,0,0,0,0,0
360,9,zeros-la-3-9,zeros-la-3,40,360,9,92,64,0,0,0,0,0,0,2,0,4,0,0,16,2,2,64,2,9,4,1,0,1,0,1,0,0,0,0,0
360,8,zeros-la-3-9,zeros-la-3,41,360,8,94,64,4,2,2,16,2,0,64,2,0,0,2,0,0,0,0,0,8,5,1,0,1,0,1,0,0,0,0,0
364,8,zeros-la-3-9,zeros-la-3,42,364,8,96,64,4,4,16,0,2,64,2,0,2,0,0,0,0,0,2,0,8,4,2,0,1,0,1,0,0,0,0,0
372,9,zeros-la-3-9,zeros-la-3,43,372,9,98,64,4,4,16,0,4,64,4,0,0,0,0,2,0,0,0,0,9,1,4,0,1,0,1,0,0,0,0,0
380,9,zeros-la-3-9,zeros-la-3,44,380,9,100,64,8,16,0,0,4,64,4,0,2,0,0,0,0,2,0,0,9,2,2,1,1,0,1,0,0,0,0,0
380,8,zeros-la-3-9,zeros-la-3,45,380,8,104,64,8,16,4,0,4,64,0,0,2,2,0,0,0,4,0,0,8,2,3,1,1,0,1,0,0,0,0,0
384,8,zeros-la-3-9,zeros-la-3,46,384,8,106,64,8,16,4,0,4,64,2,0,4,0,0,0,4,0,0,0,8,1,4,1,1,0,1,0,0,0,0,0
392,8,zeros-la-3-9,zeros-la-3,47,392,8,108,64,8,16,4,0,8,64,2,0,4,0,0,0,0,0,0,2,8,2,2,2,1,0,1,0,0,0,0,0
408,8,zeros-la-3-9,zeros-la-3,48,408,8,110,64,0,0,0,0,0,0,0,2,16,16,4,0,4,64,2,2,8,3,2,0,2,0,1,0,0,0,0,0
412,8,zeros-la-3-9,zeros-la-3,49,412,8,112,64,16,16,4,4,4,64,2,0,0,0,0,0,0,0,0,2,8,2,3,0,2,0,1,0,0,0,0,0
452,9,zeros-la-3-9,zeros-la-3,50,452,9,114,64,0,0,32,8,0,4,64,2,0,0,0,2,0,0,0,2,9,3,1,1,0,1,1,0,0,0,0,0
456,9,zeros-la-3-9,zeros-la-3,51,456,9,118,64,0,4,32,8,0,0,64,4,0,0,0,2,0,0,4,0,9,1,3,1,0,1,1,0,0,0,0,0
456,8,zeros-la-3-9,zeros-la-3,52,456,8,120,64,0,4,32,8,0,0,64,4,0,0,0,2,2,0,0,4,8,2,3,1,0,1,1,0,0,0,0,0
456,7,zeros-la-3-9,zeros-la-3,53,456,7,122,64,4,32,8,0,64,4,0,0,2,2,0,0,2,4,0,0,7,3,3,1,0,1,1,0,0,0,0,0
460,7,zeros-la-3-9,zeros-la-3,54,460,7,124,64,2,4,32,8,0,0,64,4,0,0,0,4,0,0,2,4,7,2,4,1,0,1,1,0,0,0,0,0
468,7,zeros-la-3-9,zeros-la-3,55,468,7,126,64,2,4,32,8,0,2,64,8,0,0,2,4,0,0,0,0,7,3,2,2,0,1,1,0,0,0,0,0
484,7,zeros-la-3-9,zeros-la-3,56,484,7,128,64,2,4,32,16,0,2,64,4,0,0,2,0,0,2,0,0,7,4,2,0,1,1,1,0,0,0,0,0
488,7,zeros-la-3-9,zeros-la-3,57,488,7,130,64,2,4,32,16,2,4,64,4,0,0,2,0,0,0,0,0,7,3,3,0,1,1,1,0,0,0,0,0
500,8,zeros-la-3-9,zeros-la-3,58,500,8,132,64,4,8,32,16,0,0,64,4,2,0,2,0,0,0,0,0,8,2,2,1,1,1,1,0,0,0,0,0
504,8,zeros-la-3-9,zeros-la-3,59,504,8,136,64,4,8,32,16,0,4,64,4,0,0,0,4,0,0,0,0,8,0,4,1,1,1,1,0,0,0,0,0
512,8,zeros-la-3-9,zeros-la-3,60,512,8,138,64,2,0,0,0,0,0,0,0,0,8,32,16,4,4,64,8,8,1,2,2,1,1,1,0,0,0,0,0
520,8,zeros-la-3-9,zeros-la-3,61,520,8,140,64,0,0,0,2,0,0,2,0,0,8,32,16,0,8,64,8,8,2,0,3,1,1,1,0,0,0,0,0
536,8,zeros-la-3-9,zeros-la-3,62,536,8,142,64,0,2,0,0,0,0,2,2,0,0,32,16,0,16,64,8,8,3,0,1,2,1,1,0,0,0,0,0
540,8,zeros-la-3-9,zeros-la-3,63,540,8,144,64,0,0,0,2,2,0,0,4,0,0,32,16,0,16,64,8,8,2,1,1,2,1,1,0,0,0,0,0
540,7,zeros-la-3-9,zeros-la-3,64,540,7,148,64,2,0,0,0,2,4,0,0,32,16,0,0,16,64,8,4,7,2,2,1,2,1,1,0,0,0,0,0
544,7,zeros-la-3-9,zeros-la-3,65,544,7,150,64,4,4,8,4,32,16,0,0,16,64,0,0,0,0,2,0,7,1,3,1,2,1,1,0,0,0,0,0
552,7,zeros-la-3-9,zeros-la-3,66,552,7,152,64,8,8,4,2,32,16,0,0,16,64,0,0,2,0,0,0,7,2,1,2,2,1,1,0,0,0,0,0
568,7,zeros-la-3-9,zeros-la-3,67,568,7,156,64,16,4,2,0,32,16,0,0,16,64,0,0,2,0,4,0,7,2,2,0,3,1,1,0,0,0,0,0
568,6,zeros-la-3-9,zeros-la-3,68,568,6,158,64,16,0,0,0,32,4,0,0,16,16,2,0,2,64,4,2,6,3,2,0,3,1,1,0,0,0,0,0
600,6,zeros-la-3-9,zeros-la-3,69,600,6,160,64,0,2,0,16,0,0,32,4,0,0,32,2,2,64,4,2,6,4,2,0,1,2,1,0,0,0,0,0
668,7,zeros-la-3-9,zeros-la-3,70,668,7,162,64,2,2,64,16,0,64,4,4,0,0,0,4,0,0,2,0,7,3,3,0,1,0,2,0,0,0,0,0
680,8,zeros-la-3-9,zeros-la-3,71,680,8,164,64,0,4,64,16,0,0,64,8,0,0,0,4,0,0,2,2,8,2,2,1,1,0,2,0,0,0,0,0
684,8,zeros-la-3-9,zeros-la-3,72,684,8,166,64,0,4,64,16,0,0,64,8,0,2,0,4,0,0,0,4,8,1,3,1,1,0,2,0,0,0,0,0
820,9,zeros-la-3-9,zeros-la-3,73,820,9,168,128,0,4,128,16,0,2,0,8,0,0,0,8,0,2,0,0,9,2,1,2,1,0,0,1,0,0,0,0
840,10,zeros-la-3-9,zeros-la-3,74,840,10,170,128,0,4,128,16,0,4,0,16,0,0,2,0,0,0,0,0,10,1,2,0,2,0,0,1,0,0,0,0
880,11,zeros-la-3-9,zeros-la-3,75,880,11,172,128,0,8,128,32,0,0,2,0,2,0,0,0,0,0,0,0,11,2,0,1,0,1,0,1,0,0,0,0
880,10,zeros-la-3-9,zeros-la-3,76,880,10,174,128,8,128,32,0,2,0,0,0,2,2,0,0,0,0,0,0,10,3,0,1,0,1,0,1,0,0,0,0
884,10,zeros-la-3-9,zeros-la-3,77,884,10,176,128,8,128,32,0,4,2,0,0,0,2,0,0,0,0,0,0,10,2,1,1,0,1,0,1,0,0,0,0
888,10,zeros-la-3-9,zeros-la-3,78,888,10,180,128,0,4,0,0,0,0,0,0,8,128,0,0,4,4,32,0,10,0,3,1,0,1,0,1,0,0,0,0
896,10,zeros-la-3-9,zeros-la-3,79,896,10,184,128,0,0,0,4,0,0,0,0,4,0,8,128,0,0,8,32,10,0,2,2,0,1,0,1,0,0,0,0
912,10,zeros-la-3-9,zeros-la-3,80,912,10,186,128,0,0,0,0,0,0,0,4,0,0,2,128,4,0,16,32,10,1,2,0,1,1,0,1,0,0,0,0
912,9,zeros-la-3-9,zeros-la-3,81,912,9,188,128,2,0,0,0,0,0,0,4,0,0,2,128,4,0,16,32,9,2,2,0,1,1,0,1,0,0,0,0
912,8,zeros-la-3-9,zeros-la-3,82,912,8,190,128,0,0,0,0,0,0,2,4,2,0,2,128,4,0,16,32,8,3,2,0,1,1,0,1,0,0,0,0
916,8,zeros-la-3-9,zeros-la-3,83,916,8,192,128,0,0,0,0,2,4,0,0,4,128,0,2,4,16,32,0,8,2,3,0,1,1,0,1,0,0,0,0
924,8,zeros-la-3-9,zeros-la-3,84,924,8,194,128,0,0,0,0,2,4,0,0,2,128,0,0,8,16,32,2,8,3,1,1,1,1,0,1,0,0,0,0
928,8,zeros-la-3-9,zeros-la-3,85,928,8,196,128,4,4,32,2,8,128,2,0,0,16,0,0,0,0,0,0,8,2,2,1,1,1,0,1,0,0,0,0
936,8,zeros-la-3-9,zeros-la-3,86,936,8,200,128,8,32,2,0,8,128,2,0,16,0,0,0,0,4,0,0,8,2,1,2,1,1,0,1,0,0,0,0
956,9,zeros-la-3-9,zeros-la-3,87,956,9,202,128,0,0,0,2,0,32,0,0,16,128,0,0,16,4,4,0,9,1,2,0,2,1,0,1,0,0,0,0
964,9,zeros-la-3-9,zeros-la-3,88,964,9,204,128,2,0,0,0,32,0,0,0,16,128,2,0,16,8,0,0,9,2,0,1,2,1,0,1,0,0,0,0
996,9,zeros-la-3-9,zeros-la-3,89,996,9,208,128,4,0,0,0,2,0,0,0,32,128,0,0,32,8,2,0,9,2,1,1,0,2,0,1,0,0,0,0
1060,9,zeros-la-3-9,zeros-la-3,90,1060,9,212,128,0,0,0,4,4,0,0,0,2,128,0,0,64,8,2,0,9,2,2,1,0,0,1,1,0,0,0,0
1060,8,zeros-la-3-9,zeros-la-3,91,1060,8,214,128,4,0,0,0,4,0,0,0,2,128,0,0,64,8,2,2,8,3,2,1,0,0,1,1,0,0,0,0
1064,8,zeros-la-3-9,zeros-la-3,92,1064,8,218,128,0,0,0,4,0,4,0,4,0,0,2,128,0,64,8,4,8,1,4,1,0,0,1,1,0,0,0,0
1072,8,zeros-la-3-9,zeros-la-3,93,1072,8,220,128,0,0,2,4,0,0,0,8,0,0,2,128,0,64,8,4,8,2,2,2,0,0,1,1,0,0,0,0
1076,8,zeros-la-3-9,zeros-la-3,94,1076,8,222,128,0,64,4,4,0,0,8,8,0,0,2,128,0,0,0,4,8,1,3,2,0,0,1,1,0,0,0,0
1100,9,zeros-la-3-9,zeros-la-3,95,1100,9,224,128,0,0,64,8,0,0,0,16,0,0,2,128,0,2,0,4,9,2,1,1,1,0,1,1,0,0,0,0
1100,8,zeros-la-3-9,zeros-la-3,96,1100,8,226,128,0,2,64,8,0,0,0,16,0,0,2,128,0,0,2,4,8,3,1,1,1,0,1,1,0,0,0,0
1100,7,zeros-la-3-9,zeros-la-3,97,1100,7,228,128,0,2,64,8,0,0,0,16,0,0,2,128,2,0,2,4,7,4,1,1,1,0,1,1,0,0,0,0
1104,7,zeros-la-3-9,zeros-la-3,98,1104,7,230,128,2,2,64,8,0,0,4,16,0,0,0,128,0,2,0,4,7,3,2,1,1,0,1,1,0,0,0,0
1108,7,zeros-la-3-9,zeros-la-3,99,1108,7,232,128,0,0,0,8,0,2,0,16,0,0,64,128,2,4,4,4,7,2,3,1,1,0,1,1,0,0,0,0
1116,7,zeros-la-3-9,zeros-la-3,100,1116,7,234,128,0,0,0,8,0,2,2,16,0,0,64,128,0,2,4,8,7,3,1,2,1,0,1,1,0,0,0,0
1120,7,zeros-la-3-9,zeros-la-3,101,1120,7,236,128,0,0,0,8,0,0,2,16,0,2,64,128,0,4,4,8,7,2,2,2,1,0,1,1,0,0,0,0
1128,7,zeros-la-3-9,zeros-la-3,102,1128,7,238,128,2,0,0,8,0,0,2,16,0,2,64,128,0,0,8,8,7,3,0,3,1,0,1,1,0,0,0,0
1144,7,zeros-la-3-9,zeros-la-3,103,1144,7,240,128,0,0,2,8,0,0,2,16,2,2,64,128,0,0,0,16,7,4,0,1,2,0,1,1,0,0,0,0
1148,7,zeros-la-3-9,zeros-la-3,104,1148,7,242,128,0,2,0,8,0,0,0,16,0,0,4,128,2,2,64,16,7,3,1,1,2,0,1,1,0,0,0,0
1152,7,zeros-la-3-9,zeros-la-3,105,1152,7,244,128,2,4,4,8,0,0,64,16,0,2,0,128,0,0,0,16,7,2,2,1,2,0,1,1,0,0,0,0
1160,7,zeros-la-3-9,zeros-la-3,106,1160,7,246,128,0,2,8,8,0,0,64,16,0,2,2,128,0,0,0,16,7,3,0,2,2,0,1,1,0,0,0,0
1180,8,zeros-la-3-9,zeros-la-3,107,1180,8,248,128,2,0,2,16,0,0,64,16,0,0,4,128,0,0,0,16,8,2,1,0,3,0,1,1,0,0,0,0
1212,8,zeros-la-3-9,zeros-la-3,108,1212,8,250,128,0,0,2,0,0,0,2,32,0,0,64,128,2,0,4,16,8,3,1,0,1,1,1,1,0,0,0,0
1216,8,zeros-la-3-9,zeros-la-3,109,1216,8,252,128,0,0,0,0,2,0,4,32,0,0,64,128,2,0,4,16,8,2,2,0,1,1,1,1,0,0,0,0
1220,8,zeros-la-3-9,zeros-la-3,110,1220,8,254,128,4,0,4,32,0,0,64,128,2,0,4,16,0,0,0,0,8,1,3,0,1,1,1,1,0,0,0,0
1228,8,zeros-la-3-9,zeros-la-3,111,1228,8,256,128,2,0,8,32,0,0,64,128,0,2,4,16,0,0,0,0,8,2,1,1,1,1,1,1,0,0,0,0
1228,7,zeros-la-3-9,zeros-la-3,112,1228,7,258,128,0,2,8,32,0,0,64,128,2,2,4,16,0,0,0,0,7,3,1,1,1,1,1,1,0,0,0,0
1232,7,zeros-la-3-9,zeros-la-3,113,1232,7,260,128,2,0,0,0,0,0,8,32,0,0,64,128,2,4,4,16,7,2,2,1,1,1,1,1,0,0,0,0
1236,7,zeros-la-3-9,zeros-la-3,114,1236,7,262,128,4,4,8,32,0,0,64,128,0,2,4,16,0,0,0,0,7,1,3,1,1,1,1,1,0,0,0,0
1244,7,zeros-la-3-9,zeros-la-3,115,1244,7,264,128,2,8,8,32,0,0,64,128,0,2,4,16,0,0,0,0,7,2,1,2,1,1,1,1,0,0,0,0
1260,7,zeros-la-3-9,zeros-la-3,116,1260,7,266,128,0,2,16,32,0,2,64,128,0,2,4,16,0,0,0,0,7,3,1,0,2,1,1,1,0,0,0,0
1264,7,zeros-la-3-9,zeros-la-3,117,1264,7,268,128,0,4,16,32,2,2,64,128,0,0,4,16,0,0,0,0,7,2,2,0,2,1,1,1,0,0,0,0
1268,7,zeros-la-3-9,zeros-la-3,118,1268,7,270,128,0,4,16,32,0,4,64,128,0,2,4,16,0,0,0,0,7,1,3,0,2,1,1,1,0,0,0,0
1276,7,zeros-la-3-9,zeros-la-3,119,1276,7,272,128,2,8,16,32,0,2,64,128,0,0,4,16,0,0,0,0,7,2,1,1,2,1,1,1,0,0,0,0
1276,6,zeros-la-3-9,zeros-la-3,120,1276,6,274,128,2,8,16,32,2,64,128,0,4,16,2,0,0,0,0,0,6,3,1,1,2,1,1,1,0,0,0,0
1280,6,zeros-la-3-9,zeros-la-3,121,1280,6,276,128,4,8,16,32,4,64,128,0,0,16,2,0,0,0,0,2,6,2,2,1,2,1,1,1,0,0,0,0
1288,6,zeros-la-3-9,zeros-la-3,122,1288,6,278,128,8,8,16,32,2,64,128,2,0,16,2,0,0,0,0,0,6,3,0,2,2,1,1,1,0,0,0,0
1304,6,zeros-la-3-9,zeros-la-3,123,1304,6,280,128,2,16,16,32,2,64,128,2,0,0,16,2,0,0,0,0,6,4,0,0,3,1,1,1,0,0,0,0
1336,6,zeros-la-3-9,zeros-la-3,124,1336,6,282,128,0,2,32,32,2,64,128,2,0,0,16,2,0,2,0,0,6,5,0,0,1,2,1,1,0,0,0,0
1400,6,zeros-la-3-9,zeros-la-3,125,1400,6,286,128,2,64,0,0,2,64,128,2,16,2,4,0,2,0,0,0,6,5,1,0,1,0,2,1,0,0,0,0
1532,7,zeros-la-3-9,zeros-la-3,126,1532,7,288,128,4,128,128,2,16,2,4,0,2,0,0,0,2,0,0,0,7,4,2,0,1,0,0,2,0,0,0,0
1536,7,zeros-la-3-9,zeros-la-3,127,1536,7,290,128,4,128,128,2,16,2,4,0,4,2,0,0,0,0,0,0,7,3,3,0,1,0,0,2,0,0,0,0
1540,7,zeros-la-3-9,zeros-la-3,128,1540,7,292,128,0,0,0,0,4,2,0,0,16,128,128,0,4,4,4,2,7,2,4,0,1,0,0,2,0,0,0,0
1804,8,zeros-la-3-9,zeros-la-3,129,1804,8,294,256,0,2,0,0,0,0,4,2,0,0,16,256,0,4,8,2,8,3,2,1,1,0,0,0,1,0,0,0
1804,7,zeros-la-3-9,zeros-la-3,130,1804,7,298,256,0,0,0,2,0,0,4,2,0,4,16,256,0,4,8,2,7,3,3,1,1,0,0,0,1,0,0,0
1816,8,zeros-la-3-9,zeros-la-3,131,1816,8,300,256,0,0,2,0,0,0,4,4,0,0,16,256,0,8,8,2,8,2,2,2,1,0,0,0,1,0,0,0
1840,9,zeros-la-3-9,zeros-la-3,132,1840,9,304,256,2,0,0,0,8,0,0,4,16,256,0,0,16,2,0,0,9,2,1,1,2,0,0,0,1,0,0,0
1840,8,zeros-la-3-9,zeros-la-3,133,1840,8,306,256,0,2,0,2,0,0,8,4,0,0,16,256,0,0,16,2,8,3,1,1,2,0,0,0,1,0,0,0
1844,8,zeros-la-3-9,zeros-la-3,134,1844,8,308,256,0,0,0,4,0,0,8,4,0,0,16,256,2,0,16,2,8,2,2,1,2,0,0,0,1,0,0,0
1884,9,zeros-la-3-9,zeros-la-3,135,1884,9,310,256,2,0,8,8,2,0,32,256,0,0,0,2,0,0,0,0,9,3,0,2,0,1,0,0,1,0,0,0
1900,9,zeros-la-3-9,zeros-la-3,136,1900,9,312,256,2,16,0,0,2,32,256,2,2,0,0,0,0,0,0,0,9,4,0,0,1,1,0,0,1,0,0,0
1904,9,zeros-la-3-9,zeros-la-3,137,1904,9,314,256,2,0,0,0,0,0,0,0,2,16,0,0,4,32,256,2,9,3,1,0,1,1,0,0,1,0,0,0
1908,9,zeros-la-3-9,zeros-la-3,138,1908,9,316,256,0,0,0,0,0,0,0,2,4,16,0,0,4,32,256,2,9,2,2,0,1,1,0,0,1,0,0,0
1920,10,zeros-la-3-9,zeros-la-3,139,1920,10,318,256,0,0,0,0,0,0,0,0,0,16,2,0,8,32,256,4,10,1,1,1,1,1,0,0,1,0,0,0
1920,9,zeros-la-3-9,zeros-la-3,140,1920,9,320,256,0,0,0,0,0,2,0,0,0,16,2,0,8,32,256,4,9,2,1,1,1,1,0,0,1,0,0,0
1920,8,zeros-la-3-9,zeros-la-3,141,1920,8,322,256,0,0,0,2,0,0,0,2,0,0,16,2,8,32,256,4,8,3,1,1,1,1,0,0,1,0,0,0
1924,8,zeros-la-3-9,zeros-la-3,142,1924,8,324,256,0,0,0,0,0,2,0,2,0,0,16,4,8,32,256,4,8,2,2,1,1,1,0,0,1,0,0,0
1928,8,zeros-la-3-9,zeros-la-3,143,1928,8,326,256,0,0,0,0,0,0,2,4,0,0,16,4,8,32,256,4,8,1,3,1,1,1,0,0,1,0,0,0
1936,8,zeros-la-3-9,zeros-la-3,144,1936,8,328,256,0,0,0,0,0,0,2,2,0,0,16,4,8,32,256,8,8,2,1,2,1,1,0,0,1,0,0,0
1940,8,zeros-la-3-9,zeros-la-3,145,1940,8,330,256,2,0,0,0,0,0,0,4,0,0,16,4,8,32,256,8,8,1,2,2,1,1,0,0,1,0,0,0
1948,8,zeros-la-3-9,zeros-la-3,146,1948,8,332,256,0,0,0,0,2,0,0,0,2,0,16,8,8,32,256,8,8,2,0,3,1,1,0,0,1,0,0,0
1968,9,zeros-la-3-9,zeros-la-3,147,1968,9,334,256,4,32,16,16,8,0,256,0,0,0,0,0,0,0,2,0,9,1,1,1,2,1,0,0,1,0,0,0
2000,9,zeros-la-3-9,zeros-la-3,148,2000,9,336,256,0,4,32,32,0,2,8,256,0,0,0,0,0,0,0,2,9,2,1,1,0,2,0,0,1,0,0,0
2064,9,zeros-la-3-9,zeros-la-3,149,2064,9,338,256,4,64,0,0,2,8,256,2,0,0,0,0,2,0,0,0,9,3,1,1,0,0,1,0,1,0,0,0
2068,9,zeros-la-3-9,zeros-la-3,150,2068,9,342,256,0,0,0,0,0,4,0,0,4,64,0,0,4,8,256,2,9,1,3,1,0,0,1,0,1,0,0,0
2076,9,zeros-la-3-9,zeros-la-3,151,2076,9,344,256,0,0,0,0,0,4,0,0,2,64,0,0,8,8,256,2,9,2,1,2,0,0,1,0,1,0,0,0
2092,9,zeros-la-3-9,zeros-la-3,152,2092,9,346,256,0,0,0,0,0,0,2,4,0,0,2,64,0,16,256,2,9,3,1,0,1,0,1,0,1,0,0,0
2096,9,zeros-la-3-9,zeros-la-3,153,2096,9,348,256,0,16,4,4,0,0,256,64,0,0,0,2,0,0,0,2,9,2,2,0,1,0,1,0,1,0,0,0
2104,9,zeros-la-3-9,zeros-la-3,154,2104,9,350,256,0,0,16,8,0,0,256,64,0,0,0,2,0,2,0,2,9,3,0,1,1,0,1,0,1,0,0,0
2108,9,zeros-la-3-9,zeros-la-3,155,2108,9,352,256,0,2,16,8,0,0,256,64,0,0,2,4,0,0,0,0,9,2,1,1,1,0,1,0,1,0,0,0
2108,8,zeros-la-3-9,zeros-la-3,156,2108,8,354,256,0,0,0,2,0,0,16,8,0,0,256,64,0,2,2,4,8,3,1,1,1,0,1,0,1,0,0,0
2112,8,zeros-la-3-9,zeros-la-3,157,2112,8,356,256,0,0,0,2,0,0,16,8,2,0,256,64,0,0,4,4,8,2,2,1,1,0,1,0,1,0,0,0
2112,7,zeros-la-3-9,zeros-la-3,158,2112,7,358,256,2,0,0,2,0,0,16,8,0,0,256,64,2,0,4,4,7,3,2,1,1,0,1,0,1,0,0,0
2124,8,zeros-la-3-9,zeros-la-3,159,2124,8,360,256,2,0,0,4,0,0,16,8,0,0,256,64,0,0,2,8,8,2,1,2,1,0,1,0,1,0,0,0
2124,7,zeros-la-3-9,zeros-la-3,160,2124,7,362,256,2,0,0,4,0,0,16,8,0,0,256,64,2,0,2,8,7,3,1,2,1,0,1,0,1,0,0,0
2128,7,zeros-la-3-9,zeros-la-3,161,2128,7,364,256,0,0,0,4,0,0,16,8,0,2,256,64,4,0,2,8,7,2,2,2,1,0,1,0,1,0,0,0
2128,6,zeros-la-3-9,zeros-la-3,162,2128,6,366,256,0,0,2,4,0,0,16,8,0,0,256,64,4,2,2,8,6,3,2,2,1,0,1,0,1,0,0,0
2132,6,zeros-la-3-9,zeros-la-3,163,2132,6,368,256,0,0,2,4,2,0,16,8,0,0,256,64,0,4,4,8,6,2,3,2,1,0,1,0,1,0,0,0
2140,6,zeros-la-3-9,zeros-la-3,164,2140,6,370,256,2,4,0,0,2,16,8,0,256,64,2,0,8,8,0,0,6,3,1,3,1,0,1,0,1,0,0,0
2144,6,zeros-la-3-9,zeros-la-3,165,2144,6,372,256,4,4,8,2,256,16,2,0,8,64,0,0,0,8,0,0,6,2,2,3,1,0,1,0,1,0,0,0
2152,6,zeros-la-3-9,zeros-la-3,166,2152,6,374,256,8,8,2,0,256,16,2,0,8,64,0,0,8,0,0,2,6,3,0,4,1,0,1,0,1,0,0,0
2172,7,zeros-la-3-9,zeros-la-3,167,2172,7,376,256,8,8,4,2,256,16,0,0,16,64,2,0,0,0,0,0,7,2,1,2,2,0,1,0,1,0,0,0
2172,6,zeros-la-3-9,zeros-la-3,168,2172,6,378,256,0,0,0,2,8,8,0,0,256,16,4,0,16,64,2,2,6,3,1,2,2,0,1,0,1,0,0,0
2192,7,zeros-la-3-9,zeros-la-3,169,2192,7,380,256,0,0,2,2,0,0,0,16,0,256,16,4,0,16,64,4,7,2,2,0,3,0,1,0,1,0,0,0
2200,7,zeros-la-3-9,zeros-la-3,170,2200,7,382,256,2,0,0,0,0,0,2,2,0,256,16,16,0,16,64,8,7,3,0,1,3,0,1,0,1,0,0,0
2236,8,zeros-la-3-9,zeros-la-3,171,2236,8,384,256,2,2,0,0,4,0,0,0,256,32,0,0,16,64,8,0,8,2,1,1,1,1,1,0,1,0,0,0
2240,8,zeros-la-3-9,zeros-la-3,172,2240,8,386,256,0,0,0,4,0,0,0,4,2,0,256,32,0,16,64,8,8,1,2,1,1,1,1,0,1,0,0,0
2248,8,zeros-la-3-9,zeros-la-3,173,2248,8,388,256,2,16,256,8,0,0,64,32,0,0,0,8,0,0,2,0,8,2,0,2,1,1,1,0,1,0,0,0
2248,7,zeros-la-3-9,zeros-la-3,174,2248,7,390,256,2,16,256,8,0,0,64,32,0,0,2,8,2,0,0,0,7,3,0,2,1,1,1,0,1,0,0,0
2252,7,zeros-la-3-9,zeros-la-3,175,2252,7,392,256,4,16,256,8,0,0,64,32,0,2,2,8,0,0,0,0,7,2,1,2,1,1,1,0,1,0,0,0
2256,7,zeros-la-3-9,zeros-la-3,176,2256,7,394,256,4,16,256,8,64,32,2,0,4,8,0,0,0,0,0,0,7,1,2,2,1,1,1,0,1,0,0,0
2256,6,zeros-la-3-9,zeros-la-3,177,2256,6,396,256,4,16,256,8,64,32,2,0,4,8,0,0,0,2,0,0,6,2,2,2,1,1,1,0,1,0,0,0
2256,5,zeros-la-3-9,zeros-la-3,178,2256,5,398,256,2,16,0,0,4,32,0,0,64,8,256,0,4,2,2,8,5,3,2,2,1,1,1,0,1,0,0,0
2260,5,zeros-la-3-9,zeros-la-3,179,2260,5,400,256,0,0,2,16,0,2,4,32,0,64,8,256,0,4,4,8,5,2,3,2,1,1,1,0,1,0,0,0
2268,5,zeros-la-3-9,zeros-la-3,180,2268,5,402,256,2,16,0,0,2,4,32,0,64,8,256,0,8,8,0,2,5,3,1,3,1,1,1,0,1,0,0,0
2288,6,zeros-la-3-9,zeros-la-3,181,2288,6,404,256,2,0,0,0,4,16,0,0,64,4,32,0,8,16,256,2,6,2,2,1,2,1,1,0,1,0,0,0
2288,5,zeros-la-3-9,zeros-la-3,182,2288,5,406,256,2,0,0,0,4,16,2,0,64,4,32,0,8,16,256,2,5,3,2,1,2,1,1,0,1,0,0,0
2288,4,zeros-la-3-9,zeros-la-3,183,2288,4,408,256,2,16,2,2,4,4,32,0,64,16,256,2,8,0,0,0,4,4,2,1,2,1,1,0,1,0,0,0
2300,5,zeros-la-3-9,zeros-la-3,184,2300,5,410,256,0,2,16,4,0,0,8,32,64,16,256,2,0,0,2,8,5,3,1,2,2,1,1,0,1,0,0,0
2300,4,zeros-la-3-9,zeros-la-3,185,2300,4,412,256,0,2,16,4,0,0,8,32,64,16,256,2,2,0,2,8,4,4,1,2,2,1,1,0,1,0,0,0
2304,4,zeros-la-3-9,zeros-la-3,186,2304,4,414,256,2,16,4,0,8,32,0,0,64,16,256,2,4,8,2,0,4,3,2,2,2,1,1,0,1,0,0,0
2304,3,zeros-la-3-9,zeros-la-3,187,2304,3,418,256,2,16,4,2,8,32,256,0,64,16,2,0,4,8,4,0,3,3,3,2,2,1,1,0,1,0,0,0
2304,2,zeros-la-3-9,zeros-la-3,188,2304,2,420,256,2,16,4,2,8,32,256,0,64,16,2,0,4,8,4,2,2,4,3,2,2,1,1,0,1,0,0,0
2308,2,zeros-la-3-9,zeros-la-3,189,2308,2,422,256,2,16,4,4,8,32,256,0,64,16,2,2,4,8,4,0,2,3,4,2,2,1,1,0,1,0,0,0
2320,3,zeros-la-3-9,zeros-la-3,190,2320,3,424,256,0,2,16,8,0,8,32,256,0,64,16,4,2,4,8,4,3,2,3,3,2,1,1,0,1,0,0,0
2328,3,zeros-la-3-9,zeros-la-3,191,2328,3,426,256,0,2,16,0,2,8,32,8,0,64,16,256,2,4,8,8,3,3,1,4,2,1,1,0,1,0,0,0
2332,3,zeros-la-3-9,zeros-la-3,192,2332,3,428,256,2,2,16,0,0,8,32,8,0,64,16,256,4,4,8,8,3,2,2,4,2,1,1,0,1,0,0,0
2360,5,zeros-la-3-9,zeros-la-3,193,2360,5,430,256,4,16,0,0,8,32,8,2,64,16,256,0,8,16,0,0,5,1,1,3,3,1,1,0,1,0,0,0
2392,5,zeros-la-3-9,zeros-la-3,194,2392,5,434,256,4,0,0,0,8,16,0,0,64,32,8,4,8,32,256,2,5,1,2,3,1,2,1,0,1,0,0,0
2456,5,zeros-la-3-9,zeros-la-3,195,2456,5,436,256,4,16,8,4,8,64,256,2,64,2,0,0,8,0,0,0,5,2,2,3,1,0,2,0,1,0,0,0
2456,4,zeros-la-3-9,zeros-la-3,196,2456,4,438,256,4,16,8,4,8,64,256,2,64,2,0,0,8,0,0,2,4,3,2,3,1,0,2,0,1,0,0,0
2460,4,zeros-la-3-9,zeros-la-3,197,2460,4,440,256,4,16,8,4,8,64,256,4,64,2,0,2,8,0,0,0,4,2,3,3,1,0,2,0,1,0,0,0
2468,4,zeros-la-3-9,zeros-la-3,198,2468,4,442,256,4,0,0,0,8,16,0,2,64,64,8,8,8,2,256,2,4,3,1,4,1,0,2,0,1,0,0,0
2612,5,zeros-la-3-9,zeros-la-3,199,2612,5,444,256,4,0,2,0,8,16,2,0,128,16,0,0,8,2,256,2,5,4,1,2,2,0,0,1,1,0,0,0
2648,6,zeros-la-3-9,zeros-la-3,200,2648,6,446,256,4,32,4,2,8,2,256,2,128,0,0,0,8,0,0,0,6,3,2,2,0,1,0,1,1,0,0,0
2652,6,zeros-la-3-9,zeros-la-3,201,2652,6,448,256,4,32,4,4,8,2,256,0,128,0,2,0,8,0,0,0,6,2,3,2,0,1,0,1,1,0,0,0
2660,6,zeros-la-3-9,zeros-la-3,202,2660,6,450,256,4,32,8,0,8,2,256,0,128,2,0,0,8,0,2,0,6,3,1,3,0,1,0,1,1,0,0,0
2664,6,zeros-la-3-9,zeros-la-3,203,2664,6,452,256,4,2,0,0,8,0,8,0,128,32,256,0,8,4,2,0,6,2,2,3,0,1,0,1,1,0,0,0
2680,6,zeros-la-3-9,zeros-la-3,204,2680,6,454,256,4,2,2,0,16,0,0,0,128,32,256,0,8,4,2,0,6,3,2,1,1,1,0,1,1,0,0,0
2684,6,zeros-la-3-9,zeros-la-3,205,2684,6,456,256,0,0,4,4,0,0,0,16,0,128,32,256,2,8,4,2,6,2,3,1,1,1,0,1,1,0,0,0
2692,6,zeros-la-3-9,zeros-la-3,206,2692,6,458,256,2,0,0,8,0,0,0,16,0,128,32,256,2,8,4,2,6,3,1,2,1,1,0,1,1,0,0,0
2696,6,zeros-la-3-9,zeros-la-3,207,2696,6,460,256,4,128,32,8,0,8,4,16,0,0,0,256,0,0,2,2,6,2,2,2,1,1,0,1,1,0,0,0
2700,6,zeros-la-3-9,zeros-la-3,208,2700,6,462,256,4,128,32,8,0,8,4,16,0,0,2,256,0,0,0,4,6,1,3,2,1,1,0,1,1,0,0,0
2700,5,zeros-la-3-9,zeros-la-3,209,2700,5,464,256,4,128,32,8,0,8,4,16,0,0,2,256,0,0,2,4,5,2,3,2,1,1,0,1,1,0,0,0
2704,5,zeros-la-3-9,zeros-la-3,210,2704,5,468,256,0,0,0,8,0,0,32,16,4,128,4,256,4,8,4,4,5,0,5,2,1,1,0,1,1,0,0,0
2720,6,zeros-la-3-9,zeros-la-3,211,2720,6,470,256,8,128,32,8,0,8,8,16,0,0,0,256,0,2,0,4,6,1,1,4,1,1,0,1,1,0,0,0
2736,6,zeros-la-3-9,zeros-la-3,212,2736,6,472,256,8,128,32,8,0,0,16,16,0,2,0,256,0,0,2,4,6,2,1,2,2,1,0,1,1,0,0,0
2768,6,zeros-la-3-9,zeros-la-3,213,2768,6,474,256,8,128,32,8,32,0,0,0,2,256,0,0,2,4,2,0,6,3,1,2,0,2,0,1,1,0,0,0
2772,6,zeros-la-3-9,zeros-la-3,214,2772,6,476,256,8,128,32,8,32,256,2,0,4,4,0,0,0,2,0,0,6,2,2,2,0,2,0,1,1,0,0,0
2780,6,zeros-la-3-9,zeros-la-3,215,2780,6,478,256,8,128,32,8,0,32,256,2,0,0,0,8,0,0,2,2,6,3,0,3,0,2,0,1,1,0,0,0
2784,6,zeros-la-3-9,zeros-la-3,216,2784,6,480,256,8,128,32,8,0,32,256,2,2,0,0,8,0,0,0,4,6,2,1,3,0,2,0,1,1,0,0,0
2784,5,zeros-la-3-9,zeros-la-3,217,2784,5,482,256,0,2,0,8,0,0,0,2,8,128,32,8,2,32,256,4,5,3,1,3,0,2,0,1,1,0,0,0
2784,4,zeros-la-3-9,zeros-la-3,218,2784,4,486,256,0,4,2,8,0,0,0,2,8,128,32,8,2,32,256,4,4,3,2,3,0,2,0,1,1,0,0,0
2784,3,zeros-la-3-9,zeros-la-3,219,2784,3,488,256,0,0,2,8,0,4,2,2,8,128,32,8,2,32,256,4,3,4,2,3,0,2,0,1,1,0,0,0
2788,3,zeros-la-3-9,zeros-la-3,220,2788,3,490,256,8,4,4,8,2,128,32,2,0,32,256,8,0,2,0,4,3,3,3,3,0,2,0,1,1,0,0,0
2796,3,zeros-la-3-9,zeros-la-3,221,2796,3,492,256,2,8,8,8,2,128,32,2,0,32,256,8,0,0,2,4,3,4,1,4,0,2,0,1,1,0,0,0
2812,3,zeros-la-3-9,zeros-la-3,222,2812,3,494,256,2,16,8,0,2,128,32,2,32,256,8,0,2,4,2,0,3,5,1,2,1,2,0,1,1,0,0,0
2816,3,zeros-la-3-9,zeros-la-3,223,2816,3,496,256,0,16,8,2,4,128,32,0,32,256,8,0,2,4,2,2,3,4,2,2,1,2,0,1,1,0,0,0
2820,3,zeros-la-3-9,zeros-la-3,224,2820,3,498,256,2,16,8,2,0,4,128,32,0,32,256,8,0,2,4,4,3,3,3,2,1,2,0,1,1,0,0,0
2828,3,zeros-la-3-9,zeros-la-3,225,2828,3,502,256,2,16,8,2,0,4,128,32,4,32,256,8,0,0,2,8,3,3,2,3,1,2,0,1,1,0,0,0
2844,3,zeros-la-3-9,zeros-la-3,226,2844,3,504,256,2,16,8,2,4,4,128,32,0,32,256,16,0,0,2,2,3,4,2,1,2,2,0,1,1,0,0,0
2856,4,zeros-la-3-9,zeros-la-3,227,2856,4,506,256,2,16,8,2,0,8,128,32,0,32,256,16,0,2,0,4,4,3,1,2,2,2,0,1,1,0,0,0
2856,3,zeros-la-3-9,zeros-la-3,228,2856,3,508,256,0,16,0,2,2,8,8,32,0,32,128,16,2,2,256,4,3,4,1,2,2,2,0,1,1,0,0,0
2876,4,zeros-la-3-9,zeros-la-3,229,2876,4,510,256,2,0,16,2,0,2,16,32,0,32,128,16,0,4,256,4,4,3,2,0,3,2,0,1,1,0,0,0
2908,4,zeros-la-3-9,zeros-la-3,230,2908,4,512,256,0,2,0,2,0,2,32,32,0,32,128,16,2,4,256,4,4,4,2,0,1,3,0,1,1,0,0,0
2976,5,zeros-la-3-9,zeros-la-3,231,2976,5,514,256,2,0,0,4,0,0,2,64,0,32,128,16,2,4,256,4,5,3,3,0,1,1,1,1,1,0,0,0
2980,5,zeros-la-3-9,zeros-la-3,232,2980,5,516,256,2,0,0,4,0,0,2,64,0,32,128,16,4,4,256,4,5,2,4,0,1,1,1,1,1,0,0,0
2988,5,zeros-la-3-9,zeros-la-3,233,2988,5,518,256,0,0,2,4,0,2,2,64,0,32,128,16,0,8,256,4,5,3,2,1,1,1,1,1,1,0,0,0
2992,5,zeros-la-3-9,zeros-la-3,234,2992,5,520,256,0,2,4,4,0,32,128,64,0,8,256,16,0,2,0,4,5,2,3,1,1,1,1,1,1,0,0,0
2992,4,zeros-la-3-9,zeros-la-3,235,2992,4,522,256,0,2,4,4,0,32,128,64,2,8,256,16,0,2,0,4,4,3,3,1,1,1,1,1,1,0,0,0
2992,3,zeros-la-3-9,zeros-la-3,236,2992,3,524,256,2,2,4,4,0,32,128,64,0,8,256,16,0,2,2,4,3,4,3,1,1,1,1,1,1,0,0,0
3008,5,zeros-la-3-9,zeros-la-3,237,3008,5,526,256,0,0,4,8,0,32,128,64,2,8,256,16,0,0,4,4,5,1,3,2,1,1,1,1,1,0,0,0
3008,4,zeros-la-3-9,zeros-la-3,238,3008,4,530,256,0,0,4,8,4,0,128,64,0,32,256,16,2,8,4,4,4,1,4,2,1,1,1,1,1,0,0,0
3016,4,zeros-la-3-9,zeros-la-3,239,3016,4,532,256,4,8,0,0,4,128,64,2,32,256,16,0,2,8,8,0,4,2,2,3,1,1,1,1,1,0,0,0
3032,4,zeros-la-3-9,zeros-la-3,240,3032,4,534,256,4,8,0,2,4,128,64,2,32,256,16,0,2,16,0,0,4,3,2,1,2,1,1,1,1,0,0,0
3044,5,zeros-la-3-9,zeros-la-3,241,3044,5,538,256,0,8,4,0,8,128,0,0,32,256,64,0,2,16,16,4,5,1,2,2,2,1,1,1,1,0,0,0
3076,5,zeros-la-3-9,zeros-la-3,242,3076,5,540,256,0,0,8,4,2,0,8,128,0,32,256,64,0,2,32,4,5,2,2,2,0,2,1,1,1,0,0,0
3092,5,zeros-la-3-9,zeros-la-3,243,3092,5,542,256,0,2,0,4,0,0,16,128,0,32,256,64,2,2,32,4,5,3,2,0,1,2,1,1,1,0,0,0
3096,5,zeros-la-3-9,zeros-la-3,244,3096,5,544,256,2,0,2,4,0,0,16,128,0,32,256,64,0,4,32,4,5,2,3,0,1,2,1,1,1,0,0,0
3100,5,zeros-la-3-9,zeros-la-3,245,3100,5,546,256,4,4,0,0,16,128,0,2,32,256,64,0,4,32,4,0,5,1,4,0,1,2,1,1,1,0,0,0
3100,4,zeros-la-3-9,zeros-la-3,246,3100,4,550,256,4,4,0,0,16,128,4,0,32,256,64,0,4,32,4,2,4,1,5,0,1,2,1,1,1,0,0,0
3108,4,zeros-la-3-9,zeros-la-3,247,3108,4,552,256,8,2,0,0,16,128,4,0,32,256,64,0,4,32,4,2,4,2,3,1,1,2,1,1,1,0,0,0
3108,3,zeros-la-3-9,zeros-la-3,248,3108,3,554,256,8,2,2,0,16,128,4,0,32,256,64,0,4,32,4,2,3,3,3,1,1,2,1,1,1,0,0,0
3112,3,zeros-la-3-9,zeros-la-3,249,3112,3,556,256,0,0,8,4,2,16,128,4,0,32,256,64,4,32,4,2,3,2,4,1,1,2,1,1,1,0,0,0
3184,4,zeros-la-3-9,zeros-la-3,250,3184,4,558,256,2,16,8,8,4,64,128,64,0,0,256,2,0,2,4,0,4,3,2,2,1,0,2,1,1,0,0,0
3200,4,zeros-la-3-9,zeros-la-3,251,3200,4,560,256,0,2,16,16,4,64,128,64,0,0,256,2,0,2,2,4,4,4,2,0,2,0,2,1,1,0,0,0
3236,5,zeros-la-3-9,zeros-la-3,252,3236,5,562,256,0,2,2,32,4,64,128,64,0,0,256,2,0,0,4,4,5,3,3,0,0,1,2,1,1,0,0,0
3248,6,zeros-la-3-9,zeros-la-3,253,3248,6,564,256,4,32,2,0,4,64,128,64,256,2,0,0,8,0,0,0,6,2,2,1,0,1,2,1,1,0,0,0
3256,6,zeros-la-3-9,zeros-la-3,254,3256,6,566,256,8,32,2,64,256,64,128,0,8,2,0,2,0,0,0,0,6,3,0,2,0,1,2,1,1,0,0,0
3260,6,zeros-la-3-9,zeros-la-3,255,3260,6,568,256,8,32,2,64,0,256,64,128,0,0,8,4,0,2,0,0,6,2,1,2,0,1,2,1,1,0,0,0
3260,5,zeros-la-3-9,zeros-la-3,256,3260,5,570,256,8,32,2,64,256,64,128,0,8,4,0,0,2,2,0,0,5,3,1,2,0,1,2,1,1,0,0,0
3264,5,zeros-la-3-9,zeros-la-3,257,3264,5,574,256,8,32,2,64,0,256,64,128,0,0,8,4,4,0,0,4,5,1,3,2,0,1,2,1,1,0,0,0
3272,5,zeros-la-3-9,zeros-la-3,258,3272,5,576,256,0,0,2,0,0,0,2,64,8,32,64,128,4,256,8,8,5,2,1,3,0,1,2,1,1,0,0,0
3288,5,zeros-la-3-9,zeros-la-3,259,3288,5,578,256,2,0,0,0,2,64,0,2,8,32,64,128,4,256,16,0,5,3,1,1,1,1,2,1,1,0,0,0
3288,4,zeros-la-3-9,zeros-la-3,260,3288,4,582,256,0,0,4,2,0,2,64,2,8,32,64,128,0,4,256,16,4,3,2,1,1,1,2,1,1,0,0,0
3420,5,zeros-la-3-9,zeros-la-3,261,3420,5,584,256,0,0,0,0,0,2,4,4,2,32,128,128,8,4,256,16,5,2,3,1,1,1,0,2,1,0,0,0
3684,6,zeros-la-3-9,zeros-la-3,262,3684,6,586,256,0,0,0,0,2,8,0,2,2,32,256,0,8,4,256,16,6,3,1,2,1,1,0,0,2,0,0,0
4200,7,zeros-la-3-9,zeros-la-3,263,4200,7,590,512,0,0,0,0,0,8,4,0,4,32,0,2,8,4,512,16,7,1,3,2,1,1,0,0,0,1,0,0
4200,6,zeros-la-3-9,zeros-la-3,264,4200,6,592,512,0,0,0,0,0,2,8,4,0,4,32,2,8,4,512,16,6,2,3,2,1,1,0,0,0,1,0,0
4208,6,zeros-la-3-9,zeros-la-3,265,4208,6,594,512,0,2,0,0,0,0,8,4,0,2,32,2,8,8,512,16,6,3,1,3,1,1,0,0,0,1,0,0
4224,6,zeros-la-3-9,zeros-la-3,266,4224,6,596,512,0,0,0,2,2,0,8,4,0,2,32,2,0,16,512,16,6,4,1,1,2,1,0,0,0,1,0,0
4224,5,zeros-la-3-9,zeros-la-3,267,4224,5,598,512,0,0,2,2,0,2,8,4,0,2,32,2,0,16,512,16,5,5,1,1,2,1,0,0,0,1,0,0
4228,5,zeros-la-3-9,zeros-la-3,268,4228,5,600,512,2,0,0,4,0,2,8,4,0,2,32,2,0,16,512,16,5,4,2,1,2,1,0,0,0,1,0,0
4240,6,zeros-la-3-9,zeros-la-3,269,4240,6,602,512,0,0,0,0,0,0,8,8,2,4,32,2,2,16,512,16,6,3,1,2,2,1,0,0,0,1,0,0
4244,6,zeros-la-3-9,zeros-la-3,270,4244,6,606,512,4,4,8,8,0,16,32,2,0,0,512,16,0,0,4,0,6,1,3,2,2,1,0,0,0,1,0,0
4268,7,zeros-la-3-9,zeros-la-3,271,4268,7,608,512,8,16,2,0,16,32,2,0,512,16,0,0,4,0,0,0,7,2,1,1,3,1,0,0,0,1,0,0
4272,7,zeros-la-3-9,zeros-la-3,272,4272,7,610,512,8,0,0,0,16,16,0,2,512,32,0,0,4,16,4,0,7,1,2,1,3,1,0,0,0,1,0,0
4304,7,zeros-la-3-9,zeros-la-3,273,4304,7,612,512,8,0,0,0,32,2,0,2,512,32,0,0,4,16,4,0,7,2,2,1,1,2,0,0,0,1,0,0
4304,6,zeros-la-3-9,zeros-la-3,274,4304,6,614,512,8,2,4,2,32,32,2,0,512,16,0,0,4,0,0,0,6,3,2,1,1,2,0,0,0,1,0,0
4368,6,zeros-la-3-9,zeros-la-3,275,4368,6,616,512,8,2,4,2,64,2,0,2,512,16,0,0,4,0,0,0,6,4,2,1,1,0,1,0,0,1,0,0
4376,7,zeros-la-3-9,zeros-la-3,276,4376,7,618,512,8,4,4,4,64,16,0,0,512,0,0,0,4,2,0,0,7,1,4,1,1,0,1,0,0,1,0,0
4384,7,zeros-la-3-9,zeros-la-3,277,4384,7,620,512,8,8,4,0,64,16,0,0,512,0,2,0,4,2,0,0,7,2,2,2,1,0,1,0,0,1,0,0
4400,7,zeros-la-3-9,zeros-la-3,278,4400,7,622,512,16,4,0,0,64,16,0,0,512,2,0,0,4,2,2,0,7,3,2,0,2,0,1,0,0,1,0,0
4404,7,zeros-la-3-9,zeros-la-3,279,4404,7,624,512,16,4,0,0,64,16,0,2,512,2,0,0,4,4,0,0,7,2,3,0,2,0,1,0,0,1,0,0
4412,7,zeros-la-3-9,zeros-la-3,280,4412,7,626,512,0,0,16,4,0,64,16,2,0,0,512,2,0,2,0,8,7,3,1,1,2,0,1,0,0,1,0,0
4448,8,zeros-la-3-9,zeros-la-3,281,4448,8,628,512,0,64,32,4,2,2,512,4,0,0,0,8,0,0,0,0,8,2,2,1,0,1,1,0,0,1,0,0
4456,8,zeros-la-3-9,zeros-la-3,282,4456,8,630,512,0,0,2,0,0,0,0,0,0,64,32,8,2,2,512,8,8,3,0,2,0,1,1,0,0,1,0,0
4460,8,zeros-la-3-9,zeros-la-3,283,4460,8,632,512,0,0,0,2,0,0,2,0,0,64,32,8,0,4,512,8,8,2,1,2,0,1,1,0,0,1,0,0
4476,8,zeros-la-3-9,zeros-la-3,284,4476,8,634,512,2,64,2,2,0,4,32,16,0,0,512,0,0,0,0,0,8,3,1,0,1,1,1,0,0,1,0,0
4476,7,zeros-la-3-9,zeros-la-3,285,4476,7,636,512,0,0,0,0,0,2,2,0,0,64,32,2,2,4,512,16,7,4,1,0,1,1,1,0,0,1,0,0
4476,6,zeros-la-3-9,zeros-la-3,286,4476,6,638,512,2,2,2,2,0,64,32,16,0,4,512,0,0,2,0,0,6,5,1,0,1,1,1,0,0,1,0,0
4484,7,zeros-la-3-9,zeros-la-3,287,4484,7,640,512,4,4,0,0,64,32,16,2,4,512,0,0,2,0,0,0,7,2,3,0,1,1,1,0,0,1,0,0
4484,6,zeros-la-3-9,zeros-la-3,288,4484,6,642,512,4,4,16,2,64,32,0,0,4,512,0,0,2,2,0,0,6,3,3,0,1,1,1,0,0,1,0,0
4496,7,zeros-la-3-9,zeros-la-3,289,4496,7,644,512,8,16,2,0,64,32,0,0,4,512,0,0,4,0,0,2,7,2,2,1,1,1,1,0,0,1,0,0
4504,7,zeros-la-3-9,zeros-la-3,290,4504,7,646,512,8,16,2,2,64,32,0,0,8,512,2,0,0,0,0,0,7,3,0,2,1,1,1,0,0,1,0,0
4508,7,zeros-la-3-9,zeros-la-3,291,4508,7,648,512,8,16,4,2,64,32,0,0,8,512,0,2,0,0,0,0,7,2,1,2,1,1,1,0,0,1,0,0
4512,7,zeros-la-3-9,zeros-la-3,292,4512,7,650,512,0,0,2,0,8,16,0,0,64,32,0,0,8,512,4,4,7,1,2,2,1,1,1,0,0,1,0,0
4520,7,zeros-la-3-9,zeros-la-3,293,4520,7,652,512,0,0,2,2,0,0,8,16,0,0,64,32,0,8,512,8,7,2,0,3,1,1,1,0,0,1,0,0
4524,7,zeros-la-3-9,zeros-la-3,294,4524,7,656,512,0,0,0,4,0,4,8,16,0,0,64,32,0,8,512,8,7,0,2,3,1,1,1,0,0,1,0,0
4524,6,zeros-la-3-9,zeros-la-3,295,4524,6,658,512,4,0,0,0,4,8,16,2,64,32,0,0,8,512,8,0,6,1,2,3,1,1,1,0,0,1,0,0
4532,6,zeros-la-3-9,zeros-la-3,296,4532,6,660,512,8,8,16,2,64,32,8,0,8,512,2,0,0,0,0,0,6,2,0,4,1,1,1,0,0,1,0,0
4548,6,zeros-la-3-9,zeros-la-3,297,4548,6,662,512,16,16,2,0,64,32,8,0,8,512,2,2,0,0,0,0,6,3,0,2,2,1,1,0,0,1,0,0
4584,7,zeros-la-3-9,zeros-la-3,298,4584,7,666,512,0,4,32,2,0,64,32,8,0,8,512,4,0,0,0,0,7,1,2,2,0,2,1,0,0,1,0,0
4648,7,zeros-la-3-9,zeros-la-3,299,4648,7,668,512,0,0,0,0,2,4,0,2,0,64,64,8,0,8,512,4,7,2,2,2,0,0,2,0,0,1,0,0
4776,7,zeros-la-3-9,zeros-la-3,300,4776,7,670,512,0,2,0,0,0,2,4,2,0,0,128,8,0,8,512,4,7,3,2,2,0,0,0,1,0,1,0,0
4780,7,zeros-la-3-9,zeros-la-3,301,4780,7,672,512,0,4,4,2,2,8,128,8,0,0,512,4,0,0,0,0,7,2,3,2,0,0,0,1,0,1,0,0
4788,7,zeros-la-3-9,zeros-la-3,302,4788,7,676,512,0,0,8,2,2,8,128,8,0,4,512,4,0,0,0,0,7,2,2,3,0,0,0,1,0,1,0,0
4788,6,zeros-la-3-9,zeros-la-3,303,4788,6,678,512,0,2,8,2,2,8,128,8,0,4,512,4,0,0,0,0,6,3,2,3,0,0,0,1,0,1,0,0
4788,5,zeros-la-3-9,zeros-la-3,304,4788,5,680,512,2,8,2,2,2,8,128,8,4,512,4,0,0,0,0,0,5,4,2,3,0,0,0,1,0,1,0,0
4808,6,zeros-la-3-9,zeros-la-3,305,4808,6,682,512,0,0,0,0,0,2,2,0,4,16,128,2,4,512,4,8,6,3,3,1,1,0,0,1,0,1,0,0
4816,6,zeros-la-3-9,zeros-la-3,306,4816,6,684,512,0,0,0,0,0,2,2,2,0,16,128,2,8,512,4,8,6,4,1,2,1,0,0,1,0,1,0,0
4820,6,zeros-la-3-9,zeros-la-3,307,4820,6,686,512,8,2,2,4,0,16,128,8,0,512,4,0,0,0,0,2,6,3,2,2,1,0,0,1,0,1,0,0
4824,6,zeros-la-3-9,zeros-la-3,308,4824,6,688,512,8,4,4,0,16,128,8,0,512,4,0,0,2,2,0,0,6,2,3,2,1,0,0,1,0,1,0,0
4836,7,zeros-la-3-9,zeros-la-3,309,4836,7,690,512,0,0,8,8,0,16,128,8,0,0,512,4,0,2,0,4,7,1,2,3,1,0,0,1,0,1,0,0
4860,8,zeros-la-3-9,zeros-la-3,310,4860,8,692,512,0,16,8,16,0,2,128,8,0,0,512,0,0,0,0,2,8,2,0,2,2,0,0,1,0,1,0,0
4860,7,zeros-la-3-9,zeros-la-3,311,4860,7,694,512,0,16,8,16,0,2,128,8,0,0,0,512,0,2,0,2,7,3,0,2,2,0,0,1,0,1,0,0
4864,7,zeros-la-3-9,zeros-la-3,312,4864,7,696,512,0,16,8,16,0,2,128,8,0,0,0,512,0,2,0,4,7,2,1,2,2,0,0,1,0,1,0,0
4868,7,zeros-la-3-9,zeros-la-3,313,4868,7,698,512,0,0,0,16,0,2,0,8,0,16,8,512,0,4,128,4,7,1,2,2,2,0,0,1,0,1,0,0
4868,6,zeros-la-3-9,zeros-la-3,314,4868,6,700,512,0,0,0,16,0,2,0,8,0,16,8,512,2,4,128,4,6,2,2,2,2,0,0,1,0,1,0,0
4868,5,zeros-la-3-9,zeros-la-3,315,4868,5,702,512,16,2,0,0,2,8,0,0,16,8,512,0,2,4,128,4,5,3,2,2,2,0,0,1,0,1,0,0
4884,5,zeros-la-3-9,zeros-la-3,316,4884,5,704,512,16,0,2,0,2,2,0,0,16,16,512,0,2,4,128,4,5,4,2,0,3,0,0,1,0,1,0,0
4920,6,zeros-la-3-9,zeros-la-3,317,4920,6,706,512,16,2,2,0,4,0,0,0,32,512,0,0,2,4,128,4,6,3,3,0,1,1,0,1,0,1,0,0
4924,6,zeros-la-3-9,zeros-la-3,318,4924,6,708,512,0,0,16,4,0,0,0,4,0,2,32,512,2,4,128,4,6,2,4,0,1,1,0,1,0,1,0,0
4932,6,zeros-la-3-9,zeros-la-3,319,4932,6,710,512,2,2,16,8,2,4,32,512,0,0,128,4,0,0,0,0,6,3,2,1,1,1,0,1,0,1,0,0
4936,6,zeros-la-3-9,zeros-la-3,320,4936,6,712,512,0,0,0,0,0,0,16,8,2,2,32,512,4,4,128,4,6,2,3,1,1,1,0,1,0,1,0,0
4948,7,zeros-la-3-9,zeros-la-3,321,4948,7,714,512,0,0,0,0,16,8,0,0,4,32,512,0,8,128,4,2,7,1,2,2,1,1,0,1,0,1,0,0
4948,6,zeros-la-3-9,zeros-la-3,322,4948,6,716,512,0,0,0,0,16,8,0,2,4,32,512,0,8,128,4,2,6,2,2,2,1,1,0,1,0,1,0,0
4952,6,zeros-la-3-9,zeros-la-3,323,4952,6,720,512,0,0,4,0,16,8,0,0,4,32,512,0,8,128,4,4,6,0,4,2,1,1,0,1,0,1,0,0
4960,6,zeros-la-3-9,zeros-la-3,324,4960,6,722,512,2,0,0,4,0,0,16,8,0,4,32,512,0,8,128,8,6,1,2,3,1,1,0,1,0,1,0,0
4960,5,zeros-la-3-9,zeros-la-3,325,4960,5,724,512,0,2,0,4,0,0,16,8,0,4,32,512,2,8,128,8,5,2,2,3,1,1,0,1,0,1,0,0
4960,4,zeros-la-3-9,zeros-la-3,326,4960,4,726,512,2,2,16,4,0,4,32,8,0,8,128,512,0,2,0,8,4,3,2,3,1,1,0,1,0,1,0,0
4964,4,zeros-la-3-9,zeros-la-3,327,4964,4,730,512,4,16,4,0,4,32,8,0,8,128,512,0,2,8,0,4,4,1,4,3,1,1,0,1,0,1,0,0
4972,4,zeros-la-3-9,zeros-la-3,328,4972,4,732,512,8,16,4,4,8,32,8,2,2,128,512,0,0,8,0,0,4,2,2,4,1,1,0,1,0,1,0,0
4988,4,zeros-la-3-9,zeros-la-3,329,4988,4,734,512,16,16,4,4,2,32,8,2,0,128,512,2,0,8,0,0,4,3,2,2,2,1,0,1,0,1,0,0
5028,5,zeros-la-3-9,zeros-la-3,330,5028,5,738,512,4,0,32,8,2,32,8,2,0,128,512,2,0,0,0,8,5,3,1,3,0,2,0,1,0,1,0,0
5032,5,zeros-la-3-9,zeros-la-3,331,5032,5,740,512,4,32,32,8,2,128,8,4,0,0,512,8,0,0,0,2,5,2,2,3,0,2,0,1,0,1,0,0
5096,5,zeros-la-3-9,zeros-la-3,332,5096,5,742,512,4,64,8,0,2,128,8,4,512,8,0,0,2,2,0,0,5,3,2,3,0,0,1,1,0,1,0,0
5100,5,zeros-la-3-9,zeros-la-3,333,5100,5,744,512,0,4,64,8,2,128,8,4,0,0,512,8,0,0,2,4,5,2,3,3,0,0,1,1,0,1,0,0
5100,4,zeros-la-3-9,zeros-la-3,334,5100,4,746,512,2,4,64,8,0,128,8,4,0,0,512,8,0,2,2,4,4,3,3,3,0,0,1,1,0,1,0,0
5104,4,zeros-la-3-9,zeros-la-3,335,5104,4,748,512,2,4,64,8,2,128,8,4,0,0,512,8,0,0,4,4,4,2,4,3,0,0,1,1,0,1,0,0
5108,4,zeros-la-3-9,zeros-la-3,336,5108,4,750,512,4,4,64,8,0,128,8,4,0,2,512,8,0,0,4,4,4,1,5,3,0,0,1,1,0,1,0,0
5124,5,zeros-la-3-9,zeros-la-3,337,5124,5,752,512,0,8,64,8,0,128,8,4,0,2,512,8,0,0,2,8,5,2,1,5,0,0,1,1,0,1,0,0
5140,5,zeros-la-3-9,zeros-la-3,338,5140,5,754,512,0,0,64,0,0,8,8,8,0,128,512,4,2,2,2,16,5,3,1,3,1,0,1,1,0,1,0,0
5160,6,zeros-la-3-9,zeros-la-3,339,5160,6,756,512,0,0,0,64,0,0,8,16,0,128,512,4,2,2,4,16,6,2,2,1,2,0,1,1,0,1,0,0
5164,6,zeros-la-3-9,zeros-la-3,340,5164,6,758,512,64,0,2,0,8,16,0,0,128,512,4,0,4,4,16,0,6,1,3,1,2,0,1,1,0,1,0,0
5172,6,zeros-la-3-9,zeros-la-3,341,5172,6,762,512,64,2,0,0,8,16,4,0,128,512,4,0,8,16,0,0,6,1,2,2,2,0,1,1,0,1,0,0
5180,6,zeros-la-3-9,zeros-la-3,342,5180,6,764,512,64,2,0,0,8,16,0,0,128,512,0,0,8,16,8,2,6,2,0,3,2,0,1,1,0,1,0,0
5180,5,zeros-la-3-9,zeros-la-3,343,5180,5,766,512,64,2,0,2,8,16,0,0,128,512,0,0,8,16,8,2,5,3,0,3,2,0,1,1,0,1,0,0
5184,5,zeros-la-3-9,zeros-la-3,344,5184,5,768,512,64,4,0,2,8,16,0,0,128,512,0,0,8,16,8,2,5,2,1,3,2,0,1,1,0,1,0,0
5188,5,zeros-la-3-9,zeros-la-3,345,5188,5,772,512,64,4,8,4,8,16,0,0,128,512,0,0,8,16,0,4,5,0,3,3,2,0,1,1,0,1,0,0
5196,5,zeros-la-3-9,zeros-la-3,346,5196,5,774,512,64,4,2,0,8,16,0,0,128,512,0,0,8,16,8,8,5,1,1,4,2,0,1,1,0,1,0,0
5212,5,zeros-la-3-9,zeros-la-3,347,5212,5,776,512,64,4,2,0,8,16,0,2,128,512,0,0,8,16,16,0,5,2,1,2,3,0,1,1,0,1,0,0
5244,5,zeros-la-3-9,zeros-la-3,348,5244,5,778,512,64,4,2,0,8,16,2,2,128,512,0,0,8,32,0,0,5,3,1,2,1,1,1,1,0,1,0,0
5248,5,zeros-la-3-9,zeros-la-3,349,5248,5,780,512,64,4,4,2,8,16,0,0,128,512,0,0,8,32,2,0,5,2,2,2,1,1,1,1,0,1,0,0
5256,5,zeros-la-3-9,zeros-la-3,350,5256,5,782,512,64,8,2,2,8,16,0,0,128,512,0,0,8,32,2,0,5,3,0,3,1,1,1,1,0,1,0,0
5260,5,zeros-la-3-9,zeros-la-3,351,5260,5,784,512,64,8,4,2,8,16,0,0,128,512,2,0,8,32,0,0,5,2,1,3,1,1,1,1,0,1,0,0
5260,4,zeros-la-3-9,zeros-la-3,352,5260,4,786,512,64,8,0,0,8,16,0,2,128,512,4,0,8,32,2,2,4,3,1,3,1,1,1,1,0,1,0,0
5264,4,zeros-la-3-9,zeros-la-3,353,5264,4,788,512,64,8,4,4,8,16,2,0,128,512,0,0,8,32,0,2,4,2,2,3,1,1,1,1,0,1,0,0
5272,4,zeros-la-3-9,zeros-la-3,354,5272,4,790,512,0,64,8,8,2,8,16,2,0,0,128,512,0,8,32,2,4,3,0,4,1,1,1,1,0,1,0,0
5288,4,zeros-la-3-9,zeros-la-3,355,5288,4,792,512,0,0,8,8,2,0,16,2,0,64,128,512,2,16,32,2,4,4,0,2,2,1,1,1,0,1,0,0
5292,4,zeros-la-3-9,zeros-la-3,356,5292,4,794,512,4,64,8,8,2,16,16,2,0,0,128,512,0,0,32,2,4,3,1,2,2,1,1,1,0,1,0,0
5340,5,zeros-la-3-9,zeros-la-3,357,5340,5,798,512,0,4,64,16,0,2,32,2,0,0,128,512,0,4,32,2,5,3,2,0,1,2,1,1,0,1,0,0
5340,4,zeros-la-3-9,zeros-la-3,358,5340,4,800,512,4,64,16,0,2,32,2,0,128,512,0,0,4,32,2,2,4,4,2,0,1,2,1,1,0,1,0,0
5344,4,zeros-la-3-9,zeros-la-3,359,5344,4,802,512,4,64,0,0,2,32,2,0,128,512,16,0,4,32,4,2,4,3,3,0,1,2,1,1,0,1,0,0
5344,3,zeros-la-3-9,zeros-la-3,360,5344,3,804,512,4,64,2,2,2,32,16,0,128,512,4,2,4,32,0,0,3,4,3,0,1,2,1,1,0,1,0,0
5348,3,zeros-la-3-9,zeros-la-3,361,5348,3,806,512,2,4,64,4,0,2,32,16,128,512,4,2,0,0,4,32,3,3,4,0,1,2,1,1,0,1,0,0
5356,3,zeros-la-3-9,zeros-la-3,362,5356,3,808,512,0,0,0,4,2,4,64,16,2,2,32,2,128,512,8,32,3,4,2,1,1,2,1,1,0,1,0,0
5360,3,zeros-la-3-9,zeros-la-3,363,5360,3,810,512,0,0,0,4,2,4,64,16,2,4,32,2,128,512,8,32,3,3,3,1,1,2,1,1,0,1,0,0
5372,4,zeros-la-3-9,zeros-la-3,364,5372,4,812,512,0,0,2,4,0,0,64,16,4,8,32,2,128,512,8,32,4,2,2,2,1,2,1,1,0,1,0,0
5372,3,zeros-la-3-9,zeros-la-3,365,5372,3,814,512,2,4,0,0,64,16,2,0,4,8,32,2,128,512,8,32,3,3,2,2,1,2,1,1,0,1,0,0
5372,2,zeros-la-3-9,zeros-la-3,366,5372,2,816,512,2,4,2,2,64,16,32,32,4,8,8,2,128,512,0,0,2,4,2,2,1,2,1,1,0,1,0,0
5456,4,zeros-la-3-9,zeros-la-3,367,5456,4,818,512,2,2,4,4,0,64,16,64,0,4,16,2,0,0,128,512,4,3,3,0,2,0,2,1,0,1,0,0
5468,5,zeros-la-3-9,zeros-la-3,368,5468,5,820,512,4,8,0,2,64,16,64,0,4,16,2,0,128,512,0,0,5,2,2,1,2,0,2,1,0,1,0,0
5500,5,zeros-la-3-9,zeros-la-3,369,5500,5,822,512,4,0,0,0,64,8,0,0,4,32,64,2,128,512,2,2,5,3,2,1,0,1,2,1,0,1,0,0
5504,5,zeros-la-3-9,zeros-la-3,370,5504,5,824,512,0,0,2,4,0,0,64,8,4,32,64,2,0,128,512,4,5,2,3,1,0,1,2,1,0,1,0,0
5632,5,zeros-la-3-9,zeros-la-3,371,5632,5,826,512,4,32,2,4,0,128,128,8,0,0,512,2,2,0,0,4,5,3,3,1,0,1,0,2,0,1,0,0
5888,5,zeros-la-3-9,zeros-la-3,372,5888,5,830,512,4,32,2,4,256,8,0,0,512,2,0,0,2,4,4,0,5,3,4,1,0,1,0,0,1,1,0,0
5888,4,zeros-la-3-9,zeros-la-3,373,5888,4,832,512,4,32,2,0,256,8,0,0,512,2,2,0,2,4,4,4,4,4,4,1,0,1,0,0,1,1,0,0
5900,5,zeros-la-3-9,zeros-la-3,374,5900,5,834,512,4,32,2,0,256,8,0,2,512,4,0,0,2,8,4,0,5,3,3,2,0,1,0,0,1,1,0,0
5900,4,zeros-la-3-9,zeros-la-3,375,5900,4,836,512,0,4,32,2,0,256,8,2,0,0,512,4,2,2,8,4,4,4,3,2,0,1,0,0,1,1,0,0
5912,5,zeros-la-3-9,zeros-la-3,376,5912,5,838,512,2,4,32,4,2,256,8,8,0,2,512,0,0,0,8,0,5,3,2,3,0,1,0,0,1,1,0,0
5916,5,zeros-la-3-9,zeros-la-3,377,5916,5,840,512,4,4,32,4,2,256,8,8,0,2,512,0,0,0,8,0,5,2,3,3,0,1,0,0,1,1,0,0
5940,6,zeros-la-3-9,zeros-la-3,378,5940,6,842,512,0,8,32,4,2,2,256,16,0,0,2,512,0,0,0,8,6,3,1,2,1,1,0,0,1,1,0,0
5944,6,zeros-la-3-9,zeros-la-3,379,5944,6,844,512,0,8,32,4,0,4,256,16,0,0,2,512,2,0,0,8,6,2,2,2,1,1,0,0,1,1,0,0
5944,5,zeros-la-3-9,zeros-la-3,380,5944,5,846,512,8,32,4,0,4,256,16,2,2,512,0,0,2,8,0,0,5,3,2,2,1,1,0,0,1,1,0,0
5948,5,zeros-la-3-9,zeros-la-3,381,5948,5,848,512,8,32,4,2,4,256,16,0,4,512,2,0,0,8,0,0,5,2,3,2,1,1,0,0,1,1,0,0
5956,5,zeros-la-3-9,zeros-la-3,382,5956,5,850,512,0,32,0,0,0,256,4,2,8,512,16,0,8,8,2,2,5,3,1,3,1,1,0,0,1,1,0,0
5976,6,zeros-la-3-9,zeros-la-3,383,5976,6,852,512,16,32,4,4,0,256,16,2,0,512,2,0,0,8,0,0,6,2,2,1,2,1,0,0,1,1,0,0
5984,6,zeros-la-3-9,zeros-la-3,384,5984,6,854,512,0,16,32,8,2,256,16,2,0,0,512,2,0,0,0,8,6,3,0,2,2,1,0,0,1,1,0,0
5988,6,zeros-la-3-9,zeros-la-3,385,5988,6,856,512,0,0,0,2,0,0,32,8,0,16,16,4,2,256,512,8,6,2,1,2,2,1,0,0,1,1,0,0
6020,6,zeros-la-3-9,zeros-la-3,386,6020,6,858,512,0,2,0,2,0,0,32,8,0,0,32,4,2,256,512,8,6,3,1,2,0,2,0,0,1,1,0,0
6024,6,zeros-la-3-9,zeros-la-3,387,6024,6,860,512,4,0,2,0,32,8,0,0,32,4,0,0,2,256,512,8,6,2,2,2,0,2,0,0,1,1,0,0
6088,6,zeros-la-3-9,zeros-la-3,388,6088,6,862,512,4,8,2,8,64,4,512,0,2,256,0,2,0,0,0,0,6,3,2,2,0,0,1,0,1,1,0,0
6088,5,zeros-la-3-9,zeros-la-3,389,6088,5,864,512,4,8,2,8,64,4,512,0,2,256,2,0,2,0,0,0,5,4,2,2,0,0,1,0,1,1,0,0
6092,5,zeros-la-3-9,zeros-la-3,390,6092,5,866,512,4,8,2,8,64,4,512,0,4,256,2,0,0,0,2,0,5,3,3,2,0,0,1,0,1,1,0,0
6096,5,zeros-la-3-9,zeros-la-3,391,6096,5,868,512,2,0,0,0,4,8,2,0,64,4,512,0,4,256,4,8,5,2,4,2,0,0,1,0,1,1,0,0
6096,4,zeros-la-3-9,zeros-la-3,392,6096,4,872,512,0,0,0,2,4,4,8,2,0,64,4,512,4,256,4,8,4,2,5,2,0,0,1,0,1,1,0,0
6116,6,zeros-la-3-9,zeros-la-3,393,6116,6,874,512,0,0,0,0,0,4,2,4,0,64,8,512,8,256,8,8,6,1,2,4,0,0,1,0,1,1,0,0
6132,6,zeros-la-3-9,zeros-la-3,394,6132,6,876,512,0,2,0,0,0,4,0,4,0,64,2,512,8,256,16,8,6,2,2,2,1,0,1,0,1,1,0,0
6140,6,zeros-la-3-9,zeros-la-3,395,6140,6,878,512,2,0,0,2,0,0,0,8,0,64,2,512,8,256,16,8,6,3,0,3,1,0,1,0,1,1,0,0
6144,6,zeros-la-3-9,zeros-la-3,396,6144,6,880,512,4,0,0,0,8,0,0,2,64,2,512,0,8,256,16,8,6,2,1,3,1,0,1,0,1,1,0,0
6144,5,zeros-la-3-9,zeros-la-3,397,6144,5,882,512,4,0,0,2,8,0,0,0,64,2,512,2,8,256,16,8,5,3,1,3,1,0,1,0,1,1,0,0
6148,5,zeros-la-3-9,zeros-la-3,398,6148,5,884,512,4,0,2,0,8,0,0,0,64,2,512,4,8,256,16,8,5,2,2,3,1,0,1,0,1,1,0,0
6148,4,zeros-la-3-9,zeros-la-3,399,6148,4,886,512,4,2,0,0,8,0,0,2,64,2,512,4,8,256,16,8,4,3,2,3,1,0,1,0,1,1,0,0
6152,4,zeros-la-3-9,zeros-la-3,400,6152,4,888,512,4,4,512,2,8,256,16,4,64,0,0,8,8,0,2,0,4,2,3,3,1,0,1,0,1,1,0,0
6160,4,zeros-la-3-9,zeros-la-3,401,6160,4,890,512,8,512,2,2,8,256,16,4,64,8,0,0,8,2,0,0,4,3,1,4,1,0,1,0,1,1,0,0
6176,4,zeros-la-3-9,zeros-la-3,402,6176,4,892,512,16,512,2,2,64,256,16,4,8,8,0,0,0,2,2,0,4,4,1,2,2,0,1,0,1,1,0,0
6200,6,zeros-la-3-9,zeros-la-3,403,6200,6,894,512,2,16,512,4,64,256,16,4,0,0,0,16,0,0,0,4,6,1,3,0,3,0,1,0,1,1,0,0
6208,6,zeros-la-3-9,zeros-la-3,404,6208,6,896,512,2,16,512,8,64,256,16,16,0,0,0,4,2,0,0,0,6,2,1,1,3,0,1,0,1,1,0,0
6240,6,zeros-la-3-9,zeros-la-3,405,6240,6,898,512,2,16,512,8,0,64,256,32,0,2,0,4,0,0,0,2,6,3,1,1,1,1,1,0,1,1,0,0
6240,5,zeros-la-3-9,zeros-la-3,406,6240,5,900,512,2,16,512,8,0,64,256,32,0,2,2,4,0,0,0,2,5,4,1,1,1,1,1,0,1,1,0,0
6244,5,zeros-la-3-9,zeros-la-3,407,6244,5,904,512,2,16,512,8,0,64,256,32,0,4,4,4,0,0,0,2,5,2,3,1,1,1,1,0,1,1,0,0
6244,4,zeros-la-3-9,zeros-la-3,408,6244,4,906,512,2,16,512,8,0,64,256,32,0,4,4,4,0,0,2,2,4,3,3,1,1,1,1,0,1,1,0,0
6256,5,zeros-la-3-9,zeros-la-3,409,6256,5,910,512,2,16,512,8,0,64,256,32,4,0,4,8,0,0,0,4,5,1,3,2,1,1,1,0,1,1,0,0
6264,5,zeros-la-3-9,zeros-la-3,410,6264,5,912,512,2,16,512,8,0,64,256,32,0,0,8,8,0,2,0,4,5,2,1,3,1,1,1,0,1,1,0,0
6280,5,zeros-la-3-9,zeros-la-3,411,6280,5,914,512,2,16,512,8,0,64,256,32,0,0,2,16,0,0,2,4,5,3,1,1,2,1,1,0,1,1,0,0
6284,5,zeros-la-3-9,zeros-la-3,412,6284,5,916,512,0,0,2,8,0,0,512,32,0,16,256,16,2,64,4,4,5,2,2,1,2,1,1,0,1,1,0,0
6292,5,zeros-la-3-9,zeros-la-3,413,6292,5,918,512,2,0,2,8,0,0,512,32,0,16,256,16,0,2,64,8,5,3,0,2,2,1,1,0,1,1,0,0
6296,5,zeros-la-3-9,zeros-la-3,414,6296,5,920,512,0,2,4,8,0,0,512,32,0,16,256,16,0,2,64,8,5,2,1,2,2,1,1,0,1,1,0,0
6296,4,zeros-la-3-9,zeros-la-3,415,6296,4,922,512,2,0,4,8,0,2,512,32,0,16,256,16,0,2,64,8,4,3,1,2,2,1,1,0,1,1,0,0
6296,3,zeros-la-3-9,zeros-la-3,416,6296,3,924,512,2,2,4,8,0,16,512,32,0,2,256,16,2,0,64,8,3,4,1,2,2,1,1,0,1,1,0,0
6300,3,zeros-la-3-9,zeros-la-3,417,6300,3,926,512,4,4,8,0,16,512,32,0,2,256,16,0,2,64,8,2,3,3,2,2,2,1,1,0,1,1,0,0
6308,3,zeros-la-3-9,zeros-la-3,418,6308,3,928,512,8,8,2,0,16,512,32,0,2,256,16,0,2,64,8,2,3,4,0,3,2,1,1,0,1,1,0,0
6324,3,zeros-la-3-9,zeros-la-3,419,6324,3,932,512,16,2,0,4,16,512,32,0,2,256,16,0,2,64,8,2,3,4,1,1,3,1,1,0,1,1,0,0
6360,4,zeros-la-3-9,zeros-la-3,420,6360,4,936,512,0,2,4,0,0,512,32,0,32,256,16,4,4,64,8,2,4,2,3,1,1,2,1,0,1,1,0,0
6360,3,zeros-la-3-9,zeros-la-3,421,6360,3,938,512,32,2,4,4,4,512,32,2,0,256,16,0,0,64,8,2,3,3,3,1,1,2,1,0,1,1,0,0
6364,3,zeros-la-3-9,zeros-la-3,422,6364,3,940,512,2,2,4,0,0,512,32,0,32,256,16,4,4,64,8,4,3,2,4,1,1,2,1,0,1,1,0,0
6372,3,zeros-la-3-9,zeros-la-3,423,6372,3,942,512,2,2,4,0,2,512,32,0,32,256,16,0,4,64,8,8,3,3,2,2,1,2,1,0,1,1,0,0
6392,4,zeros-la-3-9,zeros-la-3,424,6392,4,944,512,0,2,4,4,0,2,512,32,0,32,256,16,0,4,64,16,4,2,3,0,2,2,1,0,1,1,0,0
6428,5,zeros-la-3-9,zeros-la-3,425,6428,5,946,512,0,4,4,4,0,32,512,32,0,4,256,32,2,0,64,0,5,1,4,0,0,3,1,0,1,1,0,0
6436,5,zeros-la-3-9,zeros-la-3,426,6436,5,948,512,0,0,4,8,0,32,512,32,0,4,256,32,0,2,2,64,5,2,2,1,0,3,1,0,1,1,0,0
6500,5,zeros-la-3-9,zeros-la-3,427,6500,5,950,512,2,0,4,0,0,32,512,8,0,4,256,64,0,2,2,64,5,3,2,1,0,1,2,0,1,1,0,0
6628,5,zeros-la-3-9,zeros-la-3,428,6628,5,952,512,2,32,4,8,0,4,512,128,0,2,256,0,0,0,2,2,5,4,2,1,0,1,0,1,1,1,0,0
6628,4,zeros-la-3-9,zeros-la-3,429,6628,4,954,512,2,0,4,0,0,32,512,8,0,4,256,128,2,2,2,2,4,5,2,1,0,1,0,1,1,1,0,0
6636,5,zeros-la-3-9,zeros-la-3,430,6636,5,956,512,0,0,2,4,2,32,512,8,0,4,256,128,0,0,4,4,5,2,4,1,0,1,0,1,1,1,0,0
6644,5,zeros-la-3-9,zeros-la-3,431,6644,5,958,512,2,4,2,0,2,32,512,8,4,256,128,0,8,0,0,0,5,3,2,2,0,1,0,1,1,1,0,0
6648,5,zeros-la-3-9,zeros-la-3,432,6648,5,962,512,0,0,0,0,4,4,2,0,4,32,512,4,8,256,128,8,5,1,4,2,0,1,0,1,1,1,0,0
6656,5,zeros-la-3-9,zeros-la-3,433,6656,5,966,512,0,4,0,0,0,4,2,0,8,32,512,4,8,256,128,8,5,1,3,3,0,1,0,1,1,1,0,0
6680,6,zeros-la-3-9,zeros-la-3,434,6680,6,968,512,0,0,0,2,0,8,2,0,0,32,512,4,16,256,128,8,6,2,1,2,1,1,0,1,1,1,0,0
6680,5,zeros-la-3-9,zeros-la-3,435,6680,5,970,512,0,0,2,0,0,8,2,2,0,32,512,4,16,256,128,8,5,3,1,2,1,1,0,1,1,1,0,0
6684,5,zeros-la-3-9,zeros-la-3,436,6684,5,972,512,0,0,0,2,2,0,8,4,0,32,512,4,16,256,128,8,5,2,2,2,1,1,0,1,1,1,0,0
6692,5,zeros-la-3-9,zeros-la-3,437,6692,5,974,512,0,0,0,0,2,0,8,2,2,32,512,8,16,256,128,8,5,3,0,3,1,1,0,1,1,1,0,0
6692,4,zeros-la-3-9,zeros-la-3,438,6692,4,976,512,2,0,0,0,2,8,2,0,2,32,512,8,16,256,128,8,4,4,0,3,1,1,0,1,1,1,0,0
6712,5,zeros-la-3-9,zeros-la-3,439,6712,5,978,512,0,0,2,0,2,8,2,0,4,32,512,0,16,256,128,16,5,3,1,1,2,1,0,1,1,1,0,0
6716,5,zeros-la-3-9,zeros-la-3,440,6716,5,980,512,2,0,0,0,2,8,4,0,4,32,512,0,16,256,128,16,5,2,2,1,2,1,0,1,1,1,0,0
6720,5,zeros-la-3-9,zeros-la-3,441,6720,5,982,512,4,8,4,16,4,32,512,0,16,256,128,0,0,0,0,2,5,1,3,1,2,1,0,1,1,1,0,0
6728,5,zeros-la-3-9,zeros-la-3,442,6728,5,984,512,8,8,4,16,16,32,512,2,0,256,128,2,0,0,0,0,5,2,1,2,2,1,0,1,1,1,0,0
6744,5,zeros-la-3-9,zeros-la-3,443,6744,5,988,512,16,4,16,4,16,32,512,2,256,128,2,0,0,0,0,0,5,2,2,0,3,1,0,1,1,1,0,0
6776,5,zeros-la-3-9,zeros-la-3,444,6776,5,990,512,0,0,0,0,0,4,16,2,32,32,512,4,256,128,2,2,5,3,2,0,1,2,0,1,1,1,0,0
6844,6,zeros-la-3-9,zeros-la-3,445,6844,6,992,512,2,0,0,0,0,4,16,2,0,64,512,4,0,256,128,4,6,2,3,0,1,0,1,1,1,1,0,0
6844,5,zeros-la-3-9,zeros-la-3,446,6844,5,994,512,0,0,0,2,0,4,16,2,2,64,512,4,0,256,128,4,5,3,3,0,1,0,1,1,1,1,0,0
6844,4,zeros-la-3-9,zeros-la-3,447,6844,4,996,512,0,2,0,2,0,4,16,2,2,64,512,4,0,256,128,4,4,4,3,0,1,0,1,1,1,1,0,0
6856,5,zeros-la-3-9,zeros-la-3,448,6856,5,998,512,2,2,16,4,0,4,512,8,2,64,128,0,0,256,0,0,5,3,2,1,1,0,1,1,1,1,0,0
6860,5,zeros-la-3-9,zeros-la-3,449,6860,5,1000,512,0,4,16,4,2,4,512,8,0,2,64,128,0,0,0,256,5,2,3,1,1,0,1,1,1,1,0,0
6868,5,zeros-la-3-9,zeros-la-3,450,6868,5,1002,512,0,2,0,4,0,0,16,8,0,8,512,128,2,2,64,256,5,3,1,2,1,0,1,1,1,1,0,0
6872,5,zeros-la-3-9,zeros-la-3,451,6872,5,1004,512,0,0,2,4,2,0,16,8,0,8,512,128,0,4,64,256,5,2,2,2,1,0,1,1,1,1,0,0
6872,4,zeros-la-3-9,zeros-la-3,452,6872,4,1006,512,0,0,2,4,2,2,16,8,0,8,512,128,0,4,64,256,4,3,2,2,1,0,1,1,1,1,0,0
6876,4,zeros-la-3-9,zeros-la-3,453,6876,4,1008,512,2,0,2,4,0,4,16,8,0,8,512,128,0,4,64,256,4,2,3,2,1,0,1,1,1,1,0,0
6880,4,zeros-la-3-9,zeros-la-3,454,6880,4,1010,512,4,4,0,0,4,16,8,0,8,512,128,2,4,64,256,0,4,1,4,2,1,0,1,1,1,1,0,0
6888,4,zeros-la-3-9,zeros-la-3,455,6888,4,1012,512,8,4,8,2,8,16,128,0,4,512,256,2,0,64,0,0,4,2,2,3,1,0,1,1,1,1,0,0
6908,5,zeros-la-3-9,zeros-la-3,456,6908,5,1014,512,16,4,8,4,4,16,128,2,0,512,256,0,0,64,0,0,5,1,3,1,2,0,1,1,1,1,0,0
6908,4,zeros-la-3-9,zeros-la-3,457,6908,4,1016,512,0,4,0,0,0,16,8,2,16,512,128,4,4,64,256,2,4,2,3,1,2,0,1,1,1,1,0,0
6908,3,zeros-la-3-9,zeros-la-3,458,6908,3,1018,512,4,2,0,0,16,8,2,0,16,512,128,4,4,64,256,2,3,3,3,1,2,0,1,1,1,1,0,0
6940,3,zeros-la-3-9,zeros-la-3,459,6940,3,1020,512,4,2,2,4,32,8,128,2,4,512,256,0,0,64,2,0,3,4,3,1,0,1,1,1,1,1,0,0
6944,3,zeros-la-3-9,zeros-la-3,460,6944,3,1022,512,4,4,4,0,32,8,128,2,4,512,256,2,64,2,0,0,3,3,4,1,0,1,1,1,1,1,0,0
6948,3,zeros-la-3-9,zeros-la-3,461,6948,3,1024,512,4,4,4,4,32,8,128,0,4,512,256,0,64,2,0,2,3,2,5,1,0,1,1,1,1,1,0,0
6968,5,zeros-la-3-9,zeros-la-3,462,6968,5,1026,512,8,8,0,2,32,8,128,0,4,512,256,0,64,4,0,0,5,1,2,3,0,1,1,1,1,1,0,0
6984,5,zeros-la-3-9,zeros-la-3,463,6984,5,1028,512,8,16,128,2,32,512,256,0,4,4,0,0,64,0,2,0,5,2,2,1,1,1,1,1,1,1,0,0
6992,5,zeros-la-3-9,zeros-la-3,464,6992,5,1030,512,8,16,128,2,32,512,256,0,8,2,0,0,64,2,0,0,5,3,0,2,1,1,1,1,1,1,0,0
6996,5,zeros-la-3-9,zeros-la-3,465,6996,5,1032,512,8,0,0,0,32,16,2,0,8,512,128,0,64,4,256,2,5,2,1,2,1,1,1,1,1,1,0,0
6996,4,zeros-la-3-9,zeros-la-3,466,6996,4,1034,512,8,16,2,2,32,512,128,0,8,4,256,2,64,0,0,0,4,3,1,2,1,1,1,1,1,1,0,0
7000,4,zeros-la-3-9,zeros-la-3,467,7000,4,1036,512,8,0,0,0,32,16,2,2,8,512,128,0,64,4,256,4,4,2,2,2,1,1,1,1,1,1,0,0
7004,4,zeros-la-3-9,zeros-la-3,468,7004,4,1038,512,8,0,0,0,32,16,4,2,8,512,128,0,64,4,256,4,4,1,3,2,1,1,1,1,1,1,0,0
7004,3,zeros-la-3-9,zeros-la-3,469,7004,3,1042,512,8,0,4,0,32,16,4,2,8,512,128,0,64,4,256,4,3,1,4,2,1,1,1,1,1,1,0,0
7012,3,zeros-la-3-9,zeros-la-3,470,7012,3,1044,512,8,16,8,2,32,512,128,4,8,4,256,0,64,2,0,0,3,2,2,3,1,1,1,1,1,1,0,0
7012,2,zeros-la-3-9,zeros-la-3,471,7012,2,1048,512,8,16,8,2,32,512,128,4,8,4,256,0,64,2,4,0,2,2,3,3,1,1,1,1,1,1,0,0
7012,1,zeros-la-3-9,zeros-la-3,472,7012,1,1050,512,8,16,8,0,32,512,128,2,8,4,256,2,64,2,4,4,1,3,3,3,1,1,1,1,1,1,0,0
7020,1,zeros-la-3-9,zeros-la-3,473,7020,1,1052,512,8,16,8,2,32,512,128,2,8,4,256,2,64,2,8,0,1,4,1,4,1,1,1,1,1,1,0,0
7020,0,zeros-la-3-9,zeros-la-3,474,7020,0,1054,512,8,16,8,2,32,512,128,2,8,4,256,2,64,2,8,2,0,5,1,4,1,1,1,1,1,1,0,0
7028,1,zeros-la-3-9,zeros-la-3,475,7028,1,1056,512,8,16,8,4,32,512,128,4,8,4,256,2,64,2,8,0,1,2,3,4,1,1,1,1,1,1,0,0
7036,1,zeros-la-3-9,zeros-la-3,476,7036,1,1058,512,8,16,8,8,32,512,128,2,8,4,256,0,64,2,8,2,1,3,1,5,1,1,1,1,1,1,0,0
7052,1,zeros-la-3-9,zeros-la-3,477,7052,1,1060,512,8,16,16,0,32,512,128,2,8,4,256,2,64,2,8,2,1,4,1,3,2,1,1,1,1,1,0,0
7084,1,zeros-la-3-9,zeros-la-3,478,7084,1,1062,512,8,32,0,2,32,512,128,2,8,4,256,2,64,2,8,2,1,5,1,3,0,2,1,1,1,1,0,0
7092,2,zeros-la-3-9,zeros-la-3,479,7092,2,1064,512,8,32,0,2,32,512,128,0,8,4,256,4,64,2,8,4,2,2,3,3,0,2,1,1,1,1,0,0
7100,2,zeros-la-3-9,zeros-la-3,480,7100,2,1066,512,8,32,0,2,32,512,128,0,8,4,256,2,64,2,8,8,2,3,1,4,0,2,1,1,1,1,0,0
7104,2,zeros-la-3-9,zeros-la-3,481,7104,2,1068,512,8,32,0,0,32,512,128,2,8,4,256,4,64,2,8,8,2,2,2,4,0,2,1,1,1,1,0,0
7104,1,zeros-la-3-9,zeros-la-3,482,7104,1,1070,512,8,32,128,2,32,512,256,4,8,4,8,8,64,2,0,2,1,3,2,4,0,2,1,1,1,1,0,0
7124,2,zeros-la-3-9,zeros-la-3,483,7124,2,1072,512,8,32,128,2,32,512,256,4,8,4,16,0,64,4,0,2,2,2,3,2,1,2,1,1,1,1,0,0
7132,2,zeros-la-3-9,zeros-la-3,484,7132,2,1074,512,8,32,128,2,32,512,256,4,8,8,16,2,64,0,0,2,2,3,1,3,1,2,1,1,1,1,0,0
7148,2,zeros-la-3-9,zeros-la-3,485,7148,2,1076,512,8,32,128,2,32,512,256,4,16,16,2,2,64,2,0,0,2,4,1,1,2,2,1,1,1,1,0,0
7184,3,zeros-la-3-9,zeros-la-3,486,7184,3,1078,512,8,32,128,2,32,512,256,4,32,4,0,0,64,2,2,0,3,3,2,1,0,3,1,1,1,1,0,0
7248,3,zeros-la-3-9,zeros-la-3,487,7248,3,1080,512,0,32,0,2,8,512,128,0,64,4,256,2,64,2,2,4,3,4,2,1,0,1,2,1,1,1,0,0
7380,4,zeros-la-3-9,zeros-la-3,488,7380,4,1082,512,8,32,128,4,128,512,256,4,0,4,2,0,0,2,2,0,4,3,3,1,0,1,0,2,1,1,0,0
7392,5,zeros-la-3-9,zeros-la-3,489,7392,5,1086,512,8,32,128,8,128,512,256,0,0,4,4,0,0,2,0,4,5,1,3,2,0,1,0,2,1,1,0,0
7400,5,zeros-la-3-9,zeros-la-3,490,7400,5,1088,512,8,32,128,8,128,512,256,0,8,2,0,0,2,4,0,0,5,2,1,3,0,1,0,2,1,1,0,0
7400,4,zeros-la-3-9,zeros-la-3,491,7400,4,1090,512,8,32,128,8,0,128,512,256,0,0,8,2,2,0,2,4,4,3,1,3,0,1,0,2,1,1,0,0
7404,4,zeros-la-3-9,zeros-la-3,492,7404,4,1092,512,8,32,128,8,128,512,256,0,8,2,0,0,4,4,0,2,4,2,2,3,0,1,0,2,1,1,0,0
7412,4,zeros-la-3-9,zeros-la-3,493,7412,4,1094,512,8,32,128,8,128,512,256,0,8,2,0,0,8,2,2,0,4,3,0,4,0,1,0,2,1,1,0,0
7432,5,zeros-la-3-9,zeros-la-3,494,7432,5,1096,512,8,32,128,8,128,512,256,2,16,4,2,0,0,0,0,0,5,2,1,2,1,1,0,2,1,1,0,0
7432,4,zeros-la-3-9,zeros-la-3,495,7432,4,1098,512,2,0,0,0,8,32,128,0,128,512,256,8,16,4,2,2,4,3,1,2,1,1,0,2,1,1,0,0
7436,4,zeros-la-3-9,zeros-la-3,496,7436,4,1100,512,2,0,0,2,0,8,32,128,128,512,256,8,0,16,4,4,4,2,2,2,1,1,0,2,1,1,0,0
7448,5,zeros-la-3-9,zeros-la-3,497,7448,5,1102,512,0,0,0,4,0,8,32,128,128,512,256,8,0,2,16,8,5,1,1,3,1,1,0,2,1,1,0,0
7464,5,zeros-la-3-9,zeros-la-3,498,7464,5,1104,512,0,0,0,0,0,8,32,4,2,512,256,128,128,2,16,16,5,2,1,1,2,1,0,2,1,1,0,0
7496,5,zeros-la-3-9,zeros-la-3,499,7496,5,1106,512,0,0,0,0,2,8,32,4,2,512,256,128,0,128,2,32,5,3,1,1,0,2,0,2,1,1,0,0
7500,5,zeros-la-3-9,zeros-la-3,500,7500,5,1108,512,4,8,32,4,0,512,256,128,0,128,2,32,0,0,0,2,5,2,2,1,0,2,0,2,1,1,0,0
7500,4,zeros-la-3-9,zeros-la-3,501,7500,4,1110,512,4,8,32,4,2,512,256,128,0,128,2,32,0,0,0,2,4,3,2,1,0,2,0,2,1,1,0,0
7500,3,zeros-la-3-9,zeros-la-3,502,7500,3,1112,512,4,8,32,4,2,512,256,128,0,128,2,32,2,0,0,2,3,4,2,1,0,2,0,2,1,1,0,0
7504,3,zeros-la-3-9,zeros-la-3,503,7504,3,1114,512,4,8,32,4,4,512,256,128,0,128,2,32,2,0,0,2,3,3,3,1,0,2,0,2,1,1,0,0
7512,3,zeros-la-3-9,zeros-la-3,504,7512,3,1116,512,8,8,32,4,2,512,256,128,0,128,2,32,0,2,0,2,3,4,1,2,0,2,0,2,1,1,0,0
7532,4,zeros-la-3-9,zeros-la-3,505,7532,4,1118,512,0,16,32,4,2,512,256,128,0,128,2,32,0,2,0,4,4,3,2,0,1,2,0,2,1,1,0,0
7532,3,zeros-la-3-9,zeros-la-3,506,7532,3,1120,512,0,16,32,4,2,512,256,128,0,128,2,32,2,0,2,4,3,4,2,0,1,2,0,2,1,1,0,0
7540,4,zeros-la-3-9,zeros-la-3,507,7540,4,1122,512,0,0,0,4,2,16,32,128,0,512,256,32,4,128,4,4,4,1,4,0,1,2,0,2,1,1,0,0
7548,4,zeros-la-3-9,zeros-la-3,508,7548,4,1126,512,4,4,0,0,2,16,32,128,512,256,32,0,4,128,8,0,4,1,3,1,1,2,0,2,1,1,0,0
7612,4,zeros-la-3-9,zeros-la-3,509,7612,4,1128,512,4,4,64,128,2,16,8,0,512,256,0,0,4,128,2,0,4,2,3,1,1,0,1,2,1,1,0,0
7620,4,zeros-la-3-9,zeros-la-3,510,7620,4,1130,512,8,64,128,0,2,16,8,0,512,256,0,0,4,128,2,2,4,3,1,2,1,0,1,2,1,1,0,0
7624,4,zeros-la-3-9,zeros-la-3,511,7624,4,1132,512,0,8,64,128,0,2,16,8,2,0,512,256,0,4,128,4,4,2,2,2,1,0,1,2,1,1,0,0
7624,3,zeros-la-3-9,zeros-la-3,512,7624,3,1134,512,2,8,64,128,0,2,16,8,0,2,512,256,0,4,128,4,3,3,2,2,1,0,1,2,1,1,0,0
7628,3,zeros-la-3-9,zeros-la-3,513,7628,3,1136,512,2,8,64,128,0,4,16,8,0,4,512,256,0,2,128,4,3,2,3,2,1,0,1,2,1,1,0,0
7636,3,zeros-la-3-9,zeros-la-3,514,7636,3,1138,512,0,2,64,128,0,8,16,8,0,8,512,256,2,2,128,4,3,3,1,3,1,0,1,2,1,1,0,0
7652,3,zeros-la-3-9,zeros-la-3,515,7652,3,1140,512,2,0,64,128,0,2,16,8,0,16,512,256,2,2,128,4,3,4,1,1,2,0,1,2,1,1,0,0
7656,3,zeros-la-3-9,zeros-la-3,516,7656,3,1142,512,4,2,64,128,2,16,16,8,0,2,512,256,0,0,128,4,3,3,2,1,2,0,1,2,1,1,0,0
7688,3,zeros-la-3-9,zeros-la-3,517,7688,3,1144,512,4,2,64,128,0,2,32,8,0,2,512,256,2,0,128,4,3,4,2,1,0,1,1,2,1,1,0,0
7692,3,zeros-la-3-9,zeros-la-3,518,7692,3,1146,512,4,4,64,128,2,2,32,8,0,0,512,256,0,2,128,4,3,3,3,1,0,1,1,2,1,1,0,0
7696,3,zeros-la-3-9,zeros-la-3,519,7696,3,1148,512,4,4,64,128,2,4,32,8,0,0,512,256,0,2,128,4,3,2,4,1,0,1,1,2,1,1,0,0
7704,3,zeros-la-3-9,zeros-la-3,520,7704,3,1150,512,4,8,64,128,2,2,32,8,0,0,512,256,0,2,128,4,3,3,2,2,0,1,1,2,1,1,0,0
7708,3,zeros-la-3-9,zeros-la-3,521,7708,3,1152,512,4,8,64,128,2,4,32,8,2,0,512,256,0,0,128,4,3,2,3,2,0,1,1,2,1,1,0,0
7712,3,zeros-la-3-9,zeros-la-3,522,7712,3,1154,512,4,8,64,128,4,4,32,8,0,2,512,256,0,0,128,4,3,1,4,2,0,1,1,2,1,1,0,0
7720,3,zeros-la-3-9,zeros-la-3,523,7720,3,1156,512,4,8,64,128,2,8,32,8,0,2,512,256,0,0,128,4,3,2,2,3,0,1,1,2,1,1,0,0
7736,3,zeros-la-3-9,zeros-la-3,524,7736,3,1158,512,4,16,64,128,2,2,32,8,0,2,512,256,0,0,128,4,3,3,2,1,1,1,1,2,1,1,0,0
7740,3,zeros-la-3-9,zeros-la-3,525,7740,3,1162,512,4,16,64,128,2,4,32,8,0,4,512,256,0,0,128,4,3,1,4,1,1,1,1,2,1,1,0,0
7748,3,zeros-la-3-9,zeros-la-3,526,7748,3,1166,512,4,16,64,128,2,8,32,8,0,0,512,256,0,4,128,4,3,1,3,2,1,1,1,2,1,1,0,0
7748,2,zeros-la-3-9,zeros-la-3,527,7748,2,1168,512,4,16,64,128,2,8,32,8,2,0,512,256,0,4,128,4,2,2,3,2,1,1,1,2,1,1,0,0
7752,2,zeros-la-3-9,zeros-la-3,528,7752,2,1170,512,0,0,64,128,2,16,32,8,4,8,512,256,4,4,128,4,2,1,4,2,1,1,1,2,1,1,0,0
7760,2,zeros-la-3-9,zeros-la-3,529,7760,2,1172,512,0,0,64,128,2,16,32,8,4,8,512,256,2,8,128,4,2,2,2,3,1,1,1,2,1,1,0,0
7776,2,zeros-la-3-9,zeros-la-3,530,7776,2,1174,512,0,2,64,128,2,0,32,8,4,16,512,256,2,16,128,4,2,3,2,1,2,1,1,2,1,1,0,0
7808,2,zeros-la-3-9,zeros-la-3,531,7808,2,1176,512,2,2,64,128,4,32,32,8,2,0,512,256,2,0,128,4,2,4,2,1,0,2,1,2,1,1,0,0
7876,3,zeros-la-3-9,zeros-la-3,532,7876,3,1180,512,0,4,64,128,0,4,64,8,4,2,512,256,0,2,128,4,3,2,4,1,0,0,2,2,1,1,0,0
8016,5,zeros-la-3-9,zeros-la-3,533,8016,5,1182,512,0,0,2,128,0,0,128,8,0,8,512,256,4,4,128,4,5,1,3,2,0,0,0,3,1,1,0,0
8024,5,zeros-la-3-9,zeros-la-3,534,8024,5,1184,512,0,0,2,128,0,0,128,8,2,8,512,256,0,8,128,4,5,2,1,3,0,0,0,3,1,1,0,0
8040,5,zeros-la-3-9,zeros-la-3,535,8040,5,1186,512,2,0,2,128,0,0,128,8,0,0,512,256,2,16,128,4,5,3,1,1,1,0,0,3,1,1,0,0
8044,5,zeros-la-3-9,zeros-la-3,536,8044,5,1188,512,2,0,4,128,0,0,128,8,0,0,512,256,2,16,128,4,5,2,2,1,1,0,0,3,1,1,0,0
8044,4,zeros-la-3-9,zeros-la-3,537,8044,4,1190,512,0,2,4,128,2,0,128,8,0,0,512,256,2,16,128,4,4,3,2,1,1,0,0,3,1,1,0,0
8048,4,zeros-la-3-9,zeros-la-3,538,8048,4,1192,512,0,0,4,128,0,0,128,8,2,2,512,256,4,16,128,4,4,2,3,1,1,0,0,3,1,1,0,0
8052,4,zeros-la-3-9,zeros-la-3,539,8052,4,1196,512,0,0,4,128,0,4,128,8,0,4,512,256,4,16,128,4,4,0,5,1,1,0,0,3,1,1,0,0
8052,3,zeros-la-3-9,zeros-la-3,540,8052,3,1198,512,4,128,0,0,4,128,8,2,4,512,256,0,4,16,128,4,3,1,5,1,1,0,0,3,1,1,0,0
8324,5,zeros-la-3-9,zeros-la-3,541,8324,5,1202,512,0,0,0,0,4,256,8,0,8,512,256,2,8,16,128,4,5,1,2,3,1,0,0,1,2,1,0,0
8340,5,zeros-la-3-9,zeros-la-3,542,8340,5,1204,512,0,0,0,0,2,256,8,0,4,512,256,2,16,16,128,4,5,2,2,1,2,0,0,1,2,1,0,0
8372,5,zeros-la-3-9,zeros-la-3,543,8372,5,1208,512,0,0,0,0,0,2,256,8,4,512,256,2,4,32,128,4,5,2,3,1,0,1,0,1,2,1,0,0
8892,6,zeros-la-3-9,zeros-la-3,544,8892,6,1210,512,2,0,0,0,0,2,0,8,0,512,512,2,8,32,128,4,6,3,1,2,0,1,0,1,0,2,0,0
9916,6,zeros-la-3-9,zeros-la-3,545,9916,6,1212,1024,2,0,0,0,2,8,0,0,1024,2,2,0,8,32,128,4,6,4,1,2,0,1,0,1,0,0,1,0
9920,6,zeros-la-3-9,zeros-la-3,546,9920,6,1214,1024,0,0,0,2,0,0,2,8,0,2,1024,4,8,32,128,4,6,3,2,2,0,1,0,1,0,0,1,0
9928,6,zeros-la-3-9,zeros-la-3,547,9928,6,1216,1024,0,0,0,0,2,0,2,2,0,2,1024,8,8,32,128,8,6,4,0,3,0,1,0,1,0,0,1,0
9944,6,zeros-la-3-9,zeros-la-3,548,9944,6,1220,1024,2,2,2,2,8,32,1024,16,0,0,128,0,4,0,0,0,6,4,1,1,1,1,0,1,0,0,1,0
9952,7,zeros-la-3-9,zeros-la-3,549,9952,7,1222,1024,4,4,2,0,8,32,1024,16,128,0,0,0,4,0,0,0,7,1,3,1,1,1,0,1,0,0,1,0
9960,7,zeros-la-3-9,zeros-la-3,550,9960,7,1224,1024,8,2,2,0,8,32,1024,16,128,0,0,0,4,0,0,0,7,2,1,2,1,1,0,1,0,0,1,0
9964,7,zeros-la-3-9,zeros-la-3,551,9964,7,1226,1024,8,4,2,0,8,32,1024,16,128,0,0,0,4,0,0,0,7,1,2,2,1,1,0,1,0,0,1,0
9980,7,zeros-la-3-9,zeros-la-3,552,9980,7,1230,1024,16,4,2,16,128,32,1024,0,4,0,4,0,0,0,0,0,7,1,3,0,2,1,0,1,0,0,1,0
9988,7,zeros-la-3-9,zeros-la-3,553,9988,7,1232,1024,16,4,2,16,0,128,32,1024,0,0,0,8,0,2,0,0,7,2,1,1,2,1,0,1,0,0,1,0
9988,6,zeros-la-3-9,zeros-la-3,554,9988,6,1234,1024,0,2,0,0,0,4,0,16,0,128,2,1024,16,2,32,8,6,3,1,1,2,1,0,1,0,0,1,0
9988,5,zeros-la-3-9,zeros-la-3,555,9988,5,1236,1024,2,2,0,0,4,16,0,0,128,2,1024,0,16,2,32,8,5,4,1,1,2,1,0,1,0,0,1,0
9992,5,zeros-la-3-9,zeros-la-3,556,9992,5,1238,1024,4,0,0,0,4,16,2,0,128,2,1024,0,16,2,32,8,5,3,2,1,2,1,0,1,0,0,1,0
10004,6,zeros-la-3-9,zeros-la-3,557,10004,6,1240,1024,8,16,2,8,128,4,1024,2,16,0,32,0,0,0,0,0,6,2,1,2,2,1,0,1,0,0,1,0
10004,5,zeros-la-3-9,zeros-la-3,558,10004,5,1242,1024,8,16,2,8,128,4,1024,2,16,0,32,0,2,0,0,0,5,3,1,2,2,1,0,1,0,0,1,0
10004,4,zeros-la-3-9,zeros-la-3,559,10004,4,1244,1024,8,0,0,0,128,0,2,2,16,16,1024,8,2,4,32,2,4,4,1,2,2,1,0,1,0,0,1,0
10040,5,zeros-la-3-9,zeros-la-3,560,10040,5,1248,1024,4,0,0,8,0,0,128,4,0,32,1024,8,2,4,32,2,5,2,3,2,0,2,0,1,0,0,1,0
10040,4,zeros-la-3-9,zeros-la-3,561,10040,4,1250,1024,4,32,128,8,2,4,1024,4,0,0,32,8,0,2,0,2,4,3,3,2,0,2,0,1,0,0,1,0
10040,3,zeros-la-3-9,zeros-la-3,562,10040,3,1252,1024,4,32,128,8,2,4,1024,4,0,2,32,8,2,0,0,2,3,4,3,2,0,2,0,1,0,0,1,0
10044,3,zeros-la-3-9,zeros-la-3,563,10044,3,1254,1024,4,32,128,8,4,4,1024,4,2,2,32,8,0,0,0,2,3,3,4,2,0,2,0,1,0,0,1,0
10052,3,zeros-la-3-9,zeros-la-3,564,10052,3,1256,1024,8,32,128,8,2,4,1024,4,2,2,32,8,0,0,0,2,3,4,2,3,0,2,0,1,0,0,1,0
10056,3,zeros-la-3-9,zeros-la-3,565,10056,3,1258,1024,8,32,128,8,2,4,1024,4,0,4,32,8,0,2,0,2,3,3,3,3,0,2,0,1,0,0,1,0
10064,3,zeros-la-3-9,zeros-la-3,566,10064,3,1262,1024,8,32,128,8,2,8,1024,4,0,2,32,8,0,4,0,2,3,3,2,4,0,2,0,1,0,0,1,0
10064,2,zeros-la-3-9,zeros-la-3,567,10064,2,1264,1024,8,32,128,8,2,8,1024,4,2,32,8,2,4,2,0,0,2,4,2,4,0,2,0,1,0,0,1,0
10068,2,zeros-la-3-9,zeros-la-3,568,10068,2,1266,1024,8,32,128,8,4,8,1024,4,4,32,8,2,0,2,2,0,2,3,3,4,0,2,0,1,0,0,1,0
10076,2,zeros-la-3-9,zeros-la-3,569,10076,2,1268,1024,8,32,128,8,8,8,1024,4,0,32,8,2,2,2,2,0,2,4,1,5,0,2,0,1,0,0,1,0
10096,3,zeros-la-3-9,zeros-la-3,570,10096,3,1270,1024,8,32,128,8,16,1024,4,0,32,8,2,0,4,2,0,2,3,3,2,3,1,2,0,1,0,0,1,0
10100,3,zeros-la-3-9,zeros-la-3,571,10100,3,1272,1024,8,32,128,8,16,1024,4,0,32,8,2,2,4,4,0,0,3,2,3,3,1,2,0,1,0,0,1,0
10112,4,zeros-la-3-9,zeros-la-3,572,10112,4,1276,1024,8,32,128,8,0,16,1024,4,0,32,8,4,4,0,0,8,4,0,3,4,1,2,0,1,0,0,1,0
10120,4,zeros-la-3-9,zeros-la-3,573,10120,4,1278,1024,8,32,128,8,4,16,1024,8,0,32,8,8,0,0,2,0,4,1,1,5,1,2,0,1,0,0,1,0
10136,4,zeros-la-3-9,zeros-la-3,574,10136,4,1280,1024,8,32,128,8,4,16,1024,8,32,16,0,0,2,0,0,2,4,2,1,3,2,2,0,1,0,0,1,0
10184,5,zeros-la-3-9,zeros-la-3,575,10184,5,1282,1024,8,2,0,0,4,0,0,0,32,32,128,16,2,32,1024,2,5,3,1,1,1,3,0,1,0,0,1,0
10248,5,zeros-la-3-9,zeros-la-3,576,10248,5,1284,1024,8,2,0,0,4,0,2,0,64,128,16,0,2,32,1024,2,5,4,1,1,1,1,1,1,0,0,1,0
10248,4,zeros-la-3-9,zeros-la-3,577,10248,4,1286,1024,8,2,0,0,4,2,0,2,64,128,16,0,2,32,1024,2,4,5,1,1,1,1,1,1,0,0,1,0
10256,5,zeros-la-3-9,zeros-la-3,578,10256,5,1288,1024,8,0,0,0,4,4,0,0,64,128,16,2,2,32,1024,4,5,2,3,1,1,1,1,1,0,0,1,0
10264,5,zeros-la-3-9,zeros-la-3,579,10264,5,1292,1024,8,0,0,0,8,4,0,0,64,128,16,2,2,32,1024,4,5,2,2,2,1,1,1,1,0,0,1,0
10280,5,zeros-la-3-9,zeros-la-3,580,10280,5,1294,1024,0,0,0,0,16,4,0,2,64,128,16,2,2,32,1024,4,5,3,2,0,2,1,1,1,0,0,1,0
10284,5,zeros-la-3-9,zeros-la-3,581,10284,5,1296,1024,16,4,16,4,64,128,1024,4,2,32,0,0,2,0,0,0,5,2,3,0,2,1,1,1,0,0,1,0
10296,6,zeros-la-3-9,zeros-la-3,582,10296,6,1298,1024,0,0,0,0,16,4,0,0,64,128,16,2,4,32,1024,8,6,1,2,1,2,1,1,1,0,0,1,0
10296,5,zeros-la-3-9,zeros-la-3,583,10296,5,1300,1024,0,2,0,0,0,0,16,4,64,128,16,2,4,32,1024,8,5,2,2,1,2,1,1,1,0,0,1,0
10328,5,zeros-la-3-9,zeros-la-3,584,10328,5,1302,1024,0,0,0,0,0,2,2,4,64,128,32,2,4,32,1024,8,5,3,2,1,0,2,1,1,0,0,1,0
10332,5,zeros-la-3-9,zeros-la-3,585,10332,5,1304,1024,0,0,0,2,0,0,4,4,64,128,32,2,4,32,1024,8,5,2,3,1,0,2,1,1,0,0,1,0
10340,5,zeros-la-3-9,zeros-la-3,586,10340,5,1306,1024,2,0,2,0,8,0,0,0,64,128,32,2,4,32,1024,8,5,3,1,2,0,2,1,1,0,0,1,0
10340,4,zeros-la-3-9,zeros-la-3,587,10340,4,1308,1024,2,0,0,0,8,2,2,0,64,128,32,2,4,32,1024,8,4,4,1,2,0,2,1,1,0,0,1,0
10340,3,zeros-la-3-9,zeros-la-3,588,10340,3,1310,1024,2,2,2,2,8,128,32,8,64,32,1024,0,4,0,0,2,3,5,1,2,0,2,1,1,0,0,1,0
10348,4,zeros-la-3-9,zeros-la-3,589,10348,4,1312,1024,2,0,4,4,8,128,32,8,0,64,32,1024,0,0,4,2,4,2,3,2,0,2,1,1,0,0,1,0
10412,4,zeros-la-3-9,zeros-la-3,590,10412,4,1314,1024,2,128,4,4,8,64,64,8,0,2,4,1024,0,0,0,2,4,3,3,2,0,0,2,1,0,0,1,0
10548,5,zeros-la-3-9,zeros-la-3,591,10548,5,1316,1024,0,2,128,8,0,8,128,8,0,2,4,1024,0,0,2,2,5,4,1,3,0,0,0,2,0,0,1,0
10820,6,zeros-la-3-9,zeros-la-3,592,10820,6,1318,1024,0,0,0,0,0,2,256,16,2,8,4,1024,0,2,2,2,6,5,1,1,1,0,0,0,1,0,1,0
10820,5,zeros-la-3-9,zeros-la-3,593,10820,5,1320,1024,2,2,256,16,2,8,4,1024,0,2,2,2,0,0,0,0,5,6,1,1,1,0,0,0,1,0,1,0
10828,6,zeros-la-3-9,zeros-la-3,594,10828,6,1322,1024,2,4,256,16,2,8,4,1024,0,0,2,4,0,0,0,0,6,3,3,1,1,0,0,0,1,0,1,0
10832,6,zeros-la-3-9,zeros-la-3,595,10832,6,1324,1024,4,4,256,16,0,8,4,1024,0,0,2,4,0,0,2,0,6,2,4,1,1,0,0,0,1,0,1,0
10840,6,zeros-la-3-9,zeros-la-3,596,10840,6,1326,1024,0,8,256,16,0,8,4,1024,0,0,2,4,0,0,2,2,6,3,2,2,1,0,0,0,1,0,1,0
10860,7,zeros-la-3-9,zeros-la-3,597,10860,7,1328,1024,0,16,256,16,0,0,4,1024,2,0,4,4,0,0,0,2,7,2,3,0,2,0,0,0,1,0,1,0
10868,7,zeros-la-3-9,zeros-la-3,598,10868,7,1330,1024,16,256,16,0,4,1024,0,0,2,8,0,0,2,2,0,0,7,3,1,1,2,0,0,0,1,0,1,0
10872,7,zeros-la-3-9,zeros-la-3,599,10872,7,1332,1024,16,256,16,0,4,1024,0,0,4,8,2,0,0,2,0,0,7,2,2,1,2,0,0,0,1,0,1,0
10880,7,zeros-la-3-9,zeros-la-3,600,10880,7,1334,1024,0,256,2,0,0,1024,0,0,16,8,16,0,8,2,2,0,7,3,0,2,2,0,0,0,1,0,1,0
10884,7,zeros-la-3-9,zeros-la-3,601,10884,7,1336,1024,0,0,256,2,0,0,2,1024,0,16,8,16,0,0,8,4,7,2,1,2,2,0,0,0,1,0,1,0
10900,7,zeros-la-3-9,zeros-la-3,602,10900,7,1338,1024,2,0,0,2,0,0,256,1024,0,0,2,16,0,16,16,4,7,3,1,0,3,0,0,0,1,0,1,0
10936,8,zeros-la-3-9,zeros-la-3,603,10936,8,1340,1024,4,0,2,0,256,1024,0,0,2,16,0,0,32,4,0,0,8,2,2,0,1,1,0,0,1,0,1,0
10936,7,zeros-la-3-9,zeros-la-3,604,10936,7,1342,1024,4,0,0,2,256,1024,0,0,2,16,0,0,32,4,2,0,7,3,2,0,1,1,0,0,1,0,1,0
10936,6,zeros-la-3-9,zeros-la-3,605,10936,6,1344,1024,4,0,0,0,256,1024,2,0,2,16,0,0,32,4,2,2,6,4,2,0,1,1,0,0,1,0,1,0
10940,6,zeros-la-3-9,zeros-la-3,606,10940,6,1348,1024,4,0,0,0,256,1024,2,0,2,16,0,4,32,4,4,0,6,2,4,0,1,1,0,0,1,0,1,0
10948,6,zeros-la-3-9,zeros-la-3,607,10948,6,1350,1024,0,0,2,4,0,256,1024,2,0,2,16,4,0,0,32,8,6,3,2,1,1,1,0,0,1,0,1,0
10948,5,zeros-la-3-9,zeros-la-3,608,10948,5,1352,1024,2,4,0,0,256,1024,2,2,2,16,4,0,32,8,0,0,5,4,2,1,1,1,0,0,1,0,1,0
10952,5,zeros-la-3-9,zeros-la-3,609,10952,5,1354,1024,0,2,2,4,0,256,1024,4,0,2,16,4,0,0,32,8,5,3,3,1,1,1,0,0,1,0,1,0
10960,5,zeros-la-3-9,zeros-la-3,610,10960,5,1356,1024,0,0,2,0,0,2,1024,4,2,256,16,8,0,2,32,8,5,4,1,2,1,1,0,0,1,0,1,0
10976,5,zeros-la-3-9,zeros-la-3,611,10976,5,1358,1024,2,0,2,0,0,2,1024,0,0,256,16,4,2,2,32,16,5,5,1,0,2,1,0,0,1,0,1,0
10980,5,zeros-la-3-9,zeros-la-3,612,10980,5,1360,1024,4,2,2,4,0,256,1024,16,0,2,16,0,0,0,32,2,5,4,2,0,2,1,0,0,1,0,1,0
10984,5,zeros-la-3-9,zeros-la-3,613,10984,5,1362,1024,0,4,4,4,0,256,1024,16,0,2,2,16,0,0,32,2,5,3,3,0,2,1,0,0,1,0,1,0
11016,5,zeros-la-3-9,zeros-la-3,614,11016,5,1366,1024,0,4,4,4,0,256,1024,32,0,2,2,2,0,4,32,0,5,3,4,0,0,2,0,0,1,0,1,0
11028,6,zeros-la-3-9,zeros-la-3,615,11028,6,1368,1024,0,0,4,8,0,256,1024,32,2,0,2,4,0,0,4,32,6,2,3,1,0,2,0,0,1,0,1,0
11032,6,zeros-la-3-9,zeros-la-3,616,11032,6,1370,1024,4,8,0,0,256,1024,32,2,4,4,0,0,4,32,0,0,6,1,4,1,0,2,0,0,1,0,1,0
11040,6,zeros-la-3-9,zeros-la-3,617,11040,6,1374,1024,0,8,4,0,4,1024,0,0,256,4,0,0,8,32,32,2,6,1,3,2,0,2,0,0,1,0,1,0
11104,6,zeros-la-3-9,zeros-la-3,618,11104,6,1376,1024,8,4,0,0,4,1024,0,0,256,4,0,0,8,64,2,2,6,2,3,2,0,0,1,0,1,0,1,0
11108,6,zeros-la-3-9,zeros-la-3,619,11108,6,1378,1024,0,0,8,4,0,0,4,1024,2,0,256,4,0,8,64,4,6,1,4,2,0,0,1,0,1,0,1,0
11116,6,zeros-la-3-9,zeros-la-3,620,11116,6,1380,1024,2,8,8,4,0,0,4,1024,0,2,256,8,0,0,64,0,6,2,2,3,0,0,1,0,1,0,1,0
11116,5,zeros-la-3-9,zeros-la-3,621,11116,5,1382,1024,2,0,8,0,0,0,4,4,0,8,256,1024,2,2,64,8,5,3,2,3,0,0,1,0,1,0,1,0
11128,6,zeros-la-3-9,zeros-la-3,622,11128,6,1384,1024,0,0,2,8,0,2,0,8,0,8,256,1024,0,4,64,8,6,2,1,4,0,0,1,0,1,0,1,0
11144,6,zeros-la-3-9,zeros-la-3,623,11144,6,1386,1024,2,0,0,0,0,2,2,16,0,8,256,1024,0,4,64,8,6,3,1,2,1,0,1,0,1,0,1,0
11148,6,zeros-la-3-9,zeros-la-3,624,11148,6,1390,1024,0,0,0,2,0,0,4,16,4,8,256,1024,0,4,64,8,6,1,3,2,1,0,1,0,1,0,1,0
11148,5,zeros-la-3-9,zeros-la-3,625,11148,5,1394,1024,0,4,0,2,0,0,4,16,0,8,256,1024,4,4,64,8,5,1,4,2,1,0,1,0,1,0,1,0
11156,5,zeros-la-3-9,zeros-la-3,626,11156,5,1396,1024,4,2,0,0,4,16,2,0,8,256,1024,0,8,64,8,0,5,2,2,3,1,0,1,0,1,0,1,0
11180,6,zeros-la-3-9,zeros-la-3,627,11180,6,1398,1024,8,2,2,0,16,16,1024,0,0,256,8,0,0,64,2,0,6,3,0,2,2,0,1,0,1,0,1,0
11216,7,zeros-la-3-9,zeros-la-3,628,11216,7,1400,1024,2,0,8,4,0,0,32,1024,0,0,256,8,0,0,64,2,7,2,1,2,0,1,1,0,1,0,1,0
11216,6,zeros-la-3-9,zeros-la-3,629,11216,6,1402,1024,2,0,8,4,0,0,32,1024,2,0,256,8,0,0,64,2,6,3,1,2,0,1,1,0,1,0,1,0
11220,6,zeros-la-3-9,zeros-la-3,630,11220,6,1404,1024,4,0,8,4,0,0,32,1024,0,0,256,8,2,0,64,2,6,2,2,2,0,1,1,0,1,0,1,0
11220,5,zeros-la-3-9,zeros-la-3,631,11220,5,1406,1024,2,4,8,4,0,0,32,1024,0,0,256,8,0,2,64,2,5,3,2,2,0,1,1,0,1,0,1,0
11220,4,zeros-la-3-9,zeros-la-3,632,11220,4,1408,1024,0,0,8,4,0,0,32,1024,2,4,256,8,2,2,64,2,4,4,2,2,0,1,1,0,1,0,1,0
11224,4,zeros-la-3-9,zeros-la-3,633,11224,4,1410,1024,4,4,8,4,2,2,32,1024,0,0,256,8,0,0,64,2,4,3,3,2,0,1,1,0,1,0,1,0
11236,5,zeros-la-3-9,zeros-la-3,634,11236,5,1412,1024,8,8,4,0,4,32,1024,2,256,8,0,0,64,2,0,0,5,2,2,3,0,1,1,0,1,0,1,0
11252,5,zeros-la-3-9,zeros-la-3,635,11252,5,1414,1024,16,4,0,0,4,32,1024,2,256,8,0,0,64,2,2,0,5,3,2,1,1,1,1,0,1,0,1,0
11256,5,zeros-la-3-9,zeros-la-3,636,11256,5,1416,1024,16,4,0,0,4,32,1024,2,256,8,0,0,64,4,0,2,5,2,3,1,1,1,1,0,1,0,1,0
11256,4,zeros-la-3-9,zeros-la-3,637,11256,4,1418,1024,16,4,0,0,4,32,1024,2,256,8,0,0,64,4,2,2,4,3,3,1,1,1,1,0,1,0,1,0
11260,4,zeros-la-3-9,zeros-la-3,638,11260,4,1420,1024,16,4,0,0,4,32,1024,2,256,8,0,0,64,4,4,2,4,2,4,1,1,1,1,0,1,0,1,0
11268,4,zeros-la-3-9,zeros-la-3,639,11268,4,1422,1024,16,4,0,0,4,32,1024,2,256,8,2,0,64,8,2,0,4,3,2,2,1,1,1,0,1,0,1,0
11288,5,zeros-la-3-9,zeros-la-3,640,11288,5,1424,1024,16,0,0,0,4,4,2,0,256,32,1024,0,64,16,4,2,5,2,3,0,2,1,1,0,1,0,1,0
11296,5,zeros-la-3-9,zeros-la-3,641,11296,5,1426,1024,16,2,0,0,8,2,0,0,256,32,1024,0,64,16,4,2,5,3,1,1,2,1,1,0,1,0,1,0
11300,5,zeros-la-3-9,zeros-la-3,642,11300,5,1428,1024,16,0,0,2,8,4,0,0,256,32,1024,0,64,16,4,2,5,2,2,1,2,1,1,0,1,0,1,0
11304,5,zeros-la-3-9,zeros-la-3,643,11304,5,1430,1024,16,0,2,0,8,4,0,0,256,32,1024,0,64,16,4,4,5,1,3,1,2,1,1,0,1,0,1,0
11304,4,zeros-la-3-9,zeros-la-3,644,11304,4,1432,1024,16,2,0,0,8,4,2,0,256,32,1024,0,64,16,4,4,4,2,3,1,2,1,1,0,1,0,1,0
11312,4,zeros-la-3-9,zeros-la-3,645,11312,4,1434,1024,16,2,0,0,8,4,2,0,256,32,1024,0,64,16,8,2,4,3,1,2,2,1,1,0,1,0,1,0
11312,3,zeros-la-3-9,zeros-la-3,646,11312,3,1436,1024,16,2,0,2,8,4,2,0,256,32,1024,0,64,16,8,2,3,4,1,2,2,1,1,0,1,0,1,0
11316,3,zeros-la-3-9,zeros-la-3,647,11316,3,1438,1024,16,4,0,0,8,4,2,0,256,32,1024,2,64,16,8,2,3,3,2,2,2,1,1,0,1,0,1,0
11328,4,zeros-la-3-9,zeros-la-3,648,11328,4,1440,1024,16,2,0,0,8,8,2,0,256,32,1024,0,64,16,8,4,4,2,1,3,2,1,1,0,1,0,1,0
11344,4,zeros-la-3-9,zeros-la-3,649,11344,4,1442,1024,16,2,0,0,16,2,0,2,256,32,1024,0,64,16,8,4,4,3,1,1,3,1,1,0,1,0,1,0
11348,4,zeros-la-3-9,zeros-la-3,650,11348,4,1444,1024,16,2,0,0,16,4,2,0,256,32,1024,0,64,16,8,4,4,2,2,1,3,1,1,0,1,0,1,0
11380,4,zeros-la-3-9,zeros-la-3,651,11380,4,1446,1024,0,2,0,0,32,4,2,2,256,32,1024,0,64,16,8,4,4,3,2,1,1,2,1,0,1,0,1,0
11384,4,zeros-la-3-9,zeros-la-3,652,11384,4,1448,1024,2,0,0,2,32,4,4,0,256,32,1024,0,64,16,8,4,4,2,3,1,1,2,1,0,1,0,1,0
11396,5,zeros-la-3-9,zeros-la-3,653,11396,5,1450,1024,2,0,0,4,0,0,32,8,0,256,32,1024,64,16,8,4,5,1,2,2,1,2,1,0,1,0,1,0
11460,5,zeros-la-3-9,zeros-la-3,654,11460,5,1452,1024,2,256,64,4,64,16,8,8,0,0,0,1024,2,0,0,4,5,2,2,2,1,0,2,0,1,0,1,0
11476,5,zeros-la-3-9,zeros-la-3,655,11476,5,1454,1024,2,256,64,4,0,64,16,16,0,2,0,1024,0,0,2,4,5,3,2,0,2,0,2,0,1,0,1,0
11508,5,zeros-la-3-9,zeros-la-3,656,11508,5,1456,1024,2,256,64,4,0,0,64,32,2,0,2,1024,0,0,2,4,5,4,2,0,0,1,2,0,1,0,1,0
11644,7,zeros-la-3-9,zeros-la-3,657,11644,7,1458,1024,0,0,0,4,2,0,0,32,0,0,128,1024,4,256,4,4,7,1,4,0,0,1,0,1,1,0,1,0
11652,7,zeros-la-3-9,zeros-la-3,658,11652,7,1460,1024,0,0,0,4,0,2,2,32,0,0,128,1024,0,4,256,8,7,2,2,1,0,1,0,1,1,0,1,0
11656,7,zeros-la-3-9,zeros-la-3,659,11656,7,1462,1024,4,0,0,2,4,32,0,0,128,1024,0,0,4,256,8,0,7,1,3,1,0,1,0,1,1,0,1,0
11656,6,zeros-la-3-9,zeros-la-3,660,11656,6,1464,1024,4,2,0,0,4,32,0,0,128,1024,0,0,4,256,8,2,6,2,3,1,0,1,0,1,1,0,1,0
11664,6,zeros-la-3-9,zeros-la-3,661,11664,6,1466,1024,8,2,8,2,128,32,0,0,4,1024,0,0,2,256,0,0,6,3,1,2,0,1,0,1,1,0,1,0
11664,5,zeros-la-3-9,zeros-la-3,662,11664,5,1468,1024,8,2,8,2,128,32,0,2,4,1024,0,0,2,256,0,0,5,4,1,2,0,1,0,1,1,0,1,0
11668,5,zeros-la-3-9,zeros-la-3,663,11668,5,1470,1024,8,2,0,0,128,32,0,0,4,1024,2,0,2,256,8,4,5,3,2,2,0,1,0,1,1,0,1,0
11668,4,zeros-la-3-9,zeros-la-3,664,11668,4,1472,1024,8,2,2,4,128,32,8,0,4,1024,2,0,2,256,0,0,4,4,2,2,0,1,0,1,1,0,1,0
11672,4,zeros-la-3-9,zeros-la-3,665,11672,4,1474,1024,0,8,4,4,0,128,32,8,2,4,1024,2,0,0,2,256,4,3,3,2,0,1,0,1,1,0,1,0
11680,4,zeros-la-3-9,zeros-la-3,666,11680,4,1476,1024,0,2,8,8,0,128,32,8,2,4,1024,2,0,0,2,256,4,4,1,3,0,1,0,1,1,0,1,0
11696,4,zeros-la-3-9,zeros-la-3,667,11696,4,1478,1024,2,16,0,0,128,32,8,0,2,4,1024,2,2,256,0,2,4,5,1,1,1,1,0,1,1,0,1,0
11704,5,zeros-la-3-9,zeros-la-3,668,11704,5,1480,1024,2,16,8,4,128,32,1024,0,4,4,0,0,0,256,0,2,5,2,3,1,1,1,0,1,1,0,1,0
11712,5,zeros-la-3-9,zeros-la-3,669,11712,5,1482,1024,2,16,8,4,128,32,1024,0,8,0,0,0,256,2,2,0,5,3,1,2,1,1,0,1,1,0,1,0
11712,4,zeros-la-3-9,zeros-la-3,670,11712,4,1484,1024,2,0,2,0,128,16,8,0,8,32,1024,0,256,2,2,4,4,4,1,2,1,1,0,1,1,0,1,0
11720,5,zeros-la-3-9,zeros-la-3,671,11720,5,1486,1024,0,2,0,4,0,128,16,8,0,8,32,1024,0,256,4,4,5,1,3,2,1,1,0,1,1,0,1,0
11728,5,zeros-la-3-9,zeros-la-3,672,11728,5,1488,1024,2,4,0,0,128,16,8,2,8,32,1024,0,256,8,0,0,5,2,1,3,1,1,0,1,1,0,1,0
11728,4,zeros-la-3-9,zeros-la-3,673,11728,4,1490,1024,2,4,0,0,128,16,8,2,8,32,1024,2,256,8,0,0,4,3,1,3,1,1,0,1,1,0,1,0
11728,3,zeros-la-3-9,zeros-la-3,674,11728,3,1492,1024,0,0,2,4,128,16,8,2,8,32,1024,2,2,0,256,8,3,4,1,3,1,1,0,1,1,0,1,0
11732,3,zeros-la-3-9,zeros-la-3,675,11732,3,1494,1024,0,0,2,0,128,2,8,4,8,16,1024,4,2,32,256,8,3,3,2,3,1,1,0,1,1,0,1,0
11740,3,zeros-la-3-9,zeros-la-3,676,11740,3,1496,1024,128,2,2,8,8,16,8,8,2,32,1024,2,0,0,256,0,3,4,0,4,1,1,0,1,1,0,1,0
11760,4,zeros-la-3-9,zeros-la-3,677,11760,4,1498,1024,0,128,4,8,2,8,16,16,2,32,1024,2,0,0,0,256,4,3,1,2,2,1,0,1,1,0,1,0
11792,4,zeros-la-3-9,zeros-la-3,678,11792,4,1500,1024,128,4,8,0,2,8,32,0,2,32,1024,2,256,2,0,0,4,4,1,2,0,2,0,1,1,0,1,0
11796,4,zeros-la-3-9,zeros-la-3,679,11796,4,1502,1024,0,4,0,0,128,8,8,0,4,32,32,2,256,2,1024,2,4,3,2,2,0,2,0,1,1,0,1,0
11800,4,zeros-la-3-9,zeros-la-3,680,11800,4,1504,1024,0,4,2,0,128,8,8,0,4,32,32,0,256,2,1024,4,4,2,3,2,0,2,0,1,1,0,1,0
11880,5,zeros-la-3-9,zeros-la-3,681,11880,5,1506,1024,4,2,0,2,128,16,0,0,4,64,0,0,256,2,1024,4,5,3,3,0,1,0,1,1,1,0,1,0
11884,5,zeros-la-3-9,zeros-la-3,682,11884,5,1508,1024,2,0,4,4,0,0,128,16,0,0,4,64,256,2,1024,4,5,2,4,0,1,0,1,1,1,0,1,0
11892,5,zeros-la-3-9,zeros-la-3,683,11892,5,1510,1024,0,2,2,8,0,0,128,16,0,0,4,64,256,2,1024,4,5,3,2,1,1,0,1,1,1,0,1,0
11896,5,zeros-la-3-9,zeros-la-3,684,11896,5,1512,1024,0,0,4,8,0,0,128,16,2,0,4,64,256,2,1024,4,5,2,3,1,1,0,1,1,1,0,1,0
11896,4,zeros-la-3-9,zeros-la-3,685,11896,4,1514,1024,0,0,4,8,2,0,128,16,2,0,4,64,256,2,1024,4,4,3,3,1,1,0,1,1,1,0,1,0
11900,4,zeros-la-3-9,zeros-la-3,686,11900,4,1516,1024,2,0,4,8,0,0,128,16,4,0,4,64,256,2,1024,4,4,2,4,1,1,0,1,1,1,0,1,0
11908,4,zeros-la-3-9,zeros-la-3,687,11908,4,1518,1024,0,2,4,8,0,0,128,16,2,0,8,64,256,2,1024,4,4,3,2,2,1,0,1,1,1,0,1,0
11912,4,zeros-la-3-9,zeros-la-3,688,11912,4,1520,1024,2,4,4,8,256,0,128,16,0,2,8,64,0,0,1024,4,4,2,3,2,1,0,1,1,1,0,1,0
11920,4,zeros-la-3-9,zeros-la-3,689,11920,4,1522,1024,0,2,8,8,0,256,128,16,0,2,8,64,2,0,1024,4,4,3,1,3,1,0,1,1,1,0,1,0
11936,4,zeros-la-3-9,zeros-la-3,690,11936,4,1524,1024,2,0,2,16,0,256,128,16,0,2,8,64,0,2,1024,4,4,4,1,1,2,0,1,1,1,0,1,0
11972,5,zeros-la-3-9,zeros-la-3,691,11972,5,1526,1024,0,0,2,0,0,2,128,32,0,256,8,64,2,4,1024,4,5,3,2,1,0,1,1,1,1,0,1,0
11972,4,zeros-la-3-9,zeros-la-3,692,11972,4,1530,1024,2,2,2,32,4,256,128,64,0,4,8,4,0,0,1024,0,4,3,3,1,0,1,1,1,1,0,1,0
11976,4,zeros-la-3-9,zeros-la-3,693,11976,4,1532,1024,4,2,32,2,4,256,128,64,4,8,4,0,1024,0,0,0,4,2,4,1,0,1,1,1,1,0,1,0
11984,4,zeros-la-3-9,zeros-la-3,694,11984,4,1534,1024,0,2,0,0,4,2,32,0,8,256,128,2,1024,8,4,64,4,3,2,2,0,1,1,1,1,0,1,0
11988,4,zeros-la-3-9,zeros-la-3,695,11988,4,1536,1024,0,0,0,2,4,4,32,0,8,256,128,2,1024,8,4,64,4,2,3,2,0,1,1,1,1,0,1,0
11996,4,zeros-la-3-9,zeros-la-3,696,11996,4,1538,1024,2,0,0,2,8,32,0,0,8,256,128,2,1024,8,4,64,4,3,1,3,0,1,1,1,1,0,1,0
12016,5,zeros-la-3-9,zeros-la-3,697,12016,5,1540,1024,2,32,128,4,16,256,4,64,1024,8,2,0,0,0,0,0,5,2,2,1,1,1,1,1,1,0,1,0
12016,4,zeros-la-3-9,zeros-la-3,698,12016,4,1542,1024,2,32,128,4,16,256,4,64,1024,8,2,0,0,0,2,0,4,3,2,1,1,1,1,1,1,0,1,0
12020,4,zeros-la-3-9,zeros-la-3,699,12020,4,1544,1024,0,0,0,2,2,32,128,0,16,256,4,4,1024,8,4,64,4,2,3,1,1,1,1,1,1,0,1,0
12028,4,zeros-la-3-9,zeros-la-3,700,12028,4,1546,1024,0,0,0,0,2,32,2,2,16,256,128,4,1024,8,8,64,4,3,1,2,1,1,1,1,1,0,1,0
12048,5,zeros-la-3-9,zeros-la-3,701,12048,5,1548,1024,0,0,2,0,0,2,32,4,16,256,128,4,0,1024,16,64,5,2,2,0,2,1,1,1,1,0,1,0
12056,5,zeros-la-3-9,zeros-la-3,702,12056,5,1550,1024,16,2,2,8,0,256,32,64,0,1024,128,2,0,0,16,0,5,3,0,1,2,1,1,1,1,0,1,0
12060,5,zeros-la-3-9,zeros-la-3,703,12060,5,1552,1024,16,4,8,0,256,32,64,0,1024,128,2,0,16,2,0,0,5,2,1,1,2,1,1,1,1,0,1,0
12060,4,zeros-la-3-9,zeros-la-3,704,12060,4,1554,1024,16,4,8,2,256,32,64,0,1024,128,2,0,16,2,0,0,4,3,1,1,2,1,1,1,1,0,1,0
12060,3,zeros-la-3-9,zeros-la-3,705,12060,3,1556,1024,16,4,8,2,256,32,64,2,1024,128,2,0,16,2,0,0,3,4,1,1,2,1,1,1,1,0,1,0
12064,3,zeros-la-3-9,zeros-la-3,706,12064,3,1558,1024,16,4,0,0,256,32,8,0,1024,128,64,2,16,2,2,4,3,3,2,1,2,1,1,1,1,0,1,0
12068,3,zeros-la-3-9,zeros-la-3,707,12068,3,1560,1024,16,4,0,2,256,32,8,0,1024,128,64,2,16,4,4,0,3,2,3,1,2,1,1,1,1,0,1,0
12076,3,zeros-la-3-9,zeros-la-3,708,12076,3,1562,1024,16,4,2,2,256,32,8,0,1024,128,64,2,16,8,0,0,3,3,1,2,2,1,1,1,1,0,1,0
12080,3,zeros-la-3-9,zeros-la-3,709,12080,3,1564,1024,16,4,4,0,256,32,8,0,1024,128,64,2,16,8,2,0,3,2,2,2,2,1,1,1,1,0,1,0
12088,3,zeros-la-3-9,zeros-la-3,710,12088,3,1566,1024,0,0,16,8,0,256,32,8,1024,128,64,2,2,16,8,2,3,3,0,3,2,1,1,1,1,0,1,0
12108,4,zeros-la-3-9,zeros-la-3,711,12108,4,1568,1024,1024,256,16,16,2,128,32,4,0,16,64,0,2,0,8,0,4,2,1,1,3,1,1,1,1,0,1,0
12140,4,zeros-la-3-9,zeros-la-3,712,12140,4,1570,1024,1024,256,32,0,2,128,32,4,16,64,0,2,2,8,0,0,4,3,1,1,1,2,1,1,1,0,1,0
12204,4,zeros-la-3-9,zeros-la-3,713,12204,4,1572,1024,1024,256,0,0,2,128,2,0,16,64,0,4,2,8,64,2,4,4,1,1,1,0,2,1,1,0,1,0
12204,3,zeros-la-3-9,zeros-la-3,714,12204,3,1574,1024,0,0,1024,256,2,2,128,2,0,16,64,4,2,8,64,2,3,5,1,1,1,0,2,1,1,0,1,0
12336,4,zeros-la-3-9,zeros-la-3,715,12336,4,1576,1024,2,0,0,256,0,2,1024,2,0,16,128,4,4,8,128,2,4,4,2,1,1,0,0,2,1,0,1,0
12592,4,zeros-la-3-9,zeros-la-3,716,12592,4,1578,1024,2,2,1024,256,4,16,256,2,2,8,0,4,0,0,0,2,4,5,2,1,1,0,0,0,2,0,1,0
12596,4,zeros-la-3-9,zeros-la-3,717,12596,4,1580,1024,4,1024,256,0,4,16,256,2,2,8,4,0,2,0,0,2,4,4,3,1,1,0,0,0,2,0,1,0
13124,7,zeros-la-3-9,zeros-la-3,718,13124,7,1584,1024,0,0,0,0,0,1024,0,4,8,16,512,0,4,8,4,4,7,0,4,2,1,0,0,0,0,1,1,0
13132,7,zeros-la-3-9,zeros-la-3,719,13132,7,1586,1024,0,0,0,0,0,0,1024,4,0,8,16,512,2,4,8,8,7,1,2,3,1,0,0,0,0,1,1,0
13148,7,zeros-la-3-9,zeros-la-3,720,13148,7,1588,1024,0,0,2,0,1024,4,0,0,8,16,512,0,2,4,16,0,7,2,2,1,2,0,0,0,0,1,1,0
13148,6,zeros-la-3-9,zeros-la-3,721,13148,6,1590,1024,2,0,0,0,1024,4,0,2,8,16,512,0,2,4,16,0,6,3,2,1,2,0,0,0,0,1,1,0
13148,5,zeros-la-3-9,zeros-la-3,722,13148,5,1592,1024,2,4,512,2,1024,16,16,0,8,4,0,0,2,0,2,0,5,4,2,1,2,0,0,0,0,1,1,0
13184,6,zeros-la-3-9,zeros-la-3,723,13184,6,1594,1024,2,4,512,2,0,0,1024,32,0,0,8,4,0,0,2,4,6,3,3,1,0,1,0,0,0,1,1,0
13192,6,zeros-la-3-9,zeros-la-3,724,13192,6,1596,1024,2,4,512,2,0,2,1024,32,0,0,8,8,0,0,2,0,6,4,1,2,0,1,0,0,0,1,1,0
13208,6,zeros-la-3-9,zeros-la-3,725,13208,6,1600,1024,2,4,512,2,2,1024,32,4,16,0,0,0,2,0,0,0,6,4,2,0,1,1,0,0,0,1,1,0
13212,6,zeros-la-3-9,zeros-la-3,726,13212,6,1602,1024,4,4,512,2,16,1024,32,4,2,0,0,0,0,0,0,2,6,3,3,0,1,1,0,0,0,1,1,0
13220,6,zeros-la-3-9,zeros-la-3,727,13220,6,1604,1024,0,8,512,2,16,1024,32,4,0,0,0,2,0,2,0,2,6,4,1,1,1,1,0,0,0,1,1,0
13224,6,zeros-la-3-9,zeros-la-3,728,13224,6,1606,1024,16,8,512,2,2,1024,32,4,0,2,0,4,0,0,0,0,6,3,2,1,1,1,0,0,0,1,1,0
13232,6,zeros-la-3-9,zeros-la-3,729,13232,6,1608,1024,0,0,0,2,0,8,0,0,16,1024,512,2,2,2,32,8,6,4,0,2,1,1,0,0,0,1,1,0
13236,6,zeros-la-3-9,zeros-la-3,730,13236,6,1610,1024,16,8,512,4,2,1024,32,8,0,2,0,0,0,0,0,2,6,3,1,2,1,1,0,0,0,1,1,0
13236,5,zeros-la-3-9,zeros-la-3,731,13236,5,1614,1024,16,8,512,4,2,1024,32,8,2,0,4,0,2,0,0,0,5,3,2,2,1,1,0,0,0,1,1,0
13240,5,zeros-la-3-9,zeros-la-3,732,13240,5,1616,1024,16,8,512,4,4,1024,32,8,2,0,4,0,0,0,2,0,5,2,3,2,1,1,0,0,0,1,1,0
13240,4,zeros-la-3-9,zeros-la-3,733,13240,4,1618,1024,16,8,512,4,4,1024,32,8,2,0,4,0,0,2,2,0,4,3,3,2,1,1,0,0,0,1,1,0
13244,4,zeros-la-3-9,zeros-la-3,734,13244,4,1620,1024,16,8,512,4,4,1024,32,8,2,0,2,4,0,0,0,4,4,2,4,2,1,1,0,0,0,1,1,0
13248,4,zeros-la-3-9,zeros-la-3,735,13248,4,1622,1024,16,8,512,4,4,1024,32,8,2,0,4,4,0,0,0,4,4,1,5,2,1,1,0,0,0,1,1,0
13256,4,zeros-la-3-9,zeros-la-3,736,13256,4,1624,1024,16,8,512,4,4,1024,32,8,0,2,2,8,0,0,0,4,4,2,3,3,1,1,0,0,0,1,1,0
13272,4,zeros-la-3-9,zeros-la-3,737,13272,4,1626,1024,16,8,512,4,4,1024,32,16,0,2,2,4,0,0,0,2,4,3,3,1,2,1,0,0,0,1,1,0
13276,4,zeros-la-3-9,zeros-la-3,738,13276,4,1628,1024,16,8,512,4,4,1024,32,16,4,4,0,0,2,2,0,0,4,2,4,1,2,1,0,0,0,1,1,0
13288,5,zeros-la-3-9,zeros-la-3,739,13288,5,1630,1024,16,8,512,4,4,1024,32,16,2,0,0,8,0,0,0,4,5,1,3,2,2,1,0,0,0,1,1,0
13288,4,zeros-la-3-9,zeros-la-3,740,13288,4,1632,1024,16,8,512,4,4,1024,32,16,0,0,2,8,2,0,0,4,4,2,3,2,2,1,0,0,0,1,1,0
13288,3,zeros-la-3-9,zeros-la-3,741,13288,3,1634,1024,16,8,512,4,4,1024,32,16,0,2,2,8,0,0,2,4,3,3,3,2,2,1,0,0,0,1,1,0
13292,3,zeros-la-3-9,zeros-la-3,742,13292,3,1636,1024,16,8,512,4,4,1024,32,16,0,2,4,8,0,2,0,4,3,2,4,2,2,1,0,0,0,1,1,0
13296,3,zeros-la-3-9,zeros-la-3,743,13296,3,1640,1024,0,0,0,4,4,8,512,16,16,1024,32,8,4,4,4,4,3,0,6,2,2,1,0,0,0,1,1,0
13312,4,zeros-la-3-9,zeros-la-3,744,13312,4,1642,1024,4,0,0,2,4,8,512,16,16,1024,32,8,8,8,0,0,4,1,2,4,2,1,0,0,0,1,1,0
13320,4,zeros-la-3-9,zeros-la-3,745,13320,4,1644,1024,0,0,0,0,8,8,2,2,16,1024,512,16,8,8,32,8,4,2,0,5,2,1,0,0,0,1,1,0
13356,6,zeros-la-3-9,zeros-la-3,746,13356,6,1646,1024,0,0,0,0,16,4,0,0,16,1024,512,16,16,32,8,2,6,1,1,1,4,1,0,0,0,1,1,0
13388,6,zeros-la-3-9,zeros-la-3,747,13388,6,1648,1024,0,0,2,0,0,4,0,0,16,1024,512,16,32,32,8,2,6,2,1,1,2,2,0,0,0,1,1,0
13452,6,zeros-la-3-9,zeros-la-3,748,13452,6,1650,1024,2,0,0,2,4,0,0,0,16,1024,512,16,64,8,2,0,6,3,1,1,2,0,1,0,0,1,1,0
13456,6,zeros-la-3-9,zeros-la-3,749,13456,6,1652,1024,4,0,0,0,4,2,0,0,16,1024,512,16,64,8,2,0,6,2,2,1,2,0,1,0,0,1,1,0
13464,6,zeros-la-3-9,zeros-la-3,750,13464,6,1654,1024,8,2,512,16,16,1024,2,0,64,8,0,0,0,0,0,2,6,3,0,2,2,0,1,0,0,1,1,0
13464,5,zeros-la-3-9,zeros-la-3,751,13464,5,1656,1024,2,0,0,0,8,2,0,0,16,1024,512,16,64,8,2,2,5,4,0,2,2,0,1,0,0,1,1,0
13468,5,zeros-la-3-9,zeros-la-3,752,13468,5,1658,1024,2,0,0,0,8,2,2,0,16,1024,512,16,64,8,4,0,5,3,1,2,2,0,1,0,0,1,1,0
13472,5,zeros-la-3-9,zeros-la-3,753,13472,5,1660,1024,2,2,0,0,8,4,0,0,16,1024,512,16,64,8,4,0,5,2,2,2,2,0,1,0,0,1,1,0
13476,5,zeros-la-3-9,zeros-la-3,754,13476,5,1662,1024,0,0,0,4,0,0,8,4,16,1024,512,16,2,64,8,4,5,1,3,2,2,0,1,0,0,1,1,0
13484,5,zeros-la-3-9,zeros-la-3,755,13484,5,1664,1024,0,2,0,0,0,0,8,8,16,1024,512,16,2,64,8,4,5,2,1,3,2,0,1,0,0,1,1,0
13500,5,zeros-la-3-9,zeros-la-3,756,13500,5,1666,1024,2,0,0,2,16,0,0,0,16,1024,512,16,2,64,8,4,5,3,1,1,3,0,1,0,0,1,1,0
13532,5,zeros-la-3-9,zeros-la-3,757,13532,5,1668,1024,0,0,2,0,2,0,0,2,32,1024,512,16,2,64,8,4,5,4,1,1,1,1,1,0,0,1,1,0
13536,5,zeros-la-3-9,zeros-la-3,758,13536,5,1672,1024,2,0,4,0,4,0,0,0,32,1024,512,16,2,64,8,4,5,2,3,1,1,1,1,0,0,1,1,0
13536,4,zeros-la-3-9,zeros-la-3,759,13536,4,1674,1024,2,0,2,4,0,0,0,4,32,1024,512,16,2,64,8,4,4,3,3,1,1,1,1,0,0,1,1,0
13540,4,zeros-la-3-9,zeros-la-3,760,13540,4,1678,1024,4,4,0,0,4,4,0,0,32,1024,512,16,2,64,8,4,4,1,5,1,1,1,1,0,0,1,1,0
13556,5,zeros-la-3-9,zeros-la-3,761,13556,5,1680,1024,8,8,512,16,32,1024,8,4,2,64,0,0,0,2,0,0,5,2,1,3,1,1,1,0,0,1,1,0
13572,5,zeros-la-3-9,zeros-la-3,762,13572,5,1682,1024,0,16,512,16,32,1024,8,4,0,0,2,64,0,0,2,2,5,3,1,1,2,1,1,0,0,1,1,0
13576,5,zeros-la-3-9,zeros-la-3,763,13576,5,1684,1024,0,16,512,16,32,1024,8,4,2,0,2,64,0,0,0,4,5,2,2,1,2,1,1,0,0,1,1,0
13580,5,zeros-la-3-9,zeros-la-3,764,13580,5,1686,1024,16,512,16,0,32,1024,8,4,4,64,0,0,4,2,0,0,5,1,3,1,2,1,1,0,0,1,1,0
13588,5,zeros-la-3-9,zeros-la-3,765,13588,5,1688,1024,16,512,16,4,32,1024,8,0,8,64,0,0,0,2,2,0,5,2,1,2,2,1,1,0,0,1,1,0
13592,5,zeros-la-3-9,zeros-la-3,766,13592,5,1690,1024,16,512,16,4,32,1024,8,0,8,64,0,0,4,0,0,2,5,1,2,2,2,1,1,0,0,1,1,0
13592,4,zeros-la-3-9,zeros-la-3,767,13592,4,1692,1024,16,512,16,4,32,1024,8,2,8,64,2,0,4,0,0,0,4,2,2,2,2,1,1,0,0,1,1,0
13592,3,zeros-la-3-9,zeros-la-3,768,13592,3,1694,1024,16,512,16,4,32,1024,8,2,8,64,2,0,4,0,2,0,3,3,2,2,2,1,1,0,0,1,1,0
13596,3,zeros-la-3-9,zeros-la-3,769,13596,3,1696,1024,16,0,0,0,32,512,16,2,8,1024,8,4,4,64,4,2,3,2,3,2,2,1,1,0,0,1,1,0
13596,2,zeros-la-3-9,zeros-la-3,770,13596,2,1698,1024,16,512,16,2,32,1024,8,4,8,64,4,2,4,0,0,2,2,3,3,2,2,1,1,0,0,1,1,0
13600,2,zeros-la-3-9,zeros-la-3,771,13600,2,1702,1024,16,512,16,2,32,1024,8,4,8,64,4,4,4,0,4,0,2,1,5,2,2,1,1,0,0,1,1,0
13616,3,zeros-la-3-9,zeros-la-3,772,13616,3,1704,1024,16,512,16,2,32,1024,8,4,8,64,8,2,8,0,0,0,3,2,1,4,2,1,1,0,0,1,1,0
13648,4,zeros-la-3-9,zeros-la-3,773,13648,4,1706,1024,0,0,0,2,16,512,0,2,32,1024,16,4,16,64,16,2,4,3,1,0,4,1,1,0,0,1,1,0
13684,5,zeros-la-3-9,zeros-la-3,774,13684,5,1708,1024,16,512,32,4,32,1024,0,4,16,64,0,2,0,0,0,2,5,2,2,0,2,2,1,0,0,1,1,0
13696,6,zeros-la-3-9,zeros-la-3,775,13696,6,1710,1024,16,512,32,8,32,1024,0,4,16,64,0,0,2,0,0,0,6,1,1,1,2,2,1,0,0,1,1,0
13696,5,zeros-la-3-9,zeros-la-3,776,13696,5,1712,1024,16,512,32,8,32,1024,2,4,16,64,0,0,2,0,0,0,5,2,1,1,2,2,1,0,0,1,1,0
13696,4,zeros-la-3-9,zeros-la-3,777,13696,4,1714,1024,16,512,32,8,32,1024,2,4,16,64,0,2,2,0,0,0,4,3,1,1,2,2,1,0,0,1,1,0
13696,3,zeros-la-3-9,zeros-la-3,778,13696,3,1716,1024,16,512,32,8,32,1024,2,4,16,64,2,0,2,2,0,0,3,4,1,1,2,2,1,0,0,1,1,0
13700,3,zeros-la-3-9,zeros-la-3,779,13700,3,1720,1024,16,512,32,8,32,1024,4,4,16,64,0,0,2,2,0,4,3,2,3,1,2,2,1,0,0,1,1,0
13712,4,zeros-la-3-9,zeros-la-3,780,13712,4,1724,1024,16,512,32,8,0,32,1024,8,0,0,16,64,0,4,4,4,4,0,3,2,2,2,1,0,0,1,1,0
13728,4,zeros-la-3-9,zeros-la-3,781,13728,4,1726,1024,2,0,32,0,0,512,1024,16,0,32,16,64,16,4,4,4,4,1,3,0,3,2,1,0,0,1,1,0
13736,4,zeros-la-3-9,zeros-la-3,782,13736,4,1728,1024,0,0,2,32,0,512,1024,16,0,32,16,64,2,16,4,8,4,2,1,1,3,2,1,0,0,1,1,0
13736,3,zeros-la-3-9,zeros-la-3,783,13736,3,1730,1024,2,512,2,32,0,32,1024,16,2,16,16,64,0,0,4,8,3,3,1,1,3,2,1,0,0,1,1,0
13768,3,zeros-la-3-9,zeros-la-3,784,13768,3,1732,1024,2,512,2,32,2,32,1024,16,0,2,32,64,0,0,4,8,3,4,1,1,1,3,1,0,0,1,1,0
13772,3,zeros-la-3-9,zeros-la-3,785,13772,3,1734,1024,0,0,2,32,0,512,1024,16,2,32,32,64,4,2,4,8,3,3,2,1,1,3,1,0,0,1,1,0
13836,3,zeros-la-3-9,zeros-la-3,786,13836,3,1736,1024,0,0,2,32,2,512,1024,16,0,2,64,64,4,2,4,8,3,4,2,1,1,1,2,0,0,1,1,0
13840,3,zeros-la-3-9,zeros-la-3,787,13840,3,1738,1024,0,0,2,32,2,0,1024,16,2,512,64,64,4,4,4,8,3,3,3,1,1,1,2,0,0,1,1,0
13976,4,zeros-la-3-9,zeros-la-3,788,13976,4,1740,1024,0,0,2,32,2,2,1024,16,0,2,512,128,0,4,8,8,4,4,1,2,1,1,0,1,0,1,1,0
13980,4,zeros-la-3-9,zeros-la-3,789,13980,4,1744,1024,4,0,2,32,0,0,1024,16,0,4,512,128,2,4,8,8,4,2,3,2,1,1,0,1,0,1,1,0
13988,4,zeros-la-3-9,zeros-la-3,790,13988,4,1746,1024,4,8,2,32,2,0,1024,16,2,0,512,128,0,0,8,8,4,3,1,3,1,1,0,1,0,1,1,0
13992,4,zeros-la-3-9,zeros-la-3,791,13992,4,1748,1024,0,0,2,32,0,0,1024,16,4,2,512,128,4,8,8,8,4,2,2,3,1,1,0,1,0,1,1,0
14000,4,zeros-la-3-9,zeros-la-3,792,14000,4,1750,1024,0,2,2,32,0,0,1024,16,0,2,512,128,8,8,8,8,4,3,0,4,1,1,0,1,0,1,1,0
14036,6,zeros-la-3-9,zeros-la-3,793,14036,6,1752,1024,0,0,4,32,0,0,1024,16,0,2,512,128,2,0,16,16,6,2,1,0,3,1,0,1,0,1,1,0
14036,5,zeros-la-3-9,zeros-la-3,794,14036,5,1754,1024,2,2,4,32,2,0,1024,16,0,0,512,128,0,0,16,16,5,3,1,0,3,1,0,1,0,1,1,0
14072,6,zeros-la-3-9,zeros-la-3,795,14072,6,1756,1024,0,4,4,32,0,2,1024,16,2,0,512,128,0,0,0,32,6,2,2,0,1,2,0,1,0,1,1,0
14080,6,zeros-la-3-9,zeros-la-3,796,14080,6,1758,1024,0,0,8,32,0,2,1024,16,0,2,512,128,2,0,0,32,6,3,0,1,1,2,0,1,0,1,1,0
14084,6,zeros-la-3-9,zeros-la-3,797,14084,6,1760,1024,2,4,8,32,0,0,1024,16,0,0,512,128,0,2,0,32,6,2,1,1,1,2,0,1,0,1,1,0
14084,5,zeros-la-3-9,zeros-la-3,798,14084,5,1762,1024,0,0,0,32,0,2,8,16,0,4,1024,128,2,2,512,32,5,3,1,1,1,2,0,1,0,1,1,0
14088,5,zeros-la-3-9,zeros-la-3,799,14088,5,1764,1024,0,0,0,32,0,2,8,16,0,4,1024,128,2,4,512,32,5,2,2,1,1,2,0,1,0,1,1,0
14096,5,zeros-la-3-9,zeros-la-3,800,14096,5,1768,1024,2,2,8,32,4,8,1024,16,0,0,512,128,0,0,0,32,5,2,1,2,1,2,0,1,0,1,1,0
14100,5,zeros-la-3-9,zeros-la-3,801,14100,5,1770,1024,4,8,32,0,4,8,1024,16,512,128,2,0,32,0,0,0,5,1,2,2,1,2,0,1,0,1,1,0
14124,6,zeros-la-3-9,zeros-la-3,802,14124,6,1772,1024,8,16,32,16,512,128,1024,0,32,0,2,0,0,0,2,0,6,2,0,1,2,2,0,1,0,1,1,0
14128,6,zeros-la-3-9,zeros-la-3,803,14128,6,1774,1024,0,0,0,0,8,2,32,0,512,16,1024,0,32,128,4,16,6,1,1,1,2,2,0,1,0,1,1,0
14128,5,zeros-la-3-9,zeros-la-3,804,14128,5,1776,1024,0,0,0,0,8,2,32,0,512,16,1024,2,32,128,4,16,5,2,1,1,2,2,0,1,0,1,1,0
14128,4,zeros-la-3-9,zeros-la-3,805,14128,4,1778,1024,2,0,0,0,8,2,32,0,512,16,1024,2,32,128,4,16,4,3,1,1,2,2,0,1,0,1,1,0
14128,3,zeros-la-3-9,zeros-la-3,806,14128,3,1780,1024,2,0,0,0,8,2,32,2,512,16,1024,2,32,128,4,16,3,4,1,1,2,2,0,1,0,1,1,0
14132,3,zeros-la-3-9,zeros-la-3,807,14132,3,1782,1024,2,0,0,2,8,2,32,0,512,16,1024,4,32,128,4,16,3,3,2,1,2,2,0,1,0,1,1,0
14132,2,zeros-la-3-9,zeros-la-3,808,14132,2,1784,1024,2,0,0,2,8,2,32,2,512,16,1024,4,32,128,4,16,2,4,2,1,2,2,0,1,0,1,1,0
14136,2,zeros-la-3-9,zeros-la-3,809,14136,2,1786,1024,2,2,0,0,8,2,32,4,512,16,1024,4,32,128,4,16,2,3,3,1,2,2,0,1,0,1,1,0
14148,3,zeros-la-3-9,zeros-la-3,810,14148,3,1788,1024,2,0,2,0,8,4,32,0,512,16,1024,8,32,128,4,16,3,2,2,2,2,2,0,1,0,1,1,0
14152,3,zeros-la-3-9,zeros-la-3,811,14152,3,1790,1024,4,0,0,2,8,4,32,0,512,16,1024,8,32,128,4,16,3,1,3,2,2,2,0,1,0,1,1,0
14152,2,zeros-la-3-9,zeros-la-3,812,14152,2,1792,1024,0,2,4,2,0,8,4,32,512,16,1024,8,32,128,4,16,2,2,3,2,2,2,0,1,0,1,1,0
14160,2,zeros-la-3-9,zeros-la-3,813,14160,2,1794,1024,2,2,0,2,0,8,8,32,512,16,1024,8,32,128,4,16,2,3,1,3,2,2,0,1,0,1,1,0
14180,3,zeros-la-3-9,zeros-la-3,814,14180,3,1796,1024,4,2,0,0,16,32,2,0,512,16,1024,8,32,128,4,16,3,2,2,1,3,2,0,1,0,1,1,0
14180,2,zeros-la-3-9,zeros-la-3,815,14180,2,1798,1024,2,0,4,2,0,16,32,2,512,16,1024,8,32,128,4,16,2,3,2,1,3,2,0,1,0,1,1,0
14216,3,zeros-la-3-9,zeros-la-3,816,14216,3,1800,1024,2,0,4,0,2,0,32,4,512,32,1024,8,32,128,4,16,3,2,3,1,1,3,0,1,0,1,1,0
14216,2,zeros-la-3-9,zeros-la-3,817,14216,2,1802,1024,2,4,2,0,2,32,4,0,512,32,1024,8,32,128,4,16,2,3,3,1,1,3,0,1,0,1,1,0
14284,3,zeros-la-3-9,zeros-la-3,818,14284,3,1804,1024,2,0,2,0,4,4,4,0,512,64,1024,8,32,128,4,16,3,2,4,1,1,1,1,1,0,1,1,0
14296,4,zeros-la-3-9,zeros-la-3,819,14296,4,1806,1024,0,0,0,4,0,2,4,8,512,64,1024,8,32,128,4,16,4,1,3,2,1,1,1,1,0,1,1,0
14312,4,zeros-la-3-9,zeros-la-3,820,14312,4,1810,1024,4,0,0,0,0,2,4,4,512,64,1024,16,32,128,4,16,4,1,4,0,2,1,1,1,0,1,1,0
14344,4,zeros-la-3-9,zeros-la-3,821,14344,4,1812,1024,0,0,2,0,4,2,4,0,512,64,1024,4,32,128,4,32,4,2,4,0,0,2,1,1,0,1,1,0
14344,3,zeros-la-3-9,zeros-la-3,822,14344,3,1814,1024,0,2,0,2,0,4,2,4,512,64,1024,4,32,128,4,32,3,3,4,0,0,2,1,1,0,1,1,0
14352,3,zeros-la-3-9,zeros-la-3,823,14352,3,1816,1024,0,2,0,2,0,4,2,2,512,64,1024,8,32,128,4,32,3,4,2,1,0,2,1,1,0,1,1,0
14360,4,zeros-la-3-9,zeros-la-3,824,14360,4,1818,1024,4,0,0,2,4,4,0,0,512,64,1024,8,32,128,4,32,4,1,4,1,0,2,1,1,0,1,1,0
14368,4,zeros-la-3-9,zeros-la-3,825,14368,4,1820,1024,4,2,0,0,8,2,0,0,512,64,1024,8,32,128,4,32,4,2,2,2,0,2,1,1,0,1,1,0
14372,4,zeros-la-3-9,zeros-la-3,826,14372,4,1822,1024,4,4,1024,8,8,64,4,32,512,128,0,0,32,0,2,0,4,1,3,2,0,2,1,1,0,1,1,0
14380,4,zeros-la-3-9,zeros-la-3,827,14380,4,1826,1024,8,1024,8,4,8,64,4,32,512,128,0,0,32,2,0,0,4,1,2,3,0,2,1,1,0,1,1,0
14396,4,zeros-la-3-9,zeros-la-3,828,14396,4,1828,1024,16,1024,8,4,512,64,4,32,32,128,0,0,0,2,0,2,4,2,2,1,1,2,1,1,0,1,1,0
14396,3,zeros-la-3-9,zeros-la-3,829,14396,3,1830,1024,16,1024,8,4,512,64,4,32,32,128,0,2,0,2,0,2,3,3,2,1,1,2,1,1,0,1,1,0
14400,3,zeros-la-3-9,zeros-la-3,830,14400,3,1832,1024,16,1024,8,4,512,64,4,32,32,128,2,0,4,0,0,2,3,2,3,1,1,2,1,1,0,1,1,0
14400,2,zeros-la-3-9,zeros-la-3,831,14400,2,1836,1024,16,1024,8,4,512,64,4,32,32,128,2,0,4,2,0,4,2,2,4,1,1,2,1,1,0,1,1,0
14400,1,zeros-la-3-9,zeros-la-3,832,14400,1,1838,1024,16,1024,8,4,512,64,4,32,32,128,2,4,4,2,2,0,1,3,4,1,1,2,1,1,0,1,1,0
14404,1,zeros-la-3-9,zeros-la-3,833,14404,1,1840,1024,16,1024,8,4,512,64,4,32,32,128,4,4,4,2,0,2,1,2,5,1,1,2,1,1,0,1,1,0
14416,2,zeros-la-3-9,zeros-la-3,834,14416,2,1842,1024,16,1024,8,4,512,64,4,32,2,32,128,8,0,0,4,4,2,1,4,2,1,2,1,1,0,1,1,0
14424,2,zeros-la-3-9,zeros-la-3,835,14424,2,1846,1024,16,1024,8,4,512,64,4,32,2,32,128,8,0,0,4,8,2,1,3,3,1,2,1,1,0,1,1,0
14440,2,zeros-la-3-9,zeros-la-3,836,14440,2,1848,1024,2,0,8,0,16,1024,4,4,512,64,128,32,2,32,4,16,2,2,3,1,2,2,1,1,0,1,1,0
14448,2,zeros-la-3-9,zeros-la-3,837,14448,2,1850,1024,2,0,2,8,0,16,1024,8,512,64,128,32,2,32,4,16,2,3,1,2,2,2,1,1,0,1,1,0
14464,2,zeros-la-3-9,zeros-la-3,838,14464,2,1852,1024,2,0,2,0,2,16,1024,16,512,64,128,32,2,32,4,16,2,4,1,0,3,2,1,1,0,1,1,0
14468,2,zeros-la-3-9,zeros-la-3,839,14468,2,1856,1024,0,4,2,0,4,16,1024,16,512,64,128,32,2,32,4,16,2,2,3,0,3,2,1,1,0,1,1,0
14468,1,zeros-la-3-9,zeros-la-3,840,14468,1,1858,1024,4,2,2,0,4,16,1024,16,512,64,128,32,2,32,4,16,1,3,3,0,3,2,1,1,0,1,1,0
14476,1,zeros-la-3-9,zeros-la-3,841,14476,1,1860,1024,0,2,2,2,8,16,1024,16,512,64,128,32,2,32,4,16,1,4,1,1,3,2,1,1,0,1,1,0
14476,0,zeros-la-3-9,zeros-la-3,842,14476,0,1862,1024,2,2,2,2,8,16,1024,16,512,64,128,32,2,32,4,16,0,5,1,1,3,2,1,1,0,1,1,0
14484,1,zeros-la-3-9,zeros-la-3,843,14484,1,1864,1024,4,4,0,2,8,16,1024,16,512,64,128,32,2,32,4,16,1,2,3,1,3,2,1,1,0,1,1,0
14492,1,zeros-la-3-9,zeros-la-3,844,14492,1,1868,1024,8,2,0,4,8,16,1024,16,512,64,128,32,2,32,4,16,1,2,2,2,3,2,1,1,0,1,1,0
14508,1,zeros-la-3-9,zeros-la-3,845,14508,1,1870,1024,2,2,0,4,16,16,1024,16,512,64,128,32,2,32,4,16,1,3,2,0,4,2,1,1,0,1,1,0
14544,2,zeros-la-3-9,zeros-la-3,846,14544,2,1872,1024,0,0,4,4,2,32,1024,16,512,64,128,32,2,32,4,16,2,2,3,0,2,3,1,1,0,1,1,0
14544,1,zeros-la-3-9,zeros-la-3,847,14544,1,1874,1024,2,32,4,4,512,64,1024,16,2,32,128,32,0,2,4,16,1,3,3,0,2,3,1,1,0,1,1,0
14544,0,zeros-la-3-9,zeros-la-3,848,14544,0,1876,1024,2,32,4,4,2,64,1024,16,512,32,128,32,2,2,4,16,0,4,3,0,2,3,1,1,0,1,1,0
14548,0,zeros-la-3-9,zeros-la-3,849,14548,0,1878,1024,2,32,4,4,4,64,1024,16,512,32,128,32,2,2,4,16,0,3,4,0,2,3,1,1,0,1,1,0
14560,1,zeros-la-3-9,zeros-la-3,850,14560,1,1880,1024,0,2,32,8,4,64,1024,16,512,32,128,32,2,4,4,16,1,2,3,1,2,3,1,1,0,1,1,0
14560,0,zeros-la-3-9,zeros-la-3,851,14560,0,1882,1024,2,2,32,8,4,64,1024,16,512,32,128,32,2,4,4,16,0,3,3,1,2,3,1,1,0,1,1,0
14572,1,zeros-la-3-9,zeros-la-3,852,14572,1,1884,1024,0,4,32,8,4,64,1024,16,512,32,128,32,2,2,8,16,1,2,2,2,2,3,1,1,0,1,1,0
14572,0,zeros-la-3-9,zeros-la-3,853,14572,0,1886,1024,4,4,32,8,512,64,1024,16,2,32,128,32,2,2,8,16,0,3,2,2,2,3,1,1,0,1,1,0
14576,0,zeros-la-3-9,zeros-la-3,854,14576,0,1888,1024,4,4,32,8,512,64,1024,16,4,32,128,32,2,2,8,16,0,2,3,2,2,3,1,1,0,1,1,0
14588,1,zeros-la-3-9,zeros-la-3,855,14588,1,1890,1024,8,32,8,0,512,64,1024,16,4,32,128,32,4,8,16,2,1,1,2,3,2,3,1,1,0,1,1,0
14596,1,zeros-la-3-9,zeros-la-3,856,14596,1,1892,1024,2,32,8,0,8,64,1024,16,512,32,128,32,8,8,16,2,1,2,0,4,2,3,1,1,0,1,1,0
14612,1,zeros-la-3-9,zeros-la-3,857,14612,1,1894,1024,2,32,8,0,8,64,1024,16,512,32,128,32,16,16,2,2,1,3,0,2,3,3,1,1,0,1,1,0
14648,2,zeros-la-3-9,zeros-la-3,858,14648,2,1898,1024,0,2,32,8,8,64,1024,16,512,32,128,32,4,0,32,4,2,1,2,2,1,4,1,1,0,1,1,0
14648,1,zeros-la-3-9,zeros-la-3,859,14648,1,1900,1024,0,2,32,8,8,2,1024,16,512,64,128,32,4,32,32,4,1,2,2,2,1,4,1,1,0,1,1,0
14652,1,zeros-la-3-9,zeros-la-3,860,14652,1,1902,1024,0,2,32,8,8,4,1024,16,512,64,128,32,4,32,32,4,1,1,3,2,1,4,1,1,0,1,1,0
14652,0,zeros-la-3-9,zeros-la-3,861,14652,0,1904,1024,2,2,32,8,8,4,1024,16,512,64,128,32,4,32,32,4,0,2,3,2,1,4,1,1,0,1,1,0
14720,1,zeros-la-3-9,zeros-la-3,862,14720,1,1906,1024,4,32,8,0,8,4,1024,16,512,64,128,32,4,64,4,2,1,1,4,2,1,2,2,1,0,1,1,0
14720,0,zeros-la-3-9,zeros-la-3,863,14720,0,1908,1024,2,4,32,8,8,4,1024,16,512,64,128,32,4,64,4,2,0,2,4,2,1,2,2,1,0,1,1,0
14856,1,zeros-la-3-9,zeros-la-3,864,14856,1,1912,1024,2,8,32,8,8,128,1024,16,512,0,128,32,4,4,4,2,1,2,3,3,1,2,0,2,0,1,1,0
14856,0,zeros-la-3-9,zeros-la-3,865,14856,0,1916,1024,2,4,32,8,8,8,1024,16,512,128,128,32,4,4,4,2,0,2,4,3,1,2,0,2,0,1,1,0
15136,2,zeros-la-3-9,zeros-la-3,866,15136,2,1918,1024,2,4,32,8,0,16,1024,16,2,512,256,32,0,4,8,2,2,3,2,2,2,2,0,0,1,1,1,0
15140,2,zeros-la-3-9,zeros-la-3,867,15140,2,1920,1024,2,4,32,8,0,16,1024,16,0,512,256,32,4,4,8,2,2,2,3,2,2,2,0,0,1,1,1,0
15148,2,zeros-la-3-9,zeros-la-3,868,15148,2,1922,1024,2,4,32,8,2,16,1024,16,0,512,256,32,0,8,8,2,2,3,1,3,2,2,0,0,1,1,1,0
15152,2,zeros-la-3-9,zeros-la-3,869,15152,2,1924,1024,4,4,32,8,0,16,1024,16,2,512,256,32,0,8,8,2,2,2,2,3,2,2,0,0,1,1,1,0
15176,3,zeros-la-3-9,zeros-la-3,870,15176,3,1926,1024,0,8,32,8,2,16,1024,16,2,512,256,32,0,0,16,2,3,3,0,2,3,2,0,0,1,1,1,0
15180,3,zeros-la-3-9,zeros-la-3,871,15180,3,1928,1024,2,0,32,8,0,8,1024,16,0,16,256,32,4,512,16,2,3,2,1,2,3,2,0,0,1,1,1,0
15180,2,zeros-la-3-9,zeros-la-3,872,15180,2,1930,1024,0,2,32,8,0,8,1024,16,2,16,256,32,4,512,16,2,2,3,1,2,3,2,0,0,1,1,1,0
15180,1,zeros-la-3-9,zeros-la-3,873,15180,1,1932,1024,0,2,32,8,2,8,1024,16,2,16,256,32,4,512,16,2,1,4,1,2,3,2,0,0,1,1,1,0
15184,1,zeros-la-3-9,zeros-la-3,874,15184,1,1934,1024,2,2,32,8,0,8,1024,16,4,16,256,32,4,512,16,2,1,3,2,2,3,2,0,0,1,1,1,0
15192,1,zeros-la-3-9,zeros-la-3,875,15192,1,1936,1024,2,2,32,8,8,8,1024,16,2,16,256,32,0,512,16,2,1,4,0,3,3,2,0,0,1,1,1,0
15212,2,zeros-la-3-9,zeros-la-3,876,15212,2,1938,1024,0,4,32,8,0,16,1024,16,2,16,256,32,2,512,16,2,2,3,1,1,4,2,0,0,1,1,1,0
15248,3,zeros-la-3-9,zeros-la-3,877,15248,3,1940,1024,0,2,32,8,0,4,1024,16,0,32,256,32,4,512,16,2,3,2,2,1,2,3,0,0,1,1,1,0
15248,2,zeros-la-3-9,zeros-la-3,878,15248,2,1942,1024,0,2,32,8,0,4,1024,16,2,32,256,32,4,512,16,2,2,3,2,1,2,3,0,0,1,1,1,0
15248,1,zeros-la-3-9,zeros-la-3,879,15248,1,1944,1024,0,2,32,8,2,4,1024,16,2,32,256,32,4,512,16,2,1,4,2,1,2,3,0,0,1,1,1,0
15252,1,zeros-la-3-9,zeros-la-3,880,15252,1,1946,1024,0,2,32,8,2,4,1024,16,4,32,256,32,4,512,16,2,1,3,3,1,2,3,0,0,1,1,1,0
15252,0,zeros-la-3-9,zeros-la-3,881,15252,0,1948,1024,2,32,8,2,2,4,1024,16,4,32,256,32,4,512,16,2,0,4,3,1,2,3,0,0,1,1,1,0
15264,1,zeros-la-3-9,zeros-la-3,882,15264,1,1950,1024,0,32,8,2,2,4,1024,16,4,32,256,32,8,512,16,2,1,3,2,2,2,3,0,0,1,1,1,0
15264,0,zeros-la-3-9,zeros-la-3,883,15264,0,1952,1024,2,32,8,2,4,4,1024,16,8,32,256,32,2,512,16,2,0,4,2,2,2,3,0,0,1,1,1,0
15272,0,zeros-la-3-9,zeros-la-3,884,15272,0,1954,1024,2,32,8,2,8,1024,16,2,8,32,256,32,2,512,16,2,0,5,0,3,2,3,0,0,1,1,1,0
15292,1,zeros-la-3-9,zeros-la-3,885,15292,1,1956,1024,0,32,8,2,2,1024,16,4,16,32,256,32,2,512,16,2,1,4,1,1,3,3,0,0,1,1,1,0
15292,0,zeros-la-3-9,zeros-la-3,886,15292,0,1958,1024,32,8,2,2,2,1024,16,4,16,32,256,32,2,512,16,2,0,5,1,1,3,3,0,0,1,1,1,0
15296,0,zeros-la-3-9,zeros-la-3,887,15296,0,1960,1024,2,32,8,4,2,1024,16,4,16,32,256,32,2,512,16,2,0,4,2,1,3,3,0,0,1,1,1,0
15308,1,zeros-la-3-9,zeros-la-3,888,15308,1,1962,1024,4,32,8,8,16,1024,16,32,2,32,256,2,2,512,16,0,1,3,1,2,3,3,0,0,1,1,1,0
15324,1,zeros-la-3-9,zeros-la-3,889,15324,1,1964,1024,4,32,16,2,16,1024,16,32,2,32,256,2,2,512,16,0,1,4,1,0,4,3,0,0,1,1,1,0
15360,2,zeros-la-3-9,zeros-la-3,890,15360,2,1966,1024,4,32,32,2,16,1024,256,32,4,32,16,2,0,512,2,0,2,3,2,0,2,4,0,0,1,1,1,0
15424,2,zeros-la-3-9,zeros-la-3,891,15424,2,1968,1024,2,4,64,2,16,1024,256,32,4,32,16,2,0,0,512,2,2,4,2,0,2,2,1,0,1,1,1,0
15428,2,zeros-la-3-9,zeros-la-3,892,15428,2,1970,1024,0,0,64,2,2,4,256,2,16,1024,16,32,4,32,512,4,2,3,3,0,2,2,1,0,1,1,1,0
15432,2,zeros-la-3-9,zeros-la-3,893,15432,2,1972,1024,0,0,64,2,2,4,256,4,16,1024,16,32,4,32,512,4,2,2,4,0,2,2,1,0,1,1,1,0
15432,1,zeros-la-3-9,zeros-la-3,894,15432,1,1974,1024,0,2,64,2,2,4,256,4,16,1024,16,32,4,32,512,4,1,3,4,0,2,2,1,0,1,1,1,0
15432,0,zeros-la-3-9,zeros-la-3,895,15432,0,1976,1024,2,64,2,2,2,4,256,4,16,1024,16,32,4,32,512,4,0,4,4,0,2,2,1,0,1,1,1,0
15436,0,zeros-la-3-9,zeros-la-3,896,15436,0,1978,1024,2,64,2,2,4,4,256,4,16,1024,16,32,4,32,512,4,0,3,5,0,2,2,1,0,1,1,1,0
15448,1,zeros-la-3-9,zeros-la-3,897,15448,1,1980,1024,2,2,64,4,0,8,256,4,16,1024,16,32,4,32,512,4,1,2,4,1,2,2,1,0,1,1,1,0
15456,1,zeros-la-3-9,zeros-la-3,898,15456,1,1982,1024,2,2,64,8,16,8,256,32,4,1024,16,4,0,32,512,2,1,3,2,2,2,2,1,0,1,1,1,0
15460,1,zeros-la-3-9,zeros-la-3,899,15460,1,1984,1024,4,64,8,2,16,8,256,32,4,1024,16,4,32,512,2,0,1,2,3,2,2,2,1,0,1,1,1,0
15460,0,zeros-la-3-9,zeros-la-3,900,15460,0,1986,1024,4,64,8,2,16,8,256,2,4,1024,16,32,32,512,2,4,0,3,3,2,2,2,1,0,1,1,1,0
15464,0,zeros-la-3-9,zeros-la-3,901,15464,0,1988,1024,4,64,8,2,16,8,256,4,4,1024,16,32,32,512,2,4,0,2,4,2,2,2,1,0,1,1,1,0